0.072137  107
0.0723582  291
0.0725591  350
0.0739542  386
0.0749775  390
0.0753167  374
0.0775304  381
0.0777497  342
0.0818752  392
0.0827939  345
0.0828111  134
0.0830975  367
0.0846574  361
0.0854097  394
0.0861517  325
0.0863022  132
0.0863054  311
0.0865333  318
0.086787  370
0.086893  333
0.0870499  362
0.088623  305
0.091512  344
0.0932113  62
0.0933203  301
0.0934252  340
0.0936906  380
0.095203  373
0.0957278  302
0.0961605  339
0.101176  22
0.1012  336
0.102245  137
0.102334  369
0.102384  335
0.102445  47
0.102616  385
0.102757  185
0.10281  12
0.102838  323
0.102997  332
0.103025  360
0.103137  321
0.103147  378
0.103165  170
0.103251  349
0.10328  303
0.103328  395
0.103575  368
0.10364  358
0.103694  192
0.103814  372
0.10464  314
0.105058  399
0.105165  337
0.109332  354
0.1119  363
0.114376  308
0.115491  355
0.116972  398
0.117097  322
0.118313  353
0.119847  307
0.122186  365
0.1244  347
0.125499  366
0.127255  309
0.129477  334
0.130023  388
0.130738  359
0.13242  320
0.134918  316
0.138429  357
0.13939  306
0.139459  304
0.139775  379
0.140117  377
0.140431  317
0.145942  221
0.146956  343
0.151167  203
0.151392  346
0.15152  330
0.151664  32
0.152004  351
0.15201  327
0.152293  312
0.152494  329
0.153739  341
0.155328  326
0.158347  338
0.161105  391
0.161281  250
0.161959  387
0.162264  313
0.163809  397
0.166918  315
0.167141  285
0.167339  396
0.167349  375
0.1721  300
0.174018  356
0.174241  383
0.174927  114
0.175556  237
0.175585  328
0.175693  389
0.175725  2
0.176335  364
0.176428  352
0.177405  393
0.177433  319
0.177481  382
0.177625  228
0.180635  65
0.18091  324
0.185305  165
0.186237  243
0.187504  348
0.188088  166
0.188102  376
0.189043  54
0.189325  13
0.189812  139
0.189886  97
0.190337  279
0.190403  331
0.190558  29
0.190628  367
0.19063  35
0.190683  384
0.190762  155
0.190788  176
0.190966  66
0.191036  339
0.191219  149
0.191226  124
0.191275  369
0.19128  83
0.191376  371
0.191399  372
0.191478  333
0.191589  350
0.191644  379
0.191869  323
0.192233  342
0.192996  301
0.19301  318
0.193045  242
0.193089  337
0.193835  390
0.194605  380
0.202695  316
0.203383  321
0.206617  399
0.208787  370
0.210982  388
0.211287  378
0.214535  74
0.214635  394
0.215223  332
0.216363  314
0.217079  381
0.218569  206
0.218774  395
0.219347  374
0.22212  398
0.222476  320
0.223918  28
0.22397  308
0.224147  361
0.225372  71
0.225375  385
0.226029  338
0.226525  245
0.2266  357
0.22665  343
0.226759  346
0.228168  352
0.229403  123
0.229485  234
0.230566  377
0.230664  392
0.230882  387
0.231146  355
0.23387  386
0.237076  335
0.237366  312
0.242485  270
0.242522  354
0.242546  24
0.242668  353
0.242804  121
0.242822  310
0.24303  329
0.243219  120
0.243416  303
0.243472  347
0.243522  273
0.243559  362
0.243725  365
0.243916  326
0.243952  311
0.243954  325
0.24434  368
0.244522  304
0.246357  373
0.253126  6
0.253977  341
0.254162  322
0.256988  360
0.257555  296
0.258142  306
0.2594  358
0.260583  309
0.261152  396
0.262674  100
0.264806  319
0.265732  345
0.269406  349
0.270117  164
0.270266  348
0.272004  317
0.272556  194
0.272729  200
0.272946  267
0.273016  328
0.273091  336
0.273209  351
0.273311  359
0.274147  30
0.274401  209
0.274748  313
0.274753  366
0.275634  307
0.275696  383
0.276248  302
0.28135  344
0.281509  7
0.281994  334
0.28508  364
0.287853  300
0.287996  363
0.290443  331
0.291539  216
0.291588  340
0.293208  19
0.29342  160
0.293567  391
0.29408  21
0.29453  372
0.295683  339
0.296053  390
0.300587  143
0.301455  90
0.301789  186
0.302325  80
0.302516  330
0.302574  393
0.302725  327
0.302982  342
0.303099  315
0.303951  399
0.304204  375
0.306016  156
0.306449  318
0.306656  42
0.306915  323
0.306981  397
0.30706  333
0.308053  332
0.309675  379
0.313151  321
0.316028  115
0.316111  314
0.316958  229
0.317079  350
0.317494  337
0.317815  135
0.317848  221
0.317947  368
0.318109  17
0.319136  380
0.319144  58
0.319198  398
0.319658  374
0.320247  301
0.321216  376
0.32238  352
0.325219  305
0.325931  370
0.32747  389
0.330335  384
0.333677  329
0.335722  324
0.336054  64
0.336259  356
0.336747  382
0.337456  353
0.340316  351
0.342246  361
0.343218  320
0.344549  369
0.34549  371
0.348538  271
0.349789  312
0.350197  227
0.350473  173
0.350495  385
0.350679  306
0.351546  309
0.352551  355
0.352732  392
0.352902  23
0.353202  338
0.353476  396
0.355032  394
0.358785  346
0.360036  308
0.364449  286
0.364705  255
0.364817  357
0.364841  189
0.364865  377
0.364905  302
0.364935  345
0.364962  225
0.364981  388
0.365109  304
0.365133  196
0.365195  44
0.365453  334
0.365537  319
0.365833  303
0.365961  360
0.367344  383
0.373557  367
0.375624  349
0.376379  395
0.377852  332
0.378238  354
0.384016  359
0.384066  328
0.385273  127
0.385886  56
0.385963  311
0.386149  381
0.386566  341
0.387619  75
0.388012  358
0.388432  347
0.388434  343
0.390324  336
0.392  68
0.392173  386
0.393245  313
0.393556  326
0.397776  310
0.398631  316
0.399446  89
0.399717  378
0.400234  256
0.400727  317
0.402396  365
0.403548  49
0.403585  391
0.403787  318
0.40393  335
0.404715  116
0.404805  387
0.404896  260
0.405204  278
0.40529  362
0.405475  327
0.406023  366
0.406565  339
0.406685  389
0.406918  348
0.413273  363
0.415114  162
0.415154  373
0.415171  364
0.41581  280
0.415987  325
0.417899  177
0.418013  344
0.418082  147
0.418858  324
0.41983  399
0.420362  322
0.421348  239
0.422451  262
0.423311  330
0.424123  372
0.425403  300
0.425603  393
0.425609  102
0.426066  368
0.427682  320
0.428765  312
0.430759  375
0.430992  333
0.434296  350
0.437915  379
0.4399  93
0.440201  337
0.442965  275
0.444987  87
0.445264  307
0.445347  331
0.445357  377
0.445676  236
0.445959  398
0.446101  301
0.446133  346
0.448667  306
0.45498  384
0.456878  190
0.457189  282
0.457198  397
0.457318  136
0.457515  59
0.457543  360
0.457575  361
0.457852  329
0.457886  382
0.458088  376
0.458137  308
0.459136  309
0.462793  161
0.463591  369
0.464014  353
0.464243  323
0.464322  371
0.467333  385
0.469005  321
0.470384  355
0.471309  95
0.47159  111
0.471737  396
0.471904  231
0.471921  340
0.47193  383
0.471951  390
0.472145  315
0.478688  332
0.478874  347
0.47987  351
0.48429  388
0.485832  342
0.488628  202
0.488686  230
0.488838  380
0.488917  394
0.491567  345
0.492044  305
0.492159  238
0.492333  374
0.492788  349
0.493953  354
0.494052  348
0.494061  336
0.50017  302
0.500574  335
0.500915  334
0.50401  326
0.504213  43
0.504659  314
0.506076  105
0.506252  359
0.506818  352
0.507705  356
0.509824  370
0.510605  179
0.511697  274
0.513  338
0.513213  327
0.513777  389
0.51676  76
0.517085  313
0.517277  358
0.517465  199
0.518083  378
0.518241  295
0.519599  318
0.519982  372
0.520795  330
0.521874  304
0.524255  368
0.526128  33
0.526528  365
0.528395  386
0.528644  341
0.528789  343
0.530745  399
0.532823  329
0.533018  140
0.533334  339
0.534372  254
0.534779  317
0.536397  392
0.537761  306
0.538237  395
0.540179  381
0.543903  130
0.543937  157
0.544546  328
0.545605  366
0.545781  319
0.547756  324
0.547856  128
0.548671  310
0.548829  398
0.550989  346
0.551772  384
0.552578  1
0.554151  36
0.554162  397
0.554257  311
0.554361  322
0.554895  375
0.555074  312
0.555152  131
0.555293  142
0.556171  387
0.556759  393
0.559435  151
0.559445  45
0.55948  363
0.559905  362
0.560889  300
0.56251  331
0.565493  137
0.565898  371
0.566088  364
0.570146  145
0.570189  303
0.570299  70
0.570333  373
0.570451  357
0.570725  50
0.571225  396
0.571248  369
0.571361  376
0.57222  391
0.572894  344
0.573356  347
0.573424  308
0.578222  377
0.579136  385
0.580568  360
0.584019  299
0.58786  350
0.588286  367
0.588581  79
0.588715  342
0.58872  340
0.589132  316
0.590044  390
0.594576  154
0.595353  53
0.596316  379
0.596679  323
0.596712  180
0.59708  359
0.597396  301
0.599359  335
0.599598  354
0.603167  315
0.606139  332
0.606306  125
0.607259  309
0.60755  353
0.60793  326
0.609118  348
0.61027  361
0.61067  325
0.613044  320
0.613577  356
0.614956  167
0.615088  82
0.615348  337
0.615708  69
0.616173  321
0.616911  345
0.617314  382
0.618418  336
0.625138  148
0.625459  366
0.625609  399
0.629694  281
0.630051  224
0.630164  46
0.630291  389
0.630322  355
0.630466  305
0.630523  383
0.631279  302
0.632524  341
0.635754  233
0.636415  368
0.636657  388
0.637541  34
0.637676  330
0.63874  22
0.639249  343
0.639327  317
0.639359  328
0.63977  333
0.640293  284
0.640382  338
0.640409  314
0.640581  129
0.640716  300
0.643283  374
0.647883  394
0.650592  370
0.651272  393
0.653788  334
0.655719  307
0.656639  96
0.657136  395
0.657282  159
0.65779  319
0.658223  250
0.658287  372
0.658412  331
0.658513  346
0.658761  327
0.658882  349
0.664513  168
0.665052  329
0.665274  385
0.66759  249
0.667647  362
0.667885  397
0.668333  398
0.672141  77
0.67235  174
0.672362  391
0.672494  304
0.672662  363
0.672854  381
0.672956  310
0.673072  392
0.674686  384
0.674847  386
0.680847  339
0.680943  251
0.681161  261
0.68127  396
0.68132  313
0.681467  318
0.681631  351
0.687172  72
0.689304  352
0.689619  306
0.690285  340
0.6903  371
0.691676  332
0.692612  301
0.694786  126
0.695996  309
0.696461  39
0.696754  377
0.699666  193
0.699787  387
0.70054  322
0.700541  222
0.700759  390
0.701398  303
0.701948  336
0.705923  365
0.707211  118
0.708868  361
0.709004  0
0.709669  248
0.71035  373
0.712837  49
0.713008  314
0.713049  360
0.7131  67
0.713205  367
0.713644  375
0.713699  344
0.713872  321
0.714003  218
0.714145  378
0.714246  399
0.714257  342
0.714961  357
0.71539  369
0.722261  259
0.722466  356
0.722475  232
0.722537  324
0.722648  325
0.722852  380
0.722892  337
0.723012  247
0.724689  376
0.728046  382
0.728744  323
0.731936  343
0.734282  58
0.734309  263
0.734331  16
0.73449  347
0.734886  364
0.734993  311
0.736421  383
0.736601  372
0.736613  330
0.738256  335
0.741249  334
0.743982  139
0.744353  350
0.748181  320
0.748894  171
0.74898  170
0.749039  7
0.749254  316
0.749277  346
0.74934  38
0.749355  315
0.749494  355
0.749512  338
0.749922  368
0.750267  358
0.750434  300
0.755563  395
0.757216  389
0.761164  12
0.761696  308
0.762984  120
0.763078  109
0.763161  182
0.763198  348
0.763675  388
0.76368  385
0.764044  353
0.764693  144
0.76482  319
0.765214  354
0.765359  326
0.768145  387
0.770499  152
0.770644  226
0.770826  223
0.770875  277
0.771031  379
0.77109  262
0.771236  305
0.771246  390
0.771375  207
0.771655  212
0.771717  64
0.771751  391
0.771816  386
0.771876  352
0.771887  328
0.771937  370
0.772042  318
0.773115  304
0.77352  351
0.773522  362
0.776181  303
0.778495  371
0.779306  310
0.780603  394
0.785441  336
0.785912  365
0.790287  246
0.79042  19
0.790513  301
0.790803  322
0.791181  244
0.791225  393
0.791416  359
0.791431  317
0.792182  327
0.79289  375
0.793455  397
0.797268  337
0.800024  115
0.800169  91
0.800713  345
0.802078  74
0.802205  331
0.802261  307
0.802408  313
0.802745  392
0.8056  340
0.806398  344
0.807297  398
0.811201  325
0.811398  361
0.813761  381
0.815308  117
0.816528  356
0.817825  309
0.820163  378
0.822301  373
0.824666  396
0.824969  377
0.827979  153
0.828282  349
0.829296  311
0.829412  399
0.829446  314
0.830484  283
0.833033  302
0.833236  312
0.834583  343
0.840798  368
0.841607  271
0.841692  41
0.841778  384
0.842057  332
0.842507  23
0.842545  380
0.842647  183
0.843173  179
0.843202  363
0.843355  55
0.843466  4
0.843491  241
0.843513  374
0.843642  367
0.843661  321
0.84423  341
0.844323  369
0.844328  383
0.844632  348
0.845178  357
0.846368  333
0.846514  335
0.853563  315
0.853798  167
0.854183  329
0.854346  316
0.85533  339
0.860814  372
0.862724  364
0.862826  306
0.865192  291
0.865312  362
0.867244  395
0.867676  334
0.868188  338
0.872345  330
0.874717  350
0.875628  358
0.878134  305
0.882647  366
0.882887  304
0.883024  113
0.88322  320
0.883652  360
0.885466  215
0.885717  6
0.885748  323
0.885966  391
0.886399  83
0.886695  388
0.888102  376
0.888252  268
0.888321  389
0.888359  119
0.888632  394
0.888938  355
0.890209  138
0.890232  370
0.890431  318
0.890778  336
0.891481  351
0.891737  382
0.896514  165
0.897393  346
0.897689  328
0.897727  327
0.904552  322
0.906457  164
0.906634  387
0.908203  276
0.908279  103
0.908468  390
0.90853  352
0.908582  386
0.908687  325
0.908697  392
0.909553  303
0.909877  191
0.910231  356
0.910274  300
0.910972  92
0.911353  353
0.911952  393
0.914215  324
0.915308  326
0.916504  319
0.91755  331
0.918808  375
0.920227  365
0.920248  385
0.92761  371
0.92838  205
0.929075  309
0.929193  317
0.929689  43
0.930132  398
0.930317  104
0.931852  344
0.932204  359
0.933719  347
0.938598  151
0.939236  396
0.939576  37
0.939583  363
0.939689  354
0.939714  379
0.940365  349
0.942403  397
0.942519  313
0.944938  73
0.945522  342
0.947023  316
0.95169  369
0.952721  188
0.953138  307
0.95408  368
0.954744  343
0.954911  335
0.955941  373
0.955949  332
0.956362  301
0.956496  203
0.956834  310
0.957615  311
0.958726  31
0.96044  378
0.960931  312
0.961055  367
0.961504  308
0.9642  345
0.966932  337
0.967215  187
0.970775  70
0.971916  340
0.971921  333
0.972269  399
0.9774  372
0.977538  287
0.97874  358
0.979108  377
0.980049  348
0.980334  334
0.985035  149
0.985066  329
0.985781  306
0.986078  321
0.986136  158
0.990364  314
0.991261  315
0.992966  100
0.993717  305
0.994376  238
0.994426  237
0.994643  216
0.994664  177
0.99499  320
0.995209  116
0.99523  364
0.995548  380
0.995594  389
0.996305  95
0.996595  355
0.996726  327
0.99699  330
0.997043  383
0.99979  388
