0.0370665  203
0.0379194  227
0.0383359  5
0.0387305  136
0.0387765  143
0.0391466  39
0.0392982  198
0.0396888  36
0.0397226  306
0.0397691  250
0.0397951  146
0.0398849  337
0.0399066  329
0.0399366  321
0.0400246  20
0.0400314  278
0.0404882  356
0.0404983  65
0.0405217  340
0.0405669  33
0.0405802  121
0.0407708  85
0.0407997  346
0.0408987  243
0.0409326  94
0.0409733  205
0.0410331  171
0.0410718  130
0.0410874  22
0.0412264  110
0.0414264  389
0.0414763  230
0.0415547  375
0.0415815  54
0.041698  326
0.0417455  2
0.0417683  305
0.0417764  135
0.0420266  391
0.042157  11
0.0421711  172
0.0421785  190
0.0424183  324
0.042509  264
0.0425566  393
0.0426418  9
0.0427529  392
0.0427623  213
0.0427653  348
0.0428027  57
0.0428553  370
0.0431245  260
0.0431455  102
0.0431838  315
0.0433554  215
0.0434927  352
0.043522  336
0.0435957  369
0.043653  126
0.0440674  351
0.0441053  304
0.0441904  253
0.0443694  279
0.0444351  322
0.0444474  333
0.044707  323
0.044827  311
0.0448647  6
0.0449082  387
0.0449089  325
0.0450655  382
0.0450807  129
0.045163  179
0.0452848  384
0.0453918  332
0.0455703  342
0.0456508  301
0.0459711  330
0.0459864  368
0.0462971  314
0.0468811  380
0.0473847  379
0.0486393  344
0.0493839  361
0.0495222  373
0.0497775  254
0.0498049  308
0.0503041  388
0.0503173  124
0.0503793  360
0.0504181  309
0.0508435  331
0.0508706  141
0.0510498  284
0.0512768  173
0.0517288  371
0.0525576  313
0.052792  374
0.0535655  175
0.0537788  396
0.0538229  312
0.0538901  319
0.0545639  61
0.0547736  377
0.0549629  318
0.0552728  359
0.0556883  69
0.0557938  212
0.0561617  366
0.0562724  303
0.0562761  385
0.0592946  378
0.059496  128
0.0600122  358
0.0600674  74
0.0600791  343
0.0601967  334
0.0604322  182
0.060722  355
0.0607873  395
0.0608247  140
0.060865  160
0.0610845  354
0.061174  300
0.0617209  349
0.0625203  43
0.0640725  381
0.0640957  148
0.0641082  350
0.0641671  383
0.0643529  367
0.0647481  302
0.065979  270
0.0664619  320
0.0669172  357
0.0669758  307
0.067015  362
0.0672534  317
0.0678347  386
0.0679388  341
0.0694875  169
0.0702237  266
0.0703627  117
0.070989  316
0.0716263  202
0.0724138  242
0.0726243  142
0.0727776  27
0.0730112  99
0.0732276  114
0.0732367  183
0.0733114  218
0.0733816  345
0.0734521  347
0.0734528  240
0.0735927  397
0.073614  328
0.0736906  177
0.0738423  84
0.0740384  338
0.0740391  152
0.0742269  365
0.074525  390
0.0745664  298
0.0746476  38
0.0750538  115
0.0751012  176
0.0753003  376
0.0756483  310
0.0756812  52
0.0762066  87
0.076278  285
0.0764562  180
0.076462  398
0.0764996  19
0.0770511  188
0.077193  191
0.0773359  150
0.0774107  293
0.0774253  82
0.077426  0
0.0776541  3
0.0779096  209
0.0780311  53
0.078053  274
0.0781355  70
0.0781466  237
0.0781524  80
0.0781864  335
0.0781945  372
0.0783616  13
0.0783629  75
0.0784207  210
0.078447  263
0.0785481  399
0.0789681  153
0.0790527  133
0.0790901  60
0.0791834  137
0.0792231  252
0.0792427  363
0.079363  105
0.0794372  246
0.0795059  226
0.0795517  72
0.0796093  296
0.0796775  10
0.0796815  185
0.0797446  132
0.0798802  234
0.0800239  327
0.080057  83
0.0801582  104
0.0801873  197
0.0803817  91
0.0804683  23
0.0805224  56
0.0805637  34
0.0805898  291
0.0805989  299
0.0806162  119
0.0806371  96
0.0807562  95
0.080794  8
0.0808081  97
0.0808332  364
0.0808831  64
0.0808852  76
0.080908  187
0.0810575  286
0.0811369  295
0.0811609  277
0.0812718  170
0.0812831  294
0.0812966  45
0.0813241  123
0.0813499  241
0.0813609  290
0.0814566  55
0.0814787  353
0.0815024  157
0.0815512  199
0.0815747  267
0.0815996  139
0.081631  394
0.0816664  339
0.0817758  106
0.0818127  192
0.0818138  238
0.0818196  46
0.0818423  103
0.0818564  315
0.0819517  289
0.0819712  68
0.0819956  24
0.0820298  7
0.0820977  145
0.0821731  18
0.0821826  292
0.0821858  108
0.0822185  116
0.082246  93
0.0823382  184
0.08247  154
0.0825087  337
0.0825151  98
0.0825504  158
0.0825628  168
0.0826076  256
0.0826104  17
0.0826311  144
0.0826354  223
0.0827247  249
0.0827514  35
0.0828201  164
0.0828396  107
0.0828435  59
0.0828485  239
0.0829021  216
0.0829533  48
0.0829633  351
0.0829651  62
0.0829852  101
0.0830405  265
0.0830454  370
0.0830555  67
0.0831145  63
0.0831216  109
0.0831882  321
0.0832327  200
0.0832386  26
0.0832394  207
0.0832505  122
0.0832638  149
0.0832782  319
0.0832923  51
0.0833161  77
0.083328  163
0.0833477  352
0.083349  58
0.0833795  275
0.083388  49
0.0834029  258
0.0834088  28
0.0834121  47
0.0834277  233
0.0834492  391
0.0834743  206
0.083541  181
0.0835852  89
0.0835876  147
0.0835879  348
0.0835913  86
0.0836304  276
0.0836496  247
0.0836601  368
0.0836723  325
0.0836753  138
0.0837316  225
0.0837677  120
0.0837873  16
0.0838086  304
0.0838312  111
0.0838403  32
0.0838525  313
0.0839171  379
0.0839573  166
0.0839973  1
0.0840647  79
0.0840765  359
0.084212  360
0.0842139  272
0.0843467  40
0.0843469  228
0.0843553  314
0.0843679  15
0.0844367  25
0.084487  220
0.0844984  385
0.084543  306
0.0845462  375
0.0845514  322
0.0846049  349
0.0846127  221
0.0846267  312
0.0846439  255
0.0846507  81
0.0846581  344
0.0847248  318
0.0847261  330
0.0847376  384
0.0847555  311
0.0848711  118
0.0849021  332
0.0849112  159
0.08496  300
0.0849687  204
0.0849726  307
0.0850097  174
0.0850956  308
0.0852377  392
0.0853101  329
0.0854183  358
0.0856047  232
0.0856471  341
0.0856845  280
0.0860633  162
0.0861083  262
0.0861451  336
0.0862443  4
0.0862477  309
0.0862581  131
0.0862722  165
0.0864315  21
0.0864671  235
0.0865007  217
0.0866338  373
0.0866456  73
0.0866985  288
0.0867488  380
0.0869277  362
0.0869592  302
0.0870494  331
0.0870576  224
0.0871489  387
0.0872426  355
0.0872456  343
0.0872614  346
0.0873025  324
0.0873724  42
0.0874398  283
0.0874606  371
0.0875934  377
0.0876155  320
0.0879062  389
0.0879439  367
0.088007  78
0.0880641  350
0.0882309  303
0.0886247  382
0.0888789  393
0.0890073  388
0.0890516  270
0.0890834  14
0.0892114  395
0.089413  396
0.08968  361
0.0900646  301
0.090069  100
0.0905527  323
0.0908986  50
0.0910437  155
0.0910694  374
0.0910736  383
0.0911267  333
0.0912063  257
0.0912547  236
0.0912703  125
0.091378  305
0.0916076  259
0.0916724  178
0.092172  356
0.0922621  186
0.0925179  342
0.0925516  113
0.0928266  340
0.093105  338
0.0932068  29
0.0932799  397
0.0935481  31
0.0936096  347
0.0941062  95
0.0941749  37
0.0941794  33
0.0943352  386
0.0944412  366
0.0946129  219
0.0947003  381
0.0950698  372
0.0957965  365
0.0958683  334
0.0963858  376
0.0974483  189
0.0975556  44
0.0975679  326
0.0976066  167
0.0978102  127
0.0981591  328
0.0988417  378
0.0992744  251
0.0996614  345
0.0996777  354
0.0997213  317
0.100566  390
0.101483  310
0.101624  316
0.102113  284
0.102728  287
0.102825  285
0.10385  297
0.104197  369
0.104593  261
0.105514  87
0.105897  201
0.105902  182
0.105939  90
0.106061  250
0.106424  196
0.106834  344
0.107171  364
0.107281  211
0.107687  139
0.107929  12
0.108459  147
0.108645  61
0.109135  332
0.109494  385
0.10951  183
0.110173  208
0.110239  6
0.110346  193
0.110703  161
0.11072  171
0.110838  218
0.110859  142
0.110987  244
0.111245  393
0.111406  25
0.11156  160
0.111614  156
0.111663  380
0.111806  152
0.112073  179
0.112167  210
0.112434  9
0.11246  392
0.112783  282
0.112811  394
0.112941  245
0.11297  140
0.113386  309
0.113791  36
0.113867  280
0.113909  190
0.114005  146
0.114321  143
0.114415  214
0.114487  307
0.114805  128
0.115049  229
0.115269  325
0.115292  324
0.115335  247
0.115469  311
0.115475  306
0.115518  198
0.115582  275
0.115669  351
0.115851  314
0.115887  370
0.1163  386
0.11658  11
0.116846  298
0.117017  371
0.11708  266
0.117205  335
0.117335  389
0.117468  320
0.117865  373
0.118891  300
0.11897  357
0.119009  305
0.119245  248
0.119671  349
0.119756  319
0.120213  45
0.120471  117
0.121696  21
0.121775  302
0.121865  57
0.12204  268
0.122317  384
0.122332  203
0.122677  333
0.122692  213
0.122711  343
0.122915  355
0.122918  315
0.123021  308
0.123115  212
0.12343  337
0.123762  348
0.123953  100
0.124092  71
0.125096  327
0.125397  368
0.125845  180
0.126323  313
0.126891  359
0.126893  330
0.126919  124
0.126982  383
0.127658  132
0.127755  301
0.128527  303
0.128733  360
0.129158  304
0.129599  347
0.130395  338
0.130899  312
0.130984  173
0.131124  88
0.131779  398
0.131994  185
0.132113  339
0.134081  376
0.134086  387
0.134674  382
0.134767  41
0.135257  222
0.136322  395
0.136597  397
0.136959  379
0.137007  340
0.1371  16
0.138157  279
0.138766  194
0.139396  350
0.139422  391
0.140037  119
0.141065  269
0.141324  323
0.142269  299
0.142411  352
0.143015  329
0.143045  13
0.143099  316
0.143458  92
0.143546  63
0.143843  341
0.143995  205
0.144501  197
0.144535  332
0.145036  365
0.145613  358
0.14581  17
0.146624  346
0.146659  331
0.147055  273
0.147201  367
0.147527  362
0.147639  310
0.148087  328
0.148386  259
0.148759  366
0.148778  60
0.150015  377
0.151211  200
0.151889  378
0.152051  363
0.152239  228
0.152447  113
0.152974  27
0.153938  220
0.154145  131
0.154161  356
0.154469  64
0.154651  134
0.154717  336
0.154734  318
0.154751  353
0.155197  390
0.155747  66
0.1558  5
0.155898  65
0.156172  262
0.156282  68
0.156309  138
0.156484  129
0.156748  374
0.156824  176
0.157519  75
0.15754  342
0.157602  321
0.157673  7
0.158047  251
0.158517  221
0.158639  317
0.158939  130
0.159444  309
0.159595  344
0.159661  72
0.159765  375
0.159883  155
0.160074  12
0.160436  30
0.160503  281
0.160504  2
0.160657  334
0.160746  26
0.160789  127
0.160964  255
0.161091  372
0.161114  39
0.161246  105
0.161451  361
0.161596  240
0.161723  98
0.161736  122
0.162019  388
0.162061  136
0.162464  396
0.162823  32
0.162921  385
0.163748  369
0.164036  271
0.164119  254
0.164265  86
0.164484  322
0.16449  29
0.1648  145
0.165244  19
0.165375  137
0.165388  258
0.165415  227
0.165417  112
0.165517  292
0.165585  178
0.165742  223
0.165828  70
0.165922  91
0.166219  241
0.166688  120
0.166708  399
0.166741  159
0.16681  166
0.166844  381
0.166902  337
0.166988  307
0.167009  349
0.167066  73
0.1674  304
0.167618  326
0.16781  314
0.167854  219
0.167911  94
0.168064  51
0.168293  195
0.168409  290
0.168536  40
0.168743  206
0.168799  101
0.168882  357
0.169072  373
0.169216  380
0.169229  387
0.169255  57
0.169332  23
0.16967  311
0.169715  354
0.169892  394
0.170134  368
0.170376  239
0.170382  335
0.171045  76
0.171209  303
0.171632  319
0.171752  102
0.172078  276
0.172458  50
0.172557  249
0.172787  325
0.172996  391
0.17301  191
0.17306  217
0.173433  167
0.173464  35
0.173651  386
0.174194  21
0.174354  278
0.174651  118
0.175066  333
0.175125  339
0.175305  366
0.17532  54
0.175401  168
0.175503  320
0.175728  260
0.175746  371
0.175777  359
0.176169  351
0.176968  93
0.177354  302
0.177731  395
0.177997  350
0.178022  305
0.178113  24
0.178188  237
0.178608  264
0.178972  300
0.179207  384
0.179689  306
0.18003  370
0.180183  382
0.18059  199
0.180773  389
0.180884  313
0.181486  235
0.183089  360
0.183195  345
0.183525  80
0.183708  175
0.183743  180
0.183925  274
0.183935  377
0.184143  141
0.184204  390
0.184287  364
0.184662  233
0.184764  301
0.184909  238
0.185815  231
0.186302  293
0.186318  78
0.186398  225
0.186444  308
0.186678  11
0.186744  208
0.186915  343
0.187062  330
0.18718  183
0.187284  236
0.187388  169
0.187506  398
0.18788  124
0.188271  244
0.188317  310
0.18833  321
0.189026  49
0.189363  14
0.189378  315
0.189409  287
0.189461  358
0.189963  340
0.189965  331
0.189992  392
0.190153  397
0.190188  230
0.190262  383
0.190512  376
0.190546  210
0.190926  328
0.191437  257
0.191519  153
0.191592  361
0.191713  85
0.192231  393
0.192262  316
0.193185  323
0.194203  172
0.194931  375
0.195726  170
0.195951  177
0.196348  329
0.19652  36
0.196825  96
0.197303  15
0.197407  69
0.19767  187
0.197803  189
0.198295  367
0.198348  186
0.198501  148
0.198504  334
0.198539  379
0.198636  84
0.198706  247
0.198765  346
0.198852  109
0.198932  242
0.199029  144
0.199131  365
0.199333  44
0.199372  272
0.199455  121
0.199718  378
0.200077  133
0.200287  363
0.200564  327
0.201284  158
0.201569  234
0.201747  246
0.201781  352
0.201813  324
0.201845  286
0.202117  347
0.202479  362
0.202524  79
0.202744  3
0.202775  342
0.202995  245
0.203073  348
0.20375  270
0.204177  190
0.204275  151
0.204659  337
0.204737  259
0.204781  74
0.204819  46
0.20495  156
0.205285  181
0.205408  117
0.205709  288
0.205861  312
0.206141  31
0.206154  294
0.206269  325
0.206717  338
0.206828  114
0.206841  126
0.207079  298
0.207139  322
0.207306  108
0.207373  311
0.207384  396
0.207531  332
0.207541  318
0.20764  353
0.207657  107
0.20768  6
0.207719  1
0.207732  48
0.207926  253
0.208124  125
0.209204  220
0.209486  372
0.209717  202
0.209834  185
0.209896  280
0.210039  53
0.210167  385
0.210197  355
0.210415  374
0.210427  248
0.210551  20
0.210587  150
0.210809  197
0.211036  317
0.211041  394
0.211135  336
0.211141  37
0.211225  162
0.211316  95
0.211433  71
0.211609  301
0.211633  303
0.211711  110
0.21224  196
0.212272  309
0.212895  341
0.213401  268
0.213414  335
0.213664  215
0.213687  380
0.213777  123
0.21406  371
0.214276  100
0.214384  188
0.214631  25
0.214716  42
0.21511  283
0.215126  304
0.215259  228
0.215573  176
0.215893  212
0.215971  356
0.216042  382
0.216437  28
0.216473  369
0.216698  213
0.216719  207
0.216836  77
0.216895  171
0.217177  45
0.217183  131
0.217197  17
0.217229  373
0.217347  160
0.217416  333
0.217878  275
0.21795  354
0.218196  391
0.218394  386
0.218401  204
0.218538  173
0.218589  300
0.218592  4
0.219053  307
0.219252  368
0.21937  344
0.219998  127
0.220129  326
0.220463  381
0.22067  83
0.22086  41
0.221061  350
0.221291  67
0.221355  143
0.221377  349
0.221422  262
0.221664  271
0.222334  161
0.222539  134
0.22263  266
0.223156  251
0.223194  321
0.223268  370
0.22355  30
0.223594  392
0.223941  302
0.224109  33
0.224168  331
0.224259  99
0.224789  22
0.224804  387
0.225088  59
0.225128  227
0.225264  209
0.225361  222
0.225625  339
0.22619  63
0.226734  388
0.226766  232
0.22685  96
0.226991  306
0.227204  72
0.227233  315
0.227551  65
0.227601  167
0.227669  320
0.227698  203
0.227746  343
0.227972  398
0.228153  39
0.228197  346
0.228199  330
0.228257  399
0.228531  319
0.228577  102
0.228853  7
0.228975  104
0.229071  384
0.229467  357
0.229656  142
0.229791  19
0.231137  305
0.231435  88
0.231722  194
0.231749  390
0.231846  273
0.231915  157
0.232523  378
0.232579  265
0.23284  43
0.232873  367
0.232957  216
0.233024  192
0.233231  90
0.233377  76
0.233412  87
0.233513  376
0.233524  10
0.233574  242
0.233829  73
0.23394  36
0.234242  364
0.23445  115
0.234482  174
0.234516  314
0.234894  397
0.234997  52
0.235042  263
0.23517  0
0.235235  198
0.235269  374
0.23539  328
0.235754  164
0.2359  146
0.236026  359
0.236126  21
0.236449  360
0.236511  345
0.23654  365
0.236986  389
0.237052  103
0.237224  323
0.237435  252
0.237572  184
0.237591  62
0.237873  353
0.238073  64
0.238138  366
0.238178  159
0.238193  393
0.238717  311
0.239185  327
0.239406  225
0.239461  2
0.239697  340
0.239978  316
0.240194  385
0.240839  372
0.24292  310
0.243225  348
0.243315  92
0.243437  363
0.243628  347
0.243785  325
0.244194  191
0.244338  267
0.244356  279
0.24475  379
0.245511  358
0.245666  255
0.245911  308
0.246368  219
0.247247  224
0.247574  58
0.247608  86
0.24801  338
0.248223  362
0.248327  292
0.24834  341
0.248827  361
0.248995  352
0.249286  116
0.249494  177
0.249587  377
0.250658  175
0.251164  223
0.25133  89
0.251392  309
0.251545  47
0.251609  61
0.251895  60
0.252495  287
0.252571  351
0.25268  34
0.252869  183
0.253005  38
0.253141  230
0.253227  93
0.253288  336
0.253325  342
0.253372  101
0.25338  383
0.253577  137
0.253643  324
0.25389  13
0.254207  68
0.254215  8
0.254223  322
0.254337  278
0.254679  132
0.255116  317
0.255367  139
0.25538  313
0.255569  368
0.255617  18
0.256107  329
0.256194  56
0.256232  240
0.256267  285
0.256605  195
0.256819  199
0.257045  12
0.257207  375
0.257712  243
0.257918  35
0.257983  371
0.258187  282
0.258528  221
0.258544  303
0.258607  312
0.258666  334
0.258743  355
0.258817  395
0.25898  9
0.259192  128
0.259384  79
0.261253  66
0.261796  112
0.261805  201
0.262112  399
0.262127  7
0.26218  396
0.262431  269
0.262446  291
0.26245  27
0.262642  315
0.262687  332
0.262771  326
0.262783  304
0.262785  388
0.262956  197
0.263063  253
0.263292  296
0.263327  333
0.26369  307
0.263866  98
0.263913  165
0.264423  71
0.264507  107
0.264724  186
0.265167  55
0.265582  28
0.265602  229
0.265665  187
0.265828  256
0.26597  152
0.266082  49
0.266173  241
0.266203  300
0.266216  270
0.266371  369
0.266493  349
0.266783  335
0.266811  117
0.266821  50
0.266856  239
0.266914  339
0.266947  75
0.266957  387
0.267083  124
0.267104  129
0.267229  264
0.267242  394
0.267396  254
0.267421  208
0.267866  91
0.268032  330
0.268038  153
0.268262  350
0.268321  44
0.26837  145
0.268622  26
0.268662  174
0.268724  5
0.268795  302
0.268808  318
0.268847  398
0.268879  337
0.268984  185
0.269153  380
0.269179  320
0.269185  366
0.269284  31
0.2693  51
0.269531  97
0.269601  357
0.269741  392
0.270056  217
0.270112  319
0.270298  70
0.270439  391
0.270547  321
0.271044  310
0.272302  133
0.272314  237
0.27312  200
0.273231  149
0.273329  365
0.273469  4
0.273518  294
0.273681  323
0.273943  373
0.274469  386
0.27462  393
0.27466  348
0.274761  272
0.274793  210
0.275004  382
0.275022  99
0.275027  286
0.275351  238
0.275466  301
0.275508  244
0.275544  32
0.275711  289
0.276503  345
0.276771  172
0.276841  378
0.276896  277
0.27696  235
0.277194  114
0.277241  231
0.277336  180
0.277694  372
0.277886  331
0.278007  381
0.278403  182
0.278581  143
0.278581  154
0.278752  110
0.278752  120
0.278754  140
0.278813  390
0.278881  233
0.279098  344
0.27933  260
0.279376  316
0.279382  341
0.279804  354
0.279982  379
0.280188  384
0.28042  306
0.280426  340
0.280791  169
0.281298  123
0.281453  327
0.281606  156
0.282062  346
0.282594  162
0.282633  322
0.282753  228
0.28277  84
0.283056  314
0.283788  190
0.283959  364
0.28408  360
0.284104  305
0.284877  325
0.285094  119
0.285148  189
0.285196  193
0.285257  370
0.285304  109
0.285429  376
0.285492  87
0.285635  81
0.285705  397
0.28587  336
0.286179  280
0.286464  6
0.286894  385
0.28727  367
0.287383  356
0.287921  293
0.28804  150
0.288388  106
0.288571  90
0.28911  363
0.289467  204
0.289684  151
0.289879  16
0.290192  343
0.290218  353
0.29062  130
0.290772  30
0.291029  377
0.291154  303
0.291221  309
0.291231  24
0.291317  202
0.291385  148
0.291467  141
0.291734  361
0.291954  383
0.292261  311
0.292351  299
0.29236  14
0.292565  328
0.292714  362
0.293836  57
0.294309  308
0.294356  368
0.294789  359
0.295196  374
0.297  136
0.297046  52
0.297049  389
0.29785  188
0.297853  261
0.297858  173
0.298077  275
0.298185  25
0.298242  142
0.29828  274
0.298535  263
0.298699  347
0.299247  295
0.299333  225
0.299365  209
0.299443  147
0.299474  324
0.299552  271
0.299776  266
0.299779  352
0.299957  181
0.300018  203
0.300044  222
0.300428  246
0.300546  103
0.300767  46
0.300841  73
0.30093  170
0.300934  226
0.300946  158
0.30097  338
0.301146  82
0.301192  213
0.301258  183
0.301444  304
0.301658  255
0.301703  126
0.301944  317
0.302206  232
0.302223  163
0.302405  221
0.302466  146
0.302548  34
0.302613  166
0.302735  207
0.302872  33
0.302905  68
0.303027  80
0.303195  239
0.303318  396
0.303479  220
0.303781  371
0.303902  358
0.304029  257
0.304029  302
0.304135  160
0.304138  398
0.304207  138
0.304214  85
0.304286  40
0.304444  298
0.304498  121
0.304629  214
0.304655  394
0.304771  198
0.304771  177
0.304815  281
0.304819  108
0.304848  391
0.305087  21
0.305091  179
0.305158  351
0.305166  101
0.305235  337
0.305257  332
0.305379  111
0.305488  125
0.305548  28
0.305557  48
0.305593  196
0.305761  341
0.305771  357
0.305832  321
0.305837  355
0.305868  307
0.305989  242
0.306187  218
0.30622  19
0.306246  318
0.306362  96
0.306512  329
0.306521  205
0.306575  373
0.306666  300
0.307376  392
0.307731  395
0.30779  349
0.308095  313
0.308164  250
0.308396  128
0.308521  350
0.308878  278
0.309197  310
0.309228  323
0.309404  273
0.309487  145
0.309882  387
0.31011  59
0.310808  86
0.310979  372
0.311214  267
0.311243  297
0.31149  290
0.311654  365
0.312014  171
0.3121  366
0.312365  1
0.312737  9
0.312797  234
0.313164  283
0.313368  399
0.313533  227
0.313783  127
0.314109  344
0.314113  326
0.314252  100
0.314565  23
0.31459  375
0.3146  75
0.314609  26
0.314641  381
0.314743  116
0.314978  367
0.314986  288
0.314987  233
0.315025  363
0.315091  325
0.31532  335
0.315426  42
0.316196  380
0.316687  77
0.317  74
0.317018  328
0.317078  45
0.317293  334
0.317638  315
0.317638  353
0.317641  339
0.317711  211
0.318165  378
0.31827  269
0.318562  58
0.318594  342
0.318729  279
0.318928  382
0.318965  397
0.319317  72
0.319798  276
0.320332  385
0.3206  247
0.320614  384
0.320978  330
0.321709  388
0.321761  346
0.322048  354
0.322306  118
0.322951  240
0.322988  348
0.323312  2
0.323531  161
0.324219  11
0.324402  285
0.324634  312
0.324827  314
0.324982  305
0.325143  301
0.325664  322
0.325719  157
0.32624  320
0.326339  359
0.326576  236
0.326889  3
0.327115  336
0.327281  137
0.32751  390
0.328126  393
0.328257  331
0.328298  333
0.328382  231
0.328463  10
0.328489  115
0.328665  364
0.329114  43
0.329905  361
0.329977  139
0.330359  124
0.33037  324
0.330732  182
0.331284  88
0.331704  210
0.331711  311
0.331937  36
0.332013  345
0.3332  389
0.333287  248
0.333495  195
0.333544  308
0.333727  51
0.334649  109
0.33465  7
0.33492  377
0.335203  303
0.335383  134
0.335676  159
0.336331  327
0.336429  340
0.336892  319
0.336948  41
0.337161  132
0.337293  343
0.337313  293
0.337395  31
0.337445  206
0.337699  154
0.338039  347
0.338337  107
0.338382  275
0.338503  374
0.33863  249
0.339756  292
0.339781  383
0.339885  8
0.339905  94
0.339986  386
0.340245  105
0.340734  379
0.341146  286
0.341498  141
0.341706  93
0.341852  168
0.341965  302
0.342095  391
0.342528  18
0.342566  296
0.342689  369
0.342732  360
0.342829  16
0.342914  370
0.34346  164
0.343871  316
0.344008  259
0.344045  307
0.34418  309
0.344212  60
0.344229  84
0.344245  190
0.34429  341
0.344327  47
0.34465  287
0.344693  362
0.345033  317
0.345052  199
0.345408  120
0.345518  355
0.345685  358
0.345985  254
0.346071  356
0.347669  394
0.347754  20
0.348058  372
0.348557  398
0.348564  376
0.34951  144
0.349702  12
0.350569  54
0.351461  368
0.351548  95
0.352019  265
0.352618  39
0.353035  351
0.353149  332
0.353722  306
0.353831  325
0.353919  65
0.354256  119
0.354345  388
0.354776  15
0.355403  92
0.35559  117
0.355747  346
0.356153  300
0.356173  167
0.356343  330
0.356498  380
0.357003  344
0.357506  56
0.358376  30
0.358739  235
0.358754  71
0.35879  198
0.358865  280
0.359399  204
0.359509  29
0.359701  237
0.359882  169
0.36  313
0.360042  79
0.360166  373
0.360169  338
0.360187  378
0.360231  357
0.360333  233
0.360945  149
0.361038  266
0.361043  131
0.361208  324
0.361247  172
0.361388  353
0.361407  78
0.361472  151
0.361732  290
0.361745  245
0.361759  22
0.361763  122
0.361859  102
0.361904  321
0.36215  367
0.362323  365
0.36233  106
0.362757  63
0.36298  318
0.363027  335
0.363373  326
0.363388  202
0.363445  348
0.363654  104
0.363929  156
0.364281  329
0.365067  61
0.365146  310
0.365148  320
0.365396  25
0.365496  315
0.365507  387
0.365778  256
0.365807  381
0.366107  129
0.366164  350
0.366192  55
0.366379  219
0.366932  194
0.3672  81
0.367606  114
0.367719  62
0.367721  223
0.367899  34
0.367947  352
0.367996  366
0.368122  175
0.368278  399
0.368346  186
0.368354  250
0.368499  331
0.368618  349
0.368813  32
0.369003  140
0.369206  363
0.369689  337
0.369829  396
0.370001  200
0.370098  314
0.370915  113
0.370988  382
0.371084  270
0.371183  251
0.371206  83
0.371644  334
0.37202  247
0.372023  294
0.372086  191
0.372248  397
0.372994  101
0.373024  311
0.373034  216
0.373262  269
0.373438  347
0.373731  312
0.373752  264
0.373772  77
0.37398  359
0.374249  308
0.374825  354
0.374865  385
0.37504  205
0.375062  45
0.375152  64
0.375215  239
0.375283  262
0.37564  322
0.375897  288
0.376141  333
0.376393  260
0.376399  390
0.376464  345
0.376584  38
0.376596  85
0.376693  103
0.376772  371
0.37698  215
0.377231  328
0.377684  44
0.377937  389
0.378172  268
0.378315  323
0.378418  375
0.37843  305
0.378547  379
0.379835  301
0.380462  50
0.380884  197
0.381371  212
0.381882  4
0.382264  316
0.382372  40
0.38242  49
0.382428  99
0.38252  282
0.382598  171
0.382685  327
0.382758  342
0.382899  228
0.383308  91
0.383423  24
0.383568  392
0.383582  255
0.383597  252
0.383725  374
0.384263  90
0.384487  377
0.38457  139
0.384854  303
0.384867  60
0.38519  86
0.385446  361
0.385636  297
0.385666  76
0.385674  67
0.385697  394
0.385787  395
0.386769  66
0.386826  384
0.386837  51
0.386918  343
0.387191  89
0.387223  177
0.387538  96
0.387665  27
0.387773  155
0.387784  364
0.387841  325
0.388018  229
0.388121  1
0.38827  362
0.388349  52
0.388386  339
0.388461  37
0.388677  386
0.388754  360
0.388889  174
0.389206  23
0.389648  5
0.389732  53
0.38996  302
0.389994  307
0.390174  383
0.390208  69
0.390316  341
0.390403  370
0.390419  227
0.390501  253
0.390796  179
0.39104  17
0.391477  309
0.391493  271
0.391924  57
0.392019  123
0.392202  97
0.392247  112
0.392447  304
0.393259  317
0.393353  336
0.393509  358
0.393595  142
0.393683  70
0.393923  258
0.394038  349
0.394286  158
0.394394  299
0.394556  340
0.394695  357
0.395435  217
0.395666  133
0.395865  232
0.396574  380
0.396705  272
0.396856  33
0.397013  162
0.397254  319
0.397268  274
0.397418  351
0.397507  324
0.397524  36
0.397556  238
0.397627  376
0.397941  21
0.398012  241
0.398063  125
0.398179  19
0.398353  152
0.398876  240
0.3989  368
0.399086  310
0.399204  277
0.399285  306
0.399836  130
0.400559  153
0.40062  146
0.400918  373
0.401077  184
0.401094  352
0.401168  105
0.401199  143
0.401271  355
0.401285  291
0.401333  388
0.401387  100
0.401595  29
0.401845  148
0.401931  134
0.402289  18
0.402455  234
0.402474  372
0.402479  353
0.402553  391
0.402594  224
0.402747  369
0.402779  132
0.402787  344
0.402806  244
0.402843  284
0.403088  398
0.403162  245
0.403174  293
0.403214  111
0.403316  196
0.403572  150
0.403575  218
0.403788  300
0.403942  118
0.404088  226
0.404155  308
0.404415  170
0.404481  273
0.404593  318
0.404775  185
0.404777  313
0.404799  267
0.405017  350
0.405048  82
0.405315  320
0.405348  315
0.405479  348
0.405493  356
0.405729  393
0.405823  202
0.405858  220
0.406209  74
0.406276  354
0.406364  321
0.406632  230
0.406685  8
0.407131  165
0.408032  28
0.408232  207
0.408706  334
0.408779  366
0.408882  387
0.408908  208
0.409089  385
0.409125  332
0.40921  329
0.40928  280
0.409479  75
0.409554  311
0.40979  154
0.410099  298
0.410735  283
0.41086  213
0.410874  397
0.41128  127
0.411308  276
0.411441  144
0.411606  337
0.411758  338
0.411896  363
0.411937  345
0.411964  14
0.412067  295
0.412314  263
0.412815  312
0.413259  11
0.413424  289
0.413751  12
0.414043  194
0.414796  389
0.414824  250
0.414853  279
0.414972  107
0.415064  189
0.415134  399
0.415221  326
0.415242  323
0.415306  131
0.415321  219
0.415326  378
0.415672  87
0.415694  198
0.415824  192
0.416223  381
0.416362  95
0.416436  390
0.416644  178
0.416646  347
0.416711  316
0.416772  396
0.416851  108
0.417019  303
0.417021  314
0.417381  41
0.417407  346
0.417767  335
0.418203  301
0.418819  305
0.4191  80
0.419617  333
0.419812  327
0.420378  188
0.420608  331
0.420673  187
0.420674  322
0.420735  110
0.421212  365
0.421227  13
0.421442  325
0.421555  173
0.422026  380
0.422367  61
0.423149  6
0.423272  296
0.423382  319
0.423512  281
0.423794  375
0.424076  103
0.424335  94
0.424497  180
0.425125  382
0.42513  157
0.425438  48
0.425666  330
0.425972  126
0.426001  367
0.426131  136
0.426374  257
0.426886  259
0.426915  77
0.42696  371
0.427183  58
0.427216  229
0.427626  55
0.427816  394
0.428083  223
0.428324  374
0.428573  106
0.429101  199
0.429171  216
0.429575  30
0.429614  193
0.429975  231
0.430077  261
0.430128  349
0.430402  358
0.430405  342
0.430417  203
0.430425  339
0.430448  271
0.430654  236
0.430813  386
0.430926  72
0.431327  359
0.431429  7
0.431432  20
0.431506  379
0.431569  29
0.431606  53
0.431799  183
0.431926  145
0.432068  128
0.432325  163
0.432739  265
0.432743  59
0.432933  343
0.432998  302
0.433071  352
0.433609  286
0.433719  235
0.433725  39
0.433888  209
0.433988  310
0.434178  221
0.434269  65
0.43427  15
0.43432  206
0.434328  340
0.434551  2
0.434887  149
0.434911  304
0.434963  278
0.435059  377
0.435121  336
0.435161  387
0.435332  362
0.435354  210
0.435403  243
0.435726  242
0.435884  376
0.436137  160
0.436204  51
0.436584  372
0.436651  256
0.436716  98
0.43675  353
0.436985  388
0.437157  317
0.437428  201
0.437653  69
0.4377  360
0.437831  300
0.43797  25
0.438261  370
0.438462  361
0.438932  285
0.439117  26
0.439233  366
0.439809  115
0.440022  383
0.440875  93
0.44105  307
0.441103  153
0.441211  84
0.441243  395
0.441336  288
0.441387  351
0.441623  385
0.442151  347
0.442516  135
0.442876  167
0.443094  264
0.443097  384
0.443293  324
0.443536  318
0.443962  313
0.444394  177
0.444506  398
0.444974  109
0.445525  368
0.446234  390
0.446483  138
0.446496  35
0.446909  321
0.447299  392
0.447304  357
0.44802  246
0.448076  369
0.448817  309
0.449418  306
0.449507  27
0.449509  22
0.449514  287
0.449623  17
0.449719  346
0.449777  266
0.449903  147
0.450023  373
0.450108  344
0.451185  137
0.451425  9
0.451741  308
0.451862  253
0.451986  222
0.452115  329
0.452328  168
0.4524  332
0.452437  323
0.452708  389
0.453142  292
0.454161  316
0.454333  356
0.454806  397
0.454923  212
0.456438  159
0.456563  34
0.457258  119
0.457564  393
0.45775  337
0.457922  345
0.457961  254
0.4581  64
0.458364  226
0.458566  3
0.459  270
0.459694  62
0.459715  326
0.459905  396
0.459971  341
0.460327  86
0.460553  311
0.461124  355
0.461337  363
0.461545  312
0.461586  350
0.461894  293
0.462401  36
0.462453  96
0.462564  200
0.462569  158
0.463029  66
0.463032  202
0.463168  101
0.463219  382
0.463537  181
0.463617  126
0.463839  391
0.464181  186
0.464488  76
0.464775  185
0.464957  305
0.465151  364
0.465308  334
0.465416  218
0.465443  213
0.465504  44
0.46562  322
0.465804  46
0.466065  290
0.466136  50
0.466264  315
0.466392  251
0.46652  280
0.466637  32
0.466698  175
0.466769  124
0.466775  375
0.46748  176
0.467676  394
0.467782  269
0.467869  87
0.468213  63
0.468622  104
0.468779  120
0.469078  99
0.469102  354
0.469225  371
0.469404  325
0.469704  366
0.469724  217
0.46993  123
0.470184  170
0.470278  230
0.470427  348
0.470435  335
0.47065  320
0.470735  314
0.470833  249
0.470947  54
0.471082  116
0.471115  89
0.471198  33
0.471493  81
0.471633  273
0.472279  279
0.472428  140
0.472429  85
0.472658  338
0.472756  336
0.472893  328
0.473211  196
0.473404  19
0.473664  143
0.473811  198
0.473984  331
0.474029  190
0.474598  365
0.474637  0
0.47475  399
0.47486  304
0.474899  215
0.475092  381
0.475399  333
0.475647  83
0.476135  359
0.476192  49
0.476303  223
0.476311  239
0.476317  121
0.476552  386
0.476563  313
0.476746  301
0.476906  166
0.476983  299
0.477024  372
0.477263  245
0.477465  330
0.477527  346
0.47775  5
0.477882  192
0.478281  319
0.478559  40
0.478841  388
0.478972  114
0.479117  191
0.479224  48
0.479234  118
0.479324  155
0.479456  195
0.479802  307
0.479921  139
0.480283  225
0.480755  234
0.480819  358
0.480865  142
0.481363  28
0.481395  367
0.481466  339
0.481856  351
0.481885  199
0.482099  398
0.482587  378
0.482716  227
0.482793  68
0.482826  385
0.483167  47
0.483225  383
0.483513  262
0.484114  342
0.484267  368
0.484593  113
0.484788  205
0.484929  302
0.484986  369
0.485339  283
0.485406  274
0.485606  252
0.485835  340
0.485864  247
0.485884  23
0.485956  110
0.486004  300
0.486124  241
0.486262  356
0.486314  303
0.486433  29
0.486451  377
0.486734  27
0.487114  387
0.48768  296
0.487958  374
0.488076  80
0.488113  370
0.488216  18
0.488453  317
0.488473  229
0.488742  395
0.488911  318
0.489171  136
0.489406  125
0.489434  308
0.489558  71
0.489605  311
0.48974  324
0.489933  310
0.489987  219
0.490169  180
0.49023  373
0.491044  182
0.492085  267
0.492237  21
0.492395  60
0.492536  88
0.492541  360
0.492736  14
0.492928  316
0.492936  389
0.493043  298
0.493085  323
0.493183  347
0.49321  57
0.493303  246
0.493358  122
0.493374  343
0.493489  39
0.493752  349
0.493769  390
0.493907  380
0.494143  275
0.494206  224
0.494314  211
0.494319  344
0.494361  361
0.49448  384
0.495227  379
0.495294  382
0.495403  393
0.496393  394
0.497249  144
0.497563  38
0.498019  353
0.498069  94
0.498935  362
0.499009  326
0.499044  173
0.499073  392
0.499195  169
0.499769  297
0.500908  352
0.501462  109
0.501595  127
0.502592  261
0.502809  237
0.503154  133
0.503162  271
0.503181  244
0.503214  171
0.503534  332
0.503569  162
0.503689  45
0.504191  329
0.504466  396
0.504588  376
0.504669  263
0.504773  238
0.504803  108
0.504858  189
0.504875  3
0.504906  277
0.505007  260
0.505327  312
0.505341  10
0.505595  315
0.505896  276
0.505944  2
0.506018  338
0.506065  294
0.506194  203
0.506611  100
0.506815  397
0.50734  204
0.507364  288
0.507589  357
0.507672  320
0.507784  217
0.507835  248
0.50788  43
0.508349  78
0.508492  52
0.508803  309
0.508882  112
0.509142  321
0.509176  105
0.509221  152
0.509379  355
0.509522  264
0.509621  70
0.509728  188
0.509845  102
0.509858  61
0.509989  282
0.510197  341
0.510199  95
0.510403  366
0.51063  1
0.510854  240
0.511569  117
0.511655  130
0.511833  327
0.512152  290
0.51216  334
0.512222  375
0.512358  149
0.512421  183
0.512576  8
0.512597  79
0.512877  281
0.512941  126
0.512967  371
0.513022  232
0.513074  20
0.513194  115
0.513343  255
0.513367  256
0.513396  304
0.513398  279
0.513416  350
0.513887  325
0.513981  58
0.51399  226
0.514248  186
0.51427  386
0.514385  345
0.514405  383
0.514476  363
0.514645  148
0.514647  391
0.514799  37
0.514927  163
0.515038  337
0.515229  293
0.515873  348
0.516384  6
0.516421  103
0.516825  15
0.517269  272
0.517289  305
0.517489  335
0.517652  221
0.517975  313
0.518126  111
0.518493  319
0.51909  336
0.519252  235
0.519431  165
0.51967  150
0.519797  4
0.519854  172
0.520275  285
0.520377  317
0.520389  206
0.520438  11
0.520443  330
0.520457  351
0.520501  340
0.520737  331
0.5208  74
0.520854  17
0.521086  385
0.521133  333
0.521172  194
0.52118  243
0.52131  364
0.521388  301
0.521867  354
0.521977  64
0.522226  141
0.522299  92
0.522299  322
0.522471  233
0.522665  197
0.522687  382
0.523419  323
0.523495  44
0.524197  310
0.524311  370
0.524396  177
0.524517  56
0.524814  213
0.525281  40
0.525648  75
0.526065  314
0.526293  119
0.526316  129
0.526348  306
0.526406  347
0.526764  135
0.527007  328
0.527164  300
0.527296  16
0.527521  202
0.527628  324
0.527769  393
0.52778  198
0.528007  104
0.528071  339
0.528098  372
0.528171  151
0.528239  318
0.528536  378
0.528918  311
0.529058  392
0.529468  250
0.529491  374
0.529856  54
0.529868  395
0.530021  161
0.530038  389
0.530137  398
0.530168  207
0.530485  346
0.530703  358
0.531036  359
0.532174  287
0.532589  399
0.532634  185
0.533816  362
0.534067  344
0.534884  369
0.534933  360
0.53512  388
0.535401  368
0.53567  23
0.535814  93
0.536816  209
0.537475  303
0.537764  379
0.537768  169
0.538017  384
0.53815  298
0.538185  252
0.538323  367
0.538411  373
0.538781  270
0.539797  51
0.540354  390
0.540371  97
0.541594  98
0.541605  218
0.541643  307
0.542282  302
0.542487  342
0.5425  316
0.54298  387
0.543434  236
0.543554  116
0.543964  394
0.545001  19
0.545101  36
0.545928  353
0.54608  267
0.546228  76
0.54647  219
0.546692  291
0.547009  145
0.547444  166
0.547752  365
0.547803  89
0.548371  110
0.548394  28
0.548412  201
0.548474  349
0.548515  91
0.548593  249
0.548721  33
0.548754  170
0.548775  45
0.548791  224
0.548958  381
0.54901  341
0.549111  57
0.549344  7
0.549364  280
0.54942  308
0.54966  132
0.549686  380
0.550033  24
0.550117  356
0.550327  71
0.550483  175
0.550486  59
0.550495  210
0.550549  156
0.550873  30
0.550983  184
0.551054  397
0.551107  361
0.551224  60
0.551226  375
0.551275  225
0.551489  320
0.551563  153
0.551633  216
0.551706  304
0.551753  199
0.552121  343
0.552171  25
0.552218  378
0.55222  41
0.552275  96
0.552325  84
0.55271  355
0.552984  305
0.553011  29
0.553229  187
0.553731  179
0.55376  315
0.553931  295
0.554073  214
0.554128  309
0.55463  253
0.55468  352
0.554829  366
0.554848  377
0.555143  376
0.555375  299
0.555822  334
0.555879  123
0.556092  167
0.556118  382
0.556196  34
0.556364  101
0.556418  357
0.556787  371
0.557002  258
0.557243  229
0.557457  274
0.557632  321
0.557666  181
0.558057  257
0.558121  100
0.558292  87
0.558425  265
0.55868  329
0.558859  143
0.559052  32
0.559342  350
0.559401  113
0.559577  386
0.55985  333
0.559891  273
0.560118  247
0.560155  338
0.560352  268
0.560612  26
0.560634  21
0.560685  332
0.561072  176
0.561143  311
0.561234  348
0.561659  231
0.561742  159
0.562163  383
0.562185  313
0.562218  191
0.562769  326
0.563246  124
0.563523  195
0.563524  345
0.563609  68
0.563658  318
0.563715  220
0.563734  54
0.563886  393
0.564126  131
0.564371  53
0.564861  107
0.564939  391
0.565264  212
0.565265  62
0.565842  22
0.566071  262
0.566171  40
0.566179  217
0.566184  52
0.566384  364
0.566494  359
0.566573  330
0.566758  246
0.566815  370
0.566854  327
0.56698  373
0.567183  63
0.567278  310
0.567443  174
0.567503  178
0.568436  396
0.56898  337
0.56904  46
0.569529  331
0.569607  325
0.569886  73
0.570014  67
0.570066  323
0.570446  346
0.57047  127
0.570551  354
0.570632  300
0.571027  160
0.571126  134
0.571183  372
0.571284  165
0.572846  319
0.572954  362
0.573382  351
0.57349  90
0.574216  186
0.574446  306
0.574481  157
0.574741  14
0.574987  146
0.575279  322
0.575699  88
0.575778  347
0.575966  344
0.575969  303
0.576147  147
0.576411  237
0.576717  360
0.576842  317
0.576917  189
0.577081  384
0.577244  369
0.577285  374
0.57768  335
0.578213  251
0.57905  342
0.579549  368
0.57961  358
0.579821  80
0.580413  363
0.580985  392
0.581733  385
0.581832  86
0.581872  316
0.582198  205
0.582411  328
0.582573  395
0.583  0
0.583508  389
0.584199  239
0.584229  314
0.584923  47
0.58593  289
0.585966  394
0.587022  115
0.588406  144
0.588485  142
0.588557  324
0.588585  192
0.588662  227
0.588853  245
0.589036  275
0.589144  164
0.589184  320
0.589265  248
0.589287  336
0.589385  340
0.589522  35
0.589724  284
0.59  312
0.590537  387
0.590718  301
0.5908  380
0.590945  353
0.591351  155
0.591442  263
0.591753  234
0.591778  215
0.59202  379
0.592577  242
0.59278  39
0.593001  339
0.593716  7
0.594059  293
0.594066  307
0.594258  106
0.594397  292
0.594869  343
0.594989  182
0.595043  397
0.595403  137
0.59558  204
0.595637  390
0.595751  302
0.596013  31
0.596096  341
0.596352  109
0.596381  378
0.596676  290
0.597531  365
0.597747  222
0.598192  103
0.598238  183
0.59846  259
0.59863  81
0.5987  69
0.598968  398
0.599066  116
0.599348  308
0.599521  211
0.600216  79
0.600226  173
0.600508  348
0.600642  375
0.600894  214
0.601396  352
0.601596  388
0.602272  120
0.602424  38
0.602518  51
0.60265  399
0.602696  161
0.602739  269
0.602761  250
0.602987  376
0.603265  355
0.603588  66
0.603791  315
0.603797  329
0.603901  356
0.603987  188
0.604053  49
0.60416  252
0.604302  180
0.60459  119
0.604763  42
0.604815  168
0.604827  154
0.604912  264
0.605632  334
0.605664  297
0.605999  209
0.606071  213
0.606086  18
0.606272  349
0.60632  305
0.606587  78
0.606697  145
0.606794  327
0.606802  141
0.606855  223
0.60692  126
0.606941  311
0.607057  77
0.607148  65
0.607244  257
0.607278  30
0.607347  55
0.607439  61
0.607467  129
0.607486  228
0.607746  11
0.607749  94
0.607755  288
0.607837  114
0.607866  128
0.607918  83
0.607954  319
0.607959  85
0.607988  296
0.608049  393
0.608064  105
0.608073  382
0.608127  286
0.608131  362
0.608192  309
0.608228  1
0.60823  318
0.608274  185
0.608406  162
0.608499  371
0.60856  97
0.608592  268
0.608614  332
0.608854  170
0.608919  158
0.608968  184
0.609393  244
0.609433  243
0.609503  44
0.609622  9
0.609637  163
0.609772  256
0.609788  377
0.609847  380
0.610011  370
0.61006  313
0.610333  396
0.610482  118
0.610532  200
0.610776  357
0.610777  344
0.610781  74
0.611141  364
0.611259  41
0.611568  320
0.611581  345
0.611781  196
0.611796  139
0.611981  304
0.612103  338
0.612167  238
0.612259  333
0.612309  391
0.61238  3
0.612395  360
0.612661  300
0.612748  381
0.612829  306
0.612844  136
0.613217  254
0.613447  271
0.613473  140
0.613756  384
0.613767  316
0.613877  15
0.61461  270
0.614652  203
0.614686  337
0.61524  24
0.615417  217
0.615445  335
0.61546  310
0.61596  331
0.616359  277
0.61653  383
0.616749  82
0.616916  321
0.617577  392
0.61758  322
0.617615  373
0.617872  224
0.617958  369
0.617996  361
0.618224  389
0.618687  317
0.619908  387
0.620016  63
0.620111  363
0.621003  152
0.621198  353
0.621466  89
0.621518  193
0.621799  367
0.622024  386
0.623416  330
0.624311  354
0.625616  385
0.625725  133
0.625921  303
0.625954  58
0.626301  395
0.626728  397
0.62698  368
0.627745  289
0.627868  151
0.628157  291
0.628159  359
0.628531  37
0.628619  285
0.628688  346
0.628871  93
0.629427  12
0.629875  347
0.629954  121
0.630078  70
0.630453  134
0.630557  150
0.630763  192
0.63096  358
0.631103  71
0.631121  272
0.631319  201
0.631578  307
0.631988  178
0.632033  206
0.632669  194
0.63275  241
0.632768  276
0.632929  325
0.632998  328
0.633363  312
0.63348  230
0.633575  350
0.633658  225
0.634158  197
0.634287  130
0.635225  342
0.635373  266
0.635511  131
0.635696  375
0.635999  366
0.636052  81
0.636175  36
0.636196  220
0.63622  351
0.636364  379
0.636488  280
0.636512  108
0.636545  27
0.63674  156
0.636799  378
0.636873  341
0.63694  164
0.637152  324
0.637339  339
0.637456  273
0.63768  323
0.637758  394
0.638168  388
0.638524  372
0.638559  301
0.638653  326
0.638753  177
0.639652  281
0.64031  199
0.640355  172
0.640856  176
0.641456  262
0.641885  33
0.642163  315
0.642358  48
0.642471  160
0.642541  226
0.642573  28
0.642599  10
0.642745  60
0.642764  72
0.642926  8
0.643122  343
0.643248  298
0.643291  380
0.643366  174
0.643451  242
0.643509  283
0.643523  143
0.643556  17
0.643595  52
0.643595  314
0.643631  207
0.643667  336
0.64413  390
0.644419  90
0.64446  374
0.644518  376
0.644657  399
0.64473  308
0.644773  84
0.644936  59
0.644952  320
0.645379  153
0.64561  64
0.64568  34
0.646167  284
0.6464  371
0.646549  235
0.646589  255
0.64672  6
0.646804  96
0.647206  246
0.64724  132
0.647659  190
0.647987  95
0.648047  340
0.648231  398
0.648247  361
0.648571  46
0.648597  56
0.64887  311
0.649293  57
0.649319  229
0.649406  147
0.64968  327
0.64969  88
0.649753  344
0.649767  5
0.649863  120
0.64991  208
0.649922  149
0.649975  333
0.65001  382
0.650749  368
0.65081  29
0.650822  146
0.650997  365
0.651092  309
0.651171  331
0.651292  53
0.651305  231
0.651714  356
0.652332  377
0.652422  305
0.652603  62
0.652866  92
0.653135  370
0.653359  155
0.653387  362
0.653432  338
0.653507  332
0.653514  218
0.653743  222
0.653921  354
0.654125  392
0.654257  313
0.654357  335
0.654456  169
0.654846  302
0.655067  364
0.65518  125
0.655304  352
0.655444  198
0.655478  106
0.655507  91
0.655772  393
0.656324  337
0.656621  363
0.657221  295
0.657383  318
0.657585  113
0.657633  334
0.657658  171
0.657985  251
0.658054  240
0.658285  397
0.658984  26
0.659247  345
0.660823  75
0.661236  316
0.661282  359
0.661401  329
0.661502  355
0.661531  116
0.661531  111
0.661842  384
0.662157  279
0.66228  294
0.662496  61
0.662988  32
0.663338  180
0.663563  348
0.66386  287
0.664017  16
0.664116  179
0.664266  67
0.664434  86
0.664513  35
0.664596  124
0.664624  349
0.664747  13
0.664898  210
0.664915  245
0.665026  23
0.66527  102
0.665418  122
0.665425  306
0.665483  389
0.665621  387
0.665833  175
0.665888  304
0.665985  321
0.66601  319
0.666037  189
0.666133  307
0.666287  140
0.666451  383
0.666888  385
0.66711  373
0.667884  300
0.66821  87
0.668483  379
0.668783  330
0.668984  310
0.669252  103
0.669542  142
0.67023  138
0.670658  369
0.670715  19
0.670862  215
0.670878  104
0.671003  80
0.67109  296
0.671605  391
0.671783  157
0.672261  254
0.67243  375
0.672562  386
0.67304  367
0.674016  66
0.674042  378
0.674114  40
0.674294  325
0.674599  118
0.6746  39
0.674775  395
0.674875  167
0.675008  390
0.675047  89
0.675526  105
0.675638  15
0.676316  98
0.676505  94
0.676553  342
0.6767  216
0.677062  211
0.677289  381
0.677501  396
0.677679  165
0.677824  394
0.678037  328
0.678166  380
0.67821  312
0.678573  234
0.678606  357
0.678697  214
0.678901  360
0.678999  388
0.679894  93
0.680135  139
0.680164  47
0.680267  184
0.680342  258
0.680945  213
0.680968  260
0.681247  324
0.682092  22
0.682351  4
0.682595  398
0.682674  212
0.682917  54
0.682952  293
0.683013  152
0.683148  317
0.683168  299
0.683617  290
0.683662  159
0.683776  371
0.683804  315
0.683848  177
0.684408  227
0.684479  372
0.684719  347
0.685004  25
0.685026  221
0.685305  350
0.685391  339
0.685656  366
0.685891  135
0.686144  109
0.686481  224
0.686577  326
0.686739  370
0.687024  336
0.687057  303
0.68726  399
0.687483  322
0.687498  356
0.687891  353
0.687911  309
0.68901  345
0.690048  358
0.691173  308
0.691647  134
0.692047  110
0.692347  53
0.69254  9
0.693497  243
0.693593  314
0.69366  7
0.693987  332
0.694006  55
0.694121  377
0.694246  232
0.694382  364
0.694453  225
0.694474  107
0.695036  99
0.695051  368
0.695073  301
0.69514  164
0.695314  2
0.695383  288
0.695742  145
0.695837  282
0.696156  74
0.696298  186
0.696342  83
0.696509  33
0.696672  320
0.696683  383
0.696686  341
0.69678  323
0.696946  343
0.69704  136
0.697257  193
0.697479  278
0.697686  274
0.697797  115
0.697993  307
0.698018  20
0.698353  361
0.698517  158
0.698532  242
0.698989  365
0.699373  168
0.700168  354
0.700212  195
0.700238  277
0.700267  313
0.700273  327
0.700333  199
0.701034  376
0.701117  363
0.701618  206
0.70183  335
0.701925  95
0.702572  311
0.702587  166
0.702629  382
0.703031  204
0.703147  340
0.703223  220
0.704164  222
0.704575  346
0.704586  302
0.704741  257
0.704862  49
0.70543  137
0.705597  191
0.706076  387
0.706166  171
0.706652  151
0.706774  78
0.706828  321
0.707  44
0.707065  127
0.707143  265
0.707271  344
0.707454  188
0.707571  183
0.707618  170
0.707746  163
0.708007  337
0.708084  362
0.708608  318
0.708671  393
0.708691  329
0.708986  217
0.709289  228
0.70933  236
0.70936  285
0.709703  392
0.709711  359
0.710078  29
0.710334  333
0.710482  73
0.710701  1
0.710818  219
0.710892  3
0.711033  150
0.71106  264
0.711445  114
0.711807  373
0.711943  338
0.712436  389
0.712754  394
0.713191  300
0.71321  280
0.713344  349
0.713358  348
0.713608  176
0.713758  369
0.713796  30
0.714035  117
0.714639  209
0.714942  27
0.715341  367
0.715413  34
0.715512  198
0.715678  119
0.715798  18
0.715832  58
0.716114  331
0.716167  64
0.716806  123
0.716881  32
0.716885  310
0.717233  397
0.717292  160
0.717332  37
0.717546  237
0.717582  155
0.717589  162
0.717612  319
0.71768  261
0.717891  316
0.717933  330
0.717937  172
0.718049  0
0.71805  215
0.718052  381
0.718067  51
0.718204  374
0.718221  384
0.718379  129
0.718488  268
0.718526  52
0.718658  45
0.7187  352
0.718702  36
0.718775  194
0.719096  351
0.719255  395
0.719435  357
0.719445  396
0.719615  100
0.719786  390
0.720041  207
0.720152  69
0.720211  71
0.720294  92
0.721226  355
0.721295  347
0.721377  297
0.72152  375
0.721546  270
0.721792  385
0.721817  251
0.722002  79
0.722017  239
0.722422  380
0.722587  88
0.722737  289
0.723279  305
0.723696  254
0.723829  169
0.723857  148
0.723951  112
0.724041  201
0.724072  328
0.72434  324
0.724367  326
0.724469  322
0.724536  153
0.724658  399
0.72468  14
0.724949  179
0.725285  252
0.725324  41
0.725662  258
0.725801  388
0.725849  334
0.72654  372
0.726616  269
0.727061  378
0.727248  366
0.727271  370
0.727283  40
0.727412  161
0.72751  379
0.728291  231
0.728734  391
0.728775  241
0.728887  157
0.728942  301
0.728973  315
0.729135  75
0.729631  62
0.729636  80
0.729653  200
0.729789  233
0.730292  167
0.730306  48
0.730737  342
0.730983  102
0.731112  360
0.731519  350
0.731575  336
0.731699  320
0.73214  154
0.732331  317
0.732538  31
0.732944  304
0.733549  272
0.734103  339
0.734107  97
0.734344  140
0.734446  308
0.734477  325
0.734504  104
0.734681  133
0.735133  192
0.735715  303
0.735767  306
0.735772  356
0.735788  182
0.736012  314
0.736451  293
0.736572  343
0.736631  108
0.737006  116
0.737093  235
0.737257  12
0.737361  263
0.737515  298
0.737848  398
0.737867  332
0.738436  248
0.738492  130
0.738619  85
0.738675  335
0.738757  8
0.738935  383
0.739228  341
0.739788  56
0.740198  202
0.740399  46
0.74106  175
0.741125  267
0.741226  382
0.741228  354
0.741463  371
0.741467  340
0.741557  143
0.741578  226
0.741707  364
0.741757  273
0.742329  249
0.742343  181
0.742536  142
0.742818  386
0.743284  10
0.743476  318
0.7435  205
0.743531  311
0.744267  87
0.744474  184
0.744624  327
0.744639  255
0.744755  126
0.744768  259
0.744999  111
0.74548  312
0.745526  344
0.745807  124
0.745815  329
0.746091  26
0.746115  276
0.746135  288
0.746333  361
0.746449  216
0.746673  173
0.746841  138
0.747132  323
0.747148  238
0.747178  63
0.747318  367
0.747571  230
0.747639  57
0.747764  210
0.7479  70
0.748076  368
0.748078  365
0.748207  392
0.748339  359
0.748709  393
0.748891  190
0.749023  313
0.749029  246
0.749104  384
0.749187  262
0.749717  105
0.749805  21
0.749872  90
0.750179  139
0.75025  396
0.75095  381
0.751282  281
0.751319  321
0.751386  331
0.751687  250
0.751692  358
0.752078  208
0.752221  292
0.752646  291
0.752672  380
0.753018  310
0.75308  145
0.753156  389
0.754356  387
0.754523  369
0.754648  309
0.755323  16
0.755393  260
0.755394  50
0.756147  346
0.756198  319
0.756213  295
0.756531  82
0.756788  166
0.756822  35
0.756961  316
0.757024  174
0.757413  168
0.757605  131
0.757643  300
0.757728  353
0.758346  240
0.758505  99
0.759012  61
0.759337  101
0.759375  242
0.759497  348
0.759573  134
0.75963  265
0.759773  373
0.760055  66
0.760221  357
0.760694  165
0.760831  65
0.760958  363
0.760964  307
0.761552  302
0.761663  193
0.762187  290
0.762457  362
0.762633  397
0.762666  107
0.762736  67
0.763228  328
0.763678  330
0.763838  322
0.763844  338
0.763918  378
0.76437  185
0.764445  375
0.765257  390
0.765495  224
0.765921  274
0.765926  266
0.765965  366
0.766017  333
0.767144  352
0.767438  326
0.76826  374
0.768323  218
0.76837  391
0.7685  301
0.768609  2
0.769022  244
0.769733  144
0.769995  349
0.770821  114
0.771656  347
0.771717  179
0.771932  128
0.773055  324
0.773207  164
0.773552  395
0.773828  156
0.774163  296
0.774215  243
0.774525  275
0.774745  25
0.774788  376
0.774819  203
0.774824  351
0.774867  283
0.775103  342
0.775244  77
0.775482  120
0.775682  178
0.775766  149
0.775908  64
0.775916  68
0.776166  356
0.776251  42
0.776274  23
0.776352  286
0.776392  119
0.776419  117
0.776478  379
0.776506  196
0.776512  60
0.776669  385
0.77685  345
0.777016  377
0.777045  80
0.77712  38
0.77745  320
0.777536  91
0.777635  253
0.777691  315
0.777735  304
0.777754  394
0.777756  217
0.777884  355
0.777896  177
0.778134  73
0.778885  229
0.779036  388
0.779187  48
0.779307  187
0.779394  213
0.779514  278
0.77954  109
0.779573  398
0.779718  19
0.779731  96
0.780323  53
0.780411  137
0.780469  141
0.780515  287
0.780533  103
0.78063  180
0.780852  332
0.781106  55
0.781259  172
0.781328  84
0.78138  223
0.781505  56
0.781704  392
0.781728  318
0.781883  41
0.781921  211
0.78198  200
0.782096  59
0.782175  219
0.782319  399
0.782339  277
0.782375  314
0.78243  237
0.782475  271
0.782704  284
0.783051  305
0.783256  339
0.783378  202
0.783481  337
0.783558  306
0.783668  360
0.783995  343
0.784009  71
0.784022  387
0.784077  251
0.784086  239
0.784116  270
0.784131  78
0.784314  384
0.784615  303
0.784675  72
0.784718  372
0.784802  313
0.784847  381
0.78485  317
0.785005  147
0.785351  327
0.785367  350
0.785804  20
0.786074  212
0.786292  386
0.786732  383
0.786958  93
0.787276  163
0.787904  361
0.788111  115
0.788365  33
0.788375  83
0.788462  389
0.788469  365
0.788831  121
0.788932  245
0.788967  359
0.789177  312
0.789561  257
0.78974  371
0.789879  308
0.790059  132
0.790437  341
0.790483  335
0.790773  311
0.791281  43
0.791294  382
0.791732  86
0.792313  234
0.792815  325
0.792967  89
0.792993  170
0.792994  158
0.793837  336
0.793865  330
0.794236  76
0.794903  367
0.795501  285
0.795647  228
0.795721  110
0.795729  256
0.795825  354
0.797116  155
0.797319  364
0.797537  331
0.797576  254
0.797588  362
0.797984  29
0.798203  393
0.798339  27
0.798427  276
0.79846  94
0.798515  380
0.798635  51
0.798685  319
0.799048  397
0.799259  40
0.799435  247
0.799617  346
0.799892  225
0.799967  329
0.800154  102
0.800741  221
0.800794  334
0.800809  323
0.800872  37
0.801053  373
0.801213  34
0.801214  338
0.80134  351
0.801452  375
0.801515  161
0.801978  358
0.802062  18
0.802633  227
0.80265  106
0.803015  258
0.803025  374
0.803162  321
0.803261  370
0.803661  396
0.804371  176
0.804482  309
0.804972  15
0.805288  62
0.805672  316
0.805894  353
0.806163  69
0.806642  344
0.806939  352
0.807129  129
0.807151  249
0.807384  357
0.807995  363
0.808692  6
0.808702  224
0.808767  9
0.809004  300
0.809911  24
0.810264  236
0.810363  301
0.810416  378
0.810563  3
0.81076  340
0.811697  391
0.811805  139
0.812734  195
0.81275  87
0.8129  366
0.813112  32
0.81318  134
0.81348  348
0.813566  248
0.813585  1
0.813669  123
0.813861  379
0.813889  326
0.814138  188
0.81441  215
0.814567  206
0.815298  280
0.815307  153
0.815411  58
0.815776  337
0.815928  126
0.816023  5
0.816366  310
0.8168  28
0.81681  209
0.816831  140
0.816907  82
0.817088  328
0.817148  214
0.817182  159
0.817364  290
0.817465  240
0.81785  376
0.817886  268
0.817911  369
0.817962  67
0.818016  355
0.818108  113
0.818112  169
0.818115  13
0.818148  394
0.81835  324
0.818454  307
0.818513  395
0.818754  372
0.818808  39
0.818859  322
0.818887  342
0.819004  168
0.819652  390
0.820258  381
0.820298  152
0.8203  289
0.820312  74
0.820505  49
0.820658  31
0.821656  359
0.822018  122
0.822272  264
0.822607  320
0.822618  273
0.822809  377
0.822986  279
0.823033  45
0.823224  154
0.823616  288
0.823624  291
0.823774  315
0.823856  186
0.823928  54
0.824025  79
0.824245  304
0.824452  50
0.824476  267
0.824482  312
0.824656  4
0.824705  130
0.824736  333
0.825192  302
0.825306  46
0.825397  283
0.825418  75
0.825631  118
0.825644  116
0.82578  95
0.825901  297
0.825938  365
0.826214  327
0.826266  143
0.826331  260
0.826524  332
0.826532  305
0.826623  131
0.826659  207
0.827172  368
0.827201  171
0.827306  148
0.827577  242
0.827581  343
0.827868  199
0.827891  272
0.82821  314
0.828356  282
0.828706  388
0.82888  385
0.828888  255
0.828978  111
0.829037  341
0.829048  335
0.829058  281
0.829074  339
0.829312  384
0.829646  157
0.829731  349
0.829751  389
0.82982  97
0.830086  98
0.831442  165
0.831662  398
0.83197  387
0.832106  61
0.832236  183
0.83252  392
0.832672  336
0.833012  146
0.833247  367
0.833358  194
0.833465  266
0.833579  70
0.833985  22
0.833999  166
0.834604  243
0.834629  318
0.834636  108
0.834641  358
0.834919  353
0.835057  303
0.835245  354
0.83525  317
0.835529  173
0.835569  220
0.835689  345
0.836483  12
0.836672  17
0.837022  278
0.837171  265
0.837282  313
0.837538  346
0.837825  340
0.837999  261
0.838555  399
0.838811  356
0.838927  30
0.838929  184
0.839033  250
0.839211  319
0.839481  60
0.840049  64
0.840194  162
0.840388  300
0.84044  117
0.840463  308
0.840492  92
0.840608  232
0.840764  47
0.840975  375
0.841659  125
0.841713  360
0.841792  350
0.841922  311
0.842  138
0.842009  326
0.842144  364
0.842255  306
0.842257  330
0.842418  259
0.843073  104
0.843471  284
0.843554  380
0.84386  391
0.845351  374
0.845412  178
0.845544  331
0.847231  334
0.847874  213
0.848013  344
0.848187  386
0.848411  293
0.848943  57
0.849167  351
0.849179  269
0.849879  362
0.850044  80
0.850141  253
0.850159  352
0.850167  347
0.851241  124
0.851379  127
0.851656  101
0.851764  226
0.851786  270
0.851953  197
0.852108  7
0.852167  323
0.852263  329
0.852432  37
0.852546  383
0.852855  119
0.852949  59
0.85297  156
0.853005  202
0.85306  257
0.853185  363
0.853262  136
0.853503  355
0.853609  235
0.85416  366
0.854234  40
0.854646  379
0.854647  292
0.854726  198
0.855784  133
0.855845  378
0.855906  0
0.855957  105
0.856025  96
0.856177  277
0.856289  107
0.856311  41
0.856386  382
0.8564  315
0.856517  222
0.85664  185
0.856978  179
0.857018  370
0.857065  285
0.857167  231
0.857181  310
0.857392  252
0.857398  91
0.857688  338
0.857955  393
0.857985  221
0.858239  211
0.858315  112
0.858325  357
0.858396  42
0.858551  72
0.858989  230
0.859041  225
0.859312  151
0.859495  388
0.8595  43
0.85951  307
0.859648  320
0.85974  304
0.859923  142
0.861242  52
0.861281  384
0.861472  10
0.861473  85
0.861538  321
0.861554  203
0.861595  396
0.861637  191
0.861654  192
0.861679  182
0.861793  227
0.861853  172
0.86186  218
0.861861  155
0.861892  83
0.861899  376
0.862116  397
0.862163  193
0.86217  245
0.862208  339
0.862286  309
0.862321  381
0.862484  145
0.862689  373
0.862732  21
0.862992  14
0.863417  316
0.86369  180
0.863778  365
0.864086  237
0.864372  395
0.864444  371
0.864742  120
0.86482  345
0.86502  244
0.865123  312
0.865253  361
0.865465  23
0.865528  394
0.865624  327
0.866076  137
0.866114  390
0.866439  336
0.867001  337
0.86713  35
0.867251  215
0.86746  332
0.86751  392
0.867664  233
0.868046  343
0.868812  216
0.868922  68
0.869743  276
0.869817  322
0.869937  325
0.869979  102
0.870215  256
0.870272  75
0.870449  66
0.870526  271
0.870532  298
0.870666  313
0.870784  349
0.870967  348
0.872104  387
0.872429  368
0.872514  377
0.872566  51
0.872596  147
0.8727  369
0.872808  389
0.87303  296
0.873218  169
0.873597  167
0.873738  399
0.874683  149
0.875069  170
0.87566  385
0.875707  294
0.876278  38
0.876344  15
0.876453  391
0.876555  11
0.876587  247
0.876696  163
0.876818  328
0.876836  300
0.877287  358
0.877415  302
0.87754  174
0.877791  89
0.878498  63
0.878675  398
0.879857  359
0.879948  311
0.879964  241
0.879997  353
0.880309  301
0.880525  286
0.880527  187
0.880887  183
0.881019  342
0.881571  263
0.881977  367
0.882242  205
0.882421  208
0.882422  354
0.882496  317
0.882522  295
0.882664  324
0.882706  228
0.882811  110
0.882934  314
0.883015  268
0.883252  200
0.883344  299
0.883394  254
0.883558  364
0.885119  386
0.885599  333
0.886277  307
0.886444  326
0.886472  318
0.886644  71
0.886869  209
0.8874  375
0.887526  340
0.88757  274
0.887676  305
0.888341  335
0.888662  330
0.888917  267
0.889016  251
0.889852  139
0.889866  103
0.889906  189
0.890067  171
0.890606  329
0.890624  164
0.891304  341
0.891432  308
0.891589  380
0.891914  62
0.893138  150
0.893373  5
0.893578  331
0.893704  223
0.893714  374
0.894088  360
0.894247  125
0.894995  339
0.896358  90
0.896531  303
0.897328  347
0.898367  84
0.89888  362
0.899  319
0.899286  356
0.899744  258
0.900519  315
0.900733  363
0.900766  13
0.900909  220
0.901144  280
0.901446  344
0.901825  372
0.902703  346
0.902725  323
0.902793  309
0.902831  306
0.903481  370
0.904248  334
0.904565  379
0.904572  25
0.904654  270
0.906449  2
0.907188  262
0.907436  229
0.907688  88
0.908426  383
0.908474  87
0.908786  366
0.908942  261
0.908943  196
0.908986  55
0.909203  290
0.909207  65
0.909275  287
0.909297  397
0.909561  240
0.909997  146
0.910081  371
0.910122  76
0.910421  78
0.910602  33
0.910695  373
0.911083  144
0.911097  32
0.911181  140
0.91122  239
0.911286  19
0.911329  128
0.911434  350
0.911514  175
0.911576  74
0.911773  225
0.911813  130
0.911847  237
0.911908  234
0.911964  70
0.912033  121
0.912047  181
0.912048  158
0.912078  109
0.912301  355
0.912349  316
0.912395  338
0.912454  95
0.912506  352
0.912629  351
0.91266  378
0.912762  129
0.912841  365
0.912925  8
0.913049  80
0.913213  392
0.913233  304
0.913294  222
0.913409  168
0.913683  381
0.913953  387
0.914044  327
0.914096  22
0.91427  390
0.914566  39
0.914997  24
0.915064  231
0.915201  396
0.915457  117
0.915684  385
0.915807  16
0.916343  115
0.916677  69
0.916709  269
0.916882  345
0.917117  266
0.917142  3
0.917321  393
0.917324  382
0.917327  336
0.917364  398
0.917451  311
0.917533  337
0.917544  358
0.917613  376
0.91773  384
0.917921  48
0.917993  122
0.918253  320
0.91836  388
0.918886  375
0.918886  141
0.918905  29
0.918972  201
0.920149  20
0.92059  394
0.921147  321
0.921446  79
0.922088  342
0.922232  44
0.922878  106
0.923331  250
0.923473  93
0.923654  285
0.92366  367
0.923782  161
0.923946  272
0.924364  368
0.92437  92
0.924527  312
0.924752  114
0.924917  357
0.92498  364
0.925156  30
0.925251  332
0.925291  307
0.92535  148
0.925393  152
0.926098  217
0.926164  96
0.92627  97
0.92632  89
0.92651  210
0.926518  1
0.92679  298
0.927331  340
0.927522  310
0.927705  377
0.92787  322
0.927983  36
0.928  314
0.928305  184
0.928384  249
0.928817  131
0.929279  343
0.929424  6
0.929442  9
0.929557  369
0.92973  395
0.929839  328
0.929933  361
0.930049  211
0.930155  279
0.930221  348
0.930234  391
0.930237  389
0.930764  339
0.931834  301
0.931956  34
0.932198  255
0.932809  318
0.93295  242
0.933244  248
0.93325  359
0.933509  46
0.933836  236
0.934233  380
0.934767  302
0.935137  204
0.935154  173
0.935206  386
0.935245  335
0.935448  324
0.936002  157
0.936415  354
0.936528  278
0.936614  257
0.937269  325
0.93784  160
0.93846  349
0.938571  135
0.939164  91
0.939328  299
0.939906  124
0.940121  334
0.940678  317
0.941198  199
0.941249  289
0.941327  353
0.941594  56
0.941734  347
0.941762  77
0.941804  326
0.941829  259
0.942485  333
0.942511  315
0.942868  156
0.943048  27
0.943275  165
0.943306  399
0.943346  390
0.943441  137
0.943506  25
0.944001  85
0.944017  45
0.944206  123
0.944474  83
0.944928  82
0.945447  7
0.945662  215
0.945703  263
0.945989  53
0.946132  234
0.946326  42
0.946385  59
0.946404  54
0.946427  219
0.946542  305
0.94664  192
0.94664  313
0.946721  162
0.946739  319
0.946809  267
0.947001  306
0.947078  224
0.947123  341
0.947138  50
0.947165  293
0.947217  356
0.947439  329
0.947674  323
0.948172  102
0.94899  41
0.949387  208
0.949464  159
0.949515  252
0.949561  153
0.94984  226
0.949922  12
0.950002  177
0.950018  73
0.950051  360
0.950165  370
0.950297  273
0.950373  365
0.950458  276
0.950466  288
0.950491  21
0.950688  174
0.950717  256
0.950891  398
0.951033  66
0.95114  18
0.951189  300
0.951377  294
0.951423  385
0.951519  264
0.951565  286
0.951759  327
0.952117  205
0.952197  330
0.952209  81
0.952243  387
0.952285  189
0.952324  338
0.952344  374
0.952352  212
0.952476  26
0.952813  14
0.953156  98
0.953209  397
0.953314  309
0.953371  372
0.953539  108
0.953651  221
0.953724  373
0.9538  107
0.953938  191
0.954103  99
0.954152  331
0.954178  60
0.954211  320
0.954287  303
0.954579  382
0.95492  379
0.955099  378
0.955119  265
0.95565  375
0.955768  311
0.955837  340
0.955843  186
0.955854  371
0.956184  362
0.956307  116
0.956323  358
0.95638  376
0.956646  381
0.956961  363
0.957528  345
0.957921  238
0.958814  344
0.959057  383
0.959267  336
0.959914  179
0.960156  364
0.960565  277
0.961155  282
0.961478  321
0.961729  316
0.961766  103
0.962221  369
0.962239  351
0.962978  214
0.963342  197
0.963638  346
0.963674  394
0.963697  16
0.964067  350
0.964116  58
0.96493  388
0.965249  182
0.965391  31
0.965981  134
0.966007  332
0.966179  304
0.967149  154
0.967422  88
0.967583  396
0.967597  233
0.96832  307
0.968535  318
0.969124  352
0.969187  171
0.969303  366
0.969329  169
0.96934  274
0.969484  220
0.969831  247
0.969955  39
0.970367  118
0.97058  35
0.970909  188
0.971109  4
0.971188  361
0.97137  302
0.971555  337
0.97176  68
0.972338  94
0.972765  308
0.973322  292
0.97337  121
0.973493  63
0.973622  310
0.973758  297
0.973869  392
0.973906  241
0.973914  389
0.973982  37
0.974002  343
0.974075  28
0.974667  23
0.975013  133
0.975335  125
0.975493  245
0.975597  86
0.975969  377
0.976188  10
0.976585  235
0.976769  72
0.976993  384
0.977053  151
0.977098  143
0.977516  395
0.977615  301
0.977862  132
0.978051  138
0.978377  322
0.978416  355
0.978503  130
0.978568  40
0.978714  342
0.978903  317
0.978999  166
0.979143  257
0.979406  367
0.979659  254
0.97966  113
0.979731  393
0.979822  368
0.97983  391
0.980036  243
0.980235  325
0.980555  223
0.980782  251
0.980883  250
0.98133  71
0.981398  147
0.981414  348
0.981634  207
0.981685  101
0.981857  328
0.982039  349
0.982163  335
0.982564  339
0.982871  275
0.983768  120
0.983969  127
0.984058  152
0.984837  112
0.984902  284
0.984937  386
0.985057  126
0.985081  202
0.985297  314
0.985464  356
0.98579  67
0.985811  95
0.985965  312
0.986019  62
0.98625  324
0.986331  380
0.986549  398
0.986681  326
0.988233  17
0.988348  211
0.988695  198
0.988729  111
0.988905  11
0.989003  296
0.989016  155
0.989077  360
0.989086  30
0.989529  357
0.989674  338
0.98987  204
0.990082  149
0.990203  306
0.990625  136
0.991249  105
0.991431  371
0.991439  287
0.991455  29
0.99157  329
0.991678  305
0.991756  397
0.992122  374
0.992168  117
0.992451  321
0.992553  8
0.992667  24
0.992736  258
0.993093  327
0.99324  382
0.994269  271
0.994506  164
0.994693  347
0.995081  203
0.995346  195
0.995516  311
0.995531  114
0.995685  61
0.995749  365
0.995924  84
0.995961  279
0.996131  333
0.996173  255
0.99618  93
0.996275  109
0.996346  286
0.996464  185
0.99647  354
0.996614  370
0.996644  268
0.996725  187
0.996751  309
0.997263  248
0.997314  262
0.997336  228
0.997635  206
0.99787  158
0.997932  73
0.998033  323
0.998146  100
0.998217  315
0.998217  48
0.998287  79
0.998343  91
0.998349  213
0.998452  313
0.998721  331
0.998729  351
0.998761  362
0.998879  172
0.999089  163
0.999116  227
0.999285  5
0.99942  390
0.999422  232
0.999496  38
0.999535  231
0.999763  372
0.999873  336
