0.0363904  193
0.037539  270
0.0383758  254
0.0386029  271
0.0387154  355
0.0392259  192
0.0395763  147
0.0400167  268
0.0401481  246
0.0402568  389
0.0402766  344
0.0402923  338
0.0403068  279
0.0403256  263
0.040364  283
0.0403938  362
0.0405675  41
0.0405806  113
0.0406037  391
0.0406193  349
0.0410205  164
0.041245  85
0.0415117  226
0.0416901  155
0.0418003  313
0.0418654  298
0.0419257  299
0.041929  368
0.0419443  384
0.0419663  173
0.041971  317
0.0421307  77
0.0422309  130
0.042433  103
0.0424459  194
0.0425289  106
0.0425469  385
0.0425497  82
0.0427497  337
0.0428326  301
0.0428749  143
0.0428831  0
0.0429338  16
0.0430044  176
0.0430411  257
0.0430563  321
0.0432487  142
0.0432902  227
0.0432999  339
0.0434846  399
0.0435137  390
0.0436386  392
0.0437058  396
0.0438263  89
0.043859  214
0.0439361  318
0.0439363  377
0.0440211  105
0.0440325  154
0.0440695  151
0.0440821  345
0.044111  374
0.0441252  31
0.0441525  383
0.0442716  265
0.0443102  215
0.0446399  302
0.0448349  282
0.0448912  306
0.0450249  323
0.0450549  266
0.0450918  365
0.0450927  304
0.0451432  322
0.0452547  190
0.0457509  238
0.0461083  219
0.0461546  53
0.0461892  363
0.046281  326
0.0462857  381
0.046375  358
0.0467278  366
0.0472226  28
0.0472274  146
0.0472708  388
0.0472971  347
0.047455  378
0.0478899  373
0.0485647  250
0.0486712  232
0.0486874  74
0.048769  94
0.048774  334
0.0488282  375
0.0488858  387
0.0490049  27
0.0492542  90
0.0494624  122
0.0495017  314
0.0496046  367
0.0497072  310
0.049867  348
0.0499723  284
0.0500818  379
0.0502785  42
0.0504789  144
0.0506305  311
0.0507793  247
0.0508485  303
0.0510576  360
0.0511451  320
0.0512428  350
0.0514582  309
0.0514899  312
0.0515116  380
0.0517139  291
0.0520987  369
0.0521957  370
0.0522684  354
0.0526807  328
0.0529238  13
0.0537469  327
0.0539335  332
0.0543421  346
0.0544079  148
0.0553233  300
0.0562352  316
0.0563826  335
0.0568937  319
0.0577161  393
0.0580467  35
0.0587478  260
0.0589797  386
0.0591448  128
0.059148  184
0.0596589  207
0.0602453  324
0.0604642  356
0.0608072  395
0.0608563  359
0.0610269  307
0.0631747  342
0.0633032  357
0.06408  343
0.0645767  124
0.0654484  336
0.0658733  297
0.0662609  210
0.0663945  230
0.0664654  352
0.0664895  331
0.0667641  341
0.0669186  397
0.0676291  168
0.0682453  372
0.0682847  333
0.0691597  394
0.0696971  364
0.0697731  183
0.0700953  78
0.0701067  325
0.0707679  221
0.0712565  305
0.0712775  136
0.0720651  231
0.0732134  3
0.07406  371
0.0742126  382
0.0743622  200
0.0749933  10
0.0754477  398
0.075569  353
0.0755968  160
0.0756663  225
0.0756892  69
0.0757129  340
0.075933  308
0.0759784  218
0.0763824  114
0.0768208  361
0.0768274  351
0.0769005  209
0.0771011  329
0.0773642  47
0.0775437  87
0.0775677  17
0.0777201  208
0.0777309  330
0.0777827  288
0.078019  55
0.078632  121
0.078675  161
0.0792543  376
0.0793767  204
0.0794349  67
0.0799732  57
0.0800495  181
0.0801257  33
0.0802249  19
0.0805506  80
0.0805565  211
0.0805826  59
0.0806855  166
0.0807202  119
0.080798  240
0.0808813  233
0.0809754  92
0.0810009  205
0.0810514  21
0.0812367  251
0.0812491  79
0.0813066  273
0.0813959  126
0.0814692  187
0.0814702  38
0.0816077  98
0.0817135  171
0.0818026  222
0.0818624  52
0.0819603  159
0.0820171  83
0.0820496  165
0.0821385  145
0.0821494  26
0.0822217  127
0.082229  23
0.0822776  140
0.0823758  5
0.0824797  217
0.0824806  62
0.0825999  286
0.0826226  267
0.0826815  73
0.082723  198
0.0827294  6
0.0827644  86
0.0828597  95
0.0828781  1
0.0828832  202
0.0828861  32
0.0829029  109
0.0829158  256
0.0829252  315
0.0829612  203
0.0829731  295
0.0829927  110
0.0830239  75
0.0830723  249
0.0830937  178
0.0833715  374
0.0833717  191
0.0834103  44
0.083423  91
0.0834469  72
0.0834549  269
0.0834736  51
0.0835009  46
0.0835182  61
0.083555  117
0.0835633  189
0.0835712  63
0.0836288  243
0.0836415  206
0.0836664  43
0.0836991  396
0.0837033  99
0.0837172  60
0.0837599  175
0.0837815  96
0.083805  188
0.083821  12
0.0838712  24
0.0839089  323
0.0839107  259
0.0839489  88
0.0839907  236
0.0840064  125
0.084032  186
0.0840427  137
0.0840517  223
0.0841597  97
0.084168  199
0.0841807  258
0.0842176  385
0.0842215  317
0.0842243  399
0.0842331  9
0.0842554  112
0.0843088  50
0.0843127  368
0.0843233  93
0.0843602  30
0.0843976  281
0.0845074  285
0.0845156  239
0.0845619  141
0.0845655  116
0.084578  104
0.0845798  392
0.0845819  152
0.0845831  56
0.0846013  274
0.0846427  179
0.0846484  7
0.0846753  15
0.0847388  22
0.0847444  244
0.0847917  101
0.0847994  71
0.0848483  66
0.0848774  54
0.0849202  76
0.0849684  8
0.0849925  138
0.0850015  270
0.0850027  343
0.0850212  253
0.0850471  356
0.0851077  182
0.0851528  132
0.085181  129
0.0851943  358
0.0852068  212
0.0852436  224
0.0852522  139
0.0852611  311
0.0852918  14
0.0852973  34
0.0853002  302
0.0853024  381
0.0853047  162
0.0853126  334
0.0853907  133
0.0854741  123
0.0854767  275
0.0854846  157
0.0855753  344
0.0855886  18
0.0855913  375
0.0855982  196
0.0856127  68
0.0856239  310
0.0856355  261
0.0856443  293
0.085646  349
0.08565  294
0.0856576  25
0.0856913  362
0.0857108  58
0.0857138  388
0.0857192  360
0.0857319  255
0.0858197  177
0.0858213  354
0.0858386  347
0.0858409  115
0.0858678  272
0.0858696  241
0.0858755  234
0.0859035  390
0.085916  327
0.0859462  321
0.0859733  153
0.0859819  108
0.0860012  122
0.0860688  264
0.0860759  325
0.0861219  370
0.086149  245
0.0861842  328
0.0862034  316
0.0862039  367
0.0862062  134
0.0862347  4
0.0862529  248
0.0862965  309
0.0863311  169
0.0863949  45
0.0864006  387
0.086443  185
0.0864717  102
0.0864951  290
0.0865168  131
0.0865482  355
0.086592  313
0.0866388  276
0.0866419  391
0.0866887  379
0.0866967  338
0.0867063  156
0.0868142  304
0.0868695  27
0.0869211  301
0.0869398  254
0.0869594  333
0.0873101  150
0.0873438  252
0.0873723  373
0.0874502  262
0.0874581  369
0.0874753  348
0.0875045  306
0.0875378  395
0.0875623  318
0.0875821  342
0.0877201  278
0.0877308  359
0.0877844  37
0.0877911  345
0.0879374  365
0.0881283  346
0.0881607  324
0.0881883  213
0.0883304  39
0.0883445  337
0.0884419  384
0.0885334  339
0.0885601  3
0.0885799  70
0.0886166  352
0.0886541  380
0.0887603  366
0.0891551  307
0.0893511  383
0.0894889  320
0.0895556  364
0.0897078  322
0.0897926  378
0.0899644  336
0.0900737  312
0.0901481  163
0.0901755  314
0.090338  357
0.0905381  326
0.090746  305
0.0910418  195
0.0910717  300
0.0918568  389
0.092033  386
0.0921799  350
0.0923579  341
0.09294  335
0.0930163  329
0.0946666  332
0.0947394  319
0.0949218  247
0.094984  266
0.0952148  397
0.0953585  394
0.0954849  363
0.0958147  167
0.0959787  158
0.0967668  377
0.0969021  393
0.097189  180
0.097391  111
0.098888  376
0.100532  382
0.100573  303
0.100704  174
0.100724  20
0.101098  351
0.101453  40
0.103026  49
0.103736  371
0.104208  184
0.104542  149
0.104741  235
0.104807  308
0.105113  11
0.105259  118
0.105318  340
0.105586  121
0.106  143
0.106781  173
0.107094  192
0.108055  242
0.108355  16
0.108488  277
0.108719  135
0.108816  298
0.109199  331
0.109225  237
0.109782  142
0.109846  311
0.10999  220
0.110166  29
0.110607  100
0.110803  48
0.110833  387
0.110836  183
0.111308  361
0.111429  365
0.111436  283
0.111779  330
0.111934  193
0.111971  197
0.112127  384
0.112349  344
0.112496  26
0.112737  356
0.112773  214
0.112891  27
0.112916  322
0.113323  105
0.113484  348
0.113974  324
0.114057  343
0.114116  301
0.114334  194
0.114436  304
0.114562  151
0.114913  327
0.115348  113
0.115669  210
0.116315  321
0.116717  355
0.116758  323
0.116772  13
0.117443  268
0.11802  347
0.118484  36
0.118621  292
0.11898  306
0.119334  307
0.119473  42
0.120669  354
0.121652  90
0.121726  28
0.121837  152
0.122121  296
0.12224  309
0.122427  318
0.122459  345
0.122638  362
0.122726  366
0.123321  312
0.123501  316
0.12371  172
0.123931  353
0.12463  313
0.124784  388
0.125202  349
0.126742  107
0.128284  302
0.129037  10
0.129303  359
0.129501  338
0.129679  339
0.129744  205
0.129834  391
0.129959  41
0.130426  369
0.130524  346
0.131503  310
0.132579  390
0.133146  132
0.134135  383
0.134975  360
0.136085  363
0.13678  399
0.137021  94
0.13748  352
0.138024  337
0.138292  88
0.138365  300
0.13868  35
0.139663  47
0.139703  170
0.139736  385
0.140443  334
0.140825  379
0.141461  319
0.14206  89
0.14327  371
0.143379  386
0.143571  375
0.144753  103
0.144876  357
0.145154  380
0.145763  396
0.145902  378
0.146032  381
0.146921  368
0.147278  51
0.147505  84
0.147952  397
0.148844  131
0.148936  342
0.150892  364
0.152805  374
0.152863  370
0.153527  329
0.153992  215
0.154647  81
0.154809  367
0.154814  341
0.154903  373
0.155225  190
0.155569  82
0.155651  9
0.155908  236
0.156082  56
0.156711  317
0.157069  195
0.157398  395
0.157801  232
0.157918  295
0.158434  185
0.158571  64
0.158845  376
0.158908  207
0.158957  392
0.159055  250
0.159258  8
0.159353  393
0.159384  168
0.159409  305
0.159556  148
0.159592  128
0.159675  372
0.160051  119
0.160326  287
0.160394  351
0.160673  65
0.160855  92
0.161131  261
0.16119  320
0.161234  382
0.161277  120
0.161361  293
0.161532  85
0.162195  106
0.162429  234
0.162848  204
0.162864  218
0.16288  180
0.163197  4
0.163241  322
0.163355  290
0.163413  348
0.16365  2
0.163655  311
0.164116  377
0.164804  289
0.164959  315
0.1652  23
0.165226  114
0.165243  133
0.165245  12
0.165246  259
0.165323  248
0.165532  326
0.165587  333
0.165655  70
0.165858  275
0.16597  350
0.166001  38
0.166009  331
0.166181  17
0.166399  33
0.1664  45
0.166512  335
0.16669  162
0.166936  314
0.167364  297
0.167421  251
0.167511  3
0.167853  281
0.167855  160
0.168044  358
0.168228  146
0.168351  101
0.168469  280
0.168537  125
0.168612  252
0.168879  243
0.168938  265
0.16933  123
0.169716  228
0.16973  258
0.169832  150
0.16984  394
0.169853  127
0.169854  308
0.16988  175
0.169891  229
0.170036  7
0.170049  387
0.170089  21
0.170188  171
0.170193  330
0.170252  283
0.170336  301
0.170441  323
0.170442  257
0.170599  32
0.17067  398
0.170804  313
0.170805  328
0.170833  270
0.170912  294
0.170962  0
0.171015  304
0.17106  355
0.171064  285
0.171125  44
0.171134  389
0.171359  156
0.171465  147
0.171517  221
0.171633  255
0.171681  347
0.171818  279
0.171954  299
0.172228  344
0.172267  319
0.172515  164
0.172629  169
0.172646  369
0.172749  124
0.172779  303
0.17306  111
0.17311  316
0.173313  353
0.173331  307
0.173941  267
0.174087  244
0.17411  339
0.174169  199
0.174382  340
0.174519  49
0.174669  153
0.175354  87
0.17544  302
0.175515  19
0.175604  325
0.175652  384
0.176283  291
0.176324  309
0.17644  321
0.177191  25
0.177261  223
0.17733  336
0.177404  354
0.177418  271
0.177472  20
0.177524  93
0.177782  14
0.177787  324
0.178179  359
0.178426  77
0.178456  363
0.179187  57
0.179395  130
0.179395  366
0.179478  37
0.179735  187
0.179785  43
0.179863  138
0.179916  22
0.180132  54
0.180815  46
0.180965  361
0.181043  278
0.181171  365
0.181202  318
0.181238  327
0.181329  356
0.181657  95
0.181756  200
0.181816  368
0.181882  149
0.181916  346
0.181968  386
0.182009  343
0.182132  52
0.182208  300
0.182571  157
0.182989  349
0.183207  126
0.183633  312
0.183777  42
0.183832  375
0.183887  374
0.18398  390
0.184915  231
0.18557  202
0.185636  201
0.186605  332
0.186944  370
0.187004  212
0.187208  385
0.1875  338
0.187667  352
0.187699  182
0.188079  395
0.188173  161
0.188266  296
0.188383  134
0.188855  373
0.188932  260
0.189402  210
0.189424  112
0.189645  183
0.189839  310
0.189923  372
0.190054  136
0.1901  263
0.190464  194
0.190479  382
0.19118  272
0.191223  397
0.191231  6
0.191273  158
0.19128  239
0.191436  306
0.191676  71
0.191934  388
0.192085  378
0.192111  276
0.19224  345
0.192312  391
0.192318  380
0.192373  360
0.192684  188
0.192939  383
0.193636  247
0.193761  396
0.194383  179
0.194437  379
0.194758  145
0.195167  5
0.195284  341
0.195417  238
0.196044  264
0.196155  381
0.196449  367
0.196783  393
0.196925  28
0.197057  317
0.197109  357
0.197131  240
0.197378  13
0.197474  60
0.197742  181
0.197912  284
0.198084  253
0.198166  113
0.198181  364
0.198197  197
0.198211  362
0.198223  351
0.198405  58
0.19847  371
0.198852  266
0.19891  209
0.199014  163
0.19905  392
0.199324  399
0.200548  167
0.200741  61
0.200788  246
0.20107  110
0.201297  233
0.20133  376
0.201946  320
0.201993  103
0.202129  322
0.20261  241
0.202718  220
0.203965  337
0.204792  191
0.206048  75
0.20635  262
0.206434  224
0.206497  1
0.206623  129
0.206926  109
0.206947  333
0.207009  78
0.207092  18
0.207382  355
0.207465  108
0.207557  102
0.207798  90
0.208091  24
0.208132  80
0.208179  268
0.208368  48
0.208607  358
0.208648  205
0.208788  314
0.208883  55
0.208905  347
0.20911  96
0.209204  63
0.209379  304
0.209538  51
0.209965  334
0.209981  40
0.209986  301
0.210753  79
0.210928  177
0.211148  115
0.211268  29
0.211347  369
0.2114  203
0.211495  16
0.211667  282
0.211682  394
0.211716  173
0.211717  176
0.211732  146
0.211815  313
0.211835  189
0.211846  329
0.211859  398
0.211903  135
0.211936  216
0.212012  217
0.212031  225
0.212056  117
0.212079  178
0.212101  97
0.21211  315
0.212121  311
0.2122  235
0.212611  237
0.212741  330
0.21277  254
0.212923  84
0.212933  104
0.213022  107
0.213134  39
0.213362  307
0.213494  354
0.213718  305
0.213852  168
0.213855  219
0.214  81
0.214017  359
0.214368  339
0.214379  229
0.214391  389
0.214506  174
0.214551  316
0.214634  252
0.214708  366
0.214728  223
0.214772  295
0.214793  377
0.215044  326
0.215099  88
0.215276  196
0.215448  54
0.215712  390
0.215884  340
0.216047  116
0.216047  26
0.216129  325
0.216698  236
0.216975  349
0.21719  344
0.217237  286
0.217371  218
0.217442  230
0.217469  4
0.217491  213
0.217612  27
0.218061  45
0.21811  342
0.218118  335
0.218172  321
0.218225  64
0.218291  328
0.218302  346
0.21844  324
0.218447  365
0.219026  323
0.219392  11
0.219969  380
0.220119  360
0.220711  309
0.221071  388
0.22165  0
0.222012  9
0.222017  154
0.222043  85
0.222565  348
0.222783  31
0.222848  352
0.222868  319
0.2237  376
0.22391  222
0.22398  353
0.224224  91
0.224227  382
0.224622  98
0.225016  356
0.225068  10
0.225686  46
0.225806  387
0.226099  160
0.226407  290
0.226514  124
0.226845  53
0.227071  338
0.227343  302
0.227458  142
0.228033  331
0.228063  337
0.228141  131
0.228521  155
0.228666  44
0.229225  318
0.229469  367
0.229621  170
0.230719  165
0.23088  374
0.230915  371
0.231218  368
0.231317  397
0.231456  363
0.231729  36
0.231856  327
0.232251  350
0.232761  386
0.23355  152
0.233993  393
0.234896  308
0.235528  101
0.235605  150
0.235999  361
0.236763  303
0.237021  370
0.237524  143
0.239126  364
0.23915  242
0.239808  343
0.24068  249
0.241004  381
0.241314  372
0.241416  226
0.241513  89
0.242004  375
0.242032  192
0.242083  106
0.242126  255
0.242128  383
0.242327  373
0.242346  15
0.242725  345
0.243064  83
0.243428  20
0.243448  159
0.244032  186
0.244331  385
0.244507  357
0.244539  306
0.244664  227
0.244884  322
0.244942  25
0.24498  67
0.245138  8
0.245553  312
0.245605  30
0.245769  137
0.245812  82
0.246266  288
0.246458  260
0.247052  37
0.247147  355
0.247221  316
0.247352  59
0.247712  56
0.247797  243
0.247941  285
0.248162  300
0.24836  228
0.248387  384
0.248431  332
0.248514  193
0.248521  396
0.248586  93
0.248844  251
0.248916  379
0.24939  118
0.250476  128
0.250479  329
0.250774  240
0.251215  310
0.25128  392
0.25144  248
0.251536  351
0.25159  208
0.251664  147
0.251688  184
0.251691  278
0.25191  336
0.251948  204
0.252181  166
0.252242  50
0.252308  320
0.252499  86
0.252511  341
0.252566  195
0.252807  87
0.252847  359
0.252849  395
0.253016  362
0.253219  273
0.253437  206
0.254623  378
0.254682  330
0.2547  328
0.255092  265
0.255528  126
0.255586  33
0.255864  270
0.256005  261
0.256025  144
0.256475  398
0.256686  304
0.256721  301
0.256786  28
0.25753  380
0.258035  292
0.258073  190
0.258188  141
0.258534  399
0.258856  274
0.2589  111
0.259221  344
0.25927  14
0.25971  358
0.259895  321
0.259895  314
0.259915  68
0.260492  125
0.260962  247
0.261149  2
0.261188  291
0.262436  339
0.262479  245
0.26269  57
0.262896  6
0.262933  139
0.262956  289
0.263247  377
0.263271  140
0.263271  353
0.263388  317
0.263434  272
0.263775  347
0.263896  158
0.264185  296
0.264545  138
0.264593  346
0.264613  298
0.26481  391
0.264848  185
0.26489  360
0.264899  258
0.264932  172
0.265197  390
0.265299  335
0.26535  326
0.265441  35
0.265518  233
0.265657  58
0.26583  366
0.265831  315
0.265855  382
0.265875  319
0.265971  365
0.266178  232
0.266523  294
0.26655  163
0.266574  12
0.266763  215
0.266926  136
0.267056  394
0.267169  183
0.268213  123
0.268493  284
0.268683  200
0.268771  100
0.268842  293
0.268924  325
0.268971  307
0.269034  340
0.269151  311
0.269185  302
0.269586  43
0.269715  38
0.27  19
0.270062  94
0.270129  120
0.270133  342
0.270256  229
0.270383  352
0.270413  318
0.271131  178
0.271391  306
0.27144  334
0.271527  214
0.271554  383
0.271573  47
0.271664  239
0.271843  41
0.271866  374
0.272409  309
0.272589  370
0.272647  7
0.272785  134
0.273083  305
0.2731  234
0.273222  264
0.273485  388
0.273902  32
0.273946  53
0.274333  34
0.274376  356
0.274378  369
0.274777  133
0.274936  176
0.275504  337
0.27562  333
0.275626  283
0.276326  78
0.276354  323
0.276478  267
0.276577  327
0.276672  52
0.27674  338
0.276741  244
0.276913  367
0.27696  308
0.277081  3
0.277569  281
0.277862  376
0.277976  397
0.278244  40
0.278962  179
0.279252  160
0.279259  99
0.279635  153
0.279771  287
0.27995  393
0.280149  354
0.280303  196
0.280404  73
0.280435  303
0.280543  268
0.280563  72
0.280757  107
0.280827  313
0.28089  102
0.281009  151
0.281029  324
0.281066  211
0.281222  269
0.281252  350
0.281428  177
0.281474  199
0.281565  271
0.281575  336
0.281626  231
0.282022  322
0.282081  230
0.282546  121
0.282605  148
0.282826  117
0.282872  192
0.28318  42
0.283409  236
0.283548  187
0.283759  372
0.283839  105
0.283858  386
0.283995  132
0.284118  381
0.284279  89
0.284686  217
0.284709  235
0.284773  363
0.284836  389
0.284998  277
0.285342  202
0.285349  5
0.285378  207
0.285513  301
0.28567  101
0.285758  345
0.285823  332
0.286535  221
0.287064  348
0.287249  364
0.287286  250
0.287388  349
0.287455  142
0.28748  341
0.287852  84
0.287937  368
0.287987  253
0.288195  328
0.288206  157
0.288225  156
0.288242  31
0.288588  395
0.289769  13
0.289774  16
0.2899  331
0.290143  361
0.290311  362
0.290331  77
0.290367  312
0.290378  169
0.290435  164
0.29069  241
0.290753  387
0.291333  385
0.291507  317
0.291776  127
0.292054  300
0.292114  310
0.29237  355
0.292514  316
0.292651  375
0.29318  104
0.294003  115
0.294305  88
0.294771  62
0.294898  340
0.295315  398
0.295751  251
0.296484  0
0.296517  76
0.296715  220
0.296782  71
0.297187  276
0.297728  64
0.297923  198
0.298025  384
0.298192  66
0.298389  297
0.298414  263
0.298485  382
0.298515  377
0.298555  329
0.298564  358
0.298843  63
0.298858  390
0.298981  165
0.299189  80
0.299687  379
0.300027  98
0.300029  237
0.300198  380
0.300375  17
0.300735  357
0.300872  352
0.301854  103
0.302302  240
0.30245  307
0.302825  61
0.302886  396
0.302927  347
0.302996  275
0.303135  7
0.303565  378
0.303726  326
0.304018  371
0.30424  351
0.304412  242
0.304734  335
0.305163  252
0.305418  304
0.30582  168
0.306112  191
0.307562  311
0.307882  346
0.307971  321
0.308109  1
0.308333  325
0.308437  302
0.308679  320
0.310153  342
0.310716  170
0.310768  18
0.311331  373
0.311349  318
0.312827  49
0.312924  391
0.313972  135
0.314466  149
0.314832  295
0.315035  381
0.315047  282
0.315156  369
0.315285  319
0.31534  392
0.315966  327
0.316003  222
0.316323  65
0.316335  74
0.316614  145
0.31679  308
0.317202  330
0.317435  188
0.317457  204
0.317574  194
0.317598  383
0.317654  353
0.317685  356
0.317863  95
0.31791  354
0.319006  4
0.319035  106
0.319477  216
0.319512  399
0.320623  225
0.320734  309
0.320811  313
0.321222  338
0.321827  260
0.322212  124
0.322579  23
0.322608  113
0.32262  83
0.323005  336
0.32375  35
0.323765  112
0.323846  306
0.323868  366
0.32388  189
0.324191  59
0.324375  365
0.32446  262
0.324867  219
0.325069  85
0.325092  344
0.325709  60
0.326033  70
0.32621  299
0.326219  228
0.326255  57
0.3267  129
0.32674  213
0.326793  69
0.32691  328
0.326913  257
0.327036  223
0.327053  374
0.327086  185
0.32721  343
0.327734  266
0.327833  394
0.327882  162
0.327941  150
0.328009  322
0.328112  286
0.328333  193
0.328422  370
0.328458  229
0.328543  10
0.328566  314
0.328571  301
0.328593  122
0.32866  315
0.328672  310
0.328897  363
0.328992  48
0.329121  359
0.329149  389
0.329307  201
0.329373  316
0.329568  139
0.329656  81
0.329956  96
0.330159  355
0.330382  108
0.330414  312
0.330535  167
0.330555  155
0.330588  386
0.330642  100
0.330648  372
0.33072  249
0.330967  21
0.331367  172
0.331721  334
0.331784  376
0.332019  290
0.33327  360
0.333667  212
0.333778  339
0.334126  285
0.334297  218
0.334586  382
0.334662  26
0.334702  364
0.334704  280
0.334787  233
0.335124  110
0.335361  197
0.335557  385
0.335658  37
0.33605  182
0.336174  114
0.336227  317
0.336257  395
0.336341  278
0.336364  14
0.336406  397
0.336474  161
0.336669  51
0.336786  178
0.33689  28
0.336918  371
0.337152  44
0.337556  238
0.337856  154
0.337864  307
0.337938  387
0.337984  362
0.338151  54
0.338295  324
0.338327  398
0.338403  55
0.338433  91
0.338549  159
0.338685  380
0.338907  337
0.338911  226
0.339139  367
0.339339  209
0.339508  236
0.339597  348
0.339787  331
0.340046  29
0.340596  152
0.340728  351
0.340884  245
0.341012  300
0.341212  350
0.341716  384
0.341763  32
0.342523  67
0.342685  243
0.342993  349
0.343112  274
0.343374  368
0.343702  325
0.343727  377
0.343744  341
0.344227  109
0.345212  379
0.345253  144
0.345289  166
0.345329  375
0.34534  7
0.345373  73
0.34541  174
0.345445  45
0.345608  287
0.345608  303
0.34574  79
0.345835  294
0.345862  147
0.346214  323
0.346679  39
0.346906  305
0.346942  342
0.347085  163
0.34726  293
0.347636  123
0.34767  327
0.347791  321
0.347883  169
0.348616  248
0.349005  335
0.349095  277
0.349151  118
0.349655  381
0.350228  279
0.350253  76
0.350264  265
0.350724  27
0.350883  373
0.350973  383
0.35103  268
0.351035  393
0.351067  256
0.351102  345
0.351296  184
0.351541  2
0.351772  102
0.351841  319
0.351849  311
0.35193  47
0.351937  90
0.352098  34
0.352208  292
0.35231  358
0.352375  56
0.352468  125
0.352495  230
0.352868  326
0.352919  140
0.353138  43
0.353346  158
0.353458  82
0.353473  332
0.353555  137
0.353813  254
0.353884  391
0.353928  388
0.354144  58
0.354214  302
0.354295  247
0.354369  396
0.35452  352
0.354726  136
0.354953  353
0.355129  320
0.355295  142
0.355416  97
0.35554  361
0.35569  390
0.355712  283
0.356028  347
0.356142  308
0.356156  304
0.356704  309
0.356886  340
0.357208  359
0.357798  344
0.35829  273
0.358669  374
0.359582  366
0.359729  392
0.360496  378
0.360657  11
0.362338  329
0.362706  330
0.362738  333
0.362817  255
0.363224  399
0.363636  130
0.364399  284
0.364857  171
0.365134  200
0.365596  176
0.365723  314
0.366137  346
0.366724  313
0.366881  258
0.366914  195
0.367386  291
0.367607  103
0.367864  157
0.368008  322
0.368379  394
0.368514  310
0.368811  357
0.36892  318
0.369012  87
0.369099  117
0.369165  338
0.369761  24
0.369986  365
0.370163  120
0.370957  208
0.371206  289
0.371582  63
0.371845  324
0.372559  240
0.373819  8
0.37383  301
0.37472  89
0.37482  325
0.374995  275
0.37537  363
0.375527  104
0.375991  42
0.376154  133
0.376189  312
0.376201  348
0.376231  215
0.376393  143
0.376442  173
0.376519  134
0.376718  13
0.37677  317
0.37711  25
0.377163  355
0.377197  124
0.377232  123
0.377252  372
0.377284  231
0.377394  17
0.377519  180
0.377597  356
0.377845  298
0.378134  382
0.378149  59
0.37881  369
0.37894  386
0.37905  285
0.379219  217
0.379286  389
0.37961  306
0.379723  205
0.379759  69
0.379798  307
0.380255  146
0.380431  336
0.380566  257
0.380579  395
0.380656  368
0.380845  385
0.380957  228
0.381668  111
0.381721  354
0.382035  22
0.382247  241
0.383026  31
0.383467  341
0.3835  376
0.383722  328
0.383854  316
0.384659  334
0.384711  119
0.386571  15
0.386782  138
0.38681  351
0.386964  26
0.387027  41
0.387216  387
0.387247  397
0.387508  343
0.387513  350
0.388006  152
0.388397  95
0.388565  398
0.388905  282
0.389154  239
0.389715  112
0.389877  300
0.390566  179
0.390677  12
0.390727  227
0.390794  360
0.391127  380
0.391251  153
0.391375  281
0.391468  321
0.391567  296
0.39162  214
0.391736  303
0.392197  261
0.39252  295
0.393148  264
0.393411  390
0.393554  193
0.393562  149
0.393667  345
0.393797  175
0.393803  323
0.393808  46
0.393832  251
0.39392  364
0.394009  331
0.394132  60
0.394201  36
0.394328  75
0.394396  319
0.39455  135
0.394905  19
0.395586  77
0.395728  160
0.395773  116
0.395893  78
0.395957  91
0.396054  37
0.39631  335
0.396339  155
0.396504  206
0.39671  187
0.396755  362
0.396764  40
0.396941  337
0.397186  94
0.397291  381
0.397467  181
0.397489  168
0.397725  370
0.397892  367
0.397902  242
0.397951  353
0.397964  263
0.397978  349
0.398047  207
0.398085  131
0.398424  305
0.398548  81
0.398586  199
0.398628  267
0.398635  132
0.398864  196
0.398877  250
0.398991  129
0.399285  315
0.399339  342
0.399502  326
0.399504  83
0.399622  10
0.399637  280
0.399717  318
0.39996  192
0.400379  198
0.400468  299
0.400469  396
0.400633  320
0.400684  388
0.400687  344
0.400821  107
0.400829  234
0.401013  140
0.401134  365
0.40118  332
0.4012  30
0.401211  393
0.401266  311
0.401285  121
0.40136  6
0.401606  246
0.401996  99
0.402175  361
0.402289  359
0.402399  340
0.402428  84
0.402562  302
0.4027  384
0.402807  164
0.402876  327
0.402929  224
0.403175  64
0.403277  373
0.403542  163
0.404104  20
0.404499  377
0.404758  391
0.404867  144
0.405212  278
0.406048  126
0.406071  352
0.40618  222
0.406269  310
0.406346  314
0.406626  186
0.406734  374
0.406951  57
0.407104  338
0.407222  371
0.40744  86
0.407955  52
0.408319  339
0.408579  333
0.408976  272
0.409159  309
0.409553  304
0.409587  383
0.409672  394
0.409724  100
0.409985  366
0.410319  378
0.410405  379
0.410509  271
0.410554  1
0.410625  308
0.410833  347
0.411086  213
0.411367  76
0.411595  159
0.412225  322
0.412417  346
0.412809  306
0.413299  358
0.413841  156
0.414644  312
0.415981  169
0.416205  313
0.416749  118
0.416845  330
0.418169  375
0.4183  197
0.418416  165
0.41861  236
0.418993  232
0.419243  325
0.419291  56
0.419518  399
0.419605  109
0.419607  386
0.419845  355
0.419855  92
0.419903  182
0.419972  221
0.4207  329
0.421003  392
0.421269  33
0.42172  389
0.422414  247
0.423168  142
0.423248  85
0.423421  79
0.423899  279
0.424061  289
0.424114  54
0.42413  61
0.42414  127
0.424866  190
0.424896  183
0.425022  120
0.425027  316
0.425101  72
0.425314  71
0.425325  360
0.425482  341
0.42559  32
0.425617  137
0.425693  356
0.425839  259
0.425973  395
0.426385  369
0.426489  372
0.426616  66
0.426811  194
0.427048  317
0.427062  111
0.427648  223
0.427983  139
0.427996  348
0.428341  28
0.428405  331
0.42847  229
0.428524  237
0.42877  226
0.428884  145
0.428998  287
0.429502  5
0.429516  249
0.429569  385
0.430098  397
0.430116  350
0.430149  128
0.430232  157
0.430439  294
0.430567  147
0.430778  180
0.431053  288
0.431117  290
0.431198  357
0.43131  172
0.431399  123
0.431527  202
0.431832  80
0.431868  39
0.431905  319
0.432095  35
0.432111  230
0.43212  297
0.432148  235
0.43224  376
0.432295  353
0.43236  150
0.432367  184
0.432452  245
0.432527  253
0.432717  363
0.43273  270
0.432846  161
0.433059  300
0.433153  203
0.433232  354
0.433433  388
0.433636  98
0.433689  276
0.433716  115
0.433914  38
0.433973  307
0.433995  387
0.434196  136
0.434391  0
0.434426  244
0.434579  362
0.434643  102
0.435003  212
0.43511  384
0.435179  340
0.435259  301
0.435279  364
0.435288  382
0.435315  166
0.435438  328
0.435651  351
0.435675  323
0.43572  381
0.435809  283
0.435836  113
0.43586  177
0.435986  368
0.436212  13
0.436217  334
0.436225  204
0.436402  398
0.43734  21
0.437804  7
0.437998  336
0.438016  320
0.438906  192
0.439041  277
0.43944  371
0.439599  200
0.439635  303
0.440312  260
0.441082  162
0.441111  74
0.441267  321
0.441427  343
0.44187  330
0.44219  37
0.442429  211
0.442515  324
0.443033  265
0.4433  377
0.44342  15
0.443509  361
0.443886  266
0.443987  373
0.443999  105
0.444404  233
0.444472  201
0.444577  256
0.444595  318
0.444598  370
0.444615  185
0.444789  393
0.44509  90
0.445191  24
0.445402  58
0.445449  374
0.445652  43
0.445701  18
0.445879  367
0.446054  67
0.446194  50
0.446481  327
0.446782  141
0.446911  302
0.447071  45
0.44739  345
0.447545  286
0.44765  93
0.447751  268
0.448182  342
0.448221  339
0.448615  170
0.448881  269
0.449126  399
0.449214  394
0.449516  329
0.449574  84
0.450066  14
0.450248  313
0.450267  391
0.450366  335
0.450438  390
0.450528  380
0.450706  352
0.450772  124
0.450776  366
0.450863  347
0.451093  346
0.45152  378
0.451617  314
0.451688  285
0.451774  27
0.451898  312
0.452761  396
0.453108  311
0.454255  87
0.455197  379
0.455402  349
0.455905  48
0.456441  344
0.4569  258
0.456921  304
0.457067  16
0.45729  326
0.457355  375
0.458528  355
0.459163  383
0.459202  278
0.459438  397
0.459546  143
0.459653  359
0.461414  108
0.461723  238
0.461982  365
0.46206  248
0.46274  308
0.463489  181
0.464556  159
0.464749  305
0.464914  151
0.465056  89
0.465074  1
0.46514  88
0.465311  146
0.465387  47
0.46553  9
0.46554  22
0.465604  306
0.465637  356
0.465731  358
0.465991  140
0.466274  362
0.466288  369
0.466545  392
0.466561  360
0.466608  215
0.466709  144
0.46691  224
0.467074  232
0.467178  219
0.467379  309
0.46766  97
0.468347  195
0.468413  163
0.468449  214
0.468682  338
0.468683  333
0.468926  40
0.469042  240
0.469262  78
0.469391  257
0.4694  337
0.469732  297
0.469771  191
0.469924  30
0.470037  395
0.470166  42
0.470279  114
0.470325  161
0.470393  208
0.470395  385
0.470537  310
0.470583  332
0.47071  2
0.470968  284
0.470974  133
0.471181  386
0.471821  341
0.472004  174
0.472507  291
0.472659  220
0.473033  368
0.473209  272
0.473363  325
0.473395  122
0.473426  319
0.473512  81
0.473734  135
0.473741  315
0.474226  225
0.474404  322
0.474426  134
0.475065  112
0.475092  188
0.475434  320
0.475459  372
0.475568  156
0.475665  178
0.47571  222
0.475713  44
0.475738  80
0.475912  62
0.476202  53
0.476205  295
0.476235  104
0.476335  303
0.476502  301
0.476926  73
0.476926  34
0.476929  331
0.477003  384
0.477237  354
0.477419  363
0.477912  357
0.477924  389
0.478023  46
0.478199  388
0.478208  353
0.478354  198
0.478391  348
0.478727  55
0.479559  350
0.479752  307
0.479786  380
0.480434  398
0.481012  51
0.481233  334
0.481271  168
0.481317  209
0.481994  371
0.483119  193
0.483129  239
0.483513  64
0.483667  218
0.483934  246
0.484097  252
0.484194  324
0.484334  323
0.484663  298
0.485007  179
0.485032  250
0.485251  29
0.485315  52
0.485333  321
0.485364  8
0.485467  373
0.485581  19
0.486448  25
0.486592  4
0.486824  17
0.486907  335
0.487199  367
0.487311  116
0.487333  173
0.487379  379
0.487535  292
0.48771  103
0.487907  351
0.487921  399
0.487952  154
0.48812  377
0.488357  199
0.488503  271
0.488625  138
0.488677  376
0.488693  313
0.4887  247
0.48886  361
0.488865  387
0.488916  299
0.488948  374
0.488966  327
0.489564  83
0.489748  300
0.489782  26
0.489858  282
0.489921  382
0.490418  24
0.490742  3
0.490754  264
0.490926  65
0.490967  359
0.491244  152
0.491352  370
0.491548  316
0.491671  346
0.491744  314
0.491924  381
0.492146  375
0.492164  216
0.49245  130
0.493432  106
0.493446  393
0.493754  171
0.494209  343
0.494268  111
0.494433  318
0.494828  340
0.495068  328
0.496026  317
0.496349  100
0.496544  345
0.496723  206
0.497285  254
0.497467  273
0.498043  58
0.498118  366
0.498361  286
0.498559  28
0.499507  32
0.499568  358
0.499674  189
0.499691  312
0.500307  336
0.50035  267
0.500367  115
0.500581  54
0.500667  101
0.50074  342
0.500878  76
0.501041  261
0.501347  153
0.501538  378
0.501548  148
0.502049  302
0.502141  349
0.502224  186
0.502614  160
0.502675  330
0.502726  364
0.50282  339
0.502837  391
0.502957  394
0.504622  355
0.505526  347
0.505536  308
0.505584  60
0.505667  305
0.505721  221
0.505929  141
0.505942  362
0.506136  110
0.507443  12
0.50763  304
0.507866  326
0.508541  63
0.508913  120
0.5093  131
0.509914  274
0.510022  49
0.510212  311
0.510359  337
0.510502  360
0.510564  99
0.51075  183
0.511255  71
0.511983  384
0.512098  95
0.512214  175
0.512261  33
0.512355  365
0.512391  310
0.512914  344
0.513121  396
0.513183  333
0.51384  158
0.513863  262
0.514162  132
0.51475  390
0.514919  354
0.515052  109
0.515229  0
0.515332  332
0.516106  341
0.516194  395
0.516593  57
0.516628  5
0.516692  10
0.516721  7
0.516757  256
0.516851  50
0.517071  241
0.517254  275
0.517469  386
0.517761  293
0.517798  244
0.518181  20
0.51831  369
0.518384  277
0.518506  96
0.518651  255
0.518828  368
0.518853  356
0.518975  383
0.519152  230
0.519236  363
0.519389  306
0.51973  176
0.520029  172
0.520689  70
0.520926  278
0.521102  91
0.521473  287
0.521691  303
0.521862  322
0.521927  307
0.522137  329
0.522354  350
0.522751  88
0.52299  77
0.523389  233
0.52367  331
0.523767  128
0.523918  162
0.524292  377
0.524428  238
0.524498  398
0.524584  75
0.524608  214
0.525378  180
0.525419  207
0.525474  21
0.526092  69
0.526117  202
0.526228  182
0.526265  205
0.526458  324
0.526472  68
0.526502  258
0.526599  334
0.526921  338
0.526959  283
0.527027  187
0.527183  113
0.527239  98
0.527303  150
0.527304  211
0.527405  155
0.527425  228
0.527518  319
0.527521  90
0.527654  237
0.527838  81
0.527903  388
0.528098  313
0.528327  397
0.528334  38
0.5284  270
0.52848  301
0.528581  348
0.52859  126
0.528714  86
0.528828  22
0.528878  43
0.528936  56
0.529206  169
0.52923  235
0.529409  375
0.529496  392
0.529538  94
0.529668  379
0.529747  357
0.529803  376
0.529829  279
0.529967  197
0.530027  385
0.530199  92
0.53034  309
0.530363  361
0.530668  220
0.530669  281
0.530725  343
0.530788  61
0.530973  367
0.531122  327
0.531195  389
0.531197  112
0.531577  393
0.531695  371
0.531822  325
0.532292  352
0.533295  204
0.533472  312
0.533607  370
0.533689  300
0.533757  114
0.533923  218
0.534192  335
0.534415  380
0.534964  232
0.535737  45
0.535751  314
0.536446  41
0.536627  165
0.536705  196
0.536741  336
0.536765  381
0.536768  317
0.537117  260
0.538394  299
0.538475  304
0.538543  117
0.538705  147
0.538737  372
0.538825  44
0.538847  318
0.539989  374
0.540037  191
0.540174  159
0.540398  82
0.540468  315
0.540639  351
0.540697  181
0.54114  11
0.541195  364
0.541547  366
0.541794  373
0.541941  52
0.542168  346
0.542245  321
0.542269  394
0.543444  399
0.543969  122
0.544521  323
0.545624  236
0.546193  259
0.546337  137
0.546754  340
0.546895  316
0.547047  326
0.547379  288
0.547467  368
0.547537  200
0.547566  18
0.547643  306
0.547712  296
0.54781  302
0.548732  297
0.548933  355
0.54918  149
0.549336  245
0.549929  356
0.549954  359
0.550195  121
0.550377  184
0.550457  284
0.55066  358
0.551342  347
0.552322  167
0.552512  213
0.552667  382
0.552681  102
0.552842  136
0.553238  229
0.553356  320
0.553566  67
0.55373  280
0.553803  194
0.553924  29
0.55419  349
0.554297  276
0.554367  134
0.554566  353
0.554853  311
0.555038  139
0.555096  3
0.555649  330
0.555727  93
0.556225  212
0.556543  123
0.55666  369
0.556881  383
0.557315  36
0.557752  203
0.557882  195
0.557987  339
0.558045  54
0.558207  80
0.558388  387
0.558506  378
0.55853  305
0.558695  242
0.558778  130
0.558813  6
0.558856  39
0.558974  251
0.559012  328
0.559216  73
0.559259  237
0.559483  85
0.559554  35
0.559567  119
0.559605  172
0.559658  185
0.55972  140
0.559737  282
0.560145  269
0.560158  190
0.560506  163
0.560632  135
0.560645  25
0.560693  72
0.56071  391
0.560777  354
0.560845  333
0.560971  5
0.561043  344
0.561229  8
0.561282  226
0.561448  337
0.56148  342
0.561608  223
0.561631  365
0.561804  390
0.561819  295
0.561836  156
0.561936  345
0.56218  37
0.562524  217
0.562538  362
0.562942  104
0.562979  51
0.563177  386
0.563304  246
0.563433  48
0.56344  31
0.5638  384
0.563947  308
0.564024  186
0.564149  267
0.564301  60
0.564342  132
0.564389  360
0.564395  265
0.564482  219
0.564518  209
0.564721  129
0.564756  189
0.56477  377
0.564894  239
0.565102  26
0.565486  361
0.565785  310
0.56585  216
0.565903  264
0.566067  338
0.566303  66
0.566408  125
0.566414  388
0.56645  396
0.566514  170
0.566566  357
0.566611  65
0.566673  157
0.566685  127
0.566763  385
0.56685  84
0.566902  40
0.56702  343
0.567104  263
0.567135  379
0.56738  154
0.567507  254
0.567633  87
0.567784  24
0.56781  312
0.5682  152
0.568276  83
0.568355  42
0.568465  393
0.568574  231
0.56868  363
0.568797  53
0.568817  334
0.56893  298
0.568935  210
0.568943  193
0.569768  27
0.569992  151
0.570042  332
0.570061  376
0.57008  105
0.570228  258
0.570351  335
0.570819  329
0.570861  144
0.570924  58
0.570971  143
0.571006  1
0.571323  244
0.571348  95
0.571481  395
0.571542  372
0.571573  352
0.57167  313
0.571686  289
0.571753  120
0.571766  371
0.571949  381
0.571957  162
0.571971  50
0.572011  324
0.572096  247
0.572155  177
0.572466  300
0.572483  380
0.572585  303
0.572721  319
0.572725  367
0.572738  88
0.572762  78
0.572797  124
0.572923  273
0.572966  389
0.573086  317
0.573488  359
0.573513  350
0.573956  173
0.574245  366
0.574642  309
0.574738  392
0.57475  160
0.575117  301
0.576409  325
0.576647  370
0.577003  321
0.57712  320
0.577357  128
0.577555  327
0.577599  322
0.578862  224
0.578998  398
0.579117  14
0.579727  221
0.580369  368
0.580641  348
0.580643  285
0.580716  7
0.580806  146
0.580905  243
0.581244  340
0.581995  290
0.582122  13
0.582192  375
0.582284  373
0.582749  252
0.582756  2
0.582907  382
0.58306  355
0.583577  304
0.584059  302
0.584491  326
0.585105  318
0.585163  192
0.585344  356
0.585385  17
0.585577  399
0.585669  99
0.586227  306
0.586802  315
0.587219  47
0.587251  76
0.587347  323
0.587449  394
0.590438  314
0.590651  86
0.590895  336
0.590902  316
0.592546  341
0.593398  311
0.593873  155
0.594197  75
0.594431  34
0.594538  364
0.595087  351
0.595179  64
0.595623  260
0.595774  111
0.59622  233
0.597293  0
0.597526  178
0.597924  307
0.598259  204
0.598334  225
0.598368  235
0.598375  166
0.598381  345
0.598625  331
0.598823  353
0.598846  281
0.5996  56
0.599653  253
0.599677  82
0.599724  62
0.59978  266
0.599794  358
0.600268  365
0.601135  337
0.6015  328
0.601565  272
0.601703  391
0.601819  349
0.602291  283
0.602401  161
0.602468  292
0.602735  168
0.60288  397
0.603045  357
0.603258  115
0.603535  153
0.603931  360
0.603966  214
0.604129  90
0.604142  222
0.604824  242
0.604865  339
0.605222  9
0.60536  293
0.606733  108
0.607635  377
0.607678  347
0.607686  241
0.607718  208
0.607971  227
0.607976  245
0.608025  268
0.608192  250
0.608217  361
0.608259  38
0.60847  150
0.608598  3
0.608679  256
0.608702  19
0.608796  110
0.608884  74
0.609088  174
0.609147  22
0.609178  396
0.609309  79
0.609383  392
0.609405  343
0.609409  296
0.609533  379
0.60975  41
0.609785  126
0.610016  333
0.610054  381
0.610241  350
0.61027  100
0.61071  46
0.610737  89
0.610809  57
0.610881  16
0.610888  117
0.611146  187
0.611153  297
0.611162  346
0.611185  334
0.611206  240
0.611386  298
0.611667  320
0.612032  319
0.612045  286
0.612075  23
0.612128  303
0.61215  149
0.612243  291
0.612329  32
0.612438  71
0.612643  148
0.61277  261
0.613092  380
0.613104  279
0.61339  165
0.613397  321
0.613482  387
0.613588  372
0.613811  77
0.61422  196
0.61449  376
0.614539  6
0.614552  393
0.614613  113
0.614674  385
0.61487  330
0.614932  69
0.615107  133
0.615211  355
0.615271  389
0.615463  66
0.615511  135
0.615554  313
0.615719  342
0.615734  276
0.615762  202
0.615787  280
0.615851  213
0.615983  255
0.616119  55
0.616282  10
0.616431  324
0.616464  142
0.616785  257
0.616909  327
0.616911  373
0.616921  107
0.617034  395
0.617051  335
0.61709  369
0.617173  329
0.617331  344
0.617341  122
0.617396  215
0.617415  163
0.617485  375
0.617697  4
0.617707  371
0.617979  59
0.618359  374
0.618642  234
0.618706  354
0.618747  325
0.620537  189
0.620611  338
0.620652  362
0.620681  332
0.620989  305
0.621305  322
0.621402  359
0.622007  317
0.622008  44
0.622022  308
0.622173  147
0.622244  304
0.623437  340
0.623483  352
0.624592  310
0.624827  269
0.625727  345
0.62573  158
0.626051  384
0.626594  367
0.627729  378
0.628007  398
0.628063  300
0.628094  399
0.628287  236
0.628782  356
0.628782  118
0.631102  101
0.631644  315
0.633202  302
0.633215  141
0.633321  388
0.633479  12
0.633864  382
0.633864  314
0.633888  363
0.634133  366
0.6342  306
0.63426  247
0.634315  309
0.634703  390
0.634941  316
0.637348  45
0.639019  37
0.639088  386
0.640149  246
0.640812  159
0.640891  123
0.6411  277
0.641399  318
0.641404  93
0.641605  20
0.6417  97
0.641763  137
0.64177  191
0.642284  326
0.6427  98
0.642731  143
0.6428  312
0.642965  394
0.643138  370
0.643476  33
0.643713  42
0.643784  341
0.643922  357
0.644432  138
0.644517  270
0.644594  301
0.645299  188
0.645472  205
0.646045  198
0.646422  21
0.646504  383
0.646725  323
0.646952  207
0.647058  274
0.647638  348
0.647945  262
0.64866  294
0.648749  151
0.648759  121
0.649  220
0.649337  145
0.649424  13
0.649499  365
0.649695  31
0.649774  218
0.649867  70
0.649972  72
0.650163  364
0.650245  67
0.650414  106
0.650569  248
0.650746  18
0.65088  358
0.651245  266
0.651471  197
0.65157  368
0.651779  299
0.651807  216
0.651838  81
0.651934  167
0.652028  337
0.652599  374
0.652829  131
0.652893  375
0.653073  351
0.653329  349
0.653493  152
0.653559  273
0.653605  311
0.653679  377
0.654654  103
0.654886  212
0.655033  116
0.655383  60
0.655493  336
0.655514  206
0.655685  339
0.656062  391
0.656331  369
0.656598  155
0.6568  396
0.657227  92
0.65778  278
0.658199  387
0.658364  389
0.658385  203
0.658451  211
0.658597  289
0.658601  63
0.658857  346
0.658937  11
0.659789  331
0.65979  371
0.659885  146
0.659908  1
0.65995  114
0.660013  82
0.660342  53
0.660512  380
0.660577  84
0.660631  170
0.660791  94
0.660934  338
0.661132  359
0.661255  231
0.661351  325
0.661357  140
0.66147  68
0.661606  350
0.66193  334
0.661931  327
0.662193  112
0.662277  111
0.662348  361
0.662386  275
0.662435  335
0.66244  249
0.66253  362
0.663284  347
0.663686  330
0.664288  344
0.664601  5
0.664759  384
0.664885  15
0.664956  254
0.665128  355
0.665266  239
0.665362  182
0.665481  271
0.665677  96
0.666052  343
0.666413  0
0.666692  353
0.666713  108
0.666851  372
0.66697  381
0.667042  367
0.667055  399
0.667217  258
0.667339  320
0.667815  307
0.669418  210
0.669572  360
0.669884  65
0.670281  304
0.670984  315
0.671373  373
0.67145  319
0.671565  109
0.671592  62
0.671687  397
0.672115  328
0.672632  395
0.673576  54
0.673636  303
0.673875  176
0.674019  199
0.674311  376
0.674984  224
0.675325  308
0.675375  329
0.676065  398
0.676223  290
0.67639  73
0.676723  43
0.677102  119
0.677144  317
0.677447  321
0.677507  333
0.677872  309
0.678332  221
0.6784  139
0.67851  287
0.67925  171
0.679639  194
0.679681  190
0.679877  259
0.680028  183
0.680153  66
0.680322  134
0.68051  157
0.680681  300
0.68072  366
0.68104  322
0.681054  173
0.68118  49
0.681226  39
0.681259  172
0.681288  252
0.681323  332
0.681352  292
0.681396  256
0.681491  148
0.681504  301
0.681525  379
0.681685  14
0.681781  316
0.681787  352
0.682021  98
0.682086  305
0.68209  393
0.682243  142
0.682543  363
0.682869  154
0.683008  313
0.683227  29
0.683346  124
0.68348  57
0.68449  314
0.685359  137
0.685666  302
0.685679  345
0.685779  185
0.685952  388
0.686246  164
0.686428  251
0.686481  76
0.686556  48
0.68659  120
0.686653  195
0.687016  226
0.687227  125
0.687254  342
0.687541  25
0.687735  130
0.687741  27
0.687993  392
0.688063  340
0.688154  223
0.688295  370
0.688372  158
0.688494  144
0.688525  261
0.688699  265
0.688789  56
0.688838  181
0.688902  306
0.688937  17
0.688941  30
0.689004  338
0.689177  385
0.689296  150
0.689378  59
0.689708  263
0.689776  168
0.689805  383
0.689814  136
0.68983  186
0.689836  267
0.689917  160
0.689963  101
0.69019  326
0.690226  324
0.690348  209
0.690555  341
0.690764  312
0.690907  95
0.690997  382
0.691367  8
0.691539  336
0.691846  354
0.692019  298
0.692035  356
0.692139  129
0.692335  200
0.692466  88
0.692554  264
0.692591  386
0.692737  368
0.692782  58
0.692849  77
0.692977  113
0.693033  378
0.693383  230
0.69387  351
0.693945  147
0.694106  193
0.694267  163
0.694438  243
0.694497  377
0.694706  237
0.694752  64
0.695109  169
0.695162  135
0.695287  348
0.695464  364
0.695636  198
0.695765  350
0.696014  337
0.696026  90
0.696026  339
0.696083  44
0.696507  87
0.696736  227
0.696873  276
0.696877  361
0.69692  272
0.697331  21
0.697473  247
0.697481  390
0.697576  138
0.69802  236
0.698086  283
0.698275  244
0.698343  240
0.698403  46
0.698637  71
0.698794  228
0.698814  177
0.698894  323
0.698961  362
0.699041  349
0.699058  266
0.699209  196
0.69949  97
0.699523  269
0.699607  156
0.699631  365
0.6999  369
0.700102  318
0.700166  242
0.700183  153
0.700259  372
0.700402  118
0.700452  284
0.700592  80
0.700601  359
0.70081  327
0.700963  36
0.700969  315
0.700991  217
0.701006  374
0.701107  380
0.701359  140
0.701493  363
0.701501  389
0.701667  391
0.701769  145
0.701842  155
0.702171  257
0.702621  335
0.702741  398
0.702744  22
0.702796  225
0.70298  330
0.703137  281
0.7034  104
0.703717  373
0.703766  219
0.703827  187
0.703954  360
0.704111  328
0.704138  297
0.704165  214
0.704462  355
0.70461  20
0.705177  293
0.705204  296
0.705263  307
0.70554  216
0.705801  308
0.705838  149
0.705881  375
0.706015  285
0.70624  371
0.7063  310
0.706304  47
0.706323  94
0.706324  325
0.706617  127
0.706621  241
0.706715  358
0.706762  232
0.707414  317
0.707609  143
0.707623  151
0.707732  238
0.707803  367
0.708056  357
0.708097  40
0.708161  381
0.709055  303
0.709188  319
0.709254  344
0.709503  75
0.70967  343
0.709715  99
0.709826  105
0.709977  179
0.71023  288
0.710337  345
0.710893  304
0.711117  393
0.711138  201
0.711166  24
0.711189  333
0.711537  334
0.71282  346
0.712837  376
0.713056  331
0.713189  122
0.713253  115
0.71333  347
0.714202  395
0.715441  28
0.715461  311
0.715673  295
0.716374  83
0.716663  392
0.716948  4
0.717186  396
0.717301  41
0.717311  313
0.717554  324
0.71784  100
0.718012  133
0.718603  191
0.718867  109
0.718932  162
0.718997  384
0.719044  300
0.719255  35
0.719366  211
0.71951  112
0.719694  111
0.719763  108
0.719874  277
0.72001  192
0.720175  23
0.720245  329
0.720295  161
0.720528  397
0.720689  366
0.720867  233
0.721126  399
0.721262  188
0.721502  321
0.721751  302
0.721911  26
0.721968  202
0.722368  204
0.722791  316
0.723132  387
0.723364  383
0.723483  356
0.723517  353
0.724903  121
0.725318  394
0.725356  32
0.725466  174
0.725651  377
0.725704  352
0.726456  271
0.726905  312
0.727224  332
0.727276  55
0.727408  273
0.727418  102
0.72749  368
0.727618  74
0.727847  13
0.728252  34
0.728504  270
0.728851  117
0.729003  320
0.729347  184
0.729461  338
0.729473  226
0.730435  51
0.730507  215
0.730593  253
0.730694  301
0.730964  38
0.730997  255
0.731104  178
0.731128  239
0.731753  45
0.731867  367
0.732505  388
0.732541  386
0.732771  341
0.733037  378
0.73306  200
0.733229  159
0.733271  326
0.733339  351
0.734242  292
0.734386  197
0.734782  282
0.735343  77
0.735445  354
0.735715  294
0.73603  322
0.73611  66
0.736375  61
0.736516  314
0.736516  274
0.736521  267
0.736592  287
0.73664  50
0.736711  245
0.736777  42
0.736899  364
0.736968  380
0.73732  52
0.737473  390
0.737488  369
0.737842  275
0.738294  393
0.738612  323
0.738833  262
0.738943  358
0.739223  266
0.739382  249
0.739515  5
0.739895  146
0.740279  385
0.740495  167
0.740843  72
0.740915  175
0.741035  37
0.741177  327
0.741283  361
0.741463  309
0.741689  79
0.74206  381
0.742066  379
0.742115  370
0.742271  222
0.742321  307
0.742391  268
0.742478  371
0.742774  250
0.742784  171
0.74296  69
0.743227  205
0.743315  335
0.743351  308
0.743554  53
0.743656  278
0.743707  96
0.744504  348
0.744539  382
0.745509  218
0.745605  106
0.74622  374
0.746399  340
0.746479  107
0.746554  251
0.746679  289
0.746808  349
0.747032  389
0.747068  43
0.747171  246
0.747278  183
0.747466  85
0.747568  397
0.747573  306
0.747706  398
0.747765  229
0.747966  30
0.747974  334
0.748028  350
0.748162  9
0.748303  119
0.748352  243
0.748749  339
0.748776  116
0.748879  95
0.74891  363
0.749068  177
0.749621  317
0.749685  231
0.750646  142
0.750727  344
0.750894  315
0.751023  93
0.751114  376
0.751378  347
0.751641  300
0.751729  342
0.751866  90
0.752406  39
0.752918  310
0.753187  297
0.753598  104
0.753823  303
0.753828  373
0.753942  337
0.754306  321
0.754439  345
0.754445  336
0.754526  329
0.755771  372
0.756191  375
0.756781  280
0.759074  318
0.759199  357
0.759265  259
0.759582  166
0.759783  333
0.760152  224
0.760415  63
0.760568  195
0.760613  392
0.76102  328
0.761189  128
0.761268  248
0.761722  319
0.762304  164
0.762364  325
0.763033  298
0.763448  25
0.763604  395
0.763788  330
0.764272  359
0.764532  130
0.764799  387
0.764829  304
0.764945  62
0.765014  365
0.765107  158
0.765205  2
0.765503  346
0.765883  86
0.765913  234
0.766786  276
0.766786  199
0.767058  399
0.767256  355
0.767317  70
0.767974  302
0.768116  260
0.768507  7
0.769411  131
0.769817  124
0.770369  193
0.770426  3
0.770482  21
0.770678  367
0.770746  56
0.77083  6
0.771177  324
0.771223  44
0.771299  362
0.771642  28
0.771643  89
0.771674  157
0.771811  141
0.771903  20
0.772033  353
0.772123  368
0.77232  14
0.772644  213
0.772763  311
0.772925  320
0.772936  54
0.77295  97
0.773009  125
0.773083  47
0.773275  384
0.773285  59
0.773319  343
0.773833  189
0.773902  360
0.774033  305
0.774128  396
0.774262  299
0.774935  258
0.774986  0
0.775051  241
0.775159  316
0.775222  301
0.775307  134
0.776401  334
0.776605  238
0.776696  180
0.777039  176
0.777161  100
0.777291  152
0.777423  169
0.777464  8
0.778031  356
0.778204  255
0.778304  313
0.778361  352
0.77861  73
0.778674  88
0.778778  394
0.778864  120
0.779099  18
0.779187  16
0.779427  82
0.779823  212
0.780022  208
0.780035  11
0.780061  156
0.780076  173
0.780097  354
0.780362  377
0.780387  55
0.780486  284
0.780601  127
0.780627  235
0.780774  390
0.780782  385
0.780896  374
0.780911  71
0.781044  35
0.781104  36
0.781162  344
0.781292  322
0.781453  150
0.781912  135
0.782028  335
0.782058  295
0.78209  388
0.782133  92
0.782134  338
0.782157  64
0.782165  243
0.782241  366
0.782477  312
0.782514  105
0.782577  144
0.782771  383
0.782823  369
0.782912  145
0.783328  143
0.783367  151
0.783556  261
0.783638  380
0.783789  94
0.78381  364
0.784147  225
0.784199  264
0.784269  281
0.784395  49
0.784438  332
0.784573  314
0.784734  27
0.784742  110
0.784876  321
0.784973  10
0.785054  348
0.785075  29
0.785458  121
0.785709  386
0.785743  190
0.785823  206
0.785864  306
0.786014  263
0.786128  391
0.78629  91
0.786375  108
0.786417  351
0.786625  315
0.786943  209
0.787007  102
0.787228  326
0.787598  179
0.787877  378
0.787937  252
0.788301  382
0.788395  376
0.788435  272
0.788679  244
0.78875  117
0.788759  371
0.788813  99
0.789031  349
0.789132  358
0.789359  210
0.78963  331
0.789918  379
0.789982  198
0.790172  126
0.790519  219
0.790565  162
0.790683  341
0.790814  393
0.79111  203
0.791174  357
0.791663  397
0.792184  336
0.79239  373
0.792585  329
0.792708  300
0.793232  160
0.79339  387
0.793994  302
0.794491  389
0.794588  170
0.794707  337
0.795317  119
0.795794  361
0.795859  104
0.796034  256
0.796053  290
0.796666  228
0.796782  339
0.796872  216
0.796883  132
0.796902  333
0.797419  96
0.797732  282
0.797977  345
0.798736  327
0.798741  240
0.799055  346
0.799176  342
0.800021  149
0.800078  83
0.800306  303
0.800334  370
0.800409  142
0.801107  85
0.801338  185
0.80206  79
0.802065  330
0.802153  350
0.802199  48
0.802906  319
0.802981  90
0.803546  309
0.803928  1
0.804564  207
0.804564  254
0.805097  398
0.805371  353
0.805392  328
0.805459  78
0.805484  220
0.805624  89
0.805717  147
0.805958  268
0.806066  375
0.806067  112
0.806108  181
0.806316  224
0.806326  109
0.80633  340
0.806331  320
0.806427  323
0.806479  310
0.806698  307
0.806751  148
0.806803  17
0.806842  32
0.807271  163
0.807285  84
0.807379  283
0.807478  399
0.807483  214
0.807621  372
0.807702  175
0.808249  101
0.808305  363
0.808378  136
0.8088  194
0.808831  111
0.808914  51
0.809249  140
0.809909  202
0.809963  316
0.810235  381
0.810327  230
0.810522  317
0.8108  113
0.810818  164
0.810918  392
0.810977  359
0.811365  318
0.811406  347
0.81168  98
0.811872  75
0.812049  116
0.812278  33
0.812341  285
0.812357  221
0.812863  311
0.812874  52
0.813211  265
0.813371  365
0.813495  81
0.813566  279
0.813589  227
0.813683  312
0.813763  334
0.813813  15
0.813814  325
0.814291  304
0.814533  103
0.814542  195
0.814591  270
0.814783  343
0.81479  80
0.814862  245
0.81515  188
0.815166  368
0.815285  288
0.815586  385
0.816004  396
0.816065  22
0.816113  21
0.81616  231
0.816196  114
0.816499  354
0.816873  129
0.817179  324
0.817525  65
0.817625  234
0.817864  266
0.818416  369
0.818439  184
0.818502  306
0.818566  237
0.818747  308
0.818911  171
0.819305  249
0.819488  394
0.819746  362
0.819752  275
0.819811  253
0.819897  386
0.819946  305
0.819959  313
0.820004  60
0.820146  172
0.820207  39
0.820344  223
0.820391  236
0.820758  291
0.820875  360
0.821211  292
0.821233  297
0.821398  100
0.821568  87
0.821909  271
0.821921  38
0.821979  374
0.822086  120
0.822181  383
0.822298  53
0.82239  371
0.822528  192
0.822694  139
0.822694  367
0.822738  294
0.822796  378
0.822819  393
0.823094  142
0.82311  23
0.823198  395
0.823463  196
0.823495  377
0.823684  30
0.823701  168
0.823808  314
0.823812  337
0.823956  351
0.824342  242
0.824364  391
0.824407  389
0.824453  344
0.824607  380
0.824658  366
0.825146  211
0.825166  356
0.825224  384
0.825244  40
0.825292  388
0.825911  274
0.826581  286
0.827338  19
0.828141  335
0.828311  345
0.828861  326
0.828953  134
0.829519  153
0.829621  66
0.830079  138
0.830186  348
0.831255  29
0.831533  199
0.832167  187
0.832349  45
0.833002  301
0.833017  189
0.833182  376
0.833265  154
0.833293  349
0.833391  315
0.83351  322
0.833547  262
0.833987  355
0.834082  97
0.834199  229
0.834267  382
0.834963  225
0.834969  6
0.835018  336
0.835399  358
0.835404  93
0.835527  20
0.835622  159
0.835734  31
0.835816  205
0.835941  340
0.836077  346
0.836205  364
0.836558  332
0.836825  370
0.836941  278
0.837088  289
0.837109  352
0.837224  303
0.837344  0
0.837458  341
0.837509  300
0.837687  182
0.840038  74
0.840167  397
0.840169  161
0.840213  250
0.840709  330
0.841684  200
0.842078  257
0.842566  361
0.842619  174
0.842694  333
0.842788  357
0.843253  243
0.84328  339
0.843622  133
0.844038  188
0.844199  387
0.844502  166
0.844542  390
0.844543  373
0.844656  302
0.84538  248
0.84664  311
0.846771  35
0.847245  379
0.847254  198
0.847362  12
0.847942  55
0.84797  277
0.848119  331
0.848448  68
0.848476  177
0.8486  115
0.848618  43
0.848684  165
0.848729  233
0.848848  67
0.849073  399
0.849105  267
0.849434  76
0.849602  57
0.849901  338
0.85034  191
0.850361  141
0.850437  324
0.85048  217
0.850505  122
0.850543  69
0.850572  334
0.850583  284
0.850944  170
0.851011  201
0.851018  365
0.851277  63
0.851398  130
0.851523  328
0.85168  123
0.851702  329
0.851822  318
0.851893  105
0.852343  95
0.852366  252
0.852366  398
0.852774  321
0.852901  106
0.853107  50
0.853228  350
0.853311  263
0.853453  268
0.853694  167
0.853703  372
0.853793  319
0.853814  360
0.853919  150
0.854341  371
0.854574  351
0.854638  317
0.854755  295
0.854975  72
0.854977  276
0.855014  342
0.855083  8
0.855667  381
0.855671  251
0.855761  42
0.855793  186
0.855902  368
0.856392  396
0.857638  394
0.8583  310
0.858343  96
0.858479  269
0.858542  238
0.859241  7
0.85938  84
0.859528  378
0.859616  64
0.859725  367
0.859792  18
0.86016  16
0.860265  232
0.860335  363
0.86038  215
0.860388  293
0.860453  320
0.860546  393
0.860725  313
0.860737  307
0.860807  36
0.861272  327
0.861374  24
0.862182  347
0.862235  323
0.862288  375
0.862365  62
0.862878  131
0.862965  282
0.863038  391
0.863071  218
0.863101  374
0.863599  354
0.864281  309
0.864285  377
0.864353  305
0.864983  359
0.865956  353
0.866112  395
0.866273  118
0.866274  204
0.866603  392
0.866665  337
0.866822  13
0.867608  256
0.868528  362
0.868972  135
0.868984  335
0.869347  384
0.87101  9
0.871346  385
0.871529  178
0.871912  157
0.871931  209
0.872031  158
0.872464  325
0.872579  155
0.872875  88
0.873553  108
0.873615  58
0.873658  288
0.873843  197
0.87387  361
0.874045  169
0.874118  306
0.874155  222
0.87425  356
0.874346  383
0.874351  358
0.874549  336
0.874552  261
0.874583  312
0.874974  366
0.875066  326
0.875138  380
0.875411  303
0.875648  344
0.876512  156
0.878716  304
0.87919  388
0.879431  283
0.880007  176
0.88055  152
0.880571  92
0.880993  346
0.881253  258
0.881599  120
0.881974  343
0.882137  297
0.88219  296
0.882659  3
0.882962  44
0.883095  259
0.883416  34
0.883545  348
0.88356  357
0.88364  134
0.88364  161
0.883691  86
0.88376  322
0.883866  316
0.884049  173
0.884152  183
0.884229  389
0.884562  56
0.884592  333
0.885589  91
0.885815  216
0.885939  298
0.886063  272
0.886083  132
0.886188  341
0.88657  302
0.88667  107
0.887079  57
0.88713  314
0.887329  71
0.887503  382
0.887705  140
0.887786  210
0.888113  54
0.888217  194
0.888553  301
0.888558  376
0.888573  249
0.888917  386
0.888943  308
0.888983  212
0.88901  315
0.889033  151
0.889249  14
0.88925  399
0.88926  349
0.889324  162
0.889527  219
0.889562  39
0.889605  227
0.889635  226
0.889675  228
0.889724  231
0.88991  25
0.890087  172
0.89062  126
0.890834  28
0.890871  340
0.890928  364
0.890961  4
0.891012  373
0.891066  46
0.891384  332
0.891956  379
0.892164  147
0.892463  224
0.892639  281
0.89284  365
0.893363  185
0.893522  280
0.893558  181
0.893576  287
0.893633  345
0.893831  89
0.894006  145
0.894207  175
0.894251  190
0.894733  239
0.894783  352
0.895668  369
0.895686  300
0.895883  319
0.896043  110
0.896336  311
0.896441  252
0.896633  5
0.89669  124
0.896698  337
0.896842  265
0.896969  329
0.897305  22
0.897552  196
0.89769  370
0.897895  116
0.897903  350
0.898022  390
0.898357  113
0.898768  81
0.89877  299
0.898835  355
0.899058  241
0.899244  121
0.899477  61
0.899617  254
0.899723  275
0.899787  372
0.899801  368
0.899812  374
0.90007  353
0.900144  310
0.90028  354
0.900567  330
0.900658  26
0.901016  171
0.901036  2
0.901155  41
0.901678  371
0.901991  264
0.90204  240
0.902189  193
0.902389  398
0.902417  292
0.902417  136
0.902953  270
0.903069  271
0.903078  338
0.903734  80
0.903761  253
0.903814  37
0.903831  385
0.903961  331
0.904128  318
0.904173  305
0.904313  262
0.904415  143
0.904459  317
0.904559  290
0.904654  127
0.904686  52
0.904716  391
0.905115  166
0.905262  102
0.90536  85
0.905482  192
0.905839  351
0.90595  326
0.906191  387
0.906238  234
0.9063  221
0.9064  313
0.906687  384
0.906692  336
0.906701  100
0.906759  118
0.906885  397
0.907147  377
0.907292  137
0.90744  144
0.907459  395
0.907758  347
0.907858  203
0.907982  321
0.908107  77
0.90822  356
0.90827  65
0.908282  393
0.908471  358
0.90879  148
0.908841  63
0.909514  73
0.909514  307
0.909926  360
0.910028  328
0.910165  260
0.910626  229
0.910927  306
0.911118  323
0.911178  11
0.911598  128
0.91162  335
0.911622  236
0.912104  378
0.912825  334
0.913357  309
0.913933  103
0.914207  342
0.914506  399
0.91492  375
0.915555  396
0.915866  207
0.916172  363
0.916178  163
0.916923  115
0.917212  344
0.917442  242
0.917853  320
0.918049  366
0.918668  109
0.918953  327
0.919127  367
0.91934  13
0.91965  322
0.91965  380
0.919926  312
0.922337  316
0.92339  324
0.924  304
0.92424  43
0.924265  214
0.924929  386
0.926152  117
0.926229  32
0.926903  343
0.927065  204
0.927264  339
0.927302  222
0.927415  392
0.927541  172
0.927764  17
0.928097  340
0.92822  114
0.928221  7
0.928268  78
0.92831  376
0.928341  388
0.928579  325
0.928905  383
0.92896  362
0.929136  164
0.930186  308
0.930223  189
0.930354  394
0.930423  246
0.930466  74
0.930523  157
0.930792  274
0.930917  27
0.930968  211
0.931006  302
0.9315  182
0.931765  184
0.932137  111
0.932336  251
0.932854  332
0.932886  364
0.932992  45
0.933461  139
0.933466  141
0.933526  373
0.933748  361
0.934014  18
0.934193  245
0.934289  131
0.934703  357
0.935146  381
0.93522  277
0.935269  149
0.936284  75
0.936479  66
0.936721  23
0.936722  237
0.936774  112
0.936868  158
0.9371  385
0.937553  346
0.937759  60
0.937761  205
0.937992  98
0.938026  295
0.938126  94
0.938138  107
0.938307  123
0.938435  250
0.938485  273
0.938535  50
0.938644  223
0.93871  93
0.938997  382
0.939005  70
0.939085  1
0.939145  19
0.939148  195
0.939268  279
0.939302  170
0.939411  198
0.939538  255
0.939674  84
0.939696  235
0.939703  249
0.939844  186
0.939993  359
0.940029  294
0.940069  230
0.940078  303
0.940094  258
0.940259  206
0.940289  215
0.940302  101
0.940332  315
0.940387  167
0.940581  200
0.940647  314
0.940691  97
0.940814  20
0.940843  126
0.940855  368
0.940935  82
0.940946  31
0.941002  202
0.941015  193
0.941018  379
0.941163  129
0.941198  155
0.941213  284
0.941351  374
0.941388  199
0.941512  257
0.941685  138
0.941782  10
0.94184  208
0.941906  29
0.942006  201
0.942076  72
0.942107  59
0.942181  83
0.942242  90
0.942275  142
0.942295  231
0.942327  125
0.942342  311
0.942458  326
0.942501  30
0.942587  371
0.942592  365
0.942667  370
0.942683  328
0.942727  293
0.942741  282
0.942775  307
0.942849  57
0.942907  348
0.94292  300
0.942971  150
0.942971  53
0.942994  338
0.943024  372
0.943109  267
0.943125  173
0.94316  9
0.943186  323
0.943223  286
0.943441  321
0.943465  76
0.94365  341
0.943702  154
0.943768  333
0.94387  313
0.943978  285
0.944067  96
0.94418  387
0.944216  344
0.944263  399
0.944601  356
0.944724  378
0.944807  87
0.944993  389
0.94522  297
0.945296  358
0.945518  21
0.945684  390
0.945803  306
0.945867  281
0.946249  317
0.946793  349
0.9472  350
0.947509  377
0.947743  174
0.947918  168
0.948155  95
0.948189  331
0.94848  312
0.94852  337
0.948846  339
0.94898  342
0.949156  233
0.949181  393
0.949496  360
0.949731  219
0.949834  305
0.950009  46
0.950384  376
0.95043  380
0.950536  334
0.95061  62
0.950657  47
0.950994  51
0.951614  177
0.951672  146
0.951749  310
0.951956  25
0.952039  354
0.952109  79
0.952498  256
0.95264  99
0.952692  191
0.952843  355
0.952925  384
0.952998  352
0.953003  369
0.953134  367
0.953647  319
0.954179  217
0.954652  234
0.954721  159
0.954834  398
0.956224  388
0.956251  301
0.957149  161
0.958365  228
0.958983  35
0.95957  396
0.959755  120
0.959803  194
0.959819  395
0.959821  397
0.959864  316
0.960143  353
0.960325  22
0.960811  263
0.960914  327
0.960919  248
0.960928  336
0.961466  276
0.961515  351
0.961682  176
0.961926  296
0.962138  86
0.962288  309
0.962333  259
0.962361  262
0.962362  324
0.962665  218
0.962787  130
0.962849  135
0.963098  48
0.96312  335
0.963405  187
0.963566  12
0.964028  330
0.964037  80
0.96449  366
0.964633  165
0.964656  44
0.964674  33
0.965081  302
0.965596  332
0.965701  244
0.965855  227
0.965927  322
0.96621  178
0.966498  147
0.966502  254
0.966541  40
0.966784  363
0.966822  383
0.966869  145
0.967058  318
0.967586  68
0.967932  320
0.96825  136
0.968271  239
0.968566  213
0.968682  287
0.968795  394
0.96884  381
0.968912  361
0.968962  347
0.969225  38
0.969298  7
0.969483  106
0.969918  183
0.97032  37
0.970358  181
0.970444  11
0.970774  275
0.970885  345
0.970916  362
0.971118  14
0.971176  379
0.971407  128
0.971439  278
0.971668  196
0.972113  340
0.972191  144
0.972381  260
0.972572  325
0.972608  346
0.973188  304
0.973396  389
0.973631  365
0.973643  371
0.973974  127
0.974565  364
0.974642  238
0.974654  291
0.974733  271
0.975002  247
0.975353  307
0.975428  373
0.976215  36
0.976746  312
0.977534  28
0.97807  119
0.978207  197
0.978228  329
0.978335  306
0.978398  308
0.978544  108
0.978963  203
0.978984  266
0.979128  222
0.979194  69
0.979349  392
0.979617  298
0.979685  156
0.979721  81
0.979891  315
0.979989  110
0.980005  17
0.980216  348
0.980234  42
0.98041  283
0.980474  65
0.980853  66
0.981207  352
0.981295  225
0.981424  242
0.981563  166
0.981638  49
0.981658  175
0.981913  41
0.982067  387
0.982411  212
0.982479  52
0.982557  386
0.982694  349
0.982694  341
0.98277  107
0.982787  393
0.982814  208
0.982821  152
0.983015  104
0.983083  390
0.983247  114
0.98329  314
0.98331  391
0.98334  160
0.983424  200
0.983435  164
0.983455  253
0.983457  102
0.983501  305
0.983673  16
0.983823  321
0.984387  117
0.984438  375
0.984489  241
0.98461  350
0.984885  374
0.985105  370
0.985344  300
0.985524  134
0.985794  384
0.985972  270
0.986025  343
0.986361  328
0.986477  61
0.986606  267
0.986669  137
0.987025  367
0.987264  378
0.98755  58
0.987601  382
0.987814  369
0.988132  5
0.98846  331
0.989715  360
0.990102  24
0.990138  215
0.990475  78
0.991466  342
0.991493  377
0.992162  179
0.992177  77
0.992229  359
0.992252  339
0.992529  337
0.993276  326
0.993382  274
0.993806  140
0.993928  353
0.99408  357
0.994134  385
0.994306  55
0.994369  264
0.994718  190
0.996046  64
0.99636  355
0.996391  380
0.996558  113
0.996675  344
0.997942  240
0.998229  333
0.998401  206
0.998403  303
0.99922  116
0.999632  21
0.999693  0
0.999786  211
0.99985  317
0.999931  143
