0.0364937  164
0.0371971  365
0.037229  142
0.0372714  40
0.0377943  90
0.0393356  308
0.0393805  364
0.0395037  73
0.0401387  188
0.0401505  371
0.0402556  78
0.0403212  200
0.0408317  223
0.0410092  107
0.0413036  146
0.0413871  390
0.0414502  26
0.0414805  304
0.041557  74
0.0416053  150
0.0416197  301
0.0419606  68
0.0419628  148
0.0420428  256
0.0422332  367
0.0423415  97
0.042371  347
0.04239  266
0.0424924  325
0.0425724  30
0.0425882  338
0.0426509  236
0.0426935  344
0.0427529  49
0.042792  381
0.0428409  124
0.0428453  324
0.0428572  359
0.0430349  136
0.043049  102
0.0430503  260
0.0430581  386
0.0430923  393
0.0434081  251
0.0434267  100
0.0434565  224
0.0435557  332
0.0436086  378
0.0438672  354
0.0439063  35
0.0440182  374
0.044425  66
0.044474  333
0.0447626  362
0.0452711  317
0.0454396  350
0.045574  388
0.0456751  232
0.0457636  189
0.0458626  328
0.0464594  293
0.0465388  165
0.0467072  45
0.0469913  310
0.0471598  36
0.0471799  31
0.0472671  383
0.047774  98
0.0478152  369
0.0478932  391
0.0482354  395
0.0485184  396
0.0485267  327
0.0485364  303
0.0490291  267
0.0490463  363
0.0490677  151
0.0491531  341
0.0493778  372
0.0497352  282
0.0500921  380
0.0508761  201
0.0511155  368
0.0512081  330
0.0514521  335
0.0516937  51
0.051942  213
0.0519942  311
0.052094  208
0.0525122  342
0.0529146  305
0.0529447  22
0.0532232  298
0.0536797  39
0.0540299  314
0.0540836  322
0.0540843  382
0.0541577  271
0.0542036  349
0.0544097  94
0.0548876  307
0.0551462  346
0.0552158  313
0.0552268  379
0.0555306  376
0.0567142  306
0.0572189  348
0.0573454  211
0.0577811  387
0.0582593  153
0.0588599  385
0.0590032  397
0.0595142  216
0.0595485  315
0.0601388  320
0.0602117  312
0.0603067  300
0.0605633  392
0.0607862  360
0.0608849  389
0.0615056  319
0.064386  79
0.0644754  18
0.0647653  331
0.065438  326
0.0655278  343
0.0658548  394
0.0659737  318
0.0667888  143
0.0670789  176
0.0676871  370
0.0677737  82
0.0684151  384
0.0685269  399
0.0692518  329
0.0695972  366
0.0697421  141
0.0714625  336
0.0715096  334
0.0715429  92
0.0719581  13
0.0722863  175
0.07286  377
0.0730187  86
0.0730507  191
0.0731514  270
0.07324  352
0.0732852  340
0.0733948  139
0.07346  202
0.0739648  398
0.0741085  361
0.07418  358
0.0742029  246
0.0744247  209
0.0744497  228
0.0745533  75
0.0746112  1
0.0749322  296
0.0750488  179
0.0751187  88
0.0752442  276
0.0752699  85
0.075446  183
0.0759801  281
0.0761163  302
0.076157  240
0.0761845  249
0.0762194  262
0.0762893  355
0.076403  345
0.0764404  20
0.076503  84
0.0766631  230
0.0769524  181
0.0770191  53
0.07703  261
0.0771006  70
0.0771077  44
0.0771195  106
0.0772244  155
0.0772768  0
0.0773186  351
0.0773767  375
0.0775923  247
0.0776413  198
0.0777213  252
0.0778345  180
0.0779629  140
0.0780248  95
0.0782282  184
0.0784438  195
0.0785021  357
0.0785336  166
0.078576  23
0.0785791  309
0.0785946  290
0.0787673  220
0.0788132  134
0.0789177  138
0.0791342  186
0.079252  321
0.0793233  57
0.0794339  120
0.0795463  268
0.0795705  160
0.0795707  5
0.0796083  115
0.0796287  259
0.0796503  149
0.0796949  219
0.079697  212
0.0796994  64
0.079749  118
0.0798068  131
0.0798272  117
0.0798769  284
0.0799014  373
0.0799143  126
0.0800173  159
0.0800732  2
0.0800783  214
0.080132  127
0.0801439  65
0.0802442  356
0.0802716  177
0.0803393  63
0.0803946  234
0.0804307  60
0.0804357  239
0.0804589  353
0.0805051  187
0.080521  62
0.0805618  294
0.0805861  235
0.0805896  285
0.0805914  9
0.0806595  316
0.0806802  123
0.0806915  77
0.0806984  206
0.0807002  279
0.0807333  17
0.0807695  221
0.0807743  287
0.0809043  204
0.0810305  111
0.0810629  278
0.0811111  125
0.0813063  241
0.0813867  194
0.0813943  222
0.081478  147
0.0815195  274
0.0815795  323
0.0815929  167
0.0816036  144
0.0816138  339
0.0816187  374
0.081648  81
0.0816836  197
0.081701  25
0.0817121  114
0.0817329  273
0.0818501  135
0.0819115  37
0.0819176  272
0.0819217  46
0.0819319  337
0.0819366  8
0.0819371  113
0.0819583  171
0.0820122  283
0.0820506  83
0.0820581  28
0.0820621  297
0.0821181  122
0.0821607  38
0.0822367  286
0.0822478  58
0.0822668  67
0.0822722  7
0.0822898  207
0.0823018  27
0.082316  3
0.0823333  87
0.0823407  299
0.0823799  248
0.0824143  258
0.082507  43
0.0825126  227
0.0825522  55
0.0825672  210
0.0826084  376
0.0826237  50
0.0826274  254
0.0826487  19
0.0826515  190
0.0826664  6
0.0826866  145
0.0826915  112
0.0827303  96
0.0827601  245
0.0827706  237
0.0827834  59
0.0827852  280
0.0827861  129
0.0828008  253
0.0828415  348
0.0828417  250
0.0828486  238
0.0828576  91
0.0828657  333
0.082869  264
0.0828842  99
0.0829003  29
0.0829045  105
0.0829104  89
0.0829118  4
0.0829288  76
0.0829416  173
0.0829552  368
0.0829578  304
0.0829622  255
0.0829961  372
0.0830017  344
0.0830351  103
0.0830979  10
0.0831039  185
0.0831252  41
0.0831558  243
0.0832101  315
0.0832603  130
0.0833133  349
0.0833212  242
0.0833418  393
0.0833595  371
0.083409  16
0.0834102  341
0.0834227  244
0.0834452  369
0.083454  347
0.0834962  233
0.083506  156
0.0835534  397
0.0836644  367
0.0836862  269
0.0837683  24
0.0837851  110
0.0838183  54
0.0838475  313
0.0838502  387
0.083883  218
0.0838961  388
0.0839122  364
0.0839333  42
0.0839335  132
0.083971  308
0.0840093  303
0.0840488  72
0.0840581  137
0.0840765  229
0.0840836  192
0.0841265  338
0.0841276  14
0.0841603  203
0.0841812  354
0.084197  386
0.0842483  391
0.0842545  104
0.0844647  320
0.0845043  326
0.0845684  322
0.0846069  332
0.0846357  330
0.0846534  383
0.0846791  390
0.0846862  360
0.084692  363
0.0846921  343
0.0847999  277
0.0850526  163
0.0852983  231
0.0855987  307
0.0856289  305
0.0856469  314
0.0859334  302
0.0860733  384
0.0861267  379
0.0861344  301
0.0861884  317
0.0863402  312
0.0864062  164
0.086408  382
0.0864429  318
0.0864943  199
0.0867035  139
0.0867812  324
0.0872063  395
0.0872952  48
0.0875391  306
0.0876622  12
0.0880263  340
0.088033  385
0.0880561  300
0.0881195  157
0.0882184  396
0.0885765  389
0.088609  15
0.0886123  342
0.0886397  359
0.0887559  346
0.0888433  381
0.0888843  310
0.0893459  327
0.0894226  170
0.0897479  53
0.0898342  335
0.0899698  351
0.0900314  97
0.0900522  398
0.0902483  339
0.090338  394
0.0904482  392
0.0910156  366
0.0910418  329
0.0912874  109
0.0914583  362
0.0918989  169
0.0924851  373
0.0926525  215
0.0932559  108
0.0934279  378
0.0936527  361
0.0940129  52
0.0941296  350
0.094394  296
0.0947211  119
0.0950033  328
0.0951849  189
0.095513  336
0.0964164  150
0.0966443  311
0.096655  265
0.0966688  370
0.0967633  357
0.0970551  337
0.0974351  331
0.09788  86
0.0981664  377
0.0985313  71
0.0985457  291
0.0989181  319
0.0993306  372
0.0994547  325
0.0998368  261
0.100167  158
0.100288  116
0.100944  380
0.101407  352
0.101486  133
0.101501  201
0.101567  217
0.101921  365
0.102805  34
0.103238  355
0.103665  148
0.103914  134
0.105436  178
0.10547  174
0.105563  224
0.105647  26
0.106266  334
0.107456  100
0.107555  260
0.108233  193
0.108326  79
0.108406  11
0.108662  205
0.109014  226
0.109207  232
0.109288  383
0.109462  172
0.10953  263
0.109565  40
0.109583  313
0.109829  309
0.109878  47
0.110016  375
0.110032  63
0.11062  128
0.110668  303
0.110702  154
0.110772  173
0.110893  196
0.110914  354
0.110929  68
0.111099  93
0.111195  333
0.111409  107
0.111503  338
0.112217  49
0.112283  21
0.112474  305
0.11253  124
0.112676  293
0.113  326
0.113335  56
0.113387  61
0.113591  310
0.114236  320
0.11435  165
0.114645  65
0.114725  341
0.114733  329
0.11507  198
0.1152  344
0.115228  22
0.115237  32
0.115344  315
0.115507  33
0.115604  312
0.115872  368
0.115902  391
0.116402  390
0.116524  36
0.116579  236
0.116626  211
0.117462  125
0.117463  389
0.117477  289
0.117533  271
0.117662  364
0.117858  132
0.117894  379
0.117936  395
0.11826  324
0.118387  48
0.11848  188
0.118994  228
0.119687  374
0.119845  359
0.119848  382
0.119891  317
0.120134  363
0.120303  360
0.120538  251
0.120685  384
0.121462  50
0.122287  306
0.122339  388
0.122609  9
0.122917  182
0.123343  180
0.123609  358
0.123747  351
0.123767  302
0.125168  101
0.126233  392
0.126265  386
0.127082  322
0.127161  204
0.127332  336
0.127516  282
0.127521  92
0.127598  106
0.12868  381
0.128741  394
0.129783  151
0.129804  349
0.130008  385
0.13024  372
0.130873  331
0.131089  316
0.131104  314
0.131126  187
0.131777  366
0.13334  369
0.133343  162
0.133751  367
0.134125  304
0.134313  300
0.134928  396
0.135222  343
0.135707  80
0.135784  342
0.135838  378
0.135914  357
0.137206  397
0.137958  325
0.138234  387
0.138495  361
0.140018  256
0.141205  257
0.142102  156
0.144115  179
0.144415  276
0.144527  376
0.144535  308
0.144929  222
0.145047  318
0.14602  362
0.146303  288
0.146826  321
0.147347  327
0.147578  31
0.147676  59
0.14798  307
0.149303  332
0.149553  199
0.150287  330
0.150553  243
0.150922  164
0.151314  157
0.151318  356
0.151756  29
0.152146  337
0.152313  348
0.152364  301
0.152425  52
0.152426  18
0.152597  335
0.153652  51
0.153671  212
0.154105  185
0.154188  377
0.154414  323
0.154714  66
0.154774  2
0.154789  41
0.154812  373
0.154984  355
0.15513  1
0.155176  370
0.155805  99
0.156184  176
0.156507  311
0.156696  97
0.1574  75
0.157718  298
0.158056  371
0.158497  190
0.158623  28
0.15869  94
0.158816  380
0.159299  353
0.159465  121
0.15952  333
0.159582  233
0.159725  72
0.159893  283
0.159971  83
0.160349  208
0.160524  10
0.160631  354
0.160772  230
0.160861  142
0.160921  338
0.160998  352
0.161062  223
0.161198  191
0.161245  347
0.163089  320
0.163449  269
0.163485  39
0.163735  214
0.16386  216
0.163871  340
0.164031  319
0.164764  122
0.164769  95
0.164944  12
0.165314  344
0.165589  360
0.165725  177
0.165781  365
0.16585  209
0.165859  315
0.16587  345
0.166272  42
0.167149  6
0.167325  266
0.167809  105
0.168054  341
0.168292  134
0.168419  47
0.168469  292
0.16871  368
0.168821  240
0.168823  350
0.169015  399
0.169156  303
0.169404  398
0.169683  30
0.169791  120
0.169905  329
0.170571  313
0.170627  67
0.170641  211
0.170765  363
0.170777  20
0.170932  159
0.170956  326
0.171458  152
0.171693  126
0.17192  69
0.172005  359
0.172207  255
0.172732  393
0.172912  85
0.17321  375
0.173216  35
0.173373  4
0.173442  339
0.173681  250
0.173787  262
0.173984  13
0.174204  394
0.17445  203
0.174589  168
0.17464  118
0.17467  346
0.174735  362
0.174951  15
0.174967  62
0.175007  267
0.175034  170
0.175159  108
0.175194  125
0.175247  305
0.175415  302
0.175727  343
0.17573  14
0.175743  314
0.175968  386
0.17598  145
0.176119  395
0.177184  136
0.1775  328
0.177523  294
0.177576  54
0.177716  239
0.178141  384
0.178252  271
0.178304  181
0.178593  217
0.178813  321
0.178936  351
0.179115  26
0.179273  366
0.179371  259
0.179504  357
0.179539  87
0.179745  325
0.179824  324
0.179887  109
0.179896  280
0.179975  138
0.180018  391
0.18002  127
0.180225  383
0.180531  141
0.181234  291
0.181424  372
0.181719  382
0.181763  264
0.181843  25
0.182523  195
0.182698  317
0.182816  304
0.182917  219
0.183002  68
0.183131  306
0.183191  197
0.183475  364
0.183909  119
0.184054  78
0.184118  397
0.184237  385
0.184326  316
0.184383  392
0.184697  379
0.184824  334
0.184939  374
0.185545  390
0.185975  308
0.186627  129
0.187337  16
0.187559  238
0.187919  358
0.188054  367
0.188318  71
0.188327  378
0.188505  24
0.18854  241
0.188561  349
0.189005  254
0.189262  58
0.189319  309
0.18942  247
0.189436  361
0.189604  388
0.190421  7
0.190671  396
0.191126  322
0.191458  261
0.192165  327
0.192217  207
0.192471  336
0.192516  389
0.193878  135
0.194178  178
0.194201  226
0.194508  171
0.194704  63
0.194839  174
0.194949  175
0.19496  300
0.195017  218
0.195386  193
0.195606  89
0.195876  370
0.19591  331
0.196126  133
0.196495  337
0.196594  37
0.196671  284
0.196945  369
0.197247  237
0.197251  342
0.197658  229
0.197759  387
0.197955  353
0.198204  257
0.198227  213
0.198459  355
0.19847  371
0.198538  74
0.198577  225
0.198604  335
0.199164  296
0.199608  332
0.199869  273
0.199922  90
0.200282  252
0.200364  221
0.200693  345
0.201002  235
0.201068  182
0.201388  149
0.201616  3
0.201656  0
0.201718  153
0.20178  34
0.20183  143
0.201959  287
0.20208  354
0.202082  172
0.20228  347
0.202383  144
0.202416  318
0.202447  301
0.202777  365
0.202833  338
0.203119  299
0.203219  272
0.203503  88
0.203782  57
0.20411  320
0.204148  312
0.204291  352
0.204429  116
0.204611  131
0.204725  268
0.204874  350
0.205013  64
0.205102  48
0.205199  380
0.20538  96
0.205457  231
0.205462  189
0.205483  288
0.205581  56
0.206042  376
0.206048  360
0.206049  323
0.206312  381
0.206319  104
0.206382  17
0.20644  313
0.206565  103
0.206839  81
0.206898  258
0.207104  293
0.207375  310
0.207497  27
0.207734  373
0.207796  184
0.208365  113
0.208369  265
0.208548  356
0.208571  346
0.208629  212
0.208666  49
0.208721  55
0.209352  393
0.209417  359
0.209436  251
0.209673  19
0.209881  375
0.209988  93
0.21003  158
0.210585  161
0.211064  330
0.211098  276
0.211652  386
0.211703  244
0.21179  399
0.211863  248
0.212247  169
0.212428  151
0.212708  210
0.212866  102
0.212904  202
0.213026  121
0.213069  275
0.213164  227
0.213187  86
0.213309  162
0.21335  363
0.213498  277
0.213581  70
0.213625  339
0.213829  297
0.213863  140
0.213926  305
0.214098  303
0.214452  328
0.214482  206
0.214535  377
0.214714  60
0.214781  160
0.214794  10
0.215073  215
0.215567  366
0.215622  344
0.215735  188
0.215738  32
0.21603  340
0.216454  199
0.216639  290
0.216868  314
0.216948  232
0.217075  362
0.217081  167
0.217358  316
0.217396  329
0.217416  98
0.217421  348
0.217551  263
0.217722  394
0.217858  11
0.217891  398
0.217987  44
0.218012  253
0.218047  311
0.21805  240
0.218193  33
0.218293  9
0.218544  304
0.218826  61
0.21892  286
0.219083  343
0.219094  23
0.219709  139
0.219791  308
0.219908  95
0.220007  72
0.220076  317
0.220127  390
0.220143  163
0.220172  165
0.220185  76
0.220281  282
0.220402  59
0.220452  325
0.220673  107
0.22074  355
0.220896  31
0.22111  341
0.221138  384
0.221292  307
0.22139  120
0.221635  132
0.222138  372
0.222258  319
0.222271  40
0.222761  8
0.222858  123
0.222936  306
0.223076  279
0.223107  289
0.2232  397
0.223231  368
0.22332  22
0.223321  367
0.223419  21
0.223742  280
0.224013  295
0.224066  309
0.224307  326
0.224342  45
0.224364  5
0.224536  391
0.225003  385
0.225291  370
0.22537  331
0.225406  196
0.225991  383
0.226773  333
0.226939  198
0.227557  312
0.227701  361
0.227838  388
0.228008  52
0.228109  302
0.229107  16
0.230379  137
0.230497  349
0.230717  365
0.230824  99
0.231001  334
0.231501  2
0.232746  38
0.233138  50
0.23328  322
0.233304  117
0.233496  392
0.233642  272
0.233766  192
0.234236  80
0.234238  77
0.234276  327
0.234451  112
0.234516  324
0.234678  1
0.234728  46
0.234827  382
0.235021  122
0.235245  379
0.2353  179
0.235349  359
0.235549  97
0.235607  108
0.235884  278
0.236014  245
0.236223  395
0.236271  337
0.236621  241
0.236667  353
0.236799  321
0.236911  358
0.236999  351
0.237274  338
0.237553  173
0.237662  216
0.237947  342
0.238429  303
0.238673  369
0.239334  356
0.240543  323
0.240627  387
0.241983  265
0.243002  246
0.24361  47
0.24363  79
0.244139  53
0.244547  357
0.244658  396
0.244742  91
0.245031  350
0.245306  105
0.245878  224
0.246085  223
0.246368  300
0.246382  335
0.246497  141
0.246629  200
0.246694  315
0.247404  354
0.247706  155
0.248022  313
0.248666  194
0.249062  183
0.249089  381
0.24914  305
0.249159  146
0.249256  87
0.249427  360
0.24955  68
0.249571  164
0.249873  345
0.249935  352
0.250314  250
0.251179  154
0.251537  374
0.25166  301
0.25185  144
0.251937  128
0.251984  285
0.252076  225
0.252166  371
0.252207  380
0.252343  364
0.252347  318
0.252781  124
0.252898  28
0.253756  65
0.254646  399
0.255169  102
0.255459  201
0.255649  233
0.255732  375
0.25596  110
0.256013  355
0.256103  211
0.256455  298
0.256506  389
0.256523  186
0.256565  332
0.256632  104
0.256848  142
0.257139  281
0.257251  319
0.257303  261
0.257311  92
0.257633  222
0.25777  41
0.258008  149
0.258229  177
0.258326  329
0.25834  239
0.258372  151
0.258372  320
0.258466  238
0.258959  386
0.258993  178
0.259148  378
0.259398  339
0.259748  209
0.260043  82
0.260127  204
0.260215  373
0.260309  271
0.260717  299
0.261075  336
0.261269  372
0.261315  367
0.261413  96
0.261502  236
0.261621  54
0.261632  234
0.261676  346
0.261873  150
0.261906  377
0.262397  84
0.2625  42
0.262537  328
0.262589  310
0.262709  90
0.262931  67
0.262949  340
0.263061  249
0.263492  165
0.263502  376
0.26358  287
0.26382  347
0.263957  317
0.264284  308
0.264669  228
0.265368  66
0.265567  156
0.265941  344
0.265952  121
0.265964  348
0.266022  306
0.266121  363
0.266436  109
0.266665  72
0.266765  103
0.267056  393
0.267074  302
0.267118  221
0.267493  316
0.267815  220
0.26795  366
0.268061  276
0.268155  205
0.268968  176
0.269295  343
0.269457  394
0.26954  153
0.269566  369
0.269662  259
0.270175  191
0.270422  368
0.270427  330
0.270527  208
0.27168  114
0.27242  384
0.272562  111
0.2727  81
0.272869  337
0.272929  139
0.272946  58
0.273278  362
0.273301  17
0.273305  75
0.273492  193
0.273499  127
0.273588  342
0.273634  325
0.273676  291
0.27378  370
0.27387  383
0.273886  40
0.274022  309
0.274136  358
0.274205  326
0.274611  13
0.274894  341
0.275009  101
0.275488  180
0.276031  314
0.276042  89
0.276318  324
0.276346  159
0.276504  374
0.276875  275
0.277034  243
0.277377  311
0.2777  322
0.277822  354
0.277946  387
0.279562  391
0.279695  331
0.279868  273
0.282008  304
0.283086  148
0.283412  237
0.283442  168
0.28355  293
0.283721  361
0.283888  392
0.284209  71
0.284242  365
0.285121  312
0.285304  260
0.285421  334
0.285433  232
0.285863  382
0.286386  100
0.286838  39
0.286937  6
0.287021  29
0.28709  321
0.287103  398
0.287124  31
0.28718  189
0.287371  397
0.287381  390
0.287469  118
0.287545  120
0.287722  303
0.288339  355
0.288421  203
0.288509  268
0.288811  78
0.289104  353
0.289527  327
0.289559  218
0.290246  356
0.290272  250
0.290379  44
0.29071  242
0.291201  264
0.291251  254
0.291317  130
0.291369  14
0.29139  357
0.291456  360
0.291654  16
0.292054  231
0.292284  157
0.292432  283
0.292904  115
0.293057  395
0.293109  255
0.293121  30
0.293205  399
0.293638  131
0.293844  301
0.294136  320
0.294251  345
0.294343  116
0.294448  106
0.294478  335
0.29457  88
0.294839  27
0.294974  385
0.295434  379
0.296648  182
0.297172  134
0.297523  233
0.297612  213
0.297954  313
0.29814  323
0.298281  226
0.298489  300
0.2986  245
0.298687  136
0.298707  169
0.298714  247
0.298721  252
0.298977  359
0.298987  198
0.299009  57
0.299159  34
0.29917  296
0.299233  95
0.299314  372
0.299357  328
0.299414  347
0.299664  63
0.299688  83
0.29972  388
0.299886  206
0.299942  48
0.299943  338
0.299994  315
0.300028  286
0.300201  282
0.300612  351
0.300622  333
0.300774  59
0.300919  25
0.301111  349
0.301195  346
0.301614  307
0.30178  316
0.301959  56
0.302015  20
0.302434  339
0.302776  224
0.302901  318
0.30338  270
0.303404  49
0.303488  195
0.303789  133
0.304031  352
0.304048  46
0.304078  350
0.304101  393
0.304162  302
0.304227  375
0.304578  19
0.30483  37
0.304876  87
0.305433  376
0.30554  43
0.305664  3
0.305741  378
0.306201  310
0.306719  229
0.30676  386
0.306797  396
0.307022  207
0.307242  319
0.307299  4
0.307478  200
0.30797  336
0.307981  162
0.308389  288
0.308685  290
0.308925  105
0.309037  24
0.309269  343
0.309399  151
0.309752  94
0.309808  389
0.310009  12
0.310115  329
0.310383  80
0.310594  380
0.310687  308
0.310716  62
0.310799  267
0.311201  363
0.311305  123
0.31161  369
0.312286  140
0.312382  77
0.312554  55
0.312669  371
0.312903  215
0.313649  185
0.313771  358
0.313793  15
0.313815  306
0.314354  281
0.314558  337
0.314778  197
0.314839  163
0.314868  68
0.314892  340
0.315145  256
0.31579  325
0.315873  368
0.315903  135
0.31603  212
0.31606  273
0.316213  284
0.316454  126
0.316691  360
0.317039  175
0.317088  373
0.317199  219
0.317346  348
0.317374  330
0.317617  326
0.317679  156
0.317785  332
0.317807  112
0.317842  253
0.317851  246
0.317852  199
0.318069  76
0.318599  187
0.319001  292
0.319047  364
0.319145  384
0.319224  125
0.319313  291
0.319715  317
0.319756  274
0.319788  383
0.319942  305
0.320172  166
0.320787  66
0.320871  366
0.32093  64
0.320956  362
0.321124  155
0.321134  239
0.32138  192
0.321418  145
0.321538  361
0.321756  394
0.321761  311
0.321956  309
0.322022  322
0.322107  1
0.322703  52
0.322854  341
0.322958  174
0.322974  171
0.32351  370
0.323518  248
0.323663  334
0.323899  180
0.323985  294
0.323995  387
0.324898  47
0.325327  324
0.325564  279
0.325793  216
0.325824  23
0.325824  398
0.325918  377
0.326228  5
0.326282  289
0.326364  202
0.326422  381
0.326479  170
0.326482  344
0.326753  382
0.326874  353
0.327074  314
0.327156  22
0.327359  194
0.328357  280
0.328398  367
0.328471  391
0.328773  304
0.329257  7
0.329409  372
0.329504  397
0.32955  124
0.329968  351
0.330154  354
0.330654  93
0.331358  113
0.331389  392
0.331645  165
0.331931  295
0.332269  345
0.332298  161
0.333047  297
0.333293  179
0.333517  152
0.333622  331
0.33368  333
0.334032  355
0.334353  33
0.334466  312
0.334856  96
0.334878  379
0.335711  335
0.336316  320
0.336519  147
0.337117  323
0.337413  32
0.337507  54
0.337613  338
0.337716  374
0.339192  69
0.339211  310
0.339365  365
0.339885  97
0.340396  73
0.340538  278
0.340742  51
0.340863  303
0.34098  67
0.341074  385
0.341478  356
0.341977  129
0.342129  29
0.3422  263
0.342522  210
0.342889  265
0.343014  38
0.343138  184
0.343188  122
0.343706  71
0.343743  53
0.343807  110
0.343911  41
0.344059  143
0.344061  321
0.344146  208
0.344233  399
0.34428  85
0.344408  271
0.344523  10
0.344626  375
0.344962  35
0.345004  269
0.345023  346
0.345121  138
0.345171  36
0.345221  191
0.34532  230
0.345462  137
0.345582  127
0.345617  245
0.345691  316
0.345732  258
0.345859  167
0.34596  347
0.346091  300
0.346151  301
0.346261  328
0.346498  90
0.346519  8
0.346586  388
0.346667  172
0.347187  114
0.3473  39
0.347324  252
0.347572  91
0.347583  99
0.347687  376
0.347765  352
0.34803  117
0.34815  313
0.348196  144
0.348303  307
0.348359  74
0.348439  319
0.348542  190
0.348591  70
0.348729  395
0.348761  350
0.349046  244
0.349197  235
0.349267  305
0.349462  205
0.349903  342
0.349983  266
0.349989  396
0.350009  16
0.350051  318
0.350209  378
0.350633  215
0.350677  257
0.350732  329
0.351178  217
0.351419  393
0.351799  339
0.352053  368
0.352256  327
0.352295  61
0.352335  357
0.352449  27
0.352738  102
0.352748  225
0.352853  369
0.352884  370
0.352922  240
0.353072  371
0.353358  142
0.353408  272
0.353971  21
0.354483  360
0.354608  315
0.354894  311
0.354914  299
0.355232  290
0.355327  358
0.356076  326
0.3562  60
0.35621  349
0.356219  243
0.356445  87
0.356677  221
0.356961  232
0.357379  336
0.357386  214
0.357467  322
0.357508  109
0.357592  330
0.357733  359
0.357785  108
0.357978  222
0.358196  104
0.358218  309
0.358374  204
0.358844  193
0.359457  249
0.359692  348
0.359835  186
0.359946  308
0.360094  361
0.360254  386
0.360403  389
0.361157  128
0.361419  366
0.361636  332
0.362115  259
0.362429  298
0.362932  343
0.363269  380
0.363498  304
0.363716  337
0.364087  377
0.364089  255
0.364372  362
0.364857  153
0.365257  384
0.365338  367
0.365444  111
0.365455  340
0.365944  372
0.366576  119
0.368032  324
0.368191  364
0.368212  390
0.368403  302
0.36844  351
0.368533  201
0.368881  392
0.369035  176
0.36905  24
0.369762  218
0.37  341
0.370147  154
0.370354  40
0.370828  306
0.37171  178
0.372253  148
0.372331  334
0.373441  227
0.374009  391
0.375091  23
0.375352  314
0.375557  275
0.375686  373
0.375698  382
0.375852  98
0.376135  159
0.376146  237
0.376157  277
0.376602  157
0.377057  150
0.377358  387
0.37745  363
0.377557  345
0.377976  374
0.37809  75
0.378227  335
0.378421  276
0.378585  344
0.378802  353
0.378887  15
0.379273  323
0.380962  169
0.382523  3
0.382802  139
0.383111  44
0.383175  398
0.383234  355
0.383521  287
0.384264  394
0.385335  241
0.385483  317
0.385576  288
0.385639  321
0.386446  107
0.386912  316
0.387785  211
0.387811  68
0.387962  6
0.387969  397
0.388466  292
0.389089  101
0.389374  209
0.389615  92
0.389691  158
0.389858  226
0.389956  303
0.389996  262
0.390092  279
0.390319  383
0.390368  264
0.390407  116
0.390483  120
0.390532  310
0.39062  325
0.391141  12
0.391286  381
0.391363  96
0.391463  84
0.391512  72
0.391869  250
0.391979  248
0.392147  81
0.392227  189
0.392296  260
0.392658  188
0.392837  160
0.393028  284
0.393114  198
0.393129  352
0.393258  14
0.393269  354
0.393465  180
0.393584  223
0.393687  239
0.39378  291
0.393855  347
0.393884  312
0.393893  399
0.39393  295
0.394006  5
0.394053  346
0.394502  285
0.394822  31
0.394966  329
0.395122  357
0.395181  342
0.395267  348
0.395396  396
0.395489  34
0.395567  376
0.395603  132
0.395815  133
0.395846  350
0.396012  238
0.396164  196
0.396317  173
0.396787  229
0.396791  320
0.396986  9
0.397202  48
0.397384  305
0.397905  338
0.398025  393
0.398146  63
0.398347  326
0.398376  152
0.398589  365
0.398884  369
0.399365  375
0.399498  379
0.399887  28
0.400412  282
0.400478  194
0.400559  156
0.401039  130
0.401048  368
0.401405  328
0.401478  64
0.402085  313
0.40224  388
0.402407  231
0.402408  311
0.402509  307
0.402761  270
0.402783  331
0.402877  95
0.40314  220
0.403659  333
0.403834  330
0.40385  26
0.404211  46
0.405182  318
0.405237  308
0.405435  371
0.405923  367
0.405989  224
0.406086  340
0.40657  378
0.407431  74
0.408009  170
0.408264  362
0.408522  309
0.408682  336
0.409054  137
0.409288  337
0.409318  236
0.409322  361
0.410004  30
0.410234  322
0.410558  261
0.41103  335
0.411118  395
0.411487  183
0.411687  58
0.412075  283
0.412099  300
0.412372  370
0.412802  56
0.412909  18
0.413165  50
0.41318  366
0.413292  389
0.413609  324
0.413918  278
0.414462  356
0.414779  219
0.415139  301
0.415451  162
0.415652  280
0.415654  386
0.41637  327
0.41691  359
0.417243  302
0.417309  315
0.41751  131
0.417775  197
0.418034  0
0.418197  384
0.418259  167
0.418492  372
0.418653  293
0.418715  385
0.419105  360
0.419334  17
0.419436  213
0.419862  289
0.419928  62
0.420247  286
0.420714  11
0.420987  249
0.421529  332
0.421589  55
0.421698  256
0.421861  304
0.422091  382
0.422262  351
0.422389  387
0.422405  76
0.42268  86
0.422686  344
0.422703  391
0.423179  242
0.42346  377
0.423667  168
0.424487  269
0.424785  233
0.425168  177
0.42525  341
0.425575  37
0.425992  24
0.426103  83
0.426281  268
0.426376  392
0.426696  252
0.426915  343
0.427534  246
0.427875  151
0.42845  25
0.428595  339
0.428753  217
0.428829  22
0.428855  201
0.429051  255
0.429141  206
0.429283  355
0.429344  199
0.429366  374
0.429845  317
0.429939  380
0.430003  225
0.430147  294
0.430198  191
0.430419  159
0.430523  140
0.430713  59
0.430732  121
0.430733  42
0.430755  319
0.430852  109
0.430872  152
0.430875  51
0.430969  230
0.431029  20
0.431129  202
0.431212  1
0.431507  253
0.43167  349
0.4317  397
0.431849  164
0.431866  373
0.431968  383
0.432008  190
0.432062  244
0.432065  353
0.432083  221
0.43221  184
0.432375  358
0.432444  214
0.432726  49
0.432769  103
0.432981  364
0.432988  207
0.432989  235
0.433223  163
0.433423  110
0.433425  346
0.4335  29
0.433592  368
0.433849  390
0.43435  141
0.434359  273
0.434791  363
0.434813  277
0.434817  39
0.434923  281
0.435119  314
0.435163  153
0.435168  161
0.435572  326
0.435636  210
0.435824  306
0.435941  258
0.435977  321
0.436165  398
0.436294  85
0.436642  35
0.436921  305
0.436939  179
0.437157  175
0.437215  316
0.437292  323
0.437355  100
0.437392  345
0.437405  185
0.437518  45
0.438053  307
0.438084  352
0.438136  192
0.438175  65
0.438179  357
0.438636  181
0.439045  394
0.439341  342
0.439467  134
0.439469  78
0.439648  23
0.439763  338
0.440095  243
0.440236  240
0.440317  309
0.440354  325
0.440429  52
0.441324  308
0.441602  329
0.44179  334
0.441816  166
0.442213  310
0.442279  33
0.443052  125
0.443342  350
0.443349  142
0.443388  75
0.44342  146
0.443885  105
0.444028  265
0.44403  324
0.444135  301
0.444427  212
0.44443  354
0.444652  399
0.444701  330
0.444945  254
0.445079  16
0.445778  303
0.445931  290
0.44627  91
0.446344  369
0.44645  297
0.446646  227
0.44681  336
0.447008  340
0.447114  337
0.447204  366
0.447381  248
0.447865  331
0.44793  376
0.448646  379
0.448666  21
0.448716  186
0.449239  375
0.449585  365
0.449917  318
0.450181  382
0.451191  10
0.451663  145
0.451857  388
0.452384  149
0.452609  313
0.45272  41
0.452865  169
0.45309  328
0.453282  198
0.453314  300
0.453375  378
0.453688  347
0.453948  43
0.454126  228
0.454315  234
0.454456  322
0.454541  79
0.454921  99
0.455037  38
0.455099  187
0.455367  341
0.45537  148
0.455384  348
0.455534  360
0.455672  63
0.455992  122
0.456276  143
0.456366  311
0.456464  335
0.45647  132
0.456499  104
0.456563  393
0.456934  362
0.45759  115
0.458521  90
0.458835  50
0.459375  120
0.45948  128
0.459551  391
0.459896  54
0.459939  333
0.460032  154
0.460143  92
0.460314  27
0.460322  111
0.460367  381
0.460795  272
0.460827  361
0.461035  127
0.461328  133
0.461722  327
0.46182  299
0.461864  319
0.461979  182
0.46223  371
0.462322  80
0.462482  389
0.462586  332
0.462641  241
0.462714  263
0.462747  88
0.462802  377
0.463292  351
0.463405  285
0.463564  165
0.463806  57
0.463871  367
0.463972  150
0.464266  112
0.464582  321
0.464675  395
0.465176  176
0.465293  19
0.46602  195
0.466272  387
0.466291  77
0.4664  320
0.466613  292
0.466728  315
0.466796  384
0.466978  372
0.466984  183
0.467239  396
0.467887  123
0.468131  302
0.46839  343
0.469131  359
0.469888  129
0.469949  188
0.471103  11
0.471278  239
0.471292  357
0.471406  118
0.471553  245
0.471589  312
0.471633  124
0.471641  76
0.471681  392
0.47188  385
0.471917  267
0.473131  231
0.47341  386
0.473709  137
0.474425  274
0.474784  368
0.475025  84
0.47514  98
0.475266  36
0.475632  139
0.476045  237
0.476059  193
0.476072  370
0.476117  9
0.47613  196
0.476456  356
0.476499  314
0.476521  117
0.476611  352
0.476882  24
0.477071  346
0.477073  229
0.477272  204
0.477429  374
0.47746  179
0.477552  173
0.477823  126
0.478263  344
0.478458  28
0.478484  34
0.478498  298
0.478576  270
0.478584  251
0.478658  310
0.478824  138
0.478929  291
0.478966  233
0.478976  157
0.479224  89
0.479287  276
0.479412  14
0.479476  32
0.479567  363
0.479756  208
0.479793  97
0.479958  108
0.479973  260
0.480126  317
0.480131  331
0.480214  13
0.480266  250
0.480273  394
0.480453  70
0.480571  96
0.480718  268
0.480728  218
0.480759  2
0.48078  170
0.480788  141
0.480919  71
0.480991  155
0.481003  168
0.481059  61
0.481109  353
0.481132  275
0.481149  364
0.481166  306
0.481457  160
0.481538  131
0.481569  217
0.481609  219
0.481633  301
0.481684  174
0.48169  398
0.481846  232
0.482092  307
0.482097  383
0.482367  355
0.482428  113
0.482473  366
0.48248  354
0.482589  73
0.482678  114
0.482956  189
0.483086  303
0.483243  337
0.483356  106
0.483413  308
0.483518  338
0.483798  305
0.483992  216
0.484044  223
0.484077  325
0.484118  399
0.484211  379
0.484616  180
0.484959  324
0.485068  278
0.485349  397
0.485866  323
0.486195  380
0.486344  66
0.487089  390
0.48711  47
0.487357  339
0.487398  296
0.487551  262
0.487558  365
0.487584  316
0.487588  393
0.48855  358
0.488582  5
0.48892  373
0.489472  335
0.490326  203
0.490379  31
0.490417  259
0.490627  309
0.490692  336
0.4913  281
0.491307  304
0.491567  226
0.491776  7
0.491796  147
0.49263  342
0.492896  209
0.493223  293
0.493656  243
0.493708  378
0.493761  326
0.493879  327
0.494008  381
0.494055  167
0.494078  284
0.494158  288
0.494318  68
0.49468  178
0.494846  330
0.494908  322
0.494978  82
0.495003  30
0.495015  313
0.495021  151
0.495697  212
0.495927  240
0.495976  329
0.496265  205
0.496355  345
0.496572  279
0.496805  357
0.49698  319
0.496981  144
0.497153  211
0.497396  289
0.498475  360
0.498503  347
0.498511  361
0.498521  388
0.498813  266
0.499007  385
0.499372  300
0.499585  135
0.499618  74
0.500205  242
0.500307  63
0.500864  318
0.501091  334
0.502156  372
0.502641  37
0.502674  83
0.503244  26
0.50373  287
0.50387  116
0.503896  48
0.503992  152
0.504154  332
0.504324  343
0.50442  200
0.504559  249
0.504666  340
0.504763  367
0.50477  333
0.504791  222
0.504809  377
0.504863  359
0.505019  376
0.505197  44
0.505645  87
0.505743  215
0.505924  51
0.506178  220
0.506518  392
0.506686  351
0.506828  328
0.506845  162
0.507123  15
0.507857  199
0.508138  311
0.508977  93
0.508988  127
0.509069  387
0.509075  312
0.509236  107
0.5093  280
0.50957  277
0.509987  321
0.51004  396
0.510356  344
0.510559  362
0.510816  382
0.511634  271
0.511737  236
0.512076  156
0.512518  102
0.51258  254
0.512626  257
0.512662  348
0.513063  349
0.513563  395
0.513582  105
0.513795  391
0.514413  175
0.514641  86
0.514948  33
0.515022  295
0.515195  206
0.51525  302
0.515353  255
0.515543  169
0.515603  314
0.515685  122
0.515829  225
0.516046  263
0.516064  85
0.51618  25
0.516579  198
0.516739  244
0.51674  315
0.516811  384
0.517052  163
0.517076  252
0.517171  18
0.517272  39
0.51735  317
0.517386  331
0.517495  320
0.51784  253
0.517916  370
0.518199  369
0.518302  204
0.518475  235
0.518617  389
0.518728  324
0.518753  308
0.51887  354
0.51909  379
0.519131  350
0.519313  325
0.519781  69
0.519867  274
0.520636  95
0.520975  119
0.521003  194
0.521365  130
0.521529  166
0.521614  398
0.522019  136
0.522021  365
0.522261  390
0.522282  364
0.522338  371
0.522588  40
0.52304  261
0.523317  121
0.523688  124
0.523713  52
0.523765  94
0.523891  3
0.524077  60
0.524115  338
0.524136  138
0.524147  187
0.524296  248
0.524315  341
0.524327  132
0.524329  375
0.524453  310
0.524489  54
0.524791  185
0.5248  397
0.525503  115
0.525984  172
0.526023  36
0.526272  0
0.526292  134
0.527293  101
0.527391  202
0.527394  301
0.527609  55
0.527748  272
0.527823  380
0.52783  258
0.52789  285
0.528034  12
0.528045  58
0.528109  303
0.528156  65
0.528198  21
0.52821  228
0.528269  306
0.528299  49
0.528407  326
0.528412  360
0.528472  41
0.528734  4
0.528787  28
0.528867  111
0.528885  56
0.528889  305
0.528941  378
0.52895  355
0.529007  177
0.529208  8
0.529483  201
0.529493  67
0.529556  353
0.52993  297
0.529949  366
0.529983  245
0.530302  304
0.530336  46
0.530486  330
0.530557  182
0.530672  142
0.530714  88
0.530899  246
0.531069  35
0.531129  316
0.531166  91
0.531193  307
0.531868  393
0.532175  113
0.532302  399
0.533289  374
0.533306  342
0.533485  269
0.533548  340
0.533624  318
0.533635  117
0.5337  358
0.533755  335
0.533955  128
0.534052  300
0.534399  64
0.534544  368
0.53483  357
0.535338  140
0.536167  190
0.536227  323
0.536585  110
0.536675  332
0.536738  309
0.537815  30
0.538345  286
0.538397  53
0.538409  386
0.538512  327
0.538513  264
0.53858  62
0.538645  150
0.539356  381
0.53947  256
0.539472  9
0.539499  363
0.539895  376
0.53994  260
0.540198  394
0.54039  346
0.54046  221
0.540864  356
0.541489  362
0.541586  337
0.541793  137
0.541958  372
0.542019  334
0.54299  383
0.543163  329
0.543923  373
0.544665  336
0.544737  96
0.54587  395
0.545904  164
0.546036  129
0.546934  89
0.546945  290
0.546981  19
0.547007  282
0.547184  143
0.547271  86
0.547349  322
0.547878  61
0.547971  333
0.54807  126
0.548297  192
0.548432  259
0.548619  385
0.548931  392
0.549028  311
0.54926  234
0.549607  160
0.54964  133
0.549778  345
0.550104  343
0.550138  90
0.550369  125
0.55123  100
0.551436  51
0.551594  388
0.551692  197
0.551707  216
0.551795  359
0.551798  294
0.551942  273
0.551963  319
0.552007  339
0.552037  351
0.552062  382
0.552245  145
0.552268  361
0.552288  347
0.552718  70
0.552782  66
0.552938  80
0.553738  14
0.553859  238
0.554261  186
0.554566  369
0.554857  180
0.554874  13
0.554891  365
0.554951  230
0.554979  57
0.555027  109
0.55503  344
0.555246  387
0.555306  174
0.555312  367
0.555562  224
0.555763  349
0.555811  283
0.555813  325
0.556555  247
0.556651  328
0.55684  338
0.557049  276
0.557092  251
0.55736  120
0.557417  154
0.557627  193
0.557628  352
0.557707  317
0.557892  17
0.557916  312
0.558419  348
0.55867  313
0.559238  324
0.56027  287
0.560311  20
0.560444  199
0.560677  59
0.560815  237
0.560817  396
0.561031  158
0.561231  42
0.561417  210
0.562061  281
0.562084  107
0.562358  265
0.562416  298
0.562643  170
0.562753  72
0.56292  266
0.563015  379
0.563211  371
0.563251  68
0.563315  292
0.563359  378
0.563384  173
0.563434  315
0.563767  104
0.563964  22
0.56416  375
0.564219  34
0.564306  397
0.564473  176
0.564573  250
0.564662  390
0.564824  299
0.564829  241
0.565075  165
0.565127  331
0.56515  358
0.565326  23
0.565415  391
0.565757  249
0.565972  141
0.565987  360
0.566045  306
0.566571  321
0.566577  112
0.567072  304
0.567946  106
0.568226  271
0.568237  161
0.568341  189
0.56869  302
0.568703  398
0.56879  357
0.568853  326
0.569131  288
0.569325  337
0.569594  350
0.569613  389
0.569737  263
0.57011  384
0.570276  155
0.570666  278
0.570732  243
0.571339  213
0.571412  47
0.571433  320
0.571792  293
0.572051  368
0.572346  73
0.572555  15
0.572776  366
0.57326  218
0.573287  16
0.573508  305
0.573828  316
0.573869  99
0.573886  307
0.574022  364
0.574269  184
0.574467  370
0.574578  227
0.575024  262
0.575287  29
0.57535  6
0.575593  383
0.575816  340
0.576044  2
0.576061  246
0.576392  27
0.576463  330
0.576477  372
0.577343  275
0.577765  380
0.577781  177
0.577949  399
0.578119  212
0.578344  341
0.57862  303
0.578901  353
0.57919  219
0.580112  323
0.580341  310
0.580753  98
0.580766  134
0.580785  314
0.580798  38
0.581544  268
0.58169  79
0.581772  195
0.581909  334
0.581926  342
0.58209  244
0.582511  359
0.582917  257
0.583077  354
0.583638  295
0.583905  32
0.584129  349
0.584258  60
0.584419  301
0.585075  335
0.585102  329
0.586634  146
0.586692  343
0.587359  386
0.587763  191
0.587853  325
0.587856  355
0.588323  208
0.58868  108
0.588703  5
0.588721  166
0.588815  188
0.589376  336
0.589488  95
0.589537  318
0.589538  309
0.589782  345
0.589887  179
0.590225  152
0.590624  356
0.590725  7
0.591096  97
0.59118  37
0.591234  374
0.591512  376
0.592818  64
0.593215  252
0.593268  130
0.593303  373
0.593384  144
0.593876  26
0.593902  362
0.593987  333
0.593987  142
0.594037  363
0.594072  381
0.594309  253
0.594338  172
0.59436  11
0.594391  387
0.594611  393
0.594671  344
0.594868  153
0.594875  332
0.595745  327
0.596437  296
0.597258  118
0.59728  351
0.597289  394
0.597398  291
0.597469  159
0.597552  395
0.598303  81
0.598338  346
0.599134  328
0.59928  92
0.599493  367
0.600183  369
0.600556  21
0.600736  124
0.600775  211
0.600896  217
0.601175  382
0.601241  297
0.601374  267
0.601386  377
0.601503  209
0.601733  154
0.602271  69
0.602709  375
0.602734  65
0.602997  31
0.603111  119
0.603227  392
0.603328  148
0.603375  272
0.603672  54
0.603701  121
0.603703  348
0.603908  10
0.604204  311
0.604274  254
0.604332  338
0.604476  347
0.60495  302
0.605046  324
0.605048  326
0.605061  169
0.605171  315
0.605838  391
0.605962  397
0.606005  352
0.606044  379
0.606782  178
0.607968  396
0.608009  298
0.60816  139
0.609358  203
0.609433  171
0.609671  55
0.610175  385
0.610436  339
0.611209  225
0.611306  322
0.611639  39
0.61181  371
0.611911  83
0.612248  390
0.612565  361
0.613293  289
0.613508  204
0.614067  389
0.614067  167
0.614286  150
0.614456  201
0.61503  156
0.615046  300
0.615248  294
0.615303  350
0.615336  388
0.615628  58
0.615737  202
0.615771  277
0.616045  82
0.616093  372
0.616251  256
0.616447  114
0.616483  236
0.61652  205
0.616524  330
0.61654  151
0.616587  365
0.616756  45
0.617154  312
0.617976  320
0.618068  306
0.618326  239
0.618975  284
0.619012  113
0.619037  317
0.619056  214
0.619171  53
0.619334  63
0.619505  340
0.619537  75
0.619763  197
0.61984  192
0.620123  331
0.620282  358
0.620773  84
0.620957  357
0.621293  87
0.622014  355
0.622083  270
0.622343  224
0.622884  117
0.622888  264
0.622931  308
0.622948  334
0.623374  240
0.624105  85
0.624167  145
0.624261  198
0.624322  233
0.624356  313
0.624499  96
0.624807  378
0.624876  295
0.624894  162
0.624955  51
0.62504  321
0.625116  249
0.625267  135
0.625368  251
0.625377  307
0.625553  50
0.625573  376
0.625733  269
0.625788  128
0.625827  354
0.625873  280
0.625938  325
0.62604  226
0.626069  360
0.626364  305
0.626429  235
0.626535  207
0.626588  35
0.626655  77
0.62667  336
0.626715  304
0.62672  288
0.626726  168
0.627175  290
0.627209  170
0.627252  220
0.627601  52
0.627603  374
0.627643  364
0.62839  74
0.628695  281
0.628754  242
0.628877  78
0.62893  398
0.628997  345
0.629003  165
0.629128  196
0.629213  229
0.629304  126
0.629567  24
0.62965  88
0.629663  383
0.629697  89
0.629763  344
0.629951  387
0.629978  157
0.630072  271
0.630138  319
0.63025  301
0.630332  164
0.630707  303
0.630788  147
0.630973  323
0.63098  370
0.631132  76
0.631149  103
0.631232  318
0.631316  181
0.631478  386
0.63161  237
0.631759  310
0.631884  395
0.632117  367
0.633074  380
0.633295  121
0.633304  33
0.633641  384
0.633793  335
0.633927  359
0.634081  216
0.634291  377
0.63442  222
0.634722  333
0.634846  327
0.634869  13
0.635983  70
0.636527  343
0.637114  260
0.637244  116
0.637292  184
0.637422  373
0.637577  397
0.637651  399
0.638175  120
0.638229  309
0.638517  341
0.638535  34
0.638633  356
0.638633  228
0.638811  316
0.638852  5
0.639303  332
0.63934  368
0.639466  337
0.639633  105
0.639776  338
0.640956  238
0.641058  302
0.641767  362
0.641881  353
0.641889  363
0.641921  255
0.642215  381
0.642358  366
0.642408  328
0.642522  71
0.64264  102
0.642662  314
0.642784  258
0.643964  351
0.644653  206
0.645056  342
0.645273  346
0.646433  329
0.646826  266
0.647901  315
0.648393  123
0.648796  326
0.648845  218
0.649188  379
0.649936  273
0.650157  221
0.650396  279
0.650451  56
0.650881  108
0.650963  276
0.651476  352
0.651547  29
0.652039  392
0.6522  320
0.653033  61
0.653101  46
0.653174  246
0.653686  349
0.653753  361
0.654507  375
0.655258  394
0.655618  118
0.655687  178
0.655697  110
0.655924  9
0.65595  80
0.655978  127
0.656445  200
0.656955  296
0.656979  133
0.657064  176
0.657142  282
0.657362  43
0.65748  263
0.657518  396
0.657656  311
0.657666  86
0.657681  317
0.65779  209
0.657892  393
0.657957  23
0.658381  274
0.658412  347
0.658536  382
0.658604  369
0.65882  111
0.658957  243
0.659218  390
0.65924  275
0.659241  122
0.659445  300
0.659578  322
0.65964  213
0.659678  137
0.659705  7
0.65983  312
0.659911  265
0.660425  355
0.661271  350
0.662167  194
0.662685  27
0.66283  308
0.662854  340
0.662873  84
0.662923  66
0.663008  30
0.663076  365
0.663082  245
0.663772  59
0.664878  72
0.665002  348
0.665005  18
0.665144  250
0.665247  193
0.665286  286
0.665355  8
0.66565  101
0.665656  330
0.665665  385
0.665691  21
0.665711  391
0.665836  208
0.66589  94
0.665976  109
0.666046  305
0.66607  149
0.666085  247
0.666226  388
0.666259  372
0.666297  60
0.666533  187
0.666685  210
0.666758  313
0.667298  231
0.667383  306
0.66783  136
0.667959  6
0.668111  219
0.668182  268
0.668385  310
0.668418  0
0.66857  339
0.668731  83
0.668833  232
0.669372  188
0.669411  67
0.66952  132
0.669688  371
0.669723  124
0.670097  95
0.67014  360
0.670211  376
0.670326  357
0.670573  186
0.670615  104
0.670861  38
0.671393  68
0.671581  293
0.671611  17
0.671616  319
0.671622  331
0.671639  324
0.671704  107
0.671858  386
0.672413  175
0.67288  11
0.672926  148
0.672929  41
0.672959  358
0.673074  199
0.673296  395
0.673308  174
0.673395  304
0.673512  389
0.673956  163
0.67396  177
0.673974  16
0.67431  140
0.674362  28
0.674376  380
0.674523  158
0.674615  374
0.674642  299
0.674678  383
0.674702  141
0.675088  31
0.675177  248
0.675197  367
0.675411  40
0.675729  285
0.675802  318
0.675905  301
0.675949  370
0.676031  303
0.676266  309
0.676362  142
0.676669  323
0.676811  325
0.677554  387
0.678088  241
0.678227  344
0.678438  354
0.678622  334
0.678761  353
0.679268  169
0.679322  364
0.679389  341
0.679451  397
0.679588  161
0.679905  119
0.680494  37
0.68054  223
0.680642  99
0.680678  377
0.680936  345
0.681187  327
0.682223  336
0.682847  373
0.683739  10
0.683943  333
0.68398  343
0.684015  195
0.684833  307
0.685041  392
0.686805  335
0.686909  356
0.687037  321
0.687466  102
0.687563  77
0.687775  316
0.6878  190
0.688017  215
0.688126  363
0.6884  351
0.689192  166
0.689504  366
0.690412  192
0.690834  399
0.691679  117
0.691741  328
0.691829  326
0.692412  277
0.692834  143
0.692845  252
0.693369  201
0.693448  381
0.693759  70
0.693867  329
0.694927  91
0.695258  130
0.695943  12
0.695946  369
0.696051  302
0.696065  139
0.696336  98
0.696793  368
0.696944  379
0.697075  308
0.697348  230
0.698262  384
0.69877  32
0.699022  121
0.699227  378
0.699368  338
0.699415  261
0.700038  385
0.70149  295
0.702052  362
0.702397  153
0.70248  315
0.70255  292
0.70259  36
0.702726  22
0.702767  47
0.702882  294
0.703113  69
0.703289  108
0.703837  212
0.703926  172
0.703973  79
0.704124  202
0.704163  179
0.704236  314
0.70425  196
0.704278  162
0.70431  106
0.704505  191
0.704631  311
0.704702  332
0.704809  81
0.705003  152
0.705043  390
0.705155  347
0.705497  350
0.705964  134
0.706283  296
0.706373  180
0.706803  131
0.706905  394
0.707121  348
0.707223  375
0.707244  147
0.707467  183
0.707472  78
0.707537  1
0.707538  352
0.707773  135
0.707818  229
0.707833  244
0.707864  198
0.707886  97
0.707908  184
0.707925  300
0.707943  382
0.707948  57
0.707981  289
0.708036  211
0.708419  144
0.708909  254
0.708925  185
0.709035  398
0.709045  189
0.709054  122
0.709057  73
0.70915  15
0.709244  227
0.709285  103
0.70932  349
0.70936  346
0.709372  165
0.709431  257
0.709655  62
0.710288  63
0.710388  396
0.710428  167
0.710545  330
0.710843  298
0.710851  317
0.710874  146
0.711313  337
0.711325  359
0.711589  54
0.711688  283
0.711808  342
0.711894  355
0.711901  306
0.711975  155
0.711992  262
0.712349  221
0.712444  93
0.712459  65
0.712536  2
0.712557  380
0.712628  239
0.712675  354
0.713079  128
0.713126  225
0.713146  156
0.713242  176
0.713256  116
0.713376  85
0.713438  322
0.713473  361
0.713557  327
0.71365  61
0.713708  74
0.713884  203
0.713972  267
0.714082  154
0.714147  305
0.714232  336
0.714263  76
0.714268  90
0.714432  14
0.714694  393
0.714722  319
0.714751  288
0.714772  301
0.714786  391
0.714859  204
0.714995  304
0.715002  92
0.715007  101
0.715011  260
0.715051  339
0.715355  395
0.715556  387
0.715614  316
0.715786  313
0.716039  376
0.716238  24
0.716552  114
0.716953  324
0.717201  383
0.717225  4
0.717388  331
0.717719  256
0.718081  365
0.718122  353
0.718953  386
0.719265  127
0.719269  360
0.719394  220
0.719521  364
0.719725  367
0.71987  64
0.720385  374
0.720471  72
0.72067  51
0.72078  333
0.721537  312
0.721579  325
0.721714  388
0.721773  340
0.721787  309
0.721817  323
0.722123  343
0.724387  253
0.724791  186
0.725384  373
0.72591  181
0.726184  358
0.72635  397
0.726762  87
0.726887  377
0.726913  38
0.727037  182
0.727206  177
0.727285  344
0.727409  335
0.727543  302
0.727623  50
0.727901  341
0.728034  357
0.728055  384
0.728065  39
0.728665  276
0.728747  303
0.729036  100
0.729142  89
0.729583  235
0.729655  345
0.72977  171
0.730471  42
0.730645  310
0.730656  370
0.731232  206
0.731634  115
0.732501  326
0.732537  48
0.732622  390
0.73285  41
0.733205  259
0.733622  274
0.733755  399
0.734145  11
0.735441  216
0.735541  297
0.735568  218
0.735674  351
0.73605  145
0.736426  159
0.736489  193
0.736864  82
0.736917  237
0.737168  392
0.737522  19
0.737697  381
0.737701  105
0.737768  320
0.737776  363
0.737845  112
0.737894  126
0.737895  124
0.737972  208
0.738044  17
0.73815  307
0.738192  270
0.73836  148
0.738635  368
0.738709  45
0.738944  86
0.739606  138
0.740061  32
0.740412  111
0.740625  197
0.740759  315
0.740895  362
0.740932  366
0.741021  13
0.741212  321
0.741406  329
0.741475  29
0.741524  164
0.741783  318
0.74189  245
0.741904  371
0.742036  290
0.742158  58
0.742656  151
0.743453  194
0.743617  168
0.743621  308
0.743646  346
0.743681  55
0.743788  372
0.743804  0
0.743919  234
0.743968  102
0.743986  43
0.744029  255
0.74441  334
0.744455  219
0.744561  236
0.744722  317
0.744733  71
0.744771  25
0.744923  84
0.744953  269
0.744959  136
0.744985  246
0.745115  201
0.745267  62
0.745605  378
0.745656  21
0.74576  250
0.745812  314
0.745821  120
0.74587  6
0.746023  215
0.746038  389
0.746242  348
0.746288  212
0.746313  359
0.746317  299
0.746506  249
0.74651  356
0.746529  142
0.74655  332
0.746711  129
0.746776  137
0.746778  188
0.747048  53
0.747067  123
0.747218  222
0.747298  133
0.747421  52
0.74777  379
0.747894  190
0.747939  28
0.748047  31
0.748181  322
0.748301  369
0.748373  281
0.748646  272
0.748691  20
0.748756  113
0.748789  263
0.748795  327
0.748921  170
0.748945  305
0.748952  349
0.74918  364
0.749204  34
0.74923  157
0.749231  337
0.749369  175
0.749504  200
0.749518  268
0.749557  385
0.750014  98
0.750035  338
0.750093  312
0.750246  304
0.751079  284
0.751732  313
0.751847  352
0.752165  360
0.752203  396
0.752274  214
0.752755  149
0.752807  88
0.753062  296
0.753071  118
0.753092  355
0.753323  173
0.753353  108
0.753464  376
0.75379  311
0.753848  306
0.753937  387
0.754044  275
0.754201  324
0.754216  160
0.754225  350
0.754374  258
0.754796  95
0.754839  279
0.755543  380
0.755595  70
0.756073  169
0.756079  248
0.756199  370
0.756268  140
0.756316  397
0.756476  354
0.756612  328
0.757078  143
0.757219  83
0.757658  49
0.757901  382
0.75791  46
0.758051  97
0.75837  243
0.75841  300
0.758577  323
0.759213  319
0.759304  347
0.759435  232
0.759729  310
0.759808  344
0.759849  342
0.759866  213
0.759999  374
0.760001  79
0.760016  3
0.760321  339
0.760453  375
0.760457  343
0.760518  152
0.760777  125
0.760968  373
0.761811  7
0.762083  361
0.76223  325
0.762914  109
0.763343  30
0.763699  398
0.764014  358
0.764434  4
0.76447  345
0.764568  341
0.764661  163
0.76484  56
0.76504  333
0.765044  294
0.76516  303
0.765165  386
0.765189  336
0.765739  331
0.765964  384
0.766485  377
0.766529  231
0.767699  244
0.768004  35
0.768761  393
0.76906  309
0.769139  381
0.769204  391
0.769532  242
0.771312  316
0.77164  330
0.771873  395
0.773097  287
0.773189  91
0.773371  78
0.7735  383
0.773646  392
0.773835  167
0.774994  371
0.775326  365
0.775405  107
0.775452  65
0.775703  233
0.775928  54
0.776733  197
0.776776  60
0.777138  192
0.777256  44
0.777588  75
0.777979  247
0.778045  100
0.778052  158
0.778161  394
0.778686  61
0.778828  298
0.778955  335
0.77909  301
0.779185  150
0.779387  359
0.779425  367
0.780229  184
0.780569  68
0.780976  280
0.781015  96
0.781055  223
0.781337  161
0.781762  340
0.781841  50
0.781862  388
0.781931  368
0.782088  289
0.782121  10
0.782211  37
0.782554  308
0.782652  230
0.782752  15
0.782754  73
0.782954  302
0.782961  260
0.783029  131
0.783298  117
0.7833  5
0.783351  378
0.783375  99
0.783464  93
0.783706  186
0.783811  33
0.783827  224
0.783841  307
0.784047  187
0.784055  278
0.784432  320
0.784597  211
0.78473  9
0.784837  176
0.785098  312
0.7853  101
0.785469  162
0.785474  321
0.785537  353
0.785725  81
0.786068  273
0.78607  122
0.786302  357
0.786328  240
0.786345  317
0.78647  180
0.7871  80
0.787127  329
0.787174  379
0.787234  311
0.787243  351
0.787787  390
0.787817  306
0.787838  18
0.787848  130
0.787979  106
0.788517  356
0.788636  326
0.788751  216
0.789349  36
0.789869  127
0.78993  105
0.790135  332
0.790458  45
0.790477  16
0.790516  110
0.790691  295
0.791047  94
0.791143  369
0.791366  364
0.791915  235
0.791923  66
0.791964  174
0.79261  347
0.792629  172
0.792723  315
0.792822  59
0.793016  399
0.793087  257
0.793323  313
0.793641  350
0.793693  318
0.793809  322
0.793969  348
0.794194  146
0.794683  376
0.795258  178
0.79548  0
0.795803  397
0.795872  8
0.796049  324
0.796172  264
0.796215  77
0.796379  300
0.796729  183
0.796838  90
0.7969  323
0.79706  327
0.797471  217
0.798209  349
0.798618  325
0.798849  396
0.799052  205
0.799317  387
0.799787  366
0.799995  219
0.800023  354
0.800409  336
0.801302  292
0.801356  282
0.801359  334
0.801526  370
0.801596  314
0.802057  114
0.802412  139
0.80244  69
0.802707  189
0.803059  288
0.803228  380
0.803385  385
0.803413  304
0.803764  226
0.803809  389
0.803868  266
0.804091  24
0.804311  237
0.804437  382
0.80446  355
0.805056  373
0.805234  384
0.80531  333
0.805573  362
0.805595  328
0.805617  360
0.806472  341
0.806908  330
0.807704  386
0.808899  363
0.808968  344
0.809062  337
0.810581  310
0.811223  372
0.811389  209
0.812008  133
0.812877  391
0.81321  393
0.813725  22
0.813958  274
0.81398  345
0.814455  358
0.816409  361
0.816566  165
0.81693  261
0.816991  383
0.817585  398
0.818114  316
0.818651  74
0.81867  375
0.819998  309
0.820141  290
0.821838  367
0.822121  276
0.822256  141
0.822963  374
0.823059  305
0.823242  43
0.823257  321
0.824351  267
0.825896  331
0.82591  352
0.826231  138
0.826513  39
0.826532  270
0.82659  169
0.826686  203
0.826937  371
0.827077  241
0.827502  342
0.827795  258
0.828246  135
0.82844  72
0.828886  227
0.829106  198
0.829149  339
0.829172  303
0.829302  119
0.829568  210
0.829598  17
0.829733  78
0.829787  208
0.829942  346
0.830091  307
0.830126  381
0.830228  338
0.830317  153
0.830804  228
0.83106  262
0.831642  193
0.831658  145
0.831661  285
0.831763  377
0.832011  293
0.832045  259
0.832094  125
0.832113  113
0.832167  265
0.832713  191
0.832845  392
0.832868  26
0.832874  137
0.833434  343
0.834521  251
0.834551  103
0.83484  160
0.835  320
0.83506  89
0.835208  365
0.835286  272
0.835398  121
0.835409  85
0.835416  394
0.835476  29
0.835702  269
0.835767  142
0.835808  214
0.835911  348
0.836026  61
0.836061  62
0.836156  56
0.83617  151
0.83618  28
0.836193  92
0.836201  395
0.836606  277
0.83672  95
0.83681  147
0.836957  166
0.837044  221
0.837372  93
0.837404  244
0.837509  55
0.837563  297
0.837572  379
0.837592  3
0.837674  271
0.837676  204
0.837742  312
0.837803  215
0.837803  229
0.837868  51
0.837905  111
0.837951  253
0.838002  397
0.838026  225
0.838096  369
0.83823  376
0.838232  329
0.838242  248
0.838299  188
0.838373  100
0.838432  38
0.838438  79
0.838546  359
0.83855  173
0.838553  318
0.838609  23
0.838706  170
0.838764  315
0.838783  302
0.838799  175
0.838825  268
0.838996  144
0.839218  317
0.839374  117
0.839505  195
0.839559  2
0.839701  388
0.839729  399
0.839805  11
0.83984  351
0.840383  239
0.840468  386
0.840494  140
0.840613  319
0.840668  185
0.840679  340
0.840805  134
0.84083  273
0.840897  332
0.840998  12
0.841306  334
0.841329  232
0.841422  57
0.841884  311
0.841981  294
0.842151  53
0.842154  362
0.842313  75
0.842485  167
0.842841  314
0.842849  275
0.842859  194
0.842929  6
0.842953  291
0.843067  91
0.843204  308
0.843239  380
0.843446  326
0.84359  360
0.843712  112
0.843832  54
0.843871  41
0.843877  333
0.843919  396
0.844004  347
0.844128  350
0.844213  324
0.844694  364
0.844776  322
0.844793  63
0.845018  363
0.845103  328
0.845269  301
0.845285  325
0.845358  344
0.845383  353
0.845499  155
0.845879  116
0.846021  345
0.846588  349
0.846594  335
0.846679  157
0.847624  385
0.847683  84
0.847951  327
0.848339  330
0.848955  306
0.849192  316
0.849542  356
0.849545  387
0.850905  201
0.851184  390
0.851285  313
0.852606  323
0.853452  378
0.853681  60
0.853928  370
0.854192  136
0.854277  357
0.85436  286
0.855392  42
0.856073  139
0.856322  372
0.856666  123
0.856747  149
0.856797  148
0.856799  307
0.856887  304
0.857143  281
0.857588  310
0.857673  278
0.857827  341
0.857951  354
0.858235  336
0.859727  393
0.860122  44
0.860387  355
0.861432  373
0.861563  337
0.861994  358
0.861999  124
0.862069  368
0.862101  64
0.863309  98
0.86427  159
0.864771  300
0.865152  40
0.865326  303
0.865762  177
0.866003  346
0.866586  382
0.867214  391
0.86773  383
0.868059  172
0.868852  384
0.869081  305
0.86939  352
0.869655  284
0.870272  375
0.870311  392
0.871273  158
0.87271  48
0.872879  192
0.872951  1
0.873358  222
0.874173  14
0.874328  102
0.874344  67
0.874389  369
0.874476  32
0.87455  96
0.874875  389
0.875203  58
0.875294  179
0.87554  132
0.875602  212
0.876054  196
0.876327  202
0.876402  154
0.876462  339
0.876503  35
0.876504  19
0.876828  236
0.877371  233
0.877538  252
0.877801  374
0.87783  143
0.877908  45
0.87796  340
0.878093  361
0.878297  127
0.878372  82
0.878453  366
0.878933  280
0.878965  126
0.879213  250
0.8793  211
0.879439  184
0.879551  371
0.879607  113
0.879659  199
0.879667  329
0.879758  299
0.879879  321
0.880077  97
0.880506  182
0.880904  246
0.881141  367
0.881254  168
0.881408  101
0.881419  86
0.881448  69
0.881451  240
0.88147  186
0.881476  342
0.881706  351
0.881802  109
0.88181  27
0.881823  287
0.881823  107
0.881838  90
0.881839  128
0.881845  254
0.881956  338
0.881957  171
0.881962  80
0.882009  73
0.882182  213
0.882357  334
0.882392  396
0.882418  394
0.882457  39
0.882538  108
0.882613  197
0.882624  331
0.88275  295
0.882896  206
0.883114  381
0.883138  53
0.883189  333
0.883248  220
0.883257  218
0.883656  398
0.883737  356
0.883815  217
0.883822  353
0.88397  376
0.884014  219
0.884109  122
0.884238  359
0.884292  363
0.884388  388
0.884662  395
0.885491  309
0.885662  30
0.885776  16
0.886556  256
0.88671  350
0.88682  399
0.88719  293
0.887274  68
0.88757  46
0.887718  77
0.887915  227
0.887969  322
0.888122  234
0.88842  25
0.888559  314
0.888788  259
0.888882  307
0.888963  323
0.889004  72
0.889097  318
0.889221  141
0.889351  328
0.889459  349
0.889469  49
0.889723  327
0.889865  302
0.890496  386
0.890533  37
0.890853  326
0.891008  347
0.891356  357
0.891962  189
0.892277  311
0.892488  360
0.892689  257
0.893383  57
0.893603  200
0.893956  319
0.894193  131
0.894734  393
0.895204  301
0.895392  18
0.895475  341
0.896004  315
0.896206  43
0.896328  345
0.897677  274
0.897678  216
0.897706  379
0.898918  150
0.899138  66
0.89919  372
0.899197  362
0.899369  383
0.899434  261
0.89945  10
0.899478  264
0.900044  330
0.900054  392
0.900404  320
0.900566  377
0.900736  105
0.901398  370
0.902162  263
0.902188  298
0.902465  313
0.902547  63
0.9031  380
0.903104  230
0.903429  119
0.903434  247
0.903778  153
0.90393  152
0.904067  385
0.904288  336
0.904469  242
0.904494  94
0.904671  15
0.904949  332
0.905118  304
0.905347  358
0.905526  226
0.906115  354
0.906165  324
0.906261  368
0.906302  125
0.906802  365
0.907182  235
0.907301  133
0.907536  364
0.907732  207
0.907925  83
0.907956  176
0.908262  317
0.908305  346
0.908334  5
0.908413  167
0.908775  162
0.908995  397
0.909244  355
0.90941  378
0.909606  337
0.909941  308
0.910883  281
0.912182  369
0.912677  343
0.91286  390
0.913614  335
0.914552  231
0.914747  283
0.915084  55
0.915142  146
0.915152  348
0.916138  384
0.916157  205
0.916938  391
0.917404  81
0.917444  260
0.91753  249
0.917612  300
0.9177  232
0.917722  286
0.918082  387
0.918376  382
0.91841  371
0.918457  374
0.919227  169
0.919418  279
0.920502  87
0.920583  267
0.920892  303
0.920917  398
0.921214  62
0.921322  174
0.921631  361
0.921998  116
0.92203  106
0.922083  296
0.922118  321
0.922389  243
0.92243  208
0.922444  76
0.922466  180
0.922644  104
0.922922  209
0.92304  202
0.923145  312
0.9233  328
0.923355  29
0.923377  251
0.923523  277
0.923544  366
0.923758  389
0.92382  156
0.924001  13
0.924096  31
0.924453  316
0.92454  59
0.924624  124
0.924638  47
0.924652  334
0.924673  181
0.924678  9
0.924794  0
0.924806  327
0.925135  394
0.925179  359
0.925209  65
0.925354  288
0.925479  98
0.92555  276
0.925741  352
0.925864  147
0.926004  89
0.926303  373
0.926418  195
0.92644  388
0.927028  356
0.927353  344
0.927364  3
0.927896  138
0.927902  2
0.927998  285
0.928029  381
0.928293  99
0.928363  351
0.928502  4
0.928545  329
0.928884  118
0.929272  306
0.929476  238
0.929622  393
0.929938  70
0.930106  103
0.930389  204
0.930459  178
0.930735  342
0.931133  341
0.931833  245
0.931887  399
0.931912  339
0.932313  132
0.932338  34
0.932747  194
0.932952  144
0.933019  375
0.933308  115
0.933519  148
0.933712  349
0.933772  250
0.933907  40
0.934177  292
0.934285  340
0.934468  310
0.934611  331
0.934668  161
0.934747  198
0.934772  6
0.934981  21
0.934998  325
0.935016  111
0.935042  212
0.935489  360
0.935687  32
0.936049  265
0.936454  145
0.936656  350
0.936662  142
0.936678  268
0.936687  338
0.937284  258
0.93748  357
0.937725  323
0.937747  309
0.937929  318
0.938035  330
0.938192  140
0.938199  314
0.938703  77
0.939584  262
0.939616  363
0.940074  278
0.940126  301
0.940252  347
0.940404  54
0.940457  289
0.940561  266
0.940596  159
0.940608  44
0.940667  345
0.940769  376
0.941667  302
0.94209  397
0.942685  248
0.942771  127
0.942789  322
0.942812  8
0.943029  187
0.943042  214
0.943272  335
0.943705  191
0.943929  333
0.944642  210
0.944713  308
0.945304  188
0.945318  166
0.945324  313
0.945341  197
0.945361  326
0.9455  305
0.945555  320
0.945601  78
0.946445  267
0.94659  367
0.946651  319
0.946891  126
0.947002  384
0.947068  353
0.948189  378
0.948629  365
0.94863  129
0.949345  192
0.949654  206
0.950372  25
0.951033  286
0.951082  153
0.951104  137
0.951137  203
0.951408  358
0.95162  369
0.951625  336
0.952034  237
0.952217  284
0.952561  311
0.952644  53
0.952646  315
0.952667  370
0.952703  85
0.952705  270
0.95272  110
0.952896  334
0.953031  215
0.953053  220
0.953096  23
0.953456  380
0.953483  88
0.95356  379
0.95388  395
0.953897  71
0.953963  364
0.954372  307
0.954415  114
0.954493  84
0.954568  392
0.95476  337
0.954891  38
0.95517  391
0.955827  35
0.955911  332
0.956101  321
0.956131  136
0.956293  64
0.957156  372
0.958325  348
0.958737  396
0.958846  255
0.959019  102
0.959402  271
0.959431  362
0.959718  324
0.959788  68
0.960365  373
0.960388  22
0.960414  157
0.960459  327
0.960526  317
0.960528  69
0.961259  74
0.961661  387
0.962012  154
0.962127  282
0.962155  304
0.96222  343
0.962781  383
0.962954  398
0.963207  346
0.963224  33
0.963962  394
0.963981  361
0.964501  28
0.964627  253
0.965001  241
0.965704  175
0.966312  368
0.966413  359
0.967389  100
0.967718  247
0.968079  50
0.968182  73
0.968208  16
0.968453  233
0.968573  381
0.968707  149
0.968821  223
0.968828  386
0.969133  377
0.969134  312
0.969171  389
0.969232  303
0.969277  111
0.969514  189
0.969849  300
0.970128  354
0.970311  170
0.970506  123
0.970718  274
0.970731  163
0.970847  351
0.970961  316
0.970981  143
0.971095  382
0.971423  227
0.971565  256
0.971844  120
0.971918  355
0.972256  91
0.97243  139
0.97257  58
0.973254  366
0.973906  121
0.97445  342
0.974719  328
0.974758  291
0.974979  112
0.975258  306
0.975787  184
0.975957  385
0.976196  254
0.976345  330
0.977208  172
0.97738  57
0.977441  272
0.977594  113
0.977934  61
0.977946  83
0.978216  150
0.978672  165
0.978714  390
0.978856  293
0.979125  135
0.979191  109
0.979212  11
0.979373  319
0.979702  360
0.980294  93
0.98049  294
0.980591  18
0.980636  201
0.980677  339
0.981025  338
0.981271  310
0.981316  222
0.981321  287
0.981435  344
0.981627  375
0.981641  397
0.981701  30
0.981777  318
0.981862  226
0.981891  41
0.981968  94
0.98198  186
0.98203  20
0.982088  92
0.982352  309
0.982578  133
0.982603  371
0.982641  374
0.982897  340
0.982954  279
0.982955  281
0.983021  219
0.983071  225
0.983454  376
0.983865  275
0.984026  108
0.984221  130
0.984257  128
0.98436  399
0.984612  95
0.9848  176
0.98487  39
0.984928  177
0.984941  234
0.98495  356
0.985  388
0.985104  162
0.985105  151
0.985171  363
0.985179  60
0.985256  349
0.985815  218
0.985902  96
0.986046  155
0.986354  322
0.986418  44
0.986777  86
0.986982  55
0.987017  82
0.987107  125
0.987299  352
0.98745  71
0.987486  341
0.987625  70
0.987649  37
0.987811  171
0.987864  273
0.987897  367
0.987942  229
0.988182  329
0.988334  187
0.988377  193
0.988555  393
0.98884  347
0.989128  24
0.989183  336
0.989447  331
0.989541  42
0.989574  124
0.989656  51
0.990111  198
0.990149  325
0.990154  378
0.990175  327
0.990328  353
0.990491  380
0.991467  326
0.992031  75
0.992146  324
0.992308  149
0.992461  323
0.99247  47
0.992657  384
0.992789  59
0.9936  141
0.99376  314
0.993884  392
0.994259  337
0.994944  364
0.995328  239
0.995517  343
0.99563  117
0.995889  313
0.996017  302
0.99616  132
0.996442  190
0.996546  387
0.996559  311
0.996579  238
0.998177  383
0.998226  357
0.998723  354
