0.0370665  203
0.0379194  227
0.0383359  5
0.0387305  136
0.0387765  143
0.0391466  39
0.0392982  198
0.0396888  36
0.0397226  306
0.0397478  329
0.0400383  278
0.0400689  321
0.0401006  190
0.0401437  168
0.0403823  230
0.040389  20
0.0404506  205
0.040551  337
0.0405735  356
0.0405884  346
0.0406532  340
0.0407136  164
0.0407889  264
0.0408352  355
0.0408921  202
0.0408922  213
0.0409246  201
0.0410257  121
0.0410448  22
0.0412447  305
0.0413367  60
0.0414896  171
0.0415151  290
0.0416052  2
0.0416102  258
0.0416265  397
0.041649  67
0.0416578  204
0.041688  72
0.0417322  367
0.0417452  117
0.0418031  45
0.0419033  180
0.0419194  175
0.0420545  324
0.0420641  233
0.0420647  4
0.0420863  360
0.0421393  370
0.0421684  352
0.0422523  146
0.0422524  185
0.0422547  110
0.0422857  243
0.0422894  9
0.0422908  262
0.0422987  71
0.0423324  43
0.0423389  263
0.0423469  179
0.0423662  389
0.0423837  361
0.042396  284
0.0424019  332
0.0424685  253
0.0424831  181
0.0425011  375
0.042518  317
0.0425634  393
0.0426243  369
0.042631  91
0.0426485  132
0.042661  70
0.0426672  325
0.0427273  215
0.0427907  116
0.0428082  378
0.042833  382
0.0428371  57
0.042841  95
0.0428577  135
0.0428641  48
0.0428976  344
0.0429092  354
0.0429904  217
0.0430059  239
0.0430179  223
0.0430464  133
0.0430605  358
0.043081  200
0.0430879  304
0.0431833  275
0.0431899  373
0.0431962  206
0.0432036  259
0.043274  312
0.0432794  74
0.0433064  279
0.0433294  391
0.0433743  399
0.0433903  289
0.0434393  114
0.0434515  381
0.0434541  209
0.0434876  314
0.0435172  311
0.0435259  148
0.0435309  69
0.0435476  50
0.0435529  83
0.0435556  342
0.0436116  139
0.043624  187
0.0436281  194
0.0436413  322
0.0436503  392
0.0437328  13
0.0437441  348
0.0437592  396
0.0437648  177
0.0437715  61
0.0437949  380
0.0438927  145
0.043922  388
0.0439586  395
0.0439622  323
0.043969  394
0.0439802  97
0.0439838  234
0.0440037  90
0.0440342  313
0.0440584  276
0.0440623  383
0.0441466  364
0.0441635  137
0.0441814  341
0.0442106  108
0.0442117  330
0.0442694  351
0.0443466  212
0.044352  240
0.044362  300
0.044412  155
0.0444351  301
0.0444439  76
0.0444469  115
0.0444891  362
0.0444894  343
0.0445401  327
0.0445492  328
0.0447043  37
0.0447327  119
0.0447502  268
0.0449562  368
0.0449777  192
0.0450019  149
0.0450293  237
0.0451846  307
0.0452139  379
0.0452588  247
0.0453364  326
0.0456024  349
0.0456569  85
0.0457044  267
0.0459584  309
0.046124  319
0.0461892  316
0.0464823  277
0.0467684  357
0.0470099  7
0.0471023  231
0.0472225  315
0.0474076  384
0.0474976  390
0.0476138  141
0.0478515  386
0.0478679  320
0.047877  350
0.048  77
0.0485965  338
0.0486219  128
0.0487716  385
0.0488949  308
0.0490316  374
0.0490812  366
0.0493138  353
0.0502492  365
0.0504636  318
0.0505847  159
0.0513126  302
0.051669  46
0.0521168  244
0.0523107  371
0.0529126  182
0.0529359  387
0.0534997  310
0.0537078  339
0.054311  334
0.0556558  359
0.0575433  157
0.0581747  347
0.0589272  126
0.0590954  372
0.059966  398
0.0600498  142
0.0603103  199
0.0604672  193
0.0605435  294
0.0609162  195
0.0612451  167
0.0614196  196
0.0622138  345
0.0625513  173
0.0628683  376
0.0630305  331
0.0630793  261
0.063279  188
0.0634944  113
0.0635615  111
0.0646803  59
0.0648223  178
0.0649657  124
0.0652661  138
0.0658609  24
0.0659243  303
0.0659395  30
0.0659587  273
0.0661216  336
0.0662482  221
0.0663155  292
0.0663627  49
0.0664403  122
0.0668351  87
0.0670347  28
0.0670549  363
0.0671698  207
0.0673148  65
0.0673262  34
0.0673518  333
0.0673931  109
0.0675715  288
0.0677318  25
0.0677499  189
0.0678022  245
0.0680926  55
0.0682191  19
0.0684553  10
0.0685853  33
0.0688163  92
0.0690514  377
0.0692912  250
0.0695352  274
0.0696876  96
0.069767  351
0.0697786  75
0.069981  252
0.0700022  219
0.070239  166
0.0702983  242
0.0706122  229
0.0707009  42
0.0707757  184
0.0707803  93
0.0708018  18
0.0708226  236
0.0708334  100
0.0708348  191
0.0708982  165
0.0709816  151
0.071049  337
0.0711006  246
0.0711333  169
0.0711557  211
0.0711626  283
0.071388  129
0.0714264  105
0.0714351  102
0.0714415  162
0.07161  379
0.071613  389
0.0716159  58
0.0716196  222
0.0716383  311
0.0716409  285
0.071759  228
0.0717705  335
0.0718152  232
0.071829  120
0.0718427  152
0.0718588  56
0.0719072  123
0.0719199  148
0.0719279  62
0.0720652  41
0.0721687  31
0.0723828  11
0.0724538  17
0.0725041  295
0.0725683  88
0.0725855  154
0.0725987  206
0.0726726  174
0.0727037  50
0.0727293  322
0.0727443  308
0.0727508  80
0.0727917  368
0.0728131  86
0.0728538  64
0.0728925  176
0.0729077  21
0.0729127  256
0.0729534  386
0.072983  73
0.0729949  291
0.0729973  238
0.0730015  6
0.0730072  341
0.073085  266
0.0731024  329
0.0731035  249
0.073134  392
0.0733094  98
0.0733952  35
0.0734381  144
0.0734462  373
0.0734679  125
0.0735031  328
0.0735597  104
0.0735689  315
0.0735802  265
0.0736123  44
0.0736149  254
0.0736458  327
0.0736755  399
0.0737188  304
0.0737208  357
0.0737714  344
0.0739243  255
0.0739766  163
0.0739865  395
0.0739938  367
0.0740305  99
0.0740498  78
0.0740628  194
0.0742336  323
0.0743119  352
0.0743157  130
0.0743802  396
0.0744142  302
0.0744395  358
0.0744869  375
0.0745377  271
0.0745827  27
0.0746054  172
0.0746842  29
0.0747601  38
0.0747921  312
0.0748084  346
0.0748154  309
0.0748158  299
0.074851  131
0.0750024  281
0.075005  94
0.0750654  374
0.0750683  140
0.0750692  84
0.0751073  260
0.0752507  300
0.0753494  342
0.0753517  26
0.0753849  198
0.0754063  220
0.0754087  334
0.0754645  388
0.0754717  381
0.075572  349
0.0756148  16
0.0756498  319
0.0758994  324
0.0759055  12
0.0759726  360
0.0760802  297
0.0762181  332
0.0763991  305
0.0764354  106
0.0765929  90
0.0766419  364
0.0767059  307
0.0767733  313
0.0768554  354
0.076862  3
0.0768928  338
0.0769442  306
0.0773227  385
0.0773805  134
0.0773967  325
0.0774174  365
0.0776964  54
0.0779956  150
0.0781209  248
0.0781625  339
0.0788704  2
0.0789889  348
0.0790066  160
0.0794303  68
0.079439  355
0.079547  356
0.0795923  383
0.0796354  384
0.0798584  270
0.0799085  77
0.0804051  330
0.0807019  107
0.080784  43
0.0809019  380
0.0811867  286
0.0812296  340
0.0812889  353
0.0817263  366
0.0819715  397
0.0823637  350
0.0825819  382
0.0826145  301
0.0826619  387
0.0827286  321
0.0827808  394
0.0840438  218
0.0845968  303
0.0854486  23
0.0859358  376
0.0869906  347
0.087568  369
0.0881211  128
0.0881451  362
0.0881809  393
0.0884334  146
0.0884642  318
0.0894789  391
0.0905433  326
0.0906982  8
0.0914533  264
0.091767  74
0.0917911  53
0.0927395  186
0.0931993  253
0.0933512  317
0.0938226  370
0.0939782  234
0.0943946  343
0.0946699  361
0.095261  145
0.095301  390
0.0953586  277
0.0953939  290
0.0959694  314
0.0960021  310
0.0961846  372
0.0972374  200
0.0988864  214
0.0992905  320
0.0994181  371
0.101311  9
0.101336  259
0.101586  158
0.10279  331
0.103119  51
0.103125  225
0.103482  180
0.103777  40
0.10398  233
0.104732  201
0.104844  101
0.105128  204
0.105375  157
0.105384  367
0.105439  300
0.105641  39
0.105651  195
0.105714  192
0.106326  389
0.106531  262
0.106858  32
0.107001  337
0.107124  224
0.107437  280
0.107449  237
0.108132  103
0.108296  247
0.108391  193
0.108421  132
0.108522  235
0.10861  342
0.10861  81
0.108662  359
0.108706  168
0.108709  329
0.108975  208
0.10925  187
0.109346  315
0.109901  69
0.110044  47
0.110054  15
0.110159  7
0.110699  282
0.110786  141
0.110901  177
0.11094  108
0.111152  284
0.111404  298
0.11141  156
0.111591  378
0.11168  263
0.11169  239
0.111773  244
0.111856  243
0.112032  52
0.112188  175
0.112304  230
0.112319  254
0.1124  394
0.112461  13
0.112486  341
0.11268  294
0.112724  330
0.112739  87
0.112761  275
0.112855  153
0.112871  76
0.112912  110
0.112969  0
0.113094  386
0.113141  349
0.113171  307
0.113174  121
0.113193  182
0.113194  112
0.113311  161
0.11348  327
0.113501  116
0.113553  179
0.11379  22
0.113834  46
0.113862  122
0.113864  97
0.113964  351
0.114007  383
0.114047  227
0.114078  387
0.114159  308
0.114393  323
0.114393  183
0.114445  124
0.114447  345
0.114619  335
0.114632  178
0.114709  368
0.114726  325
0.114728  197
0.114751  311
0.114776  397
0.114815  381
0.114881  79
0.114942  396
0.115003  305
0.115041  373
0.115076  149
0.11512  302
0.11545  357
0.115464  322
0.115616  334
0.11569  376
0.115752  328
0.11622  355
0.116434  366
0.116565  304
0.116609  321
0.116672  303
0.116715  382
0.117559  126
0.11785  86
0.118694  377
0.118856  354
0.118936  133
0.11911  356
0.119268  344
0.119332  318
0.119519  346
0.120012  374
0.121519  336
0.122134  91
0.122456  19
0.124512  309
0.125138  306
0.125232  364
0.125923  332
0.126131  388
0.12627  95
0.126828  216
0.126935  393
0.127042  26
0.127089  379
0.127295  375
0.127494  399
0.130003  313
0.130325  63
0.130325  324
0.130622  123
0.130777  127
0.131237  391
0.131666  340
0.131971  385
0.132081  135
0.133537  144
0.133548  312
0.133801  167
0.134598  370
0.134678  319
0.134849  310
0.135235  326
0.135613  350
0.136449  352
0.136766  348
0.137078  317
0.137487  287
0.138202  64
0.140826  365
0.1416  360
0.142124  49
0.142418  90
0.142734  301
0.142802  2
0.143218  371
0.144984  347
0.145279  339
0.145848  1
0.14587  343
0.14603  369
0.146085  333
0.148287  150
0.148489  217
0.148806  296
0.14884  358
0.148884  380
0.149289  125
0.149646  155
0.150462  94
0.150565  241
0.150675  390
0.150698  316
0.151532  392
0.152046  28
0.152147  96
0.152299  251
0.152321  300
0.152353  311
0.15246  226
0.152577  257
0.152704  48
0.153412  92
0.153949  361
0.1541  362
0.154331  154
0.154604  314
0.154618  147
0.154891  16
0.15507  58
0.155223  109
0.155335  384
0.15589  398
0.155994  188
0.156151  72
0.156326  292
0.156336  261
0.156346  363
0.156396  137
0.15656  162
0.156593  77
0.156667  258
0.156757  184
0.156772  164
0.156812  353
0.156814  395
0.156884  74
0.157077  331
0.15709  14
0.157094  5
0.157192  337
0.157292  139
0.157421  118
0.157439  266
0.157502  100
0.157621  330
0.157731  272
0.157828  70
0.157943  102
0.158179  325
0.158263  119
0.158323  276
0.158427  367
0.158473  65
0.158865  29
0.15922  113
0.159441  342
0.159498  128
0.159607  255
0.159613  349
0.15973  354
0.159744  38
0.160005  223
0.160051  27
0.16016  232
0.160386  67
0.160419  136
0.160488  373
0.160658  320
0.160785  303
0.161037  57
0.161056  302
0.161076  372
0.161123  338
0.161222  181
0.161324  291
0.161375  307
0.161671  279
0.161899  160
0.161962  60
0.162163  68
0.162258  286
0.162281  82
0.162527  152
0.162564  17
0.16284  176
0.163131  143
0.163248  264
0.163287  322
0.163341  9
0.163346  356
0.163346  391
0.16341  383
0.163826  269
0.163966  215
0.164082  23
0.164134  170
0.164287  11
0.164374  89
0.164482  43
0.164492  259
0.16457  359
0.164572  104
0.164683  54
0.164737  190
0.164855  240
0.164921  71
0.165064  34
0.165083  111
0.165118  315
0.165129  44
0.165136  115
0.16515  24
0.16521  387
0.165312  341
0.165415  84
0.165591  318
0.165625  171
0.165799  332
0.165826  130
0.166014  195
0.166271  165
0.166343  313
0.166373  394
0.166545  376
0.166683  73
0.166743  336
0.166782  18
0.166899  345
0.166899  295
0.166914  351
0.167051  357
0.167052  327
0.167116  293
0.167516  368
0.167649  312
0.167682  134
0.167708  306
0.167722  328
0.168055  198
0.168135  348
0.168161  131
0.168318  148
0.168545  79
0.169169  25
0.169276  282
0.169278  335
0.169385  324
0.169417  297
0.169525  382
0.169929  305
0.170392  329
0.170472  234
0.170737  98
0.171077  218
0.171082  301
0.171149  344
0.171687  212
0.171763  277
0.171995  66
0.172097  206
0.1721  396
0.172186  399
0.172565  350
0.172691  256
0.173032  333
0.17314  203
0.173352  273
0.173396  93
0.173685  304
0.173916  308
0.174033  20
0.174197  228
0.17458  358
0.174812  340
0.174943  393
0.175147  88
0.175311  316
0.175525  377
0.175755  386
0.175839  346
0.176164  209
0.177533  159
0.178072  310
0.178189  365
0.178275  334
0.178336  35
0.178721  319
0.178854  321
0.179743  267
0.180587  253
0.180722  381
0.180851  129
0.181242  268
0.181903  378
0.182249  40
0.182445  221
0.183435  375
0.183521  380
0.183914  169
0.184426  397
0.184441  361
0.185644  80
0.185714  374
0.185971  225
0.186127  300
0.186145  392
0.186158  326
0.186963  174
0.18777  389
0.187899  385
0.18799  323
0.188014  317
0.1881  239
0.18832  37
0.189357  205
0.189793  213
0.189969  247
0.189984  379
0.190223  107
0.190304  294
0.190773  366
0.190828  370
0.191101  4
0.191871  237
0.191976  219
0.1921  309
0.192863  22
0.193308  275
0.193353  355
0.193658  260
0.19368  200
0.194475  362
0.194483  325
0.19465  278
0.19477  288
0.19494  21
0.195147  360
0.195397  371
0.195764  270
0.195935  384
0.196287  337
0.196308  220
0.196407  81
0.196916  15
0.197362  157
0.197462  343
0.197835  10
0.198031  211
0.198086  121
0.198266  141
0.1984  153
0.198603  127
0.198779  280
0.198843  364
0.198854  19
0.198971  140
0.199043  56
0.199101  53
0.199109  59
0.199137  185
0.199191  246
0.199516  210
0.199572  6
0.199655  2
0.199866  106
0.199995  41
0.200071  3
0.200151  388
0.200442  132
0.200621  146
0.200722  75
0.200745  186
0.200786  367
0.200792  138
0.200832  339
0.200878  86
0.200954  262
0.201066  347
0.201281  193
0.201422  352
0.201664  99
0.201806  46
0.201935  394
0.202317  180
0.202362  331
0.202455  369
0.202477  229
0.202533  255
0.20266  49
0.202684  307
0.202693  83
0.202721  242
0.202749  306
0.202778  289
0.203046  166
0.20306  372
0.203142  114
0.203165  31
0.203368  271
0.203374  354
0.203415  373
0.203611  168
0.203626  359
0.203923  172
0.203931  348
0.203952  281
0.204046  45
0.204196  85
0.204385  395
0.20468  135
0.205633  257
0.205732  318
0.2058  328
0.20588  324
0.20588  332
0.206036  254
0.206277  279
0.206357  315
0.207052  52
0.207083  226
0.207108  142
0.207206  336
0.207274  124
0.207506  12
0.20765  238
0.207742  314
0.207859  55
0.207889  214
0.20802  340
0.208237  204
0.208308  72
0.208409  322
0.208525  344
0.208598  216
0.20879  353
0.208819  341
0.208848  363
0.209684  310
0.209718  171
0.209865  335
0.210073  43
0.210126  251
0.210263  368
0.21056  382
0.210894  197
0.211102  321
0.211119  376
0.211177  266
0.211223  69
0.211431  338
0.211448  23
0.211543  399
0.211756  158
0.211765  26
0.211789  249
0.212096  351
0.21236  330
0.212551  156
0.212659  301
0.212673  342
0.212793  196
0.212821  311
0.212872  356
0.212943  387
0.213388  308
0.213396  375
0.21347  256
0.213887  98
0.21408  378
0.214712  326
0.214984  62
0.215104  333
0.216137  346
0.216385  390
0.216393  383
0.216593  334
0.216722  20
0.216855  28
0.216883  357
0.216972  283
0.218401  103
0.2187  377
0.218721  312
0.218969  313
0.219941  350
0.219948  13
0.220289  327
0.220864  316
0.221273  391
0.222328  358
0.22256  381
0.222627  360
0.222983  96
0.223788  304
0.225404  397
0.225435  398
0.225858  329
0.226132  207
0.227193  97
0.227398  396
0.228272  374
0.230161  319
0.230377  305
0.231042  392
0.231938  78
0.232221  365
0.233192  274
0.234385  292
0.235211  389
0.235546  349
0.235611  299
0.235622  233
0.235919  320
0.235959  252
0.236231  163
0.236426  393
0.236755  245
0.237118  302
0.237853  323
0.237889  345
0.237909  130
0.238097  44
0.238118  128
0.238157  248
0.23843  167
0.239053  64
0.239365  218
0.239659  298
0.239833  261
0.239896  386
0.241023  30
0.241337  179
0.241415  155
0.241538  290
0.241563  5
0.241622  112
0.241634  287
0.241829  1
0.241996  361
0.242189  150
0.242649  137
0.242684  385
0.242795  17
0.242866  228
0.242904  187
0.243054  317
0.24334  47
0.243392  227
0.243409  125
0.243515  355
0.243587  364
0.243723  95
0.243977  217
0.244029  182
0.244066  126
0.244119  152
0.244171  123
0.244181  344
0.244235  66
0.24425  84
0.244257  230
0.244302  352
0.244661  36
0.244744  221
0.244852  284
0.245368  236
0.245468  76
0.245493  104
0.245919  243
0.24593  199
0.24594  325
0.245974  170
0.246077  93
0.246115  24
0.246121  8
0.246323  71
0.246466  139
0.246496  354
0.246567  371
0.246658  379
0.246673  173
0.246776  51
0.246796  208
0.246831  269
0.246929  120
0.247008  61
0.247037  369
0.247045  231
0.247125  87
0.247153  202
0.24719  32
0.247224  338
0.247345  232
0.247496  189
0.247646  67
0.247659  367
0.247808  314
0.247836  33
0.247875  215
0.247903  331
0.248187  273
0.248515  337
0.24857  4
0.248618  110
0.248718  362
0.249076  372
0.24911  343
0.249152  265
0.249291  244
0.249309  11
0.249325  382
0.249377  259
0.249407  318
0.24942  286
0.249511  222
0.249514  312
0.249543  395
0.249545  247
0.249583  29
0.249766  263
0.249892  306
0.24997  144
0.249982  16
0.250145  88
0.250219  366
0.250294  92
0.250299  134
0.250367  241
0.25042  303
0.250698  209
0.250727  143
0.250763  22
0.250766  336
0.250771  94
0.250785  54
0.250819  285
0.251015  308
0.25115  357
0.251218  204
0.251246  370
0.251278  145
0.25137  291
0.251388  340
0.251472  348
0.2515  175
0.251596  387
0.251669  332
0.251678  195
0.251981  324
0.251992  353
0.25202  198
0.252286  327
0.252367  63
0.252402  309
0.252532  53
0.252597  358
0.252617  177
0.252656  322
0.252751  282
0.252941  347
0.253002  102
0.253055  333
0.253162  268
0.253492  311
0.253558  310
0.25365  326
0.253757  105
0.253774  335
0.253825  359
0.254003  277
0.254067  380
0.254107  315
0.254291  346
0.25435  376
0.254475  383
0.255062  85
0.255756  396
0.25579  377
0.256497  356
0.258512  384
0.258792  304
0.258829  330
0.258901  316
0.259574  328
0.259898  394
0.260568  397
0.26061  224
0.263358  39
0.263462  313
0.263629  174
0.264197  375
0.265099  300
0.265163  381
0.265931  258
0.266013  223
0.266509  320
0.266621  363
0.267237  48
0.267646  393
0.267769  214
0.268127  7
0.268441  365
0.269222  334
0.270306  321
0.270854  178
0.272121  391
0.272153  10
0.272662  398
0.272847  302
0.273079  373
0.273722  264
0.273723  153
0.273829  0
0.274671  351
0.274836  111
0.274902  352
0.275576  38
0.275673  108
0.275869  399
0.276317  72
0.276345  210
0.276815  270
0.277086  203
0.277363  80
0.277553  360
0.277563  342
0.277682  301
0.277723  216
0.278606  368
0.278908  341
0.279012  133
0.279118  45
0.279183  119
0.279486  307
0.279827  52
0.280075  378
0.280205  219
0.280592  165
0.280796  319
0.280998  323
0.281254  3
0.28139  14
0.281607  392
0.28181  73
0.281914  122
0.281957  388
0.282138  132
0.282247  113
0.282262  339
0.282358  374
0.282958  235
0.282959  96
0.283349  329
0.283726  345
0.283752  103
0.284026  77
0.28427  239
0.284302  82
0.284398  18
0.284549  35
0.284637  305
0.284662  116
0.285354  154
0.285479  347
0.285638  146
0.285675  101
0.285787  150
0.286045  6
0.286294  166
0.286339  226
0.286389  129
0.286463  161
0.287048  74
0.287092  89
0.287126  70
0.287274  91
0.287382  389
0.287582  350
0.287641  181
0.287672  60
0.287743  69
0.287963  355
0.288024  295
0.288045  294
0.288134  107
0.288202  371
0.288787  271
0.288924  205
0.288956  293
0.288999  15
0.289009  147
0.289112  100
0.289117  366
0.289185  361
0.289192  120
0.289225  159
0.289395  390
0.289485  50
0.289488  335
0.289663  62
0.289736  172
0.289764  261
0.289988  257
0.289995  171
0.29005  55
0.290086  385
0.290139  26
0.290189  186
0.290282  353
0.290402  275
0.290429  357
0.29052  43
0.290527  37
0.290531  109
0.290618  242
0.290834  382
0.290863  272
0.290913  253
0.291  278
0.29109  262
0.291135  349
0.291141  42
0.291159  142
0.29122  164
0.291328  49
0.291356  57
0.291661  135
0.291714  251
0.291776  180
0.291797  337
0.291837  358
0.29189  207
0.291894  356
0.291924  367
0.291968  348
0.291987  317
0.291988  106
0.292037  332
0.292099  315
0.292164  346
0.292173  98
0.292205  138
0.292301  286
0.292349  28
0.292436  333
0.292459  75
0.292559  23
0.292574  160
0.293172  310
0.293591  131
0.293692  306
0.293717  266
0.293762  340
0.293954  117
0.294031  297
0.294131  158
0.294446  283
0.294604  41
0.294657  176
0.294924  394
0.295032  194
0.295201  393
0.295246  330
0.29536  379
0.295365  383
0.295416  387
0.295572  289
0.295702  395
0.295738  331
0.29581  303
0.295828  118
0.295904  240
0.296069  59
0.296306  373
0.296606  230
0.296619  376
0.296851  267
0.296898  370
0.296965  354
0.297116  343
0.297138  318
0.297435  124
0.297565  296
0.297947  148
0.297996  325
0.298112  94
0.298147  344
0.298149  324
0.298209  364
0.298511  377
0.298587  206
0.298699  338
0.298877  326
0.299477  369
0.299541  201
0.299789  308
0.300469  238
0.300653  363
0.300896  309
0.300968  375
0.301947  360
0.302799  397
0.303589  281
0.303771  56
0.303823  372
0.303929  304
0.304715  386
0.305527  311
0.305702  27
0.306679  359
0.307193  312
0.308327  280
0.30867  351
0.308673  327
0.308906  329
0.310315  396
0.311032  78
0.311564  336
0.311618  316
0.312772  321
0.313271  85
0.314435  381
0.314469  314
0.315497  174
0.316125  384
0.31721  191
0.318545  16
0.319393  61
0.319435  328
0.319516  156
0.321152  300
0.321501  130
0.321517  374
0.321773  385
0.322261  260
0.322963  8
0.323026  362
0.323031  231
0.323039  192
0.323061  378
0.323375  40
0.323766  380
0.323967  141
0.323978  391
0.324262  313
0.324804  93
0.325068  68
0.325125  366
0.325231  169
0.325612  34
0.325793  365
0.325801  334
0.32631  399
0.326412  220
0.326436  389
0.326645  301
0.326966  110
0.326973  244
0.32699  196
0.328701  170
0.328922  320
0.32919  247
0.329321  322
0.329649  193
0.329779  90
0.330047  398
0.330108  168
0.330211  151
0.33026  31
0.331063  188
0.331332  342
0.331579  79
0.33158  285
0.331653  263
0.331795  237
0.3319  319
0.33195  88
0.332014  223
0.332084  302
0.332154  46
0.332659  194
0.332857  80
0.332944  335
0.333049  323
0.333196  368
0.333501  149
0.334286  143
0.334408  19
0.334794  240
0.334807  394
0.334826  352
0.334845  339
0.334893  227
0.3349  157
0.334941  276
0.335077  1
0.33525  307
0.335528  370
0.335703  211
0.336067  212
0.336183  388
0.336386  218
0.337144  209
0.337186  324
0.337318  126
0.33738  298
0.337711  356
0.337728  185
0.337764  213
0.338226  102
0.338273  199
0.338675  304
0.338779  383
0.338854  293
0.339184  216
0.339251  273
0.339349  12
0.339378  343
0.339535  341
0.339539  315
0.339728  318
0.339923  349
0.34002  87
0.340032  250
0.340036  258
0.340276  357
0.340289  108
0.340423  303
0.340442  65
0.340599  246
0.340731  355
0.341068  306
0.341118  127
0.341708  112
0.341824  131
0.341989  197
0.342041  345
0.34207  310
0.342362  200
0.34279  333
0.342822  245
0.342892  348
0.343003  204
0.343384  350
0.34352  373
0.343698  382
0.343813  377
0.34383  367
0.344073  305
0.344786  162
0.34562  292
0.345984  56
0.346186  221
0.346613  86
0.346735  139
0.346742  17
0.34699  48
0.347333  24
0.347431  116
0.347579  99
0.347631  97
0.347714  317
0.347721  210
0.347724  331
0.347998  308
0.348131  340
0.348172  179
0.34829  397
0.348351  346
0.348699  361
0.348801  268
0.348929  354
0.349102  81
0.349117  236
0.349843  379
0.349889  359
0.350147  344
0.350162  390
0.350169  360
0.350458  358
0.350569  363
0.350778  33
0.350787  312
0.351431  67
0.351466  311
0.351564  173
0.352276  353
0.352975  107
0.353005  384
0.353666  396
0.354048  241
0.354157  205
0.354704  332
0.354788  21
0.355095  386
0.355207  22
0.355414  249
0.355681  372
0.35573  155
0.355771  314
0.355826  284
0.356131  183
0.356637  104
0.356913  325
0.357711  326
0.357842  366
0.357889  144
0.358142  387
0.358473  287
0.358899  329
0.359135  119
0.359369  309
0.359675  392
0.359937  338
0.360044  83
0.360821  55
0.360844  254
0.361257  128
0.361646  347
0.362587  364
0.362692  374
0.363317  148
0.363747  115
0.363978  277
0.364228  137
0.364352  109
0.364379  369
0.364964  371
0.365088  140
0.365112  190
0.365328  337
0.365364  59
0.365375  133
0.365786  389
0.367189  51
0.367347  283
0.367962  11
0.368024  105
0.368162  163
0.368284  129
0.368304  58
0.368422  125
0.368469  393
0.368519  336
0.368523  376
0.368664  45
0.368807  274
0.368853  76
0.368908  18
0.369153  117
0.369169  30
0.369414  279
0.369464  120
0.369549  351
0.369579  111
0.369651  158
0.369931  229
0.369946  252
0.370132  259
0.370164  37
0.370209  136
0.370365  385
0.370521  186
0.370614  269
0.370884  41
0.371075  391
0.371208  365
0.371242  395
0.371253  85
0.371268  195
0.371322  307
0.371366  380
0.371442  84
0.371507  39
0.371687  89
0.371698  215
0.371865  270
0.372112  184
0.372113  300
0.37222  265
0.372341  64
0.372416  330
0.372759  63
0.372798  352
0.372835  234
0.37293  255
0.372972  261
0.372985  164
0.373032  5
0.373104  327
0.373535  171
0.373733  320
0.373838  356
0.373979  290
0.374015  370
0.374027  228
0.374307  191
0.374334  399
0.374574  189
0.374637  375
0.374792  288
0.374853  275
0.374873  239
0.374946  32
0.374949  381
0.374985  282
0.375015  203
0.375049  267
0.375173  60
0.375199  398
0.375247  291
0.375289  350
0.375352  313
0.375367  303
0.375445  13
0.375491  253
0.375636  378
0.375916  238
0.375979  198
0.376192  71
0.376246  72
0.376559  225
0.376573  335
0.376595  328
0.376622  302
0.376661  135
0.37672  123
0.376809  174
0.376811  362
0.37695  23
0.377485  394
0.377512  152
0.37793  346
0.378116  74
0.378143  262
0.378404  323
0.37869  169
0.378827  301
0.379124  305
0.379309  73
0.379503  285
0.379514  44
0.379757  260
0.379849  315
0.380212  339
0.380222  377
0.380273  134
0.380317  248
0.380566  9
0.380724  308
0.38092  82
0.381148  1
0.38148  278
0.381512  319
0.381527  345
0.381621  367
0.381623  207
0.381755  334
0.382012  187
0.382782  311
0.382791  66
0.382821  98
0.38287  53
0.383159  143
0.383641  306
0.383662  226
0.383681  342
0.383687  49
0.383697  27
0.383712  382
0.383817  172
0.383978  206
0.384143  310
0.384337  316
0.384589  348
0.384914  384
0.385022  388
0.385166  354
0.385517  318
0.386395  57
0.386587  343
0.386742  359
0.386837  349
0.386956  20
0.386989  317
0.387281  263
0.387413  341
0.387621  2
0.387831  19
0.387852  93
0.387854  358
0.389197  156
0.389301  340
0.389932  355
0.389985  257
0.390131  353
0.390224  373
0.390777  347
0.391391  324
0.391691  379
0.391978  338
0.392279  132
0.392516  383
0.392809  390
0.392958  242
0.395495  286
0.395833  266
0.396097  154
0.396194  8
0.3962  113
0.396516  121
0.396573  4
0.396823  331
0.396845  216
0.39733  230
0.397624  396
0.397742  332
0.397765  326
0.398189  361
0.398381  329
0.398431  69
0.398762  271
0.398855  176
0.399324  357
0.399977  368
0.399983  10
0.40012  389
0.400402  344
0.400644  325
0.400829  322
0.400972  321
0.401559  280
0.402304  188
0.402307  141
0.402387  385
0.402532  12
0.402542  360
0.40266  220
0.403661  91
0.403735  233
0.404435  366
0.405015  284
0.405131  46
0.40516  398
0.405339  386
0.405607  333
0.405657  173
0.40568  264
0.406157  25
0.406376  170
0.406857  101
0.407148  240
0.407487  47
0.407494  251
0.407729  103
0.407754  232
0.407837  145
0.407983  151
0.408026  392
0.408046  337
0.408046  295
0.408413  309
0.409051  88
0.409229  146
0.409568  114
0.409686  397
0.409746  314
0.409825  395
0.410039  178
0.410555  387
0.4107  80
0.41073  299
0.410819  243
0.410848  218
0.411021  202
0.411022  75
0.411102  256
0.411135  378
0.411148  328
0.411515  63
0.411571  391
0.411619  231
0.41201  304
0.412064  381
0.412314  161
0.412372  393
0.412806  375
0.412914  165
0.413118  301
0.413231  167
0.41377  380
0.414587  0
0.414803  236
0.414917  7
0.41534  312
0.415554  197
0.415611  335
0.415791  77
0.416259  371
0.416328  106
0.416737  118
0.417512  199
0.417591  374
0.417669  394
0.417832  86
0.417862  281
0.418173  249
0.418329  336
0.418578  330
0.418622  294
0.418673  177
0.41886  320
0.419101  365
0.419684  95
0.419939  138
0.420042  356
0.420906  6
0.421008  272
0.421009  384
0.421092  317
0.421157  273
0.421307  363
0.421483  289
0.421843  124
0.422012  245
0.422346  388
0.422692  352
0.422916  67
0.422944  211
0.423117  351
0.423283  269
0.4237  247
0.423824  343
0.42391  56
0.424351  362
0.424357  29
0.424389  78
0.424446  348
0.424454  250
0.424596  379
0.424665  142
0.424733  120
0.424925  235
0.425209  341
0.425445  99
0.425577  96
0.425593  310
0.425635  287
0.425669  313
0.425696  311
0.425999  382
0.426304  181
0.426461  104
0.426525  372
0.426619  224
0.4268  38
0.427218  300
0.427543  342
0.427646  71
0.427908  399
0.428137  162
0.428192  302
0.428651  166
0.429533  213
0.429635  339
0.429757  293
0.430051  17
0.430116  94
0.430119  31
0.430665  327
0.43072  180
0.430733  182
0.43156  370
0.43181  214
0.431837  68
0.432018  298
0.432263  190
0.432504  373
0.432626  192
0.432731  316
0.432754  128
0.432754  361
0.433052  318
0.433067  322
0.433079  129
0.433139  292
0.433307  354
0.433404  340
0.433411  345
0.433523  364
0.43378  303
0.434189  307
0.434712  116
0.434812  131
0.435097  217
0.435408  347
0.436013  350
0.436334  3
0.4369  246
0.43754  369
0.437869  338
0.437885  315
0.437913  306
0.437952  55
0.438558  367
0.438636  201
0.43868  305
0.438749  390
0.439702  34
0.440119  35
0.44042  324
0.440627  376
0.441354  323
0.44175  133
0.442301  308
0.442363  154
0.442367  62
0.442741  208
0.443045  337
0.443593  122
0.443627  227
0.444001  319
0.444042  140
0.444785  377
0.445354  193
0.445427  81
0.446116  221
0.446147  346
0.446177  360
0.44672  163
0.447199  44
0.447611  79
0.448123  123
0.448422  333
0.448883  274
0.449085  28
0.449247  127
0.449292  349
0.449309  329
0.449438  87
0.449455  238
0.449467  52
0.449621  219
0.449697  139
0.449799  332
0.450019  147
0.450239  36
0.450276  254
0.450364  48
0.450393  321
0.450427  174
0.450499  150
0.450558  296
0.450646  391
0.450733  353
0.450735  326
0.451252  33
0.451271  344
0.451354  368
0.45149  389
0.451545  39
0.451581  215
0.452151  168
0.452182  371
0.452404  230
0.452515  89
0.45256  159
0.45283  304
0.452898  1
0.45301  60
0.45306  158
0.453065  144
0.45322  204
0.453405  385
0.453491  276
0.453588  209
0.454068  396
0.454198  236
0.454356  357
0.454457  107
0.454544  358
0.45507  203
0.45513  185
0.455231  366
0.455571  229
0.455606  359
0.455843  334
0.456076  331
0.456109  82
0.456115  155
0.456216  355
0.456246  102
0.456314  15
0.456453  61
0.456723  336
0.456871  92
0.45697  383
0.456999  222
0.457015  386
0.45721  70
0.457211  394
0.457737  125
0.45785  45
0.457981  108
0.45804  397
0.458103  164
0.458114  392
0.458376  205
0.458478  275
0.458606  265
0.458646  325
0.458712  26
0.458914  194
0.458934  16
0.458956  255
0.459191  109
0.459265  335
0.459718  387
0.460067  378
0.460233  130
0.460522  220
0.460679  362
0.460941  283
0.460971  27
0.46109  297
0.461153  328
0.461188  312
0.461467  207
0.461498  85
0.46153  73
0.461661  10
0.461947  40
0.461964  320
0.462166  176
0.462238  395
0.462444  59
0.462588  65
0.462608  314
0.462611  225
0.462652  189
0.462655  261
0.463168  351
0.463261  311
0.463349  381
0.463355  380
0.463369  258
0.463819  156
0.464018  248
0.464641  8
0.464649  363
0.464768  111
0.464862  315
0.464939  23
0.465068  309
0.465078  290
0.465111  49
0.465357  271
0.465627  51
0.465679  384
0.465684  322
0.46578  382
0.465961  375
0.466211  262
0.466269  195
0.466421  399
0.46653  361
0.466852  372
0.46687  136
0.466916  345
0.467158  148
0.467482  365
0.467536  388
0.468025  350
0.468285  135
0.469124  226
0.469382  393
0.469387  96
0.470046  43
0.470327  340
0.470519  151
0.470622  58
0.470865  398
0.470884  228
0.470986  53
0.470997  76
0.47127  187
0.471416  310
0.471876  307
0.472131  316
0.472189  84
0.472732  379
0.473667  376
0.473753  330
0.474049  301
0.474321  374
0.474417  303
0.474423  184
0.474562  342
0.474636  18
0.475292  390
0.475661  341
0.476236  327
0.476285  302
0.477237  234
0.477487  263
0.477546  199
0.477644  0
0.478974  231
0.479074  235
0.479196  157
0.47972  41
0.480094  332
0.480795  132
0.481113  47
0.481225  300
0.481239  308
0.48146  280
0.481513  313
0.481681  145
0.481807  42
0.481855  150
0.481914  17
0.48192  20
0.482207  259
0.482239  317
0.482249  270
0.482326  223
0.482366  323
0.482485  218
0.482695  377
0.48281  25
0.48288  143
0.482952  233
0.483324  100
0.483362  175
0.483373  165
0.483622  286
0.483682  338
0.483804  356
0.483943  318
0.484083  37
0.484114  21
0.484121  115
0.4842  153
0.484622  278
0.48483  57
0.485026  352
0.485275  343
0.485378  282
0.48553  29
0.485599  91
0.485737  267
0.48594  339
0.486145  120
0.486386  4
0.486488  346
0.486569  337
0.486785  202
0.486827  305
0.487044  210
0.487292  319
0.487395  347
0.487451  6
0.487587  324
0.487596  386
0.487776  213
0.487954  188
0.488015  114
0.488066  183
0.48809  74
0.488407  373
0.488648  353
0.4888  354
0.488902  190
0.489044  191
0.489075  292
0.489075  72
0.489094  86
0.489174  196
0.489415  348
0.489553  98
0.489574  306
0.48967  166
0.489799  321
0.489883  3
0.489954  11
0.490034  360
0.490056  364
0.490362  34
0.490795  369
0.490816  178
0.490884  169
0.490937  241
0.49094  371
0.491301  32
0.491475  14
0.491504  244
0.491625  128
0.492011  383
0.492243  222
0.492382  367
0.492441  122
0.492497  397
0.493075  54
0.49314  146
0.49319  88
0.493246  269
0.493308  260
0.493461  95
0.49349  381
0.493628  141
0.493754  131
0.493832  105
0.493981  38
0.494211  359
0.494287  344
0.494348  336
0.49438  334
0.494494  349
0.494666  370
0.494763  46
0.494987  274
0.495003  355
0.49506  326
0.495385  211
0.495459  186
0.495493  333
0.495558  68
0.495602  101
0.495624  83
0.496038  385
0.496794  322
0.496839  167
0.497193  311
0.497424  119
0.497585  378
0.497746  172
0.498028  358
0.498253  395
0.499348  368
0.499415  160
0.499485  117
0.499571  56
0.499974  323
0.500004  365
0.500035  5
0.50033  388
0.500552  173
0.500683  243
0.501161  201
0.501402  327
0.501455  320
0.501636  291
0.501699  237
0.501704  7
0.501826  384
0.50247  69
0.502716  396
0.502891  366
0.503599  382
0.503787  268
0.504041  335
0.504189  134
0.504563  314
0.504671  310
0.50514  390
0.505497  398
0.505862  329
0.50617  158
0.506211  66
0.50634  361
0.506477  253
0.50773  299
0.507854  24
0.508206  13
0.508848  126
0.508942  30
0.509022  389
0.509136  63
0.50941  125
0.509527  307
0.509613  204
0.509854  304
0.509858  399
0.510027  71
0.510414  350
0.510584  345
0.510763  372
0.511281  394
0.511359  387
0.511383  287
0.512018  90
0.512099  313
0.512127  303
0.51276  75
0.513541  363
0.513575  392
0.514036  177
0.5144  391
0.514643  133
0.515001  375
0.515997  80
0.516779  328
0.516977  353
0.516987  70
0.517101  161
0.517112  137
0.517526  152
0.518328  376
0.518607  49
0.518844  302
0.518984  252
0.519322  181
0.519704  330
0.519803  357
0.519857  340
0.519911  301
0.520039  306
0.520186  193
0.521195  312
0.521315  94
0.521363  315
0.521492  239
0.52198  22
0.52231  272
0.522594  308
0.522951  8
0.523617  325
0.524312  331
0.524821  393
0.525023  124
0.525185  249
0.525216  28
0.525627  362
0.526318  112
0.526751  316
0.526922  318
0.526982  77
0.527024  342
0.527294  99
0.527655  164
0.528276  247
0.528444  343
0.528558  171
0.529868  45
0.53004  33
0.530078  337
0.530273  309
0.530619  207
0.530641  234
0.530646  351
0.530779  106
0.530862  374
0.530864  240
0.531032  113
0.531506  377
0.531686  206
0.531875  356
0.531921  264
0.532216  295
0.532301  257
0.532397  279
0.532541  67
0.532642  379
0.533007  2
0.533072  305
0.533325  214
0.533543  335
0.533566  36
0.53357  319
0.53359  142
0.534018  170
0.534046  371
0.534537  212
0.534877  27
0.534951  65
0.535027  138
0.535393  156
0.535426  341
0.535507  344
0.535648  255
0.536014  373
0.536047  217
0.536225  293
0.536317  198
0.536368  121
0.536485  380
0.536742  62
0.536747  12
0.536805  155
0.537198  246
0.537216  347
0.53742  130
0.537607  321
0.537804  256
0.537843  136
0.537988  79
0.538141  104
0.53817  97
0.538417  396
0.538457  221
0.538799  93
0.539221  294
0.539304  339
0.539304  352
0.539344  381
0.539393  383
0.539542  149
0.539602  129
0.539887  148
0.540089  359
0.540143  55
0.540187  360
0.540246  368
0.540302  284
0.540469  324
0.540657  275
0.540758  187
0.540772  144
0.540773  348
0.540833  50
0.541019  44
0.541203  355
0.541298  19
0.541355  289
0.541565  332
0.541593  263
0.542328  216
0.542331  317
0.542552  232
0.542844  346
0.542919  367
0.543094  276
0.54376  354
0.54378  322
0.543992  300
0.544033  251
0.544561  64
0.54478  96
0.544809  168
0.544933  338
0.545413  296
0.545527  398
0.545692  364
0.54579  390
0.54587  334
0.54598  89
0.546215  81
0.546241  180
0.54729  353
0.547332  35
0.547493  361
0.547696  110
0.54776  205
0.547843  163
0.548404  37
0.548981  38
0.549067  327
0.549095  336
0.549254  281
0.549267  366
0.549284  387
0.549424  23
0.549822  250
0.549967  395
0.550328  307
0.550411  266
0.551006  200
0.55101  333
0.551122  290
0.551149  231
0.551481  72
0.552097  326
0.552222  386
0.552275  358
0.552363  310
0.552867  350
0.552894  382
0.552969  25
0.553135  376
0.553287  378
0.553415  340
0.553459  323
0.553484  349
0.553535  330
0.55355  165
0.556032  328
0.55611  345
0.55612  21
0.556139  224
0.556921  313
0.558979  178
0.559154  39
0.559804  391
0.560062  26
0.560393  185
0.560444  315
0.56053  304
0.561651  392
0.561823  192
0.561833  172
0.562108  312
0.562246  236
0.562477  320
0.562518  118
0.562781  311
0.562947  194
0.563436  369
0.563971  24
0.564143  285
0.564418  235
0.56479  173
0.565096  385
0.565851  329
0.565943  109
0.56601  6
0.56603  305
0.566148  59
0.5664  273
0.566466  201
0.56662  52
0.566634  115
0.566836  209
0.566862  374
0.567067  271
0.567397  261
0.56741  107
0.5678  197
0.567962  73
0.568353  157
0.56842  135
0.56866  325
0.568757  394
0.569063  5
0.569177  195
0.569297  384
0.569318  363
0.569364  179
0.56951  306
0.569657  0
0.569877  371
0.570256  127
0.570406  262
0.570409  131
0.570607  365
0.570801  245
0.570951  308
0.570958  301
0.571553  10
0.571618  299
0.571647  399
0.571765  140
0.571801  292
0.571899  388
0.572089  16
0.572106  103
0.572352  298
0.572362  150
0.572383  370
0.572693  372
0.572748  314
0.572926  233
0.572964  331
0.57302  229
0.573147  158
0.573213  69
0.57326  100
0.57346  357
0.573629  335
0.573789  380
0.573842  309
0.573991  218
0.5741  302
0.574367  57
0.574545  215
0.574619  111
0.574636  151
0.574713  257
0.574783  228
0.574976  343
0.574996  319
0.575037  88
0.575114  9
0.575196  32
0.5754  337
0.575628  375
0.575629  162
0.575676  297
0.575874  188
0.57675  321
0.576953  373
0.577011  283
0.577047  175
0.577102  78
0.577722  203
0.577781  82
0.577826  244
0.577865  351
0.577915  379
0.578051  348
0.578149  159
0.57819  28
0.57834  318
0.578546  316
0.578557  238
0.578764  137
0.579077  15
0.579324  20
0.579585  92
0.579591  242
0.579648  344
0.579774  389
0.579831  141
0.580314  360
0.58039  223
0.580601  352
0.58078  18
0.580799  219
0.581054  61
0.58111  167
0.581155  54
0.581463  199
0.581477  116
0.581601  291
0.581674  342
0.581679  101
0.581851  397
0.582154  102
0.582185  356
0.582223  288
0.58235  317
0.582605  68
0.582675  346
0.583034  381
0.583078  182
0.583079  211
0.583224  14
0.583266  355
0.583295  354
0.58332  254
0.583622  251
0.58395  361
0.584078  31
0.584312  303
0.584378  350
0.584994  322
0.585429  341
0.585786  90
0.586518  359
0.586815  382
0.586855  123
0.587326  145
0.587403  362
0.587512  390
0.587527  53
0.587612  300
0.587974  378
0.58804  113
0.588213  332
0.588322  237
0.588418  22
0.588479  85
0.588631  40
0.588647  268
0.588721  312
0.589137  98
0.589309  160
0.589464  387
0.589677  226
0.589963  169
0.590117  333
0.590334  376
0.59052  325
0.590795  396
0.591465  326
0.591743  193
0.591801  327
0.591886  89
0.592205  95
0.592287  184
0.592735  330
0.593064  84
0.5931  395
0.593153  72
0.593213  120
0.593553  398
0.594059  247
0.594131  310
0.594185  1
0.594414  132
0.594455  278
0.594946  311
0.595523  339
0.59601  146
0.596081  338
0.596336  328
0.596466  81
0.596547  393
0.596578  153
0.596813  48
0.596986  46
0.597003  225
0.597113  122
0.597281  304
0.597365  358
0.597861  286
0.59793  353
0.598671  386
0.598731  264
0.598898  80
0.599465  34
0.599502  345
0.599585  272
0.599611  248
0.600029  391
0.600044  58
0.600067  334
0.60007  148
0.600186  8
0.60029  106
0.601257  63
0.601355  142
0.60138  374
0.60205  320
0.602186  385
0.602312  366
0.602562  190
0.602585  183
0.60284  336
0.603351  128
0.603854  33
0.603861  308
0.60393  17
0.604057  208
0.604081  265
0.604241  392
0.604268  241
0.604538  277
0.605094  368
0.605322  367
0.605487  305
0.605636  380
0.605745  364
0.605935  67
0.606131  70
0.606276  130
0.6066  119
0.606648  347
0.607313  383
0.607346  290
0.60786  87
0.607946  267
0.608144  289
0.60834  42
0.60838  324
0.608813  64
0.609153  323
0.609221  125
0.609223  384
0.609227  39
0.609243  389
0.6093  329
0.609467  108
0.60951  43
0.609857  348
0.610329  97
0.610422  280
0.610436  93
0.610497  344
0.610499  377
0.610744  340
0.61088  369
0.611184  189
0.611205  124
0.612043  301
0.61246  307
0.612731  6
0.613184  372
0.613291  314
0.6136  371
0.6141  255
0.61434  335
0.61468  363
0.614805  156
0.614898  136
0.614973  181
0.615074  269
0.615203  149
0.615652  275
0.616033  302
0.616099  321
0.616338  212
0.616349  47
0.61659  186
0.616761  315
0.616767  204
0.616857  331
0.616942  296
0.617284  318
0.617485  143
0.617506  349
0.617611  49
0.617844  222
0.618087  191
0.618219  3
0.618454  299
0.618532  284
0.618555  227
0.618591  293
0.618618  228
0.61883  303
0.618918  152
0.618974  36
0.61904  342
0.619325  91
0.619562  23
0.619647  313
0.619663  104
0.61969  316
0.619754  74
0.619786  370
0.620475  11
0.620635  240
0.620685  357
0.620952  118
0.621545  287
0.621585  399
0.621599  274
0.621604  319
0.621725  217
0.6218  354
0.621921  174
0.622002  394
0.622063  126
0.622965  19
0.62322  221
0.623527  375
0.623547  309
0.623589  337
0.623626  350
0.624465  25
0.624825  306
0.624954  276
0.624979  339
0.625829  21
0.625868  270
0.626151  365
0.62626  343
0.626939  171
0.627045  177
0.627158  232
0.627508  12
0.627626  29
0.628074  230
0.62848  13
0.629252  2
0.629362  231
0.629363  362
0.629427  196
0.629556  359
0.629743  195
0.63003  135
0.630169  15
0.630174  382
0.630378  352
0.63048  155
0.631023  271
0.631296  282
0.631339  355
0.631455  263
0.631721  346
0.63191  213
0.632087  360
0.632092  16
0.632135  373
0.632141  325
0.632364  361
0.632525  388
0.633015  322
0.633087  378
0.633158  345
0.633248  374
0.633762  300
0.633916  387
0.634101  199
0.635494  281
0.635909  332
0.635928  66
0.63697  317
0.637213  391
0.637225  205
0.63731  220
0.63766  60
0.637671  379
0.638045  356
0.638392  65
0.638566  30
0.638722  347
0.639042  94
0.639352  182
0.639861  77
0.63998  165
0.640005  164
0.640336  351
0.640646  304
0.64086  334
0.641071  341
0.641174  234
0.641311  27
0.641364  235
0.64141  214
0.641525  37
0.641686  163
0.642285  283
0.642653  381
0.642791  134
0.642995  147
0.643047  294
0.643104  358
0.643413  389
0.643432  114
0.643436  291
0.643525  109
0.643649  396
0.643807  103
0.643855  333
0.643987  233
0.644042  279
0.644053  320
0.644162  385
0.644225  176
0.644476  392
0.644861  139
0.644969  311
0.645338  376
0.645363  327
0.645496  120
0.645515  71
0.645532  192
0.645704  249
0.645733  326
0.645787  79
0.646099  353
0.646133  86
0.646214  314
0.646363  390
0.64643  328
0.647128  393
0.647196  194
0.647876  273
0.64804  197
0.648231  183
0.648451  41
0.648754  112
0.648771  383
0.64898  330
0.64899  368
0.64901  243
0.649156  226
0.649266  398
0.64957  111
0.649632  161
0.64968  129
0.650482  67
0.650506  262
0.6508  260
0.650801  336
0.650841  198
0.65103  312
0.651043  46
0.65108  127
0.651406  386
0.651466  244
0.651831  219
0.651862  74
0.651918  399
0.651967  369
0.652024  218
0.652085  380
0.653391  7
0.653529  329
0.653621  50
0.653762  395
0.653832  206
0.653833  228
0.654091  348
0.654376  20
0.654807  48
0.654974  364
0.655088  56
0.65522  132
0.655232  26
0.6554  370
0.655852  397
0.656293  101
0.656299  349
0.656301  303
0.656454  338
0.656699  253
0.65674  366
0.656763  178
0.657065  259
0.657235  200
0.657776  256
0.657816  159
0.658516  169
0.658645  331
0.658696  371
0.658766  222
0.659891  394
0.660001  170
0.660006  44
0.66005  384
0.660052  308
0.660063  323
0.660191  363
0.660325  277
0.660465  344
0.660532  138
0.660617  324
0.660642  305
0.660747  337
0.660918  335
0.661035  236
0.661246  173
0.661439  28
0.662152  248
0.662298  31
0.662335  122
0.662635  151
0.663162  106
0.663275  289
0.663276  75
0.663671  225
0.663863  250
0.663897  355
0.664211  285
0.664283  55
0.664291  70
0.664366  307
0.664398  257
0.664443  319
0.664515  309
0.664587  367
0.664646  310
0.664818  315
0.665061  272
0.665215  254
0.665337  32
0.665418  131
0.666262  251
0.666295  35
0.666488  190
0.666579  298
0.666591  354
0.666648  160
0.666784  88
0.666877  14
0.666974  325
0.667039  258
0.66706  342
0.667147  78
0.667389  340
0.667567  301
0.667585  191
0.667896  321
0.668047  96
0.668724  237
0.6688  157
0.669229  113
0.669321  117
0.669415  61
0.669571  350
0.669683  316
0.669798  123
0.670147  359
0.670211  209
0.670218  121
0.670774  17
0.67087  361
0.671337  62
0.671483  73
0.671973  388
0.672007  385
0.672055  302
0.672421  116
0.672608  130
0.672741  372
0.672789  271
0.672919  362
0.673027  202
0.673081  332
0.673142  51
0.673183  100
0.673192  52
0.673392  339
0.673468  345
0.673571  201
0.673651  0
0.673673  216
0.673762  343
0.673859  239
0.673884  136
0.674011  346
0.67408  306
0.674248  392
0.674301  142
0.674305  185
0.674371  125
0.674379  5
0.674508  378
0.674615  221
0.674697  36
0.675306  313
0.675449  227
0.675451  387
0.675496  54
0.675616  377
0.676106  11
0.676142  105
0.676418  83
0.676544  379
0.677033  22
0.677104  99
0.677144  24
0.677554  281
0.677613  381
0.677754  213
0.678047  375
0.678074  352
0.678086  360
0.678142  351
0.67822  139
0.67825  365
0.678363  286
0.678435  358
0.678528  184
0.678601  23
0.678809  382
0.678965  264
0.679016  87
0.679297  255
0.679422  263
0.679533  145
0.67965  347
0.679966  380
0.679998  374
0.680264  391
0.680297  204
0.680329  149
0.680396  68
0.680418  320
0.681028  133
0.681263  19
0.681488  300
0.682111  38
0.682409  174
0.682489  53
0.682509  311
0.682805  211
0.682907  386
0.682969  168
0.683327  333
0.683407  304
0.683449  134
0.683469  224
0.683476  357
0.683508  322
0.683659  196
0.683915  341
0.684251  334
0.684258  175
0.68451  46
0.684862  66
0.68499  81
0.685145  376
0.685164  40
0.68517  390
0.685235  373
0.685623  396
0.685855  368
0.686305  342
0.68633  119
0.686567  150
0.686616  393
0.687244  275
0.687281  327
0.687298  248
0.688633  389
0.689197  324
0.689418  140
0.690305  330
0.690495  172
0.690552  9
0.690582  141
0.690603  395
0.69125  193
0.691324  314
0.691436  399
0.692093  383
0.692174  335
0.692687  317
0.692863  187
0.692982  98
0.693564  398
0.693589  167
0.694058  158
0.694069  318
0.694253  7
0.694837  148
0.694843  104
0.695764  349
0.695779  370
0.696016  344
0.696219  363
0.696743  89
0.696804  8
0.69729  215
0.697753  356
0.698517  331
0.698521  369
0.698604  328
0.699436  6
0.699632  242
0.699723  43
0.699952  153
0.700138  144
0.700217  309
0.700635  257
0.701306  82
0.701312  384
0.701658  312
0.702084  110
0.7029  278
0.702955  310
0.703354  57
0.7035  120
0.703942  366
0.704025  340
0.704074  45
0.704086  273
0.704246  353
0.704317  165
0.704462  10
0.70458  326
0.704733  12
0.704909  252
0.704984  226
0.70508  365
0.705533  179
0.705586  246
0.705742  315
0.706332  33
0.706446  371
0.706451  329
0.706724  77
0.706825  287
0.706944  180
0.707713  367
0.707875  137
0.707903  361
0.708412  346
0.708619  34
0.708738  354
0.708938  336
0.7091  292
0.709218  154
0.710097  303
0.710111  69
0.710489  338
0.710564  348
0.710676  280
0.710696  58
0.710745  270
0.710991  97
0.711611  156
0.711885  85
0.712105  306
0.712127  94
0.712136  307
0.712499  308
0.7127  212
0.712869  115
0.712987  337
0.714008  397
0.714182  261
0.7147  208
0.714758  387
0.714985  295
0.715047  129
0.715384  238
0.715426  364
0.715547  126
0.715647  29
0.715652  35
0.716045  245
0.716088  60
0.716169  297
0.71628  304
0.716515  305
0.716583  293
0.716701  26
0.717683  375
0.71772  91
0.718064  302
0.718208  249
0.718263  37
0.718311  189
0.718461  351
0.718598  13
0.718764  393
0.718788  325
0.718894  199
0.718894  80
0.719014  72
0.719105  177
0.719204  95
0.719475  347
0.71949  260
0.719518  288
0.719609  18
0.719645  103
0.719686  64
0.719824  233
0.71986  222
0.71987  379
0.719886  290
0.720553  108
0.720629  163
0.720653  300
0.72078  386
0.720796  262
0.720819  50
0.720854  327
0.720894  394
0.720917  96
0.720956  63
0.720979  388
0.720999  147
0.721074  322
0.721115  332
0.721159  313
0.721433  378
0.721595  294
0.721796  48
0.721849  231
0.722993  171
0.723309  283
0.72335  93
0.723428  220
0.723511  324
0.723528  343
0.723875  203
0.723879  232
0.723906  392
0.723942  268
0.724096  341
0.724345  284
0.724554  78
0.72465  143
0.7247  334
0.724736  382
0.724746  360
0.724786  389
0.724847  377
0.724899  241
0.724904  214
0.724977  1
0.725128  395
0.725234  276
0.725281  269
0.725318  221
0.725786  190
0.725916  390
0.725978  376
0.726248  396
0.726603  362
0.726639  370
0.726687  359
0.726701  358
0.726891  321
0.726946  339
0.726968  152
0.727037  217
0.727251  106
0.727925  391
0.728087  342
0.728183  368
0.728187  168
0.72834  383
0.728795  319
0.730098  229
0.730928  225
0.731226  355
0.731548  365
0.731643  90
0.731769  281
0.731962  385
0.732135  17
0.732338  166
0.732927  39
0.733034  176
0.733198  188
0.733436  127
0.733585  125
0.734315  381
0.734332  207
0.734681  296
0.735126  363
0.735307  111
0.735666  330
0.735734  182
0.735937  356
0.735961  299
0.736281  49
0.736457  349
0.736687  328
0.736726  335
0.736969  323
0.737028  301
0.737078  67
0.737453  399
0.737735  79
0.737912  132
0.73802  25
0.738287  169
0.738489  350
0.739006  333
0.739888  112
0.739909  84
0.739936  384
0.740318  372
0.740561  320
0.740811  148
0.741034  88
0.741532  118
0.741931  181
0.741967  247
0.742165  369
0.742372  373
0.742882  303
0.742986  336
0.743443  309
0.743488  265
0.743579  209
0.744344  68
0.745082  21
0.745248  357
0.745507  318
0.745568  194
0.745755  144
0.745805  374
0.74589  28
0.746906  311
0.74757  70
0.747624  134
0.747789  344
0.748048  36
0.748099  346
0.748364  71
0.74863  314
0.748703  9
0.748874  345
0.74903  353
0.749412  366
0.749707  380
0.749723  86
0.749873  315
0.750034  235
0.75063  352
0.751091  204
0.751172  77
0.751459  285
0.751769  4
0.752285  46
0.752382  251
0.752676  218
0.752867  0
0.753134  157
0.753214  348
0.753459  27
0.75347  361
0.753788  256
0.754095  317
0.754459  116
0.754557  74
0.754585  202
0.75486  102
0.75496  187
0.755663  128
0.755735  302
0.75583  98
0.755878  308
0.755988  121
0.75624  75
0.756435  242
0.756469  326
0.75668  338
0.756747  40
0.756756  306
0.756861  313
0.756866  124
0.756925  310
0.756949  228
0.757052  51
0.75716  316
0.757215  223
0.757429  186
0.757432  248
0.757518  279
0.757637  59
0.757645  16
0.757673  170
0.757778  327
0.7578  340
0.757806  364
0.757968  394
0.758237  246
0.758253  312
0.758292  206
0.758468  341
0.758727  113
0.758755  390
0.758858  159
0.75909  119
0.759213  61
0.759324  162
0.759362  331
0.759381  392
0.759462  38
0.759877  114
0.75995  23
0.759978  92
0.76078  324
0.760882  367
0.761011  83
0.761083  325
0.761156  192
0.761346  183
0.761819  31
0.761887  200
0.761895  167
0.762373  155
0.762404  398
0.762765  7
0.762941  54
0.763036  287
0.763158  342
0.763442  29
0.763493  360
0.763606  378
0.763725  267
0.763803  292
0.764052  236
0.764641  291
0.764728  329
0.764784  107
0.765418  19
0.765433  375
0.765592  255
0.765757  164
0.765849  337
0.76585  393
0.765877  97
0.766016  347
0.766047  371
0.766052  76
0.766203  87
0.766359  334
0.766367  319
0.766477  305
0.766552  230
0.766963  55
0.767084  382
0.767127  1
0.767151  397
0.767529  185
0.767556  122
0.767632  69
0.767743  24
0.767768  370
0.767889  395
0.767965  343
0.768391  117
0.768596  123
0.768689  321
0.768751  387
0.768834  388
0.769643  191
0.769723  368
0.770491  354
0.770943  11
0.771493  151
0.7719  219
0.772253  379
0.772808  376
0.772846  261
0.772942  197
0.772985  8
0.773068  396
0.773068  359
0.773109  258
0.773529  300
0.77373  174
0.773763  355
0.774677  384
0.775081  30
0.775177  239
0.776417  240
0.776471  63
0.776574  126
0.776678  304
0.77676  266
0.776891  35
0.77736  64
0.777452  3
0.777723  383
0.777826  373
0.778064  307
0.77822  198
0.77823  346
0.778846  294
0.77889  301
0.778967  14
0.778994  160
0.779041  154
0.779081  335
0.779094  365
0.779285  385
0.779405  322
0.779447  349
0.779957  309
0.780046  34
0.780059  344
0.78024  362
0.780514  374
0.780663  142
0.780827  137
0.781153  328
0.781183  339
0.781283  399
0.781703  158
0.781886  53
0.782004  330
0.782045  386
0.782279  10
0.782391  150
0.782894  263
0.78302  41
0.783245  289
0.783375  377
0.783537  369
0.783648  311
0.784086  363
0.784399  81
0.78492  271
0.785857  389
0.787045  12
0.787853  133
0.788067  286
0.788308  278
0.78838  199
0.788381  314
0.788647  193
0.789007  52
0.789166  366
0.789731  220
0.789999  105
0.790001  356
0.790165  65
0.790443  208
0.790591  33
0.790747  178
0.7908  318
0.79085  327
0.791047  317
0.791051  196
0.791218  149
0.791322  20
0.791779  357
0.791889  210
0.791906  333
0.792214  391
0.792853  215
0.792946  32
0.793371  250
0.793385  275
0.793529  353
0.793632  320
0.793801  253
0.793912  380
0.794427  233
0.794623  313
0.79463  244
0.794763  101
0.794876  358
0.794961  276
0.79513  211
0.795318  22
0.795531  50
0.796246  332
0.796377  66
0.796774  308
0.796803  188
0.796908  26
0.797028  163
0.797334  15
0.797585  303
0.798085  296
0.798233  336
0.798247  257
0.798473  111
0.798525  302
0.798526  96
0.798595  347
0.798838  227
0.798955  190
0.799101  371
0.799469  352
0.799809  90
0.799823  180
0.799877  143
0.79995  281
0.800098  260
0.800121  100
0.800377  390
0.800405  230
0.800618  237
0.800628  343
0.800752  367
0.800789  214
0.80079  381
0.800814  229
0.80096  283
0.801041  138
0.801264  245
0.801319  341
0.801396  5
0.80161  340
0.801698  372
0.801779  47
0.801884  293
0.801953  351
0.802096  168
0.802171  338
0.802342  298
0.80248  350
0.802734  249
0.802993  323
0.803057  71
0.803234  201
0.803353  99
0.803566  315
0.803696  277
0.803742  299
0.803761  361
0.804222  120
0.804323  331
0.804467  364
0.804698  37
0.804975  348
0.805002  290
0.805337  300
0.805393  139
0.805536  393
0.805588  106
0.805706  85
0.805721  394
0.80574  319
0.806002  48
0.806458  310
0.807036  131
0.807155  329
0.807209  280
0.807346  78
0.807451  82
0.807588  156
0.807748  305
0.807951  147
0.807977  375
0.808106  360
0.808138  392
0.808312  130
0.808625  345
0.808784  247
0.808863  39
0.809251  359
0.809381  179
0.809714  56
0.809825  223
0.810418  387
0.810874  324
0.81103  383
0.811206  60
0.811516  2
0.811836  304
0.812521  104
0.812545  132
0.812882  9
0.812983  269
0.813763  322
0.813867  184
0.814009  268
0.814209  176
0.814316  337
0.81444  307
0.814508  354
0.814562  388
0.814667  16
0.814789  316
0.815046  109
0.815901  321
0.815978  342
0.817068  94
0.817071  80
0.817327  396
0.817608  378
0.8179  306
0.817974  395
0.818459  222
0.818529  391
0.818585  398
0.818876  167
0.819262  91
0.819469  328
0.819758  326
0.819918  189
0.820177  334
0.820403  318
0.820802  264
0.820832  355
0.821386  197
0.821396  10
0.821486  153
0.821928  173
0.822231  349
0.822477  18
0.822762  25
0.822959  376
0.823197  72
0.823391  325
0.824101  217
0.824236  397
0.824517  382
0.824596  218
0.824633  374
0.824674  68
0.82473  274
0.824821  385
0.825049  232
0.825068  335
0.825691  69
0.82585  399
0.825956  243
0.826216  363
0.826233  58
0.826288  373
0.827153  368
0.82741  49
0.827962  327
0.828224  312
0.828282  74
0.828408  234
0.828425  17
0.828478  225
0.829078  88
0.829164  73
0.82954  212
0.82955  64
0.830258  365
0.830276  353
0.830322  161
0.830521  155
0.83075  273
0.830778  127
0.830885  339
0.831197  77
0.831557  369
0.831671  381
0.831721  320
0.831776  118
0.831902  239
0.83234  195
0.832396  141
0.832429  117
0.833235  135
0.833483  51
0.833526  84
0.833614  302
0.833752  311
0.834071  358
0.834606  205
0.834901  62
0.8352  61
0.835511  175
0.835515  356
0.835536  301
0.835581  262
0.835644  192
0.835924  252
0.836028  242
0.83609  266
0.836234  380
0.836309  372
0.836396  330
0.836795  259
0.836807  200
0.836849  191
0.837029  305
0.837102  314
0.837212  79
0.837333  309
0.837355  370
0.837606  379
0.837717  384
0.837801  59
0.837902  0
0.837938  123
0.838221  346
0.838746  169
0.839596  235
0.839681  136
0.839738  157
0.840066  246
0.8403  35
0.840506  248
0.840598  138
0.840687  182
0.841166  389
0.841705  114
0.841773  27
0.841826  333
0.842152  89
0.842204  87
0.842255  224
0.842464  317
0.842695  99
0.842772  119
0.842993  180
0.84329  238
0.843385  341
0.843411  394
0.843606  67
0.843631  112
0.843671  347
0.843679  122
0.843707  313
0.843712  308
0.843724  265
0.844024  75
0.844233  319
0.844303  300
0.84435  310
0.844722  318
0.844881  159
0.844949  364
0.845166  344
0.845959  272
0.846106  393
0.846124  303
0.846125  254
0.846233  329
0.846241  361
0.846259  251
0.846689  198
0.84692  392
0.846946  260
0.847088  124
0.847613  279
0.847968  359
0.848059  221
0.848165  366
0.848185  357
0.848628  348
0.848652  160
0.849162  142
0.849481  66
0.849742  377
0.850013  307
0.850175  375
0.850254  23
0.850346  362
0.851066  284
0.851792  343
0.852098  332
0.852525  352
0.852686  383
0.853672  371
0.853745  194
0.85426  350
0.854901  107
0.854978  336
0.855311  340
0.85587  351
0.856432  390
0.85739  367
0.857541  387
0.857617  19
0.85907  304
0.860511  116
0.861818  386
0.862247  55
0.862553  14
0.862656  105
0.862915  56
0.863042  171
0.863303  354
0.863476  47
0.863544  31
0.863705  226
0.86385  177
0.86398  92
0.864137  321
0.864178  373
0.864338  172
0.864582  391
0.86487  50
0.86513  349
0.865432  231
0.865523  360
0.86576  323
0.865799  295
0.866346  140
0.866421  148
0.866667  206
0.867037  281
0.867072  28
0.867222  267
0.867334  145
0.867435  292
0.867493  135
0.867671  306
0.867818  297
0.867932  285
0.868048  103
0.868159  324
0.868398  71
0.868445  345
0.868643  34
0.86868  36
0.86879  337
0.868852  164
0.869141  315
0.869228  355
0.869395  338
0.869771  219
0.870181  10
0.87022  396
0.870518  29
0.870643  20
0.870709  299
0.870998  385
0.871005  128
0.871049  57
0.87116  328
0.871184  53
0.871317  113
0.871385  296
0.871656  388
0.871698  204
0.871894  368
0.871949  199
0.871959  8
0.872055  83
0.872145  181
0.872222  240
0.87235  249
0.872352  322
0.872397  381
0.872518  120
0.872521  301
0.872733  278
0.872772  271
0.87281  13
0.872951  170
0.872974  146
0.873186  288
0.873371  111
0.873437  363
0.873493  52
0.873673  96
0.874004  369
0.874029  291
0.874045  342
0.874189  203
0.87423  395
0.874364  256
0.874534  326
0.874864  320
0.875053  6
0.875173  4
0.875187  129
0.875234  86
0.87532  158
0.875414  196
0.875431  211
0.875553  45
0.875571  210
0.875592  65
0.875605  241
0.875718  51
0.875775  125
0.876048  166
0.876136  85
0.876376  190
0.876382  130
0.876396  131
0.876624  1
0.876739  63
0.876792  397
0.876812  167
0.87696  60
0.876995  152
0.877036  68
0.877051  290
0.877196  147
0.8772  88
0.877249  209
0.877322  162
0.877333  93
0.877381  174
0.877418  42
0.877428  316
0.877444  339
0.877477  309
0.877648  307
0.877721  137
0.877774  220
0.877819  214
0.877845  78
0.877928  325
0.878011  149
0.878037  377
0.878067  399
0.87809  365
0.878095  356
0.878125  392
0.878312  305
0.878338  213
0.878457  2
0.878582  41
0.878624  11
0.87864  59
0.878661  314
0.878705  108
0.878824  335
0.878845  144
0.878871  22
0.878984  70
0.879028  233
0.879029  348
0.879059  331
0.879091  215
0.87916  185
0.879337  245
0.87939  207
0.879448  106
0.879492  193
0.879493  95
0.879527  313
0.879567  312
0.879708  139
0.879712  134
0.879804  380
0.879871  40
0.880027  372
0.880119  3
0.880201  15
0.880508  87
0.880526  318
0.880553  382
0.880575  319
0.880599  303
0.881083  76
0.881153  229
0.881162  364
0.88117  359
0.881236  350
0.881252  327
0.881312  150
0.881353  250
0.88143  398
0.881485  362
0.881531  7
0.881538  62
0.881559  46
0.881567  115
0.881605  378
0.881745  239
0.881795  358
0.881802  263
0.881837  367
0.881875  374
0.88189  255
0.881929  198
0.882154  394
0.882208  379
0.882358  308
0.882727  227
0.882754  336
0.882801  393
0.882827  352
0.883172  389
0.883247  44
0.883301  343
0.883418  386
0.883499  333
0.883734  329
0.884111  344
0.884175  225
0.884504  165
0.884708  311
0.885194  317
0.885399  384
0.885604  347
0.886139  222
0.886394  383
0.886772  351
0.887007  302
0.887888  376
0.888248  361
0.888817  230
0.888924  346
0.893255  304
0.89391  300
0.894012  153
0.894208  332
0.89424  334
0.894514  127
0.894954  321
0.895024  277
0.89506  354
0.895408  126
0.896312  265
0.89758  353
0.897828  179
0.898156  79
0.898492  9
0.898495  294
0.898649  370
0.898844  81
0.899171  168
0.899409  38
0.899707  310
0.899747  371
0.899809  323
0.899828  202
0.899909  58
0.900215  340
0.900604  330
0.900648  349
0.900787  192
0.901233  49
0.901239  169
0.90143  140
0.901515  117
0.901594  163
0.901798  133
0.901882  72
0.901892  287
0.901987  205
0.902206  357
0.902684  242
0.902782  132
0.903116  363
0.903131  338
0.903643  98
0.903873  48
0.903975  110
0.904109  253
0.904701  97
0.904812  200
0.904923  390
0.904924  172
0.905025  341
0.905101  280
0.905122  75
0.905136  74
0.905222  221
0.905327  102
0.905408  17
0.905449  375
0.905577  395
0.905764  26
0.906053  237
0.906161  387
0.90617  324
0.906248  293
0.906303  30
0.906401  223
0.906487  396
0.906648  266
0.906707  178
0.907622  264
0.907709  388
0.908184  261
0.908286  315
0.908374  0
0.908424  212
0.908539  270
0.908745  234
0.90888  243
0.908903  171
0.909149  269
0.909329  219
0.909353  366
0.909419  80
0.909461  337
0.909502  187
0.909541  283
0.909656  184
0.909661  360
0.909731  391
0.909763  94
0.909803  298
0.910138  398
0.910185  188
0.910197  155
0.910367  124
0.910443  235
0.910491  54
0.910528  373
0.910562  116
0.910582  307
0.91107  365
0.911154  228
0.911173  295
0.911308  156
0.911411  379
0.911437  308
0.911642  201
0.911649  89
0.911697  186
0.911882  18
0.911915  73
0.91234  397
0.912353  325
0.912382  84
0.912406  314
0.912409  37
0.912482  173
0.91254  175
0.912796  24
0.912963  377
0.913101  87
0.913273  82
0.913328  331
0.913364  322
0.913434  259
0.913482  194
0.913557  260
0.913659  345
0.913777  141
0.914115  335
0.914261  238
0.914268  21
0.914435  232
0.91452  329
0.914568  236
0.914575  154
0.914602  289
0.914711  389
0.914718  362
0.914871  5
0.914872  193
0.914913  374
0.914928  105
0.915055  364
0.915091  348
0.915507  161
0.915673  252
0.915764  176
0.915784  36
0.915788  216
0.915907  350
0.915981  355
0.916  123
0.916226  332
0.916244  356
0.916385  309
0.916507  306
0.916902  359
0.91693  342
0.917006  392
0.917062  224
0.917162  276
0.91736  394
0.917527  319
0.917635  301
0.918242  119
0.918323  313
0.919076  303
0.919271  35
0.919388  151
0.919533  312
0.919902  320
0.920021  302
0.920063  305
0.920094  378
0.920311  333
0.920693  385
0.920741  376
0.920996  352
0.923848  128
0.923912  262
0.923933  268
0.924814  382
0.925095  300
0.925935  122
0.925944  361
0.926075  380
0.926814  372
0.927171  368
0.927304  318
0.927681  67
0.928234  328
0.929115  317
0.929193  369
0.930281  183
0.931917  107
0.932708  285
0.932913  351
0.933107  304
0.933121  71
0.933783  343
0.934024  383
0.934051  248
0.934371  336
0.934993  326
0.935672  316
0.935712  393
0.938511  347
0.939089  386
0.939397  14
0.939592  43
0.939843  136
0.940265  274
0.940602  217
0.940952  91
0.941427  321
0.941655  399
0.942289  27
0.942763  370
0.943018  50
0.943358  208
0.943566  384
0.944018  311
0.944194  177
0.94428  112
0.944449  286
0.944564  358
0.944586  86
0.944831  338
0.945302  97
0.945739  346
0.945759  367
0.94591  229
0.946451  100
0.946841  19
0.946942  210
0.946991  254
0.947059  340
0.947137  250
0.947198  182
0.947222  15
0.947352  339
0.947574  396
0.948063  387
0.948171  197
0.948767  108
0.949167  226
0.949234  239
0.949302  77
0.949582  278
0.949601  114
0.94961  90
0.949753  125
0.950336  363
0.950474  147
0.950581  366
0.950833  273
0.950944  310
0.950947  42
0.951052  353
0.951061  390
0.951251  118
0.951274  360
0.951299  373
0.951753  245
0.951913  25
0.953249  113
0.95339  34
0.953555  211
0.953729  225
0.95373  222
0.953849  23
0.954147  174
0.95437  85
0.954715  244
0.95477  148
0.9548  88
0.955025  272
0.95508  334
0.955131  29
0.955289  12
0.95535  388
0.955429  57
0.955544  62
0.955745  134
0.955753  32
0.955773  302
0.955861  39
0.955872  357
0.955888  149
0.955907  198
0.956064  296
0.956121  256
0.956161  249
0.956384  78
0.956479  180
0.95651  354
0.956527  218
0.956555  40
0.956818  68
0.956827  327
0.956915  59
0.956988  246
0.957049  349
0.957139  150
0.95725  103
0.957267  158
0.957285  375
0.957328  292
0.957368  397
0.95741  312
0.95746  344
0.95753  391
0.957547  1
0.957744  99
0.957762  398
0.958312  267
0.95834  195
0.958444  381
0.958466  314
0.958475  16
0.958639  171
0.958723  308
0.958774  36
0.958958  189
0.95899  341
0.959133  2
0.959156  324
0.959195  365
0.959208  333
0.959294  371
0.959571  372
0.95958  199
0.959634  322
0.959709  345
0.95973  300
0.959738  291
0.959743  377
0.959874  220
0.960325  319
0.960484  305
0.960713  227
0.96078  313
0.961028  279
0.961153  101
0.961248  325
0.961585  117
0.961605  257
0.961668  348
0.961713  392
0.961826  382
0.962376  355
0.962487  374
0.963094  368
0.963372  120
0.963993  350
0.964263  326
0.964326  359
0.964446  352
0.96468  126
0.964851  330
0.965609  362
0.965738  329
0.965751  111
0.965951  395
0.96674  337
0.966844  335
0.966928  356
0.967837  364
0.968436  307
0.970548  332
0.971331  376
0.971417  309
0.971855  55
0.971907  394
0.971954  385
0.972501  323
0.973025  235
0.975934  380
0.976232  303
0.976444  304
0.977486  173
0.977991  143
0.978481  196
0.978697  221
0.978956  49
0.980129  45
0.981517  393
0.981574  251
0.98176  342
0.982173  399
0.98233  130
0.982396  320
0.982708  53
0.982934  241
0.983031  139
0.983163  271
0.983438  135
0.983895  318
0.984168  369
0.984299  151
0.985074  152
0.985164  79
0.9854  112
0.98542  331
0.985485  70
0.985561  48
0.985666  328
0.985695  288
0.985822  275
0.986331  340
0.986601  347
0.986699  137
0.986805  316
0.987625  66
0.98763  378
0.987667  351
0.988031  161
0.988184  160
0.988468  6
0.988566  202
0.988767  301
0.988797  343
0.98897  213
0.989005  63
0.989029  203
0.989042  13
0.989055  379
0.989231  389
0.989367  92
0.989404  69
0.989531  289
0.989663  116
0.989751  284
0.989811  281
0.989826  0
0.989831  238
0.98998  123
0.990001  131
0.990326  119
0.990457  192
0.990486  358
0.990491  104
0.990553  75
0.990666  46
0.990832  73
0.99086  339
0.991683  243
0.991813  169
0.991825  317
0.992099  205
0.992119  363
0.992172  233
0.992263  306
0.992314  179
0.99238  33
0.992444  20
0.992454  274
0.99258  64
0.992814  168
0.993106  38
0.993132  338
0.993369  361
0.993441  366
0.993503  94
0.993531  3
0.993628  82
0.993721  283
0.993723  191
0.993771  52
0.993813  353
0.99399  315
0.993995  295
0.994168  396
0.994186  26
0.994349  162
0.994413  375
0.994431  226
0.994518  184
0.994721  7
0.994843  208
0.99488  86
0.994904  138
0.995006  236
0.995151  18
0.995208  24
0.995318  4
0.995457  83
0.995489  91
0.995498  56
0.995509  299
0.995536  84
0.995596  302
0.995642  224
0.995693  352
0.995746  170
0.995771  95
0.996011  215
0.996041  206
0.996134  387
0.996145  312
0.996167  359
0.996228  72
0.996351  360
0.996353  384
0.99641  258
0.996484  165
0.996555  207
0.996878  390
0.997003  132
0.997194  247
0.997264  209
0.997302  237
0.997486  370
0.997489  261
0.997698  322
0.997781  305
0.997794  90
0.9978  297
0.998039  364
0.998098  395
0.998105  185
0.998183  105
0.998221  127
0.998252  157
0.998262  282
0.998371  334
0.998381  325
0.998428  140
0.998524  397
0.998752  263
0.998797  341
0.999077  327
0.9992  310
0.999277  129
0.999594  383
0.999689  362
0.999786  5
0.999826  319
0.999904  381
