0.0393115  358
0.0397367  23
0.0399323  234
0.0401238  284
0.0402321  265
0.0403825  33
0.0405406  4
0.0405659  52
0.0407832  183
0.0409209  86
0.0410451  396
0.0412677  103
0.0412872  11
0.0413768  161
0.0414014  200
0.0414915  74
0.0415138  73
0.0415431  229
0.0416433  239
0.0416544  296
0.0416623  391
0.0416839  287
0.0417764  1
0.0417889  118
0.0418134  235
0.0418189  135
0.0418388  87
0.0418421  261
0.0418484  64
0.041868  94
0.0418732  152
0.0419057  28
0.0419165  383
0.0419999  165
0.0420258  365
0.0420357  205
0.0420558  384
0.0420753  337
0.0420976  260
0.0421172  245
0.0421364  303
0.0421973  35
0.0422016  364
0.0422483  320
0.0423099  379
0.0423464  92
0.04235  66
0.042359  121
0.0423601  354
0.0424092  136
0.0424105  226
0.042416  377
0.0424248  63
0.0424318  101
0.0424768  276
0.0424842  230
0.0424916  243
0.042617  80
0.0426366  170
0.0426604  148
0.0426837  162
0.0427263  58
0.0427495  375
0.0427714  227
0.0428047  252
0.0428098  256
0.0428161  109
0.0428722  198
0.0429392  376
0.0429456  349
0.042962  304
0.0431362  143
0.0431549  220
0.0432134  370
0.0432305  331
0.043285  100
0.0433818  392
0.0434091  102
0.0434593  344
0.0434866  346
0.0434907  328
0.0435  215
0.0435343  362
0.0435517  342
0.0435853  68
0.0436081  336
0.0436821  110
0.0437061  90
0.0437184  323
0.0438063  76
0.0438294  373
0.0439324  387
0.0439775  374
0.0440362  272
0.0440669  96
0.0442638  46
0.0443065  393
0.0444524  240
0.044519  39
0.04462  248
0.044726  107
0.044749  390
0.0447626  317
0.04501  263
0.0450487  308
0.0450609  32
0.045115  149
0.0452666  352
0.0452795  340
0.0454398  333
0.0455176  355
0.0455259  14
0.0455817  324
0.0455945  359
0.0457682  57
0.0457786  19
0.0458414  5
0.0460382  398
0.0463429  395
0.0466643  397
0.0468302  258
0.0468394  356
0.0469318  257
0.0470279  24
0.0470927  280
0.0471279  254
0.0472633  279
0.0473661  299
0.0474041  345
0.0475311  314
0.0475341  113
0.0475375  338
0.0476741  385
0.0477542  21
0.0477571  367
0.0479104  360
0.0479988  341
0.0480716  322
0.0481139  313
0.0484238  231
0.0485613  233
0.0486272  399
0.048723  361
0.0490951  307
0.0491851  339
0.0493452  302
0.049363  316
0.04947  151
0.0495343  312
0.0497244  388
0.0498316  179
0.0504496  366
0.0505326  325
0.0507727  305
0.0510239  285
0.0515117  381
0.0515761  394
0.051676  106
0.0517338  300
0.0517947  327
0.0518485  301
0.0519424  79
0.0524838  247
0.0524991  153
0.0526218  310
0.0531132  363
0.0535547  353
0.0536653  141
0.0536959  241
0.0537031  98
0.0541253  378
0.0541561  306
0.0541747  343
0.0545615  104
0.0553895  59
0.0554201  326
0.0556082  382
0.0557125  315
0.0557261  372
0.055866  124
0.056188  318
0.0564503  334
0.057799  309
0.0583586  357
0.0583861  371
0.0584995  329
0.0594927  368
0.0596828  6
0.0606891  321
0.061002  311
0.0611039  350
0.0621309  128
0.06239  291
0.0625252  386
0.062901  125
0.063908  294
0.0644832  189
0.064589  206
0.0646647  330
0.0650028  211
0.0651555  155
0.0651562  187
0.0653501  81
0.0660523  30
0.0661017  225
0.0661935  157
0.066474  332
0.0664746  70
0.0664778  116
0.0665175  193
0.0667955  93
0.0668276  236
0.0670176  389
0.0671032  108
0.067162  351
0.0671888  347
0.0674239  69
0.0674936  42
0.0675182  186
0.0677008  145
0.0679437  224
0.0684694  188
0.0684905  348
0.0685693  53
0.0686671  369
0.0687506  171
0.0690796  126
0.0691696  3
0.0691744  37
0.0691895  212
0.0692719  173
0.0695865  274
0.0697331  184
0.0697525  195
0.0701303  203
0.070225  182
0.0703515  289
0.0703539  396
0.0704857  134
0.0706531  164
0.0707076  286
0.070722  45
0.0707303  277
0.0708437  271
0.0708454  264
0.0708736  319
0.071048  83
0.0711533  137
0.0711626  246
0.0712054  85
0.0714247  335
0.0715072  292
0.0715116  259
0.0715584  204
0.0717014  82
0.0717792  56
0.0718585  167
0.0718796  139
0.0720342  146
0.072044  140
0.0721857  20
0.0722379  268
0.0723317  384
0.0723469  290
0.0723638  77
0.0724061  138
0.0724628  249
0.0725542  43
0.0726526  273
0.0728539  297
0.0729135  31
0.0729371  269
0.0729911  12
0.073016  228
0.0730352  62
0.0731429  130
0.0731473  358
0.0731478  112
0.0731624  253
0.0732041  105
0.0732606  251
0.0734012  25
0.0734155  60
0.0734395  115
0.073451  123
0.073564  210
0.0735762  75
0.0736147  166
0.0736338  201
0.0736357  65
0.0736358  218
0.0736659  47
0.0736722  380
0.073749  262
0.073765  169
0.0738889  34
0.0738948  26
0.073922  38
0.0739281  55
0.0739285  44
0.0739688  172
0.0739699  7
0.0741025  181
0.0741397  120
0.0741761  255
0.0742364  158
0.0742846  91
0.0743052  390
0.0743441  71
0.0743636  298
0.0743918  54
0.07441  222
0.0744109  278
0.0744353  16
0.0744793  242
0.0745192  223
0.0745243  208
0.0745401  18
0.0745532  119
0.0746089  22
0.0746151  308
0.0746446  144
0.074665  10
0.0746686  99
0.07468  197
0.0747075  133
0.0747164  127
0.0747243  342
0.0748152  344
0.0748171  168
0.0748639  355
0.0748712  399
0.0750135  336
0.0750294  237
0.0750632  76
0.0750777  398
0.0751237  41
0.0751627  191
0.0751802  72
0.0752161  317
0.0752246  379
0.0752928  84
0.0752967  17
0.0753447  371
0.0754338  209
0.0754644  338
0.0755317  328
0.0755553  177
0.0755559  122
0.0755583  244
0.0755721  346
0.0755931  156
0.0756067  394
0.0756416  359
0.0757126  373
0.0757152  368
0.0757176  331
0.0757226  114
0.0758491  15
0.0758841  50
0.0759062  349
0.075939  281
0.0760339  36
0.0760753  78
0.0760968  315
0.0761217  216
0.0762014  0
0.0763253  196
0.0763747  382
0.0763833  325
0.0765128  339
0.0765337  392
0.076583  363
0.0766156  334
0.0766167  316
0.0767041  32
0.076725  345
0.0767794  21
0.0767883  370
0.0768488  323
0.076855  393
0.0769352  352
0.0770341  361
0.0770444  340
0.0771146  397
0.0771777  391
0.0773785  387
0.0774652  372
0.0775  310
0.0775561  381
0.0779531  378
0.0780342  327
0.0783382  367
0.0784274  89
0.0790617  304
0.0790647  311
0.0791718  305
0.0793161  301
0.0793965  300
0.0796149  365
0.0798005  330
0.0801246  376
0.0803072  159
0.0805621  351
0.0807192  322
0.0815922  395
0.0822762  354
0.0823656  170
0.0825521  385
0.0830275  180
0.0831608  117
0.0833676  326
0.0836076  362
0.0839412  386
0.0842003  178
0.0842642  353
0.0846877  377
0.0848634  58
0.0851693  229
0.0854106  388
0.085446  333
0.0858389  343
0.0862763  95
0.0868683  374
0.0872773  375
0.0873433  356
0.0873739  321
0.0874141  329
0.0876975  250
0.0878576  88
0.088085  348
0.0882392  383
0.0892582  320
0.0897658  312
0.089943  275
0.0899949  357
0.0901438  303
0.0902263  314
0.0913974  350
0.091572  360
0.0923715  29
0.0932235  318
0.0934172  389
0.0959898  13
0.0964967  337
0.0973893  313
0.0974753  364
0.0974893  332
0.097765  324
0.0980133  293
0.0983526  306
0.0998621  192
0.100683  118
0.101313  61
0.101966  175
0.103136  2
0.103333  345
0.103343  205
0.103697  238
0.104516  63
0.105009  302
0.105559  369
0.105726  258
0.105782  8
0.105943  347
0.106335  64
0.106428  19
0.107274  366
0.108201  73
0.108397  35
0.108568  214
0.108628  309
0.108786  199
0.108932  27
0.109273  217
0.109593  185
0.109647  202
0.110278  396
0.11038  213
0.110491  0
0.110529  227
0.11072  198
0.110848  90
0.110886  176
0.110895  150
0.110984  307
0.111045  57
0.111174  183
0.111281  207
0.111549  397
0.111669  68
0.111693  394
0.111747  319
0.111984  256
0.112131  304
0.112143  211
0.112432  177
0.112472  392
0.112602  147
0.112683  261
0.112816  129
0.113297  79
0.113333  373
0.113381  315
0.113402  323
0.113562  52
0.113678  340
0.114035  361
0.114149  335
0.114366  49
0.115473  103
0.115662  137
0.115769  305
0.11615  341
0.117285  206
0.117312  387
0.118059  97
0.118459  48
0.118647  270
0.119126  142
0.119177  221
0.119223  9
0.119295  116
0.119331  111
0.119402  346
0.119475  359
0.119515  382
0.11954  219
0.119723  311
0.120337  399
0.120668  363
0.120794  220
0.121033  6
0.121285  124
0.121291  344
0.121532  132
0.12184  209
0.122214  125
0.122302  331
0.12274  247
0.122759  155
0.123021  339
0.123503  338
0.123841  40
0.123897  367
0.123916  141
0.124055  393
0.124062  325
0.124093  316
0.124458  370
0.124506  122
0.124565  381
0.125065  1
0.125906  320
0.125938  388
0.126134  321
0.126419  371
0.126932  318
0.12702  342
0.127235  377
0.127618  379
0.128748  322
0.128981  162
0.129443  326
0.130984  391
0.131802  143
0.13199  310
0.132521  160
0.132537  317
0.132852  372
0.133359  135
0.134345  374
0.134568  314
0.135049  368
0.135552  343
0.137087  354
0.137214  171
0.137629  351
0.137982  120
0.138529  327
0.138551  308
0.138567  174
0.138933  390
0.139635  301
0.140412  288
0.140824  282
0.142022  336
0.142243  130
0.142335  145
0.142627  173
0.142891  356
0.143214  353
0.143352  102
0.143431  329
0.143451  330
0.144122  163
0.14418  386
0.14534  234
0.145354  249
0.145659  312
0.145661  300
0.145902  245
0.145916  355
0.146525  239
0.147376  333
0.147781  51
0.147798  154
0.148208  62
0.148359  395
0.148467  383
0.149935  334
0.150343  375
0.150426  337
0.150491  273
0.150864  259
0.150984  291
0.151302  248
0.151403  398
0.151678  360
0.151858  365
0.152197  107
0.152245  378
0.152277  389
0.152964  267
0.153442  340
0.154701  204
0.155181  350
0.15593  332
0.156127  362
0.156773  348
0.156886  80
0.157125  242
0.157206  237
0.157366  228
0.157475  126
0.157603  72
0.158489  380
0.158489  352
0.158662  106
0.15868  357
0.158735  212
0.158812  225
0.158853  139
0.159031  303
0.15939  161
0.159496  148
0.159589  384
0.159649  193
0.160183  215
0.160403  309
0.160664  272
0.161028  257
0.161034  101
0.161172  200
0.161334  167
0.161338  266
0.161404  364
0.161471  144
0.161528  385
0.161584  345
0.162127  36
0.162189  188
0.162274  28
0.162336  307
0.162586  29
0.162783  254
0.16319  349
0.163441  279
0.163724  277
0.16405  157
0.164085  87
0.164246  306
0.16429  159
0.164507  284
0.164542  358
0.164691  328
0.164747  85
0.164765  197
0.164775  32
0.165074  14
0.165106  104
0.165136  46
0.165394  74
0.165531  146
0.165555  27
0.165769  302
0.165796  21
0.165969  347
0.166004  134
0.16612  67
0.166228  275
0.166288  361
0.166302  298
0.166583  313
0.166773  376
0.166946  319
0.167081  396
0.167101  231
0.167278  326
0.167542  179
0.167596  131
0.167677  203
0.167696  344
0.167815  325
0.167902  331
0.167953  5
0.168119  17
0.168329  343
0.168373  170
0.168643  53
0.168853  399
0.169009  77
0.169081  54
0.169296  127
0.169438  241
0.169541  189
0.169667  280
0.169668  75
0.169711  281
0.169843  250
0.169876  66
0.169902  316
0.170131  33
0.170245  208
0.170279  98
0.170376  153
0.170519  283
0.170579  198
0.170767  11
0.170821  181
0.170844  323
0.170954  82
0.171017  339
0.171079  373
0.171093  121
0.171097  359
0.17124  235
0.171305  324
0.171353  83
0.172282  367
0.172324  92
0.172413  50
0.172444  315
0.172504  320
0.172545  371
0.172623  233
0.172657  335
0.172698  100
0.172954  382
0.173118  26
0.173269  128
0.173391  253
0.173508  381
0.173516  86
0.173532  89
0.173854  377
0.17414  311
0.174202  168
0.174219  387
0.174245  317
0.174306  393
0.174419  327
0.174472  351
0.174503  230
0.174733  397
0.174938  392
0.17501  394
0.175312  395
0.175635  236
0.176235  318
0.177186  341
0.17736  308
0.177792  246
0.17787  366
0.178357  97
0.178939  363
0.179839  269
0.180048  322
0.180121  370
0.180665  369
0.180743  70
0.181135  244
0.181187  84
0.181201  338
0.181436  388
0.181584  299
0.181742  374
0.18228  321
0.18309  300
0.183133  342
0.18387  383
0.184022  190
0.185095  314
0.186881  355
0.187571  165
0.187591  312
0.187635  346
0.188699  22
0.188929  354
0.189715  180
0.189784  264
0.190173  178
0.19096  398
0.191486  375
0.192525  362
0.192584  379
0.193895  330
0.194016  184
0.194204  191
0.194973  133
0.195017  6
0.195307  304
0.195376  396
0.195929  73
0.195996  390
0.196335  68
0.19639  310
0.196592  353
0.196888  365
0.19739  368
0.198503  211
0.199347  117
0.199647  126
0.199691  41
0.199892  95
0.199992  386
0.200201  356
0.200266  286
0.20069  209
0.201135  260
0.201165  255
0.201465  306
0.20153  30
0.201534  185
0.20186  99
0.201887  297
0.202081  10
0.202094  389
0.202201  332
0.202458  313
0.20255  210
0.202742  96
0.202781  350
0.202886  23
0.203086  268
0.203101  24
0.203186  171
0.203219  337
0.203285  43
0.203308  261
0.203419  303
0.203457  91
0.203693  57
0.204244  213
0.204432  78
0.204678  195
0.204777  276
0.204848  140
0.205092  58
0.205147  194
0.205366  333
0.205466  88
0.205596  158
0.205634  120
0.205676  378
0.205755  155
0.205937  372
0.205943  227
0.206051  129
0.20614  25
0.206397  240
0.206439  265
0.206448  262
0.206489  377
0.206528  349
0.206553  329
0.206652  352
0.206732  336
0.206851  348
0.207095  226
0.207128  334
0.207685  2
0.207727  207
0.207835  215
0.208497  385
0.208862  364
0.208986  37
0.209163  187
0.209267  319
0.209371  152
0.209552  110
0.209924  222
0.210283  56
0.210301  282
0.210431  325
0.210617  382
0.210658  380
0.210662  296
0.210808  301
0.210822  60
0.21101  72
0.211045  31
0.211113  340
0.211182  176
0.211193  202
0.211503  79
0.211506  251
0.21152  367
0.211615  345
0.211722  305
0.211996  229
0.212324  59
0.212413  189
0.213036  39
0.213379  285
0.213462  166
0.213511  343
0.213526  182
0.213821  359
0.213838  393
0.213843  317
0.213889  94
0.214105  35
0.214437  224
0.214513  371
0.214543  384
0.214569  278
0.214675  114
0.215096  212
0.215215  271
0.2153  113
0.215345  237
0.215462  122
0.215479  147
0.215524  143
0.215587  307
0.21561  173
0.215658  116
0.21579  376
0.215824  34
0.215893  138
0.216053  328
0.216124  293
0.216167  342
0.216173  316
0.216218  20
0.216257  289
0.216319  357
0.216526  135
0.216671  151
0.216981  105
0.217024  201
0.217031  69
0.217072  4
0.21726  112
0.217525  144
0.217601  323
0.217614  351
0.217615  234
0.217616  320
0.21782  397
0.218695  311
0.218826  399
0.218885  206
0.219057  44
0.219516  125
0.219553  38
0.219656  392
0.219872  321
0.219905  326
0.219932  9
0.2201  360
0.220135  19
0.220641  48
0.220716  388
0.220792  200
0.221015  131
0.221091  391
0.221164  302
0.221204  361
0.221432  363
0.221596  369
0.221613  373
0.222002  387
0.22251  324
0.222691  394
0.22273  65
0.222767  322
0.22296  395
0.223503  164
0.223542  63
0.224452  366
0.225591  344
0.225709  274
0.225826  241
0.225995  192
0.226116  318
0.226212  335
0.226214  300
0.226217  64
0.226419  243
0.226654  61
0.226737  124
0.226908  381
0.227266  225
0.22744  186
0.227682  339
0.227806  355
0.22846  36
0.22868  304
0.228837  347
0.228957  338
0.229676  115
0.230693  246
0.230769  238
0.231179  219
0.231452  356
0.232036  398
0.232139  309
0.232338  223
0.232393  362
0.232482  327
0.232484  263
0.23275  218
0.233414  145
0.234069  396
0.235126  358
0.235396  389
0.235409  370
0.235971  40
0.235998  156
0.23659  348
0.23687  18
0.237211  374
0.237436  331
0.237706  119
0.237893  258
0.237895  175
0.238066  132
0.238172  244
0.238186  295
0.238421  341
0.238572  308
0.238818  354
0.238881  294
0.238887  330
0.239201  5
0.239341  169
0.239464  16
0.239643  177
0.240008  103
0.240284  275
0.240545  49
0.240696  109
0.240718  375
0.240738  306
0.240769  288
0.240793  253
0.240886  150
0.24091  310
0.241096  350
0.241537  188
0.241607  205
0.242205  390
0.242326  71
0.242836  314
0.242983  292
0.243372  80
0.243601  319
0.243604  232
0.243718  76
0.243854  157
0.24392  332
0.244088  378
0.244526  181
0.244589  85
0.244819  170
0.245164  8
0.245494  334
0.245496  287
0.245626  343
0.245668  353
0.2459  346
0.245916  163
0.246008  325
0.246021  329
0.24604  333
0.246051  250
0.246353  383
0.246548  312
0.246637  0
0.247243  153
0.247427  29
0.248098  386
0.248354  385
0.24841  17
0.248571  111
0.248611  301
0.249646  337
0.249663  42
0.249842  148
0.249967  230
0.250391  352
0.250774  137
0.251228  315
0.251258  379
0.251298  52
0.251781  393
0.252521  365
0.253491  118
0.253756  75
0.254266  336
0.254546  104
0.254574  141
0.254878  184
0.255004  87
0.255166  89
0.255468  299
0.255744  15
0.255939  349
0.256013  360
0.256044  121
0.256823  7
0.25696  269
0.256971  154
0.257059  26
0.257063  364
0.257206  382
0.257327  185
0.257393  368
0.257703  3
0.257754  265
0.257947  123
0.2582  95
0.258204  199
0.258263  322
0.258337  239
0.25844  168
0.258846  305
0.259113  317
0.259253  376
0.259453  90
0.259915  193
0.260073  233
0.260639  270
0.260922  13
0.261038  367
0.261289  342
0.261304  391
0.261386  97
0.261517  388
0.261601  38
0.261877  313
0.261889  134
0.26228  377
0.262311  194
0.262457  394
0.263002  357
0.263195  172
0.263647  1
0.264255  45
0.264741  326
0.264862  359
0.265621  100
0.265788  366
0.265801  272
0.266395  323
0.266612  66
0.266714  162
0.26708  217
0.26719  351
0.267391  363
0.267573  302
0.26763  256
0.267768  321
0.267873  304
0.267933  112
0.267981  93
0.268035  268
0.268073  392
0.268159  309
0.268203  221
0.268236  369
0.268534  31
0.268536  373
0.268758  6
0.269643  227
0.269808  372
0.269874  130
0.270519  399
0.271416  209
0.271514  259
0.271602  320
0.271745  248
0.271756  267
0.271792  316
0.271879  286
0.27239  345
0.272451  339
0.272599  375
0.272833  324
0.273866  213
0.273974  380
0.274647  338
0.275362  362
0.275752  14
0.276138  300
0.276523  139
0.27673  179
0.2775  397
0.277713  98
0.277898  220
0.278395  113
0.27867  290
0.278813  91
0.278957  210
0.278964  335
0.279197  348
0.279264  303
0.279413  242
0.279618  65
0.27973  158
0.279734  328
0.28003  384
0.280135  273
0.280465  140
0.280905  78
0.281  187
0.281209  318
0.281247  94
0.281275  50
0.281338  381
0.281414  81
0.281464  196
0.281779  60
0.281834  142
0.281926  298
0.282005  231
0.282597  341
0.282711  126
0.282727  356
0.282866  283
0.282893  57
0.283121  82
0.283125  96
0.283273  244
0.2833  314
0.28337  340
0.283436  279
0.283648  109
0.283695  255
0.283801  361
0.283841  223
0.283938  127
0.283941  12
0.284032  331
0.284764  164
0.284935  27
0.285197  378
0.28531  176
0.285351  229
0.28541  306
0.285735  370
0.285824  346
0.285888  167
0.285953  395
0.285994  310
0.286048  68
0.28646  21
0.28655  166
0.286572  396
0.286664  343
0.287014  389
0.287519  297
0.287523  46
0.287555  146
0.287592  23
0.287663  347
0.287713  67
0.287971  156
0.288155  387
0.288395  129
0.288636  301
0.288905  398
0.289092  79
0.289186  266
0.289841  327
0.289951  135
0.290211  334
0.290308  281
0.290652  308
0.290695  319
0.290775  218
0.290798  124
0.290994  307
0.291013  350
0.291078  385
0.291313  355
0.291777  201
0.2918  9
0.292599  371
0.292619  235
0.293208  293
0.293411  228
0.293577  72
0.293815  192
0.293909  257
0.293973  203
0.294079  4
0.294199  330
0.294238  365
0.2943  114
0.294319  73
0.294637  202
0.294795  101
0.294807  312
0.29487  152
0.294895  86
0.294986  39
0.295395  322
0.295399  189
0.295402  374
0.295569  367
0.295593  63
0.295666  25
0.295835  274
0.295866  16
0.295877  353
0.29597  311
0.296253  280
0.296281  245
0.296319  379
0.296395  252
0.296571  325
0.296633  360
0.296681  74
0.296786  207
0.296829  376
0.297192  329
0.297374  159
0.297548  191
0.298012  145
0.29802  332
0.298372  58
0.298432  99
0.298484  151
0.298569  32
0.298639  390
0.298736  195
0.29921  373
0.299509  368
0.299545  24
0.299712  295
0.299832  315
0.299903  354
0.300045  205
0.300109  84
0.300126  62
0.300142  52
0.300268  348
0.30048  394
0.300629  363
0.300648  344
0.30107  345
0.301458  271
0.301476  47
0.301491  236
0.302637  254
0.302836  321
0.302897  357
0.302938  258
0.30315  216
0.303347  296
0.303687  320
0.303705  313
0.30373  181
0.303974  305
0.30415  324
0.304246  116
0.304263  262
0.304568  149
0.304588  333
0.305085  326
0.305263  253
0.305298  336
0.30544  383
0.305957  393
0.307017  263
0.307384  53
0.308021  304
0.308454  51
0.308641  342
0.308665  359
0.308714  95
0.308827  399
0.309066  221
0.309175  386
0.309514  179
0.309662  287
0.310197  352
0.310363  138
0.310499  337
0.310674  302
0.31069  215
0.31088  316
0.311197  41
0.311263  392
0.311318  11
0.31138  121
0.312194  349
0.31237  122
0.31249  133
0.312559  206
0.31261  380
0.313184  372
0.313196  144
0.313326  388
0.313976  261
0.314332  143
0.314642  358
0.314718  289
0.314745  301
0.314815  317
0.315891  382
0.31655  83
0.316571  211
0.316633  44
0.317138  154
0.317514  106
0.317744  0
0.318036  366
0.318245  369
0.318613  136
0.318727  28
0.318863  49
0.318864  361
0.318938  117
0.319135  278
0.319326  17
0.319342  384
0.319448  341
0.31952  323
0.319592  177
0.319773  395
0.320272  282
0.320391  362
0.320428  153
0.321122  131
0.321159  139
0.321313  355
0.321365  76
0.32153  309
0.321854  377
0.321992  260
0.322527  310
0.322709  224
0.322798  80
0.323336  318
0.323341  115
0.323426  170
0.324147  370
0.324158  286
0.324185  247
0.324247  33
0.324262  29
0.324303  57
0.324344  229
0.324528  232
0.324773  343
0.325015  346
0.32534  391
0.325383  128
0.325385  148
0.325499  75
0.325546  385
0.325559  137
0.325574  34
0.325608  381
0.325714  141
0.325767  214
0.326104  241
0.326242  190
0.326491  364
0.326574  132
0.326587  150
0.327053  82
0.327123  356
0.327153  339
0.327174  147
0.327311  375
0.327527  174
0.328007  107
0.328213  371
0.328852  110
0.328958  334
0.329179  397
0.329184  230
0.329372  198
0.329562  222
0.32957  314
0.329594  61
0.329955  327
0.329989  300
0.330096  350
0.330123  59
0.330615  328
0.330624  130
0.331082  212
0.331447  299
0.332056  338
0.33209  36
0.332184  175
0.332187  30
0.33267  120
0.332784  389
0.332912  243
0.333131  396
0.333131  303
0.333142  291
0.333144  322
0.334241  35
0.334251  113
0.334251  315
0.334366  233
0.334588  112
0.334685  351
0.334746  248
0.334763  398
0.334805  87
0.334959  308
0.335332  157
0.335644  273
0.335807  297
0.336457  6
0.336498  164
0.336563  340
0.33666  311
0.336668  306
0.336971  182
0.337459  200
0.337489  98
0.337519  225
0.337708  353
0.337728  234
0.337947  213
0.338278  331
0.338508  379
0.338548  335
0.338814  223
0.338848  64
0.338908  66
0.338923  22
0.338941  55
0.339004  387
0.339151  10
0.339158  111
0.339229  183
0.339339  242
0.339518  92
0.339559  184
0.339607  134
0.339659  74
0.33967  330
0.339777  386
0.339796  276
0.33992  336
0.34031  360
0.340563  169
0.340584  48
0.340683  152
0.341023  249
0.34124  378
0.341478  354
0.341764  246
0.341835  255
0.341925  374
0.342013  102
0.342052  94
0.342447  277
0.342662  326
0.342722  347
0.342743  284
0.342805  348
0.342855  103
0.3429  104
0.342916  158
0.342933  285
0.34308  275
0.343329  162
0.343365  40
0.343383  71
0.34339  77
0.343528  91
0.343591  368
0.343635  312
0.343786  160
0.343865  399
0.343944  205
0.344162  24
0.34428  384
0.34428  193
0.344342  279
0.34457  359
0.344788  68
0.344916  357
0.344999  307
0.345031  375
0.345049  373
0.345105  349
0.345404  180
0.345478  2
0.345838  155
0.345871  365
0.345936  288
0.345984  18
0.346102  376
0.346243  371
0.346505  172
0.346513  324
0.346769  390
0.347136  283
0.347644  97
0.347654  301
0.34773  161
0.348286  319
0.348347  394
0.348456  332
0.348478  168
0.348675  392
0.348916  320
0.349057  298
0.349486  188
0.349705  292
0.34975  305
0.349954  321
0.350197  167
0.350223  20
0.350224  362
0.350317  329
0.350598  12
0.350803  240
0.350923  254
0.351104  181
0.351303  377
0.351383  393
0.351933  383
0.352119  163
0.352242  23
0.352283  333
0.352866  341
0.353322  342
0.353637  37
0.353733  195
0.354581  352
0.354587  372
0.35472  318
0.35475  17
0.355068  45
0.355103  268
0.355321  355
0.355881  380
0.356346  358
0.356498  21
0.357579  88
0.357742  316
0.358464  337
0.358792  313
0.359054  114
0.359654  108
0.359779  199
0.359885  135
0.360741  317
0.360752  328
0.360816  344
0.361294  363
0.362352  58
0.362828  302
0.363832  294
0.363876  128
0.364251  391
0.364321  345
0.36451  366
0.364514  90
0.364555  165
0.364559  356
0.364639  388
0.364711  244
0.364917  325
0.36518  369
0.366181  194
0.366312  173
0.366721  231
0.367304  310
0.367815  350
0.367908  93
0.368048  146
0.368199  239
0.368417  309
0.368578  314
0.36971  38
0.369721  119
0.369871  0
0.370771  62
0.37081  216
0.370882  235
0.370983  287
0.370996  395
0.371704  385
0.371826  334
0.372065  238
0.372101  105
0.372285  95
0.372395  176
0.372428  127
0.372442  69
0.372577  13
0.372604  274
0.372631  303
0.372664  197
0.372725  361
0.373042  237
0.373052  107
0.373315  43
0.37335  267
0.373388  15
0.373507  124
0.373544  54
0.373562  9
0.373615  343
0.373824  346
0.373839  56
0.373852  367
0.373936  259
0.374157  338
0.37442  324
0.374468  281
0.374577  322
0.374621  209
0.374833  351
0.375253  339
0.375385  315
0.375557  323
0.376105  207
0.376669  186
0.376679  382
0.376819  217
0.376949  308
0.377057  11
0.377181  326
0.377227  191
0.378147  330
0.378597  1
0.379163  340
0.379284  227
0.379376  151
0.379572  376
0.380498  203
0.380529  208
0.380638  293
0.380976  396
0.381426  145
0.381496  154
0.381575  116
0.381619  5
0.381852  381
0.381868  232
0.381967  31
0.381971  379
0.382138  150
0.382194  272
0.382256  364
0.382737  353
0.382739  142
0.382808  304
0.383585  16
0.383714  70
0.383978  63
0.383984  160
0.384044  117
0.38428  386
0.384376  359
0.384502  130
0.384591  53
0.38465  36
0.384679  271
0.384798  60
0.384821  399
0.384948  4
0.385211  368
0.385662  348
0.385795  269
0.385927  397
0.386281  374
0.386396  14
0.386408  365
0.386971  265
0.387064  55
0.387852  370
0.388207  389
0.388231  226
0.388303  230
0.388375  300
0.388472  153
0.388502  398
0.388691  390
0.388769  331
0.388776  28
0.389151  377
0.389461  64
0.389627  394
0.38981  221
0.389959  360
0.390008  166
0.390977  319
0.391432  264
0.391562  327
0.391639  371
0.392109  99
0.39269  282
0.392766  79
0.393165  311
0.393172  228
0.393257  313
0.39387  48
0.393882  174
0.39409  8
0.394415  219
0.394487  320
0.394522  305
0.394529  141
0.394543  352
0.394578  80
0.394624  210
0.394717  347
0.394869  220
0.394891  378
0.394989  312
0.395069  328
0.395265  336
0.395339  297
0.395765  224
0.39606  213
0.396127  149
0.39628  316
0.396692  393
0.39696  190
0.397427  318
0.397613  144
0.397619  372
0.397687  329
0.397857  363
0.398644  86
0.398937  387
0.399249  357
0.399384  301
0.399451  354
0.399676  392
0.399701  384
0.399944  51
0.400256  333
0.40033  193
0.400422  375
0.400481  307
0.400986  30
0.401116  302
0.402194  391
0.404311  96
0.404507  113
0.406216  109
0.406481  388
0.406605  46
0.406881  290
0.407016  198
0.40749  373
0.40767  65
0.40799  344
0.407994  383
0.40831  171
0.40834  335
0.408589  39
0.409104  29
0.410207  260
0.410693  349
0.41116  334
0.411189  339
0.411245  83
0.411447  345
0.411768  85
0.412227  342
0.412307  257
0.412359  82
0.412387  309
0.41283  104
0.412963  341
0.413242  251
0.413639  147
0.413663  3
0.414146  262
0.41449  148
0.414509  42
0.414755  317
0.415247  369
0.415276  245
0.415873  276
0.416038  250
0.416043  337
0.41606  295
0.416283  380
0.416286  314
0.416376  362
0.416463  306
0.416537  286
0.417432  288
0.417457  140
0.417626  343
0.418258  310
0.4183  118
0.418311  292
0.418803  206
0.418852  89
0.419026  188
0.419065  163
0.419084  216
0.419132  223
0.419446  67
0.419677  68
0.419766  2
0.419776  256
0.41991  249
0.419932  324
0.419991  322
0.420004  382
0.420094  137
0.42015  26
0.420391  179
0.420455  366
0.420537  303
0.420585  119
0.42096  258
0.421041  234
0.42119  178
0.421279  133
0.421334  321
0.421377  267
0.421513  77
0.421599  358
0.42162  268
0.421876  350
0.421988  351
0.422031  32
0.422088  385
0.422114  168
0.422834  338
0.423153  355
0.423346  356
0.423698  376
0.424018  315
0.424023  296
0.424558  49
0.42458  395
0.424844  131
0.425851  361
0.426447  192
0.42651  202
0.426681  98
0.426821  374
0.426836  353
0.426846  326
0.426978  247
0.426994  280
0.427405  66
0.427642  308
0.427648  138
0.427704  323
0.427924  248
0.42833  127
0.428339  121
0.4285  218
0.42859  88
0.428601  84
0.428736  312
0.428967  128
0.42897  120
0.429008  215
0.429314  379
0.429496  298
0.429633  12
0.429823  329
0.429999  114
0.430101  229
0.430224  332
0.430683  391
0.430857  108
0.430921  59
0.430933  304
0.431119  204
0.431208  331
0.431357  23
0.431498  399
0.43171  172
0.43181  194
0.431881  327
0.431914  180
0.431922  211
0.432005  75
0.432494  225
0.432764  134
0.432811  359
0.432965  325
0.43303  277
0.433045  92
0.433127  43
0.433226  33
0.433278  364
0.433331  164
0.433479  319
0.433527  340
0.43376  394
0.434441  367
0.434495  386
0.434673  112
0.435188  165
0.435634  123
0.43566  291
0.435736  57
0.435827  398
0.435922  187
0.435935  368
0.435946  122
0.436063  347
0.436811  396
0.436955  233
0.437404  17
0.437606  318
0.437707  316
0.437766  360
0.438045  328
0.438299  214
0.438531  263
0.438531  300
0.438554  255
0.438865  212
0.438897  253
0.439325  311
0.439813  370
0.440493  293
0.440839  301
0.440894  20
0.441059  397
0.441107  372
0.442035  125
0.442053  74
0.4422  115
0.44223  278
0.442976  205
0.443041  363
0.443132  346
0.443187  333
0.44328  335
0.443281  7
0.44329  139
0.443312  377
0.443335  365
0.443499  381
0.443593  320
0.443596  170
0.443652  157
0.443664  378
0.44446  313
0.445233  201
0.445564  34
0.446368  27
0.446402  307
0.447723  371
0.447898  302
0.448071  102
0.448137  390
0.448316  185
0.448368  389
0.448446  186
0.449082  10
0.449369  384
0.449922  71
0.450304  56
0.450384  345
0.450386  173
0.450457  342
0.450509  341
0.450707  357
0.450714  305
0.450884  387
0.451049  81
0.451258  392
0.453104  344
0.454003  309
0.454115  375
0.454405  314
0.454978  354
0.455289  348
0.456901  236
0.45703  321
0.457242  336
0.457616  273
0.457631  235
0.458134  87
0.458254  189
0.459658  334
0.459736  351
0.460064  243
0.460264  339
0.460555  228
0.460968  350
0.461272  0
0.461636  184
0.461867  315
0.462125  196
0.462376  373
0.46324  100
0.463416  62
0.463618  366
0.463853  195
0.464178  250
0.465086  113
0.465375  352
0.465386  284
0.465771  242
0.466261  322
0.46627  393
0.466614  244
0.466775  252
0.466885  106
0.467017  65
0.467067  338
0.467085  383
0.467301  380
0.467694  289
0.467713  39
0.467736  9
0.467872  159
0.467944  226
0.468394  91
0.468504  388
0.468854  317
0.468993  1
0.469012  239
0.469019  369
0.469251  61
0.469315  44
0.469376  337
0.469808  107
0.469975  272
0.470151  231
0.470154  69
0.470261  324
0.470415  330
0.471022  101
0.471283  208
0.471375  149
0.471537  182
0.471611  306
0.471621  303
0.471767  219
0.471789  362
0.471956  275
0.472593  177
0.473105  144
0.473241  47
0.473331  36
0.473385  361
0.473615  382
0.473662  379
0.473688  240
0.47382  110
0.473907  197
0.473939  43
0.473956  22
0.473991  353
0.474061  28
0.474107  90
0.47448  111
0.474888  254
0.474948  15
0.474975  95
0.475004  349
0.475307  222
0.475343  385
0.475433  31
0.475627  146
0.476  274
0.476105  155
0.476224  60
0.476224  129
0.476446  21
0.476454  88
0.476561  49
0.476603  294
0.476656  308
0.476948  395
0.477015  312
0.477091  132
0.477155  82
0.477238  93
0.477297  175
0.4773  323
0.477419  72
0.477512  18
0.477557  299
0.477596  167
0.477611  78
0.477712  310
0.47784  358
0.477874  376
0.477881  130
0.477916  221
0.477926  346
0.478213  50
0.478353  97
0.478451  37
0.478753  117
0.478778  209
0.478831  259
0.478915  397
0.478953  237
0.47902  304
0.479143  150
0.47916  329
0.47928  41
0.479388  285
0.479392  359
0.479683  356
0.479705  333
0.479742  391
0.479767  377
0.479926  394
0.480157  302
0.480549  143
0.480559  124
0.480809  53
0.480932  355
0.480951  52
0.481047  224
0.481807  203
0.482144  8
0.482301  261
0.482458  198
0.48269  176
0.482744  364
0.482787  309
0.483119  138
0.483216  160
0.483235  16
0.483335  187
0.483369  70
0.483391  399
0.483417  206
0.483421  23
0.483458  126
0.483471  236
0.483484  287
0.48352  94
0.483552  332
0.483578  116
0.483641  374
0.483831  305
0.483833  320
0.483907  63
0.483922  300
0.48419  363
0.484277  325
0.484473  211
0.48467  140
0.484867  51
0.484882  35
0.484939  396
0.485088  331
0.485186  371
0.485399  318
0.485414  386
0.485513  336
0.485606  360
0.485683  58
0.485696  341
0.486206  238
0.486376  186
0.486442  311
0.486669  365
0.487601  326
0.487624  343
0.487709  11
0.487805  145
0.487993  367
0.488452  183
0.48908  227
0.489183  368
0.489296  316
0.489385  241
0.489477  348
0.489755  168
0.489928  354
0.489996  127
0.490181  372
0.490325  307
0.490466  370
0.490667  390
0.490747  296
0.490772  335
0.490999  352
0.4912  169
0.491594  340
0.492395  344
0.493019  301
0.494392  327
0.49564  387
0.495893  389
0.495932  321
0.496222  328
0.496283  45
0.496351  166
0.497308  73
0.49752  381
0.497714  245
0.49792  375
0.498405  384
0.498477  347
0.498723  190
0.498804  204
0.49917  398
0.500074  319
0.501025  77
0.501521  393
0.501915  362
0.501993  351
0.502099  137
0.50262  225
0.502959  136
0.503245  315
0.503631  67
0.504479  247
0.505504  357
0.505934  366
0.505982  48
0.506256  161
0.506361  152
0.506719  380
0.507181  373
0.50742  158
0.507462  123
0.507822  256
0.507899  200
0.507958  142
0.508572  324
0.508722  25
0.508879  378
0.509121  257
0.509181  40
0.509274  162
0.509428  89
0.509435  322
0.509504  114
0.509931  113
0.509959  34
0.510032  220
0.510091  297
0.510424  255
0.510564  313
0.510807  234
0.511196  178
0.511256  32
0.511302  266
0.511304  334
0.51158  199
0.511601  153
0.511655  339
0.511657  270
0.511738  342
0.511937  308
0.512059  258
0.512242  288
0.512289  55
0.512432  139
0.512858  330
0.512925  345
0.513016  115
0.513402  392
0.513499  171
0.513725  135
0.514151  230
0.514445  353
0.514606  323
0.515268  182
0.515585  290
0.516206  179
0.516297  349
0.516646  369
0.516892  358
0.51692  163
0.517411  249
0.517494  356
0.517628  5
0.518417  83
0.518426  361
0.518453  99
0.518549  314
0.518677  295
0.518683  217
0.519009  180
0.519099  391
0.51915  388
0.519457  6
0.519592  105
0.51995  359
0.520384  118
0.520422  33
0.520485  395
0.520616  317
0.520992  30
0.52103  283
0.521812  191
0.521905  195
0.521961  10
0.52197  327
0.522025  363
0.522144  282
0.522281  149
0.522509  164
0.522597  170
0.522683  76
0.522702  119
0.522772  312
0.522836  251
0.522939  125
0.523309  79
0.523398  14
0.523539  103
0.523733  75
0.523874  7
0.52397  262
0.524105  27
0.524265  59
0.524272  104
0.524601  383
0.524631  320
0.524651  364
0.524806  80
0.524917  109
0.525093  267
0.525288  243
0.525502  329
0.52558  98
0.525584  305
0.525645  46
0.525876  154
0.526234  332
0.526406  382
0.526457  377
0.526512  122
0.526738  214
0.526922  184
0.52695  338
0.527004  374
0.52733  372
0.527385  304
0.527424  396
0.527457  74
0.527604  141
0.527987  212
0.528202  147
0.528235  292
0.52831  325
0.528399  354
0.528485  244
0.528527  112
0.528549  246
0.52884  303
0.529157  284
0.529268  335
0.529355  281
0.529784  134
0.529861  194
0.529935  341
0.529979  350
0.530017  306
0.530211  43
0.530282  298
0.530371  318
0.530429  213
0.530494  397
0.530541  376
0.530669  310
0.530806  269
0.530834  379
0.531255  280
0.531447  360
0.531526  367
0.531532  4
0.53156  61
0.531601  370
0.531784  253
0.531962  301
0.532003  337
0.532005  157
0.532016  344
0.532278  69
0.532397  328
0.532721  165
0.53382  38
0.533876  340
0.533961  331
0.534301  110
0.534591  169
0.534974  387
0.53509  352
0.535322  355
0.535411  300
0.535424  389
0.535897  381
0.536045  307
0.53607  309
0.536296  35
0.536852  311
0.537806  365
0.537842  326
0.538108  351
0.538694  316
0.539067  319
0.539763  375
0.542314  390
0.542978  13
0.543354  399
0.543442  162
0.543497  24
0.543776  264
0.544154  42
0.544207  0
0.545305  174
0.545311  39
0.545668  29
0.545829  261
0.545857  19
0.545883  205
0.546001  336
0.546476  291
0.546615  232
0.546676  398
0.546683  302
0.546767  216
0.546834  56
0.546908  348
0.547096  322
0.547385  308
0.547413  346
0.547702  181
0.54852  278
0.548715  384
0.549215  380
0.549664  386
0.549857  159
0.55004  296
0.550342  293
0.550917  192
0.551002  357
0.551253  155
0.551518  17
0.551824  120
0.551904  233
0.552117  90
0.552291  299
0.552349  368
0.552386  85
0.552403  343
0.552584  371
0.552584  124
0.552609  58
0.552869  44
0.552929  54
0.553041  148
0.553517  263
0.553595  26
0.553849  215
0.553872  57
0.553929  321
0.553947  108
0.554042  259
0.554079  188
0.5542  356
0.554254  106
0.554287  156
0.554319  144
0.55434  229
0.554346  297
0.554381  333
0.554519  71
0.554539  385
0.554592  66
0.55465  131
0.554719  248
0.554985  393
0.55513  395
0.555271  175
0.555316  324
0.555626  21
0.555639  347
0.555664  394
0.556282  206
0.556384  236
0.556484  289
0.556621  53
0.556685  145
0.556819  73
0.557047  20
0.557173  359
0.557196  276
0.557242  349
0.557357  378
0.55753  303
0.557694  315
0.557733  369
0.557969  65
0.558026  313
0.558563  166
0.558643  382
0.558731  130
0.558797  268
0.558827  235
0.559079  92
0.559578  223
0.559619  82
0.5598  218
0.560611  195
0.561496  256
0.561829  364
0.562066  326
0.562161  68
0.562291  330
0.562412  60
0.562452  358
0.562476  339
0.562494  301
0.56286  345
0.562865  186
0.563061  34
0.563139  15
0.563375  361
0.563891  366
0.563924  304
0.564156  36
0.564819  255
0.565183  363
0.565372  100
0.5654  375
0.565415  328
0.565548  342
0.566183  201
0.566254  355
0.566714  318
0.567388  379
0.567618  241
0.568428  305
0.568704  392
0.568985  84
0.569117  314
0.569264  337
0.569278  160
0.569809  23
0.570044  167
0.570118  87
0.570152  176
0.57029  389
0.57109  362
0.571343  316
0.571357  340
0.571526  125
0.571614  374
0.571649  354
0.57176  311
0.572351  204
0.572647  78
0.572703  317
0.572878  64
0.573091  231
0.573123  270
0.57332  334
0.573625  365
0.573778  302
0.57381  11
0.574471  377
0.574479  119
0.575034  391
0.576579  372
0.576931  274
0.57748  353
0.577507  387
0.57778  122
0.57873  45
0.579  70
0.579241  350
0.579593  193
0.579791  47
0.579977  198
0.580427  275
0.580431  307
0.580463  373
0.58048  88
0.580921  240
0.581117  331
0.58141  286
0.5815  384
0.581535  397
0.581539  335
0.58164  117
0.581925  310
0.582133  325
0.582242  381
0.582409  143
0.582647  312
0.583156  306
0.583265  344
0.583777  352
0.584264  386
0.584736  273
0.584749  360
0.584963  95
0.585253  308
0.585506  207
0.586187  380
0.587659  396
0.590083  81
0.590156  279
0.590263  367
0.590358  254
0.590364  376
0.590674  239
0.591201  332
0.59144  370
0.591876  203
0.591963  67
0.592069  348
0.592224  221
0.592245  327
0.592361  41
0.592748  399
0.593749  37
0.59422  315
0.594333  40
0.594485  336
0.594578  250
0.594841  179
0.595196  49
0.595613  132
0.595961  245
0.596159  185
0.596368  319
0.596703  242
0.596792  320
0.596912  33
0.597074  260
0.597114  388
0.597207  118
0.597252  329
0.597419  35
0.598012  62
0.598319  252
0.598728  394
0.59886  189
0.599439  133
0.599912  383
0.600054  287
0.600113  151
0.600932  395
0.601235  177
0.601312  357
0.601375  247
0.601605  313
0.601692  128
0.601765  378
0.601947  303
0.602497  371
0.602555  356
0.602725  226
0.603213  51
0.603609  341
0.603628  300
0.603709  208
0.604003  266
0.604005  150
0.604376  338
0.604404  230
0.604611  265
0.604742  328
0.60512  183
0.605465  238
0.605876  91
0.606044  309
0.606121  382
0.606292  393
0.60631  25
0.606324  94
0.60635  115
0.606546  170
0.606662  297
0.607171  301
0.60719  101
0.607531  390
0.607775  52
0.607915  194
0.608118  351
0.608148  233
0.608367  219
0.608589  398
0.608743  96
0.608944  114
0.609087  346
0.609202  138
0.609219  339
0.609278  283
0.609768  152
0.610145  321
0.611025  364
0.611152  202
0.611184  369
0.611379  359
0.611748  121
0.612367  342
0.612526  222
0.612571  93
0.61263  127
0.612981  271
0.61303  56
0.613119  14
0.613207  142
0.613417  243
0.613589  212
0.613629  32
0.613698  211
0.613773  154
0.613812  173
0.613919  61
0.613948  9
0.614014  330
0.614178  214
0.614186  323
0.614312  257
0.614387  175
0.614397  205
0.614411  324
0.614527  334
0.614539  302
0.614702  294
0.614746  18
0.615021  73
0.615064  196
0.615185  333
0.615343  326
0.615481  200
0.615676  391
0.615747  358
0.616298  102
0.616315  374
0.616474  171
0.61663  78
0.616643  74
0.6167  72
0.616722  292
0.616922  363
0.617087  24
0.617168  109
0.617336  159
0.617375  318
0.617475  343
0.617593  361
0.617634  100
0.617772  111
0.617855  375
0.617882  168
0.617882  298
0.618187  10
0.618196  217
0.618278  164
0.618306  232
0.618515  55
0.618518  347
0.61859  385
0.618757  126
0.618924  305
0.619089  7
0.619276  137
0.619372  316
0.619375  337
0.619467  384
0.619509  98
0.619518  322
0.620058  344
0.620257  210
0.620292  12
0.620546  86
0.620645  365
0.620792  59
0.621265  345
0.621343  317
0.621363  387
0.621392  1
0.622193  178
0.622293  349
0.622495  372
0.622671  122
0.62275  197
0.622994  209
0.623269  272
0.623303  335
0.623528  104
0.623977  261
0.624099  281
0.624335  112
0.624369  311
0.624392  38
0.624515  331
0.624539  370
0.624625  19
0.624655  377
0.624784  71
0.624856  310
0.62493  373
0.625184  386
0.625552  306
0.62556  129
0.625648  354
0.626484  106
0.626767  381
0.627019  368
0.627753  141
0.628163  254
0.628446  8
0.628641  290
0.628924  140
0.628978  82
0.629016  13
0.629024  134
0.629153  255
0.62943  341
0.629461  157
0.629503  392
0.629556  85
0.629579  276
0.629655  340
0.629691  325
0.629805  320
0.629859  258
0.629975  253
0.630005  380
0.630146  97
0.630344  379
0.630375  394
0.630427  124
0.630837  110
0.631142  224
0.631184  95
0.631257  116
0.631303  2
0.631619  220
0.631694  249
0.631721  227
0.631961  161
0.63198  362
0.631991  269
0.632058  397
0.632243  353
0.632293  389
0.63231  304
0.632334  396
0.632344  308
0.632358  399
0.632408  285
0.632601  6
0.632695  92
0.632842  352
0.633403  107
0.633425  360
0.633662  314
0.634475  390
0.634749  158
0.634793  312
0.634995  356
0.635774  336
0.636175  153
0.636538  307
0.636913  0
0.637047  355
0.637314  172
0.637931  348
0.638599  388
0.638678  367
0.639953  339
0.640015  398
0.640142  332
0.64135  169
0.642831  329
0.642861  371
0.643931  23
0.645321  174
0.645564  264
0.645595  34
0.645707  228
0.645903  395
0.646278  251
0.646567  366
0.646686  277
0.646785  218
0.646849  288
0.646953  295
0.646998  167
0.647214  328
0.647234  35
0.64725  293
0.647277  37
0.647359  75
0.647705  280
0.647871  300
0.648021  54
0.648181  50
0.648213  347
0.648374  319
0.64839  338
0.648589  89
0.648758  135
0.64877  262
0.648865  131
0.649118  301
0.649517  128
0.649583  334
0.649833  39
0.649886  350
0.649897  68
0.649978  241
0.650083  113
0.650305  327
0.650327  149
0.65102  316
0.651029  46
0.651133  289
0.651203  378
0.651248  223
0.651492  3
0.651888  351
0.65214  270
0.652144  5
0.652215  44
0.652295  363
0.652721  326
0.652779  70
0.65314  313
0.653365  77
0.653539  21
0.653679  181
0.653697  146
0.653819  315
0.653859  214
0.654102  333
0.654367  330
0.655175  190
0.655293  376
0.655351  357
0.655405  393
0.655425  199
0.655564  83
0.655603  58
0.656016  108
0.656634  166
0.656818  303
0.656878  162
0.657014  387
0.657153  148
0.657156  391
0.657513  282
0.657699  26
0.658016  256
0.658067  321
0.658106  273
0.65859  358
0.658637  318
0.658746  233
0.658859  57
0.658939  22
0.65902  345
0.65902  31
0.659175  296
0.659453  48
0.6595  244
0.659856  364
0.659932  374
0.659973  11
0.660175  130
0.660277  257
0.660618  349
0.661022  193
0.661302  163
0.661427  201
0.661446  96
0.661626  275
0.661742  213
0.661773  284
0.661818  307
0.661977  206
0.662201  143
0.662211  346
0.662236  365
0.662267  384
0.662288  360
0.66239  238
0.662473  123
0.662547  368
0.662571  385
0.663506  324
0.664004  155
0.664063  17
0.664764  69
0.664955  4
0.665147  309
0.665472  335
0.665711  286
0.665986  103
0.666458  322
0.666488  278
0.666664  336
0.666698  250
0.666788  381
0.667319  64
0.667441  344
0.66753  28
0.667588  290
0.667696  90
0.66788  380
0.667988  398
0.668354  369
0.668364  332
0.668371  229
0.66846  317
0.668585  389
0.668641  291
0.668671  16
0.668736  185
0.66892  375
0.668933  42
0.668949  302
0.669532  320
0.670118  382
0.670366  396
0.670805  139
0.671126  101
0.671254  279
0.671294  394
0.671686  235
0.671713  373
0.672792  341
0.673603  325
0.673903  231
0.674157  362
0.674249  314
0.674904  53
0.675121  323
0.675476  354
0.675629  225
0.675858  294
0.676189  109
0.676203  367
0.676222  160
0.677061  182
0.677166  104
0.677279  342
0.677598  232
0.67776  386
0.678239  71
0.678489  156
0.678496  331
0.678497  33
0.678506  392
0.678938  397
0.67906  340
0.679118  268
0.679271  353
0.679679  304
0.680109  36
0.680173  30
0.680449  245
0.680842  227
0.680928  311
0.681247  312
0.681588  263
0.681625  355
0.681665  299
0.682402  306
0.682976  234
0.683018  352
0.683985  1
0.685156  132
0.685242  65
0.685265  370
0.685441  327
0.685708  337
0.685888  76
0.685979  173
0.686167  343
0.686483  32
0.686831  310
0.687219  59
0.68737  308
0.68765  204
0.687835  399
0.688018  361
0.688068  192
0.68817  301
0.688173  120
0.688498  383
0.688784  88
0.688795  348
0.68933  390
0.689331  159
0.6898  179
0.689858  388
0.690606  27
0.690616  248
0.690689  94
0.691667  51
0.691923  372
0.692011  54
0.692029  144
0.692131  350
0.692583  379
0.692602  125
0.692844  351
0.692872  191
0.693381  356
0.693489  126
0.693558  215
0.693594  258
0.693777  169
0.694  105
0.694012  305
0.69426  187
0.695606  359
0.695633  271
0.695849  329
0.695894  7
0.696056  391
0.696118  219
0.696232  378
0.696608  161
0.696609  195
0.696879  183
0.696993  127
0.697491  115
0.697803  222
0.698554  330
0.69876  366
0.698852  67
0.698962  154
0.699158  85
0.699166  377
0.699351  18
0.699595  220
0.69966  207
0.699709  178
0.699823  176
0.699838  118
0.699838  333
0.699927  14
0.699952  119
0.700087  319
0.7001  24
0.700117  49
0.700259  326
0.700447  212
0.700479  79
0.700636  224
0.700717  300
0.700775  140
0.700922  147
0.701024  48
0.701203  117
0.701224  395
0.70124  29
0.70133  254
0.70151  274
0.701552  177
0.701666  70
0.701712  167
0.701859  237
0.701959  347
0.70197  168
0.701976  84
0.702  313
0.702141  243
0.702164  252
0.702474  385
0.702559  288
0.702561  133
0.702656  198
0.70279  303
0.702827  317
0.702855  81
0.702944  136
0.70297  316
0.703004  389
0.703607  102
0.703722  99
0.703728  74
0.703846  189
0.704069  384
0.70413  365
0.704234  276
0.704353  328
0.704368  63
0.704444  362
0.704473  194
0.704633  134
0.704758  208
0.704827  374
0.704845  371
0.704871  273
0.705014  62
0.705192  376
0.705238  205
0.705491  266
0.705575  122
0.705589  50
0.706001  146
0.706091  184
0.706347  373
0.706449  363
0.706633  335
0.70671  360
0.706718  116
0.706784  264
0.706825  121
0.706951  13
0.706992  382
0.707037  338
0.707106  364
0.70739  334
0.707481  314
0.707484  398
0.707998  346
0.708031  339
0.708158  309
0.708437  299
0.708567  295
0.708854  367
0.709066  60
0.709359  138
0.709531  307
0.709633  322
0.710222  327
0.710872  223
0.711162  321
0.71197  275
0.712157  369
0.712272  332
0.713069  249
0.713197  396
0.713211  164
0.713423  87
0.713945  340
0.71418  394
0.714283  325
0.714478  80
0.715124  358
0.71525  75
0.715352  201
0.715907  336
0.716059  141
0.716065  44
0.716202  20
0.716773  9
0.716871  331
0.717006  387
0.717008  124
0.717189  277
0.717358  171
0.717658  281
0.717698  381
0.717699  388
0.718025  392
0.718052  297
0.718186  137
0.718231  106
0.718983  203
0.719004  173
0.71911  380
0.71957  349
0.719844  344
0.719848  292
0.719889  324
0.719932  25
0.719947  12
0.72012  255
0.720257  393
0.720514  152
0.720731  323
0.72079  262
0.721136  368
0.721307  345
0.721426  66
0.72159  35
0.721691  320
0.721952  151
0.722093  246
0.722846  304
0.723037  301
0.723275  302
0.723331  244
0.7235  15
0.723577  216
0.724024  128
0.724083  78
0.724084  337
0.724109  172
0.724584  350
0.724626  354
0.724841  315
0.724866  399
0.724896  46
0.724951  298
0.725138  343
0.725841  375
0.725909  306
0.726245  0
0.72699  91
0.72702  11
0.728181  82
0.72843  180
0.728534  107
0.728897  357
0.728962  342
0.729276  390
0.729307  103
0.729833  308
0.729871  159
0.730377  355
0.731135  286
0.731165  318
0.731187  242
0.731884  341
0.732622  386
0.733328  379
0.733841  353
0.734228  196
0.734238  142
0.734445  290
0.734484  348
0.734497  77
0.734609  330
0.734621  361
0.734635  155
0.735236  251
0.735849  226
0.735997  289
0.736051  391
0.736117  149
0.736554  86
0.736707  370
0.736876  52
0.736898  95
0.737118  22
0.737393  372
0.737896  28
0.738052  157
0.738103  231
0.738281  311
0.738439  5
0.738679  177
0.738764  129
0.738887  43
0.739017  163
0.739051  23
0.739461  19
0.739482  312
0.739714  265
0.739777  217
0.739886  114
0.739911  210
0.74002  1
0.740024  326
0.740099  39
0.740276  197
0.740287  247
0.740344  45
0.740381  366
0.741055  263
0.741134  190
0.741174  47
0.741237  239
0.741286  156
0.741367  310
0.741404  221
0.741405  6
0.74146  325
0.741466  269
0.741526  314
0.741687  150
0.741733  329
0.741975  333
0.742083  338
0.742207  228
0.742217  347
0.742514  40
0.742686  285
0.742851  2
0.742865  339
0.742971  364
0.743041  174
0.743083  313
0.743209  319
0.743415  104
0.743832  165
0.744104  385
0.744202  245
0.744421  111
0.744576  57
0.744949  218
0.744961  395
0.744984  352
0.745062  322
0.745325  112
0.745495  117
0.745508  335
0.745658  200
0.746572  384
0.746657  161
0.746743  89
0.747163  109
0.747174  359
0.747282  258
0.747348  30
0.747599  334
0.747698  65
0.747726  123
0.747839  213
0.747871  374
0.747875  397
0.747969  8
0.74826  68
0.748272  389
0.748298  287
0.748319  383
0.748324  365
0.748704  382
0.749077  369
0.749421  175
0.749598  69
0.749663  108
0.750291  88
0.750517  321
0.750624  214
0.751206  346
0.751368  394
0.751479  233
0.751505  240
0.751511  257
0.751587  98
0.751659  92
0.751761  122
0.751781  309
0.751821  193
0.752216  55
0.752327  317
0.752397  144
0.752674  371
0.752709  378
0.752758  363
0.75286  181
0.753057  377
0.753066  26
0.753244  168
0.753873  34
0.753917  328
0.75405  81
0.754236  316
0.754306  398
0.754344  315
0.754389  387
0.754522  300
0.754852  125
0.754859  206
0.754921  358
0.755178  4
0.755541  356
0.755777  238
0.757242  76
0.75733  381
0.757331  51
0.75749  230
0.758005  303
0.758153  392
0.758494  275
0.758751  70
0.759081  38
0.759164  362
0.759357  279
0.759364  324
0.759397  360
0.759455  373
0.759521  367
0.759727  259
0.759805  267
0.760272  396
0.760474  332
0.760834  237
0.760958  344
0.761003  304
0.761118  27
0.761917  249
0.76253  327
0.762579  271
0.762697  283
0.762857  166
0.763479  345
0.763878  85
0.764223  351
0.764268  29
0.764539  368
0.76465  278
0.764815  130
0.764817  208
0.764995  79
0.765061  270
0.765115  207
0.7655  376
0.765778  388
0.765903  203
0.765935  63
0.766501  393
0.766578  164
0.767125  343
0.767203  264
0.767383  308
0.767536  302
0.76762  244
0.767867  399
0.768434  105
0.768898  307
0.768951  260
0.769193  340
0.769206  199
0.76943  375
0.76951  153
0.769856  232
0.770116  254
0.770543  320
0.770751  101
0.770903  330
0.771754  312
0.771832  195
0.771858  235
0.771961  372
0.772226  291
0.772369  21
0.772633  113
0.772803  229
0.773129  305
0.773205  292
0.773239  73
0.773315  379
0.773562  306
0.773589  318
0.773637  147
0.773651  281
0.773906  323
0.77416  115
0.774196  178
0.774443  350
0.774821  354
0.775166  301
0.775404  103
0.775665  106
0.775799  187
0.775883  135
0.77659  319
0.77693  145
0.77732  337
0.777515  298
0.777525  341
0.77756  17
0.777584  37
0.777597  41
0.777597  349
0.778135  288
0.778221  9
0.778312  52
0.778542  314
0.778569  192
0.778652  170
0.778696  277
0.779306  276
0.779573  16
0.779728  64
0.779736  136
0.779819  59
0.78001  142
0.780052  148
0.780105  284
0.780246  357
0.78033  361
0.780397  54
0.780416  256
0.780487  95
0.780662  198
0.780769  119
0.78078  262
0.78081  383
0.781  120
0.781208  121
0.78124  140
0.781287  180
0.78138  90
0.781387  310
0.781405  391
0.781496  60
0.781618  355
0.781768  194
0.781775  61
0.781778  299
0.782108  246
0.782147  370
0.782334  13
0.78244  205
0.78257  97
0.782684  49
0.782761  48
0.782811  300
0.782908  32
0.782914  366
0.782986  126
0.783013  253
0.783171  132
0.783209  36
0.783328  369
0.783448  224
0.783481  365
0.783529  321
0.783596  172
0.783803  286
0.783821  84
0.783922  346
0.784006  138
0.784045  293
0.784083  50
0.784099  386
0.784163  143
0.784381  328
0.784432  82
0.784555  348
0.784628  311
0.78466  19
0.784697  356
0.784736  234
0.784809  94
0.784832  243
0.784904  342
0.784999  206
0.785239  241
0.785427  272
0.785797  353
0.786061  338
0.786119  331
0.786178  347
0.78628  174
0.78638  236
0.786391  56
0.786438  204
0.786472  223
0.786787  0
0.786818  114
0.786916  378
0.786981  335
0.786983  325
0.786992  139
0.787033  380
0.787141  12
0.787354  334
0.787409  398
0.787412  313
0.787548  211
0.787656  390
0.787658  179
0.788097  100
0.788256  20
0.788506  6
0.788683  336
0.788771  46
0.788958  397
0.788994  333
0.789285  358
0.789684  55
0.789856  387
0.790119  14
0.790461  320
0.790465  186
0.791048  225
0.791086  18
0.791115  389
0.791249  385
0.791347  375
0.791399  381
0.791486  371
0.791542  359
0.791602  268
0.792177  303
0.792291  317
0.792474  373
0.792512  24
0.792885  363
0.793266  150
0.794244  295
0.794419  332
0.795235  324
0.79543  352
0.796185  382
0.796282  377
0.796385  322
0.796436  22
0.797557  184
0.798031  362
0.798207  228
0.798709  360
0.79877  131
0.798871  351
0.798954  58
0.799255  182
0.799333  137
0.799503  384
0.799958  315
0.799994  185
0.800004  72
0.800585  154
0.801143  344
0.801268  314
0.801277  169
0.801387  128
0.801604  316
0.801859  127
0.802225  282
0.802241  326
0.802485  116
0.80299  93
0.803196  162
0.803871  330
0.803955  171
0.804096  329
0.804113  367
0.804211  396
0.804999  309
0.80568  372
0.806383  158
0.807768  337
0.808002  130
0.808051  323
0.808225  124
0.808254  374
0.80837  301
0.80891  67
0.808956  392
0.809174  173
0.809745  10
0.809971  44
0.81  227
0.810134  312
0.810567  3
0.810629  86
0.81065  160
0.810836  395
0.811165  35
0.811371  196
0.811856  118
0.811962  376
0.812043  33
0.812341  167
0.812367  368
0.812569  343
0.812641  181
0.813088  354
0.813167  267
0.81326  266
0.8133  327
0.813378  345
0.813501  285
0.813586  239
0.813973  393
0.814674  339
0.815067  364
0.815188  321
0.815989  304
0.816933  250
0.816982  125
0.817098  83
0.817234  302
0.817266  202
0.817839  297
0.81823  230
0.818262  350
0.818305  25
0.818356  189
0.818411  349
0.818467  394
0.818776  269
0.819101  30
0.81951  161
0.819844  7
0.820118  212
0.82012  80
0.820214  355
0.820413  346
0.820429  99
0.820797  300
0.820879  188
0.820982  38
0.820996  366
0.821208  60
0.821646  306
0.822361  222
0.822828  340
0.822829  279
0.82302  307
0.823373  242
0.823526  318
0.823797  308
0.824509  338
0.824555  260
0.82466  133
0.825146  305
0.825259  134
0.826094  383
0.826193  311
0.82644  34
0.826451  331
0.82684  1
0.826845  79
0.827008  215
0.827059  51
0.827282  159
0.82734  365
0.827637  216
0.82779  23
0.828306  156
0.828313  4
0.828452  380
0.828727  294
0.828746  335
0.828907  348
0.828982  352
0.829002  87
0.829178  310
0.829463  63
0.829563  274
0.829626  183
0.829942  319
0.830403  252
0.830711  197
0.83079  29
0.830906  397
0.831621  386
0.831656  91
0.831834  70
0.831901  2
0.832006  358
0.832161  89
0.832333  332
0.832355  388
0.832561  389
0.832779  49
0.832792  141
0.832869  165
0.832869  251
0.8329  153
0.833149  235
0.833345  362
0.833574  357
0.833609  377
0.83378  66
0.833901  21
0.834899  221
0.834978  71
0.835073  353
0.83514  220
0.835172  122
0.835391  238
0.835418  207
0.835503  257
0.835539  246
0.835586  320
0.835591  96
0.835716  40
0.835731  176
0.835848  356
0.835862  8
0.835917  369
0.835971  325
0.836184  303
0.836271  391
0.837038  399
0.837053  117
0.837088  177
0.837437  77
0.837455  68
0.837508  385
0.837734  381
0.838159  149
0.838663  210
0.838729  201
0.838809  112
0.839082  206
0.839587  363
0.839601  341
0.839642  336
0.839657  129
0.839752  328
0.840268  264
0.84032  283
0.840556  109
0.840723  31
0.840839  272
0.840857  240
0.841177  384
0.841191  323
0.841224  370
0.841349  387
0.841451  342
0.841549  382
0.84161  398
0.841795  373
0.842148  326
0.843064  317
0.843207  345
0.843267  313
0.84346  78
0.843545  115
0.843702  265
0.843704  351
0.844568  367
0.8447  62
0.845168  375
0.846944  119
0.847313  271
0.848088  186
0.848176  65
0.84831  324
0.848368  218
0.848524  372
0.848548  254
0.848641  330
0.848734  152
0.849473  111
0.849579  315
0.849723  249
0.849831  343
0.850654  359
0.850778  392
0.851366  75
0.85142  360
0.851632  396
0.851878  378
0.85192  5
0.852119  255
0.852347  258
0.852364  364
0.852806  339
0.853388  267
0.8543  371
0.854326  150
0.854657  355
0.854917  316
0.855126  347
0.855301  301
0.855446  43
0.855607  333
0.855865  26
0.856408  208
0.856482  314
0.856716  27
0.856822  108
0.856915  98
0.857654  344
0.85784  302
0.85814  205
0.859273  394
0.860051  200
0.860833  88
0.861123  379
0.861208  164
0.861318  144
0.86149  187
0.861579  61
0.861847  393
0.862376  219
0.862485  337
0.862577  340
0.862743  361
0.862756  322
0.862804  261
0.862824  28
0.862828  50
0.862835  321
0.862891  39
0.863075  190
0.863538  146
0.863616  225
0.863703  13
0.863995  139
0.864114  390
0.864149  284
0.864341  374
0.864595  113
0.864784  334
0.864918  11
0.864938  133
0.865025  94
0.865418  329
0.865686  327
0.865788  158
0.866524  286
0.867376  76
0.867617  155
0.867658  16
0.867768  296
0.867962  318
0.868129  307
0.868207  204
0.868393  325
0.868586  69
0.868848  47
0.868888  199
0.868962  368
0.869052  107
0.869078  299
0.869108  180
0.86935  131
0.869384  166
0.869394  160
0.869397  304
0.869412  168
0.869455  118
0.869581  229
0.869843  397
0.870079  376
0.870217  227
0.870619  163
0.870943  181
0.871152  185
0.871225  335
0.871306  22
0.871338  236
0.871425  349
0.871582  328
0.871669  130
0.871675  53
0.871847  242
0.871963  366
0.872077  174
0.872211  15
0.872242  287
0.872335  36
0.872388  338
0.872616  70
0.8727  369
0.872748  161
0.872762  247
0.872812  305
0.872912  237
0.873009  245
0.873033  196
0.873221  356
0.873405  211
0.873419  353
0.873645  95
0.873786  6
0.873795  12
0.873883  331
0.87405  300
0.874112  350
0.874439  215
0.874721  194
0.874731  100
0.874807  306
0.874969  289
0.875  358
0.875551  257
0.875633  348
0.875878  294
0.876248  93
0.876294  308
0.87659  114
0.876717  135
0.876741  388
0.876783  106
0.876827  262
0.876901  223
0.87702  351
0.877057  136
0.877125  326
0.877144  74
0.877273  320
0.8774  352
0.877451  309
0.87776  45
0.877777  198
0.878022  123
0.878443  336
0.878475  73
0.878603  398
0.878757  3
0.878898  342
0.87907  370
0.879242  60
0.879277  385
0.879373  380
0.879394  283
0.87947  231
0.879499  234
0.879527  377
0.879533  132
0.879595  230
0.879747  354
0.879811  303
0.880047  138
0.88072  293
0.88089  9
0.881337  363
0.88136  323
0.881444  298
0.882006  59
0.882057  173
0.88241  56
0.882548  104
0.882825  288
0.883038  381
0.883139  329
0.883459  324
0.883502  24
0.883557  64
0.883795  359
0.883956  386
0.884542  399
0.8846  357
0.884719  383
0.884758  32
0.884871  332
0.885361  275
0.885397  273
0.886186  239
0.886228  250
0.886468  396
0.886798  277
0.887058  372
0.887147  178
0.887225  319
0.88738  312
0.887804  343
0.887982  378
0.888019  151
0.888082  301
0.888135  339
0.888195  310
0.888265  292
0.888347  89
0.888576  82
0.88915  344
0.889197  14
0.889388  313
0.889588  360
0.890128  220
0.89028  167
0.890475  316
0.890493  58
0.890617  345
0.890835  337
0.891094  395
0.891254  311
0.892628  145
0.892747  193
0.892777  364
0.893362  202
0.894412  333
0.894412  232
0.894695  224
0.894812  362
0.894919  341
0.895973  314
0.896031  365
0.896073  346
0.896161  375
0.896168  276
0.896619  387
0.896681  228
0.897032  121
0.897233  391
0.897334  315
0.898975  389
0.899557  322
0.901373  371
0.901988  379
0.902989  17
0.903313  63
0.903694  394
0.904413  86
0.904662  192
0.90515  392
0.905319  334
0.905974  153
0.906145  90
0.906247  46
0.906739  270
0.906865  143
0.907034  302
0.908279  99
0.908322  49
0.908332  373
0.908506  169
0.908665  92
0.909309  147
0.909456  20
0.909472  355
0.909841  233
0.909901  75
0.910024  214
0.910271  213
0.910324  269
0.91042  19
0.910443  338
0.910476  79
0.910529  128
0.910549  101
0.910574  325
0.910673  282
0.910675  330
0.9108  217
0.910816  175
0.911149  84
0.911345  209
0.9114  172
0.911457  384
0.911595  162
0.911696  21
0.911708  290
0.911879  347
0.911967  203
0.91199  55
0.912343  42
0.912581  390
0.91261  367
0.912669  152
0.912727  243
0.912855  40
0.912913  248
0.912923  149
0.912935  7
0.912945  305
0.913298  340
0.913396  225
0.913404  317
0.913418  34
0.913428  376
0.913461  184
0.914017  382
0.914278  133
0.914458  368
0.914481  78
0.914558  191
0.914591  259
0.914758  304
0.914784  206
0.91509  235
0.915644  96
0.915884  393
0.915926  179
0.91627  67
0.916273  226
0.916371  318
0.916398  268
0.916449  18
0.916505  116
0.916595  350
0.916606  281
0.916692  260
0.916822  29
0.916878  127
0.91688  320
0.91708  88
0.917085  1
0.917088  188
0.917192  309
0.917511  349
0.91752  352
0.917524  369
0.917542  326
0.917659  321
0.917717  271
0.91778  353
0.917982  263
0.91843  218
0.918824  129
0.919452  126
0.919488  35
0.91958  377
0.919585  300
0.91989  102
0.919971  363
0.919971  332
0.920323  98
0.920637  83
0.920952  51
0.921073  295
0.921445  256
0.921518  4
0.921659  221
0.921897  360
0.921934  252
0.922191  280
0.922259  308
0.922281  122
0.922545  372
0.922868  159
0.922994  357
0.923135  6
0.92322  124
0.92341  142
0.923817  380
0.923835  327
0.923909  348
0.924123  109
0.924228  381
0.924342  137
0.925086  200
0.925234  307
0.925284  177
0.925287  329
0.925315  164
0.925317  391
0.925323  395
0.925341  356
0.925443  95
0.925446  45
0.925501  319
0.925504  77
0.925601  156
0.925657  216
0.925691  365
0.92586  370
0.925913  23
0.926044  72
0.926148  183
0.926367  378
0.926766  331
0.926857  397
0.927068  383
0.927367  52
0.92741  386
0.927859  264
0.928267  181
0.92839  361
0.928679  103
0.928805  301
0.928857  389
0.928953  385
0.929175  399
0.929456  313
0.929782  337
0.92989  303
0.929939  186
0.930012  27
0.93011  253
0.930694  306
0.931042  359
0.931456  351
0.931838  30
0.933761  44
0.933825  324
0.934199  310
0.934411  345
0.934656  335
0.934901  374
0.935092  336
0.935118  398
0.935149  254
0.935596  115
0.936093  13
0.936169  328
0.936194  311
0.936753  33
0.937816  82
0.938085  189
0.938294  344
0.938302  242
0.938508  315
0.938538  333
0.939113  232
0.939678  322
0.939894  215
0.939907  347
0.94033  396
0.940917  9
0.940921  38
0.941067  388
0.941089  68
0.941826  379
0.94232  48
0.942409  222
0.942966  346
0.943363  392
0.943439  323
0.943464  190
0.943599  10
0.94381  366
0.944108  341
0.94453  234
0.944642  91
0.944907  81
0.944909  130
0.944952  364
0.945075  123
0.945352  37
0.945416  387
0.945537  343
0.945603  312
0.945941  240
0.946502  375
0.947125  57
0.947243  354
0.947975  0
0.948086  125
0.948132  358
0.949009  25
0.949051  194
0.950679  371
0.950903  314
0.951191  198
0.951971  339
0.952189  207
0.952316  65
0.952703  273
0.952751  178
0.952945  171
0.952999  390
0.953066  325
0.953125  349
0.953276  105
0.953594  316
0.95421  334
0.954444  355
0.955093  245
0.955299  291
0.957002  227
0.957333  250
0.957619  318
0.957725  121
0.957839  244
0.957897  362
0.957982  298
0.95804  342
0.958197  320
0.95879  292
0.958908  278
0.958928  16
0.958949  330
0.959036  134
0.959089  8
0.959143  185
0.959393  299
0.959434  197
0.959791  286
0.959873  32
0.959968  63
0.96007  160
0.960132  157
0.960247  262
0.96032  144
0.96044  53
0.960543  2
0.960585  146
0.960716  112
0.960822  309
0.96106  338
0.961074  210
0.961124  368
0.961401  73
0.96141  60
0.961507  394
0.961534  373
0.961815  275
0.962317  22
0.962545  69
0.962595  247
0.962618  223
0.96269  145
0.963105  321
0.963133  62
0.963169  265
0.963177  326
0.963319  43
0.963515  266
0.963738  376
0.963787  170
0.963839  295
0.964299  110
0.964417  288
0.964558  352
0.96461  228
0.964647  148
0.964688  331
0.964688  165
0.964703  54
0.965004  192
0.965261  85
0.965368  109
0.96548  246
0.965556  71
0.965612  195
0.965821  340
0.965906  377
0.96593  348
0.966045  83
0.966093  351
0.966096  259
0.966201  26
0.966282  59
0.966335  357
0.966403  55
0.966517  365
0.966605  369
0.966758  378
0.966807  231
0.966894  138
0.967035  272
0.967373  182
0.967375  301
0.967736  304
0.967917  120
0.968002  284
0.968096  367
0.968103  87
0.968297  308
0.968464  166
0.968474  399
0.968573  347
0.968579  317
0.968639  384
0.968797  329
0.968832  180
0.969129  74
0.969205  319
0.96927  113
0.969326  206
0.969415  363
0.969463  383
0.969539  199
0.969797  393
0.969832  51
0.969838  163
0.969938  107
0.970007  389
0.970045  398
0.970268  90
0.97042  391
0.970557  97
0.970728  46
0.970778  270
0.971376  302
0.971532  287
0.971668  41
0.971744  350
0.97178  249
0.971946  258
0.971961  202
0.972109  229
0.972255  324
0.97227  337
0.972459  307
0.972635  132
0.973249  300
0.973327  372
0.973902  336
0.97392  380
0.973936  5
0.973975  361
0.974433  360
0.974495  106
0.974603  306
0.97471  395
0.975386  49
0.97549  359
0.975537  255
0.975588  102
0.975591  356
0.975672  333
0.975816  374
0.975835  205
0.976366  315
0.976488  385
0.977298  311
0.978518  213
0.979008  174
0.979844  39
0.980581  64
0.980584  139
0.980827  310
0.980839  382
0.981064  353
0.981193  397
0.981657  358
0.982876  396
0.982951  303
0.983123  345
0.983446  323
0.985272  238
0.985353  322
0.986101  236
0.986193  344
0.987616  332
0.987627  305
0.987642  176
0.988006  364
0.989084  119
0.989286  370
0.9894  248
0.989567  349
0.9898  183
0.990576  387
0.990973  72
0.991353  240
0.991591  14
0.992244  214
0.992322  172
0.992427  61
0.992644  239
0.992829  313
0.992904  285
0.992956  204
0.992958  316
0.993029  386
0.993266  274
0.99341  392
0.993423  93
0.993536  335
0.993759  44
0.993952  193
0.993975  354
0.993999  129
0.994254  379
0.994666  334
0.995125  137
0.995191  346
0.995304  66
0.99564  371
0.995752  123
0.995977  241
0.995987  325
0.996335  290
0.996364  381
0.996673  254
0.997131  366
0.998313  341
0.999694  343
0.999697  388
