0.0335085  140
0.0349324  351
0.0383769  142
0.0386802  50
0.0388932  81
0.0390567  26
0.0393242  375
0.0393756  308
0.0401122  317
0.0401441  218
0.0401648  190
0.0405334  258
0.0406205  357
0.0407013  41
0.0408674  14
0.0409053  45
0.0409448  37
0.0412745  43
0.0413989  255
0.0414816  138
0.0415756  309
0.0417109  307
0.0418446  299
0.0418624  188
0.0419058  58
0.0419309  65
0.041973  85
0.0420935  333
0.0420978  129
0.0421004  135
0.0422028  55
0.0422683  73
0.0423181  87
0.0423248  214
0.0424125  70
0.0424253  345
0.0424303  331
0.0424615  151
0.0424651  366
0.0424954  89
0.04254  287
0.0425479  292
0.0425567  335
0.0426392  279
0.0426482  209
0.0426819  48
0.0427441  392
0.0428148  380
0.0428154  352
0.0428242  396
0.0428279  192
0.0428392  315
0.0428424  389
0.042848  226
0.0428497  212
0.0428567  122
0.0428642  354
0.0428717  346
0.0428818  368
0.0428852  360
0.042899  374
0.0429404  88
0.0429455  125
0.0429594  245
0.0429703  398
0.0429929  355
0.0429948  350
0.0430193  3
0.0430324  72
0.0430664  40
0.0430682  296
0.0431038  166
0.0431187  301
0.0431842  388
0.0431878  376
0.0431916  246
0.04322  7
0.043248  163
0.0432506  34
0.0432606  329
0.0432628  349
0.0432694  161
0.0433053  61
0.0433121  386
0.043313  174
0.0433151  383
0.0433607  63
0.0433905  167
0.0434005  385
0.043422  395
0.0434308  338
0.0434335  321
0.0434606  322
0.0434853  364
0.0434889  306
0.0434959  397
0.043501  358
0.0435256  313
0.0435312  365
0.0435421  347
0.0435647  337
0.0436426  224
0.0436767  77
0.0436904  141
0.0437028  52
0.0437259  139
0.0437301  378
0.0437591  79
0.0437941  344
0.0438177  69
0.0438698  27
0.0439077  381
0.0439871  31
0.0439947  106
0.0439956  10
0.0440478  264
0.0441165  390
0.0442509  314
0.0442827  369
0.0442973  19
0.0443232  127
0.0443298  86
0.0443625  377
0.0443885  298
0.044408  157
0.044541  110
0.0445497  60
0.0445835  302
0.0446924  340
0.0447023  384
0.0447068  363
0.0448165  2
0.0449414  367
0.0450477  391
0.0450596  332
0.0450691  143
0.045302  320
0.0454731  234
0.0455135  128
0.0455381  260
0.0455701  353
0.0455705  46
0.0455931  219
0.045645  202
0.0457215  393
0.0457529  115
0.0459132  310
0.0459422  286
0.0459578  168
0.0459916  327
0.0459947  312
0.0460016  80
0.046033  33
0.0460722  370
0.046192  133
0.0462298  341
0.046239  387
0.0462406  348
0.0462412  394
0.046551  318
0.0468061  96
0.0470497  311
0.04724  150
0.047501  257
0.0475435  372
0.0478654  382
0.0478713  305
0.0480112  323
0.0481422  334
0.0486527  342
0.0499882  124
0.0501346  356
0.0510033  300
0.0513075  362
0.0524955  57
0.0525237  399
0.0534149  83
0.0536944  97
0.0549139  328
0.054995  324
0.0559564  371
0.0562281  68
0.05683  325
0.0569789  217
0.0571556  379
0.0574418  343
0.058102  272
0.0590342  361
0.0590711  111
0.0591445  114
0.0610006  238
0.061339  156
0.0622848  359
0.0635327  204
0.0636961  304
0.0643939  108
0.0650595  326
0.0656128  249
0.0660677  336
0.0661717  130
0.0662896  243
0.066832  339
0.0670494  280
0.0674917  24
0.0679466  131
0.0683573  319
0.0684391  137
0.068908  5
0.0694082  373
0.0694337  261
0.0698229  94
0.0698718  221
0.0699452  303
0.070062  225
0.0705146  146
0.0705436  6
0.0708242  171
0.0714357  100
0.0715195  54
0.0715325  228
0.0716219  259
0.0716297  273
0.0718617  173
0.0719463  66
0.072022  149
0.0720419  28
0.0720726  201
0.0722624  185
0.0722782  159
0.0725993  118
0.0727108  191
0.0727268  316
0.0727696  82
0.0728318  193
0.0730998  330
0.0733085  95
0.0733756  103
0.0733965  194
0.0734734  329
0.0734996  263
0.0736032  289
0.0736607  198
0.0736807  230
0.073743  268
0.0737522  17
0.0738616  195
0.073981  22
0.0739927  78
0.0740132  107
0.0740178  205
0.0740694  16
0.0741551  213
0.0741589  59
0.0741649  121
0.0741756  276
0.0743963  237
0.0745198  266
0.0745601  160
0.0745758  178
0.0747032  42
0.0747113  355
0.0747215  290
0.0747277  177
0.074779  229
0.0747827  351
0.0748154  275
0.0748648  30
0.0748873  13
0.0749263  116
0.0749338  120
0.0749641  102
0.0750162  274
0.0750852  153
0.0750868  366
0.0750923  392
0.0751078  270
0.0751244  265
0.0751689  44
0.0752198  155
0.0752752  0
0.0752994  170
0.0753693  158
0.075391  227
0.0754409  281
0.0754759  93
0.0754858  380
0.0754872  1
0.0755319  295
0.075558  183
0.0755755  310
0.0755808  244
0.075618  144
0.075761  311
0.0757687  206
0.0758114  210
0.0758808  285
0.0759089  196
0.0759678  252
0.0760126  67
0.076077  75
0.0760939  378
0.0761327  333
0.0761474  113
0.076164  216
0.0762482  233
0.0763105  236
0.0763157  9
0.0763491  365
0.0763634  189
0.0763804  207
0.0763938  269
0.076429  184
0.07643  302
0.076457  283
0.0764813  397
0.07649  222
0.07649  396
0.0764936  132
0.0765132  12
0.0765208  172
0.0765362  282
0.0765451  105
0.0765874  374
0.0766024  267
0.0766341  203
0.0766829  358
0.0766893  383
0.0767012  349
0.0767268  335
0.076735  393
0.0767753  162
0.076854  278
0.0768887  309
0.0769659  354
0.0770122  182
0.0770412  179
0.0770638  180
0.077139  368
0.0771468  322
0.077239  250
0.0772471  385
0.0772701  247
0.0773161  36
0.0773567  134
0.0773974  39
0.0774252  223
0.0774648  284
0.0774725  126
0.0774865  211
0.0775675  145
0.0776223  20
0.0776324  104
0.0776782  377
0.0777241  394
0.0777876  318
0.0778392  387
0.0778499  395
0.0778649  306
0.0779949  240
0.0780215  199
0.0780391  389
0.0780749  315
0.0780831  398
0.0781132  35
0.0781565  307
0.0781589  27
0.0782024  32
0.0782849  320
0.0783217  232
0.0783334  323
0.0783395  76
0.078365  382
0.0783764  301
0.0783948  348
0.0783952  367
0.0783997  99
0.0784078  254
0.0784139  123
0.0784257  305
0.0784395  344
0.0785308  370
0.0786126  62
0.0786285  288
0.0786358  187
0.0786729  347
0.0786747  18
0.0786948  299
0.0787045  85
0.0787119  341
0.0787135  327
0.0787223  353
0.0787263  71
0.0788518  92
0.0788681  391
0.0788839  334
0.0788887  388
0.0788968  308
0.0789021  384
0.0789918  152
0.0790693  10
0.0791249  352
0.0791352  112
0.079137  49
0.0791581  50
0.0791702  375
0.0791916  8
0.0793474  364
0.0793785  372
0.0795482  328
0.0795549  386
0.0795623  165
0.0796116  346
0.0796509  371
0.0796693  215
0.0797067  332
0.079739  209
0.0797398  390
0.079749  161
0.0797829  84
0.0797934  381
0.0800035  61
0.0800624  108
0.0801851  241
0.0802842  325
0.0808093  164
0.0808282  238
0.0809296  11
0.0809474  356
0.0810967  340
0.0811645  321
0.0811878  357
0.0813  127
0.0813705  251
0.0814133  106
0.0814727  399
0.0816943  343
0.0821456  297
0.0822922  363
0.0823806  350
0.0823815  204
0.0824997  338
0.0827983  331
0.082928  101
0.0831159  52
0.0832391  376
0.0835593  313
0.0835764  300
0.0835834  98
0.0835977  369
0.0841097  324
0.0842505  226
0.0843966  176
0.0844841  361
0.0845135  362
0.0847086  342
0.084761  312
0.0848642  197
0.0848828  345
0.0849426  360
0.085059  253
0.085579  279
0.0871845  314
0.0872408  56
0.0873211  202
0.0878678  262
0.0879458  15
0.0893348  326
0.0895445  231
0.0901297  258
0.090948  359
0.0910309  379
0.0914464  317
0.0915174  97
0.0925428  336
0.0927789  235
0.0939963  373
0.0940621  337
0.0948639  200
0.0965192  96
0.0969565  154
0.098421  140
0.0987821  214
0.0988284  122
0.0993241  304
0.10098  294
0.101296  45
0.101555  358
0.101563  119
0.102539  192
0.102644  175
0.102691  384
0.102743  246
0.103516  138
0.104052  316
0.104054  21
0.104166  69
0.10426  19
0.104549  303
0.104633  378
0.10468  51
0.104803  319
0.105185  298
0.105528  355
0.105851  90
0.105927  68
0.10594  64
0.106029  72
0.106473  309
0.106625  53
0.106637  14
0.106874  239
0.106983  184
0.107212  340
0.107244  286
0.107339  242
0.107432  332
0.107503  169
0.107534  257
0.107625  3
0.107731  34
0.107861  186
0.107924  31
0.107928  380
0.108295  79
0.108385  166
0.108803  111
0.108991  4
0.109063  117
0.109264  393
0.10928  163
0.109411  29
0.109499  382
0.109553  377
0.109952  23
0.109955  80
0.110087  368
0.11017  255
0.110409  66
0.110574  397
0.110578  7
0.110591  315
0.110719  212
0.110863  348
0.111272  335
0.111282  25
0.111506  78
0.111532  353
0.111546  396
0.111772  91
0.11218  329
0.112244  248
0.112265  110
0.112297  306
0.112334  181
0.112397  256
0.112421  167
0.112675  334
0.112883  346
0.113008  365
0.113568  174
0.113846  180
0.11431  354
0.114322  390
0.114555  47
0.114783  305
0.114852  136
0.115064  389
0.115152  60
0.115508  131
0.115598  55
0.115939  308
0.116089  349
0.116211  296
0.116341  344
0.116376  386
0.116412  333
0.116509  323
0.116656  322
0.116667  351
0.116741  324
0.116894  277
0.116948  383
0.117342  343
0.117574  398
0.117625  301
0.117723  26
0.117739  356
0.118159  205
0.11855  399
0.118658  302
0.120127  83
0.120565  364
0.121344  311
0.121973  381
0.122017  128
0.122713  220
0.122849  387
0.12332  392
0.123604  347
0.124589  394
0.125302  108
0.125401  328
0.126106  376
0.127975  339
0.128393  65
0.128443  360
0.128513  363
0.129475  157
0.129753  345
0.129992  385
0.130078  367
0.131158  321
0.131524  320
0.132095  388
0.132102  375
0.133135  391
0.133354  74
0.134048  341
0.134589  310
0.136418  359
0.137217  194
0.137534  300
0.138902  342
0.139438  330
0.140463  312
0.142024  304
0.142487  331
0.143168  366
0.143327  372
0.144157  370
0.144993  303
0.145345  145
0.146688  325
0.148285  39
0.149892  326
0.15025  208
0.150333  109
0.151849  8
0.151909  247
0.151974  352
0.152794  148
0.152871  350
0.153005  291
0.153351  173
0.153739  313
0.153852  292
0.15392  338
0.154365  327
0.154549  2
0.154783  266
0.154926  317
0.155134  395
0.155255  369
0.155586  156
0.156151  361
0.156792  226
0.1569  142
0.15702  179
0.157512  357
0.157932  126
0.15795  114
0.158168  283
0.15848  115
0.159593  237
0.15962  58
0.159625  125
0.159633  88
0.160085  373
0.160176  162
0.160426  314
0.16063  170
0.16065  318
0.160666  211
0.160839  38
0.160986  137
0.161271  250
0.161354  144
0.161362  62
0.161653  245
0.161809  267
0.16206  379
0.162191  378
0.162196  225
0.162268  216
0.162635  37
0.16272  287
0.162783  133
0.162815  175
0.162906  117
0.162922  97
0.162931  172
0.163001  307
0.163139  230
0.163297  222
0.163343  118
0.163357  282
0.163428  368
0.163488  120
0.163604  123
0.163631  184
0.163693  293
0.163823  358
0.163825  70
0.163988  171
0.164028  297
0.164035  261
0.164126  262
0.164155  288
0.164163  85
0.164352  41
0.164383  371
0.16443  22
0.164564  362
0.164605  0
0.164611  191
0.164667  164
0.164697  221
0.164703  356
0.164727  122
0.164758  153
0.164761  151
0.16479  309
0.164927  393
0.164935  10
0.164951  193
0.164973  377
0.165023  273
0.165024  48
0.16504  147
0.165054  160
0.165102  20
0.165169  284
0.165284  158
0.165296  183
0.165328  134
0.16536  129
0.165386  316
0.165427  5
0.165502  200
0.165519  308
0.165649  121
0.165664  176
0.165704  99
0.165728  89
0.16577  390
0.165773  195
0.165785  198
0.16586  210
0.165882  364
0.165914  334
0.165936  49
0.165979  141
0.165997  68
0.166017  332
0.166062  389
0.166077  204
0.166089  77
0.16609  35
0.16613  1
0.166155  279
0.166158  9
0.166213  374
0.166229  43
0.166229  396
0.16624  217
0.166245  384
0.166311  269
0.166377  333
0.16639  27
0.166408  349
0.166413  299
0.166443  351
0.166458  161
0.166479  353
0.166533  235
0.166578  106
0.166626  311
0.166645  278
0.166673  63
0.166745  81
0.166752  276
0.166754  94
0.166789  67
0.166801  306
0.166872  196
0.166964  82
0.167157  272
0.167206  218
0.167245  61
0.167306  202
0.16736  78
0.167394  264
0.167422  72
0.167444  243
0.167562  127
0.16764  223
0.167656  382
0.167683  192
0.1677  346
0.167785  336
0.167793  159
0.167865  75
0.167878  12
0.167879  380
0.167993  168
0.168  113
0.168037  236
0.16804  209
0.168045  319
0.168047  399
0.168101  84
0.168124  132
0.168135  348
0.168166  281
0.168257  340
0.168285  228
0.168292  256
0.168292  150
0.168301  315
0.168309  40
0.168313  143
0.168313  79
0.168356  44
0.16844  233
0.168549  135
0.168566  238
0.168574  255
0.168578  335
0.168594  80
0.168637  154
0.168651  19
0.168652  355
0.168667  345
0.168683  391
0.168707  331
0.168726  323
0.168729  136
0.168758  232
0.168762  149
0.168818  13
0.168842  108
0.168894  219
0.168904  397
0.168926  116
0.16894  28
0.16897  295
0.168993  385
0.168994  341
0.169004  241
0.169017  354
0.169026  305
0.169111  199
0.169112  21
0.169201  360
0.169288  386
0.169324  359
0.169355  324
0.169358  344
0.169387  140
0.169393  301
0.169433  50
0.169459  375
0.169466  325
0.169468  376
0.169537  270
0.16956  300
0.16958  24
0.169588  263
0.169756  254
0.169758  178
0.169781  39
0.169786  392
0.169823  363
0.169912  329
0.169957  189
0.170134  387
0.17016  8
0.170209  17
0.170267  265
0.170345  244
0.170348  343
0.170361  119
0.170486  302
0.170486  370
0.170526  394
0.170578  322
0.170606  326
0.170619  330
0.170646  249
0.170717  15
0.170732  347
0.170773  65
0.170794  213
0.170809  398
0.170822  36
0.170832  303
0.170867  383
0.170917  388
0.17104  338
0.171086  46
0.171101  130
0.171168  215
0.171195  310
0.171199  180
0.171205  372
0.171245  304
0.171343  337
0.17153  367
0.171738  321
0.172013  258
0.172231  350
0.172367  339
0.172477  312
0.17255  361
0.172734  381
0.173072  100
0.17336  327
0.173419  173
0.174902  366
0.17508  314
0.175194  252
0.175909  365
0.176395  251
0.176646  328
0.177476  320
0.17799  317
0.179396  201
0.179823  52
0.180484  155
0.181201  92
0.181566  71
0.181886  373
0.182415  342
0.182868  51
0.184313  214
0.184752  111
0.185958  206
0.186237  237
0.186691  313
0.186794  177
0.187015  369
0.187213  296
0.187988  216
0.18885  334
0.189192  166
0.189465  378
0.189534  87
0.190382  362
0.190454  229
0.190659  31
0.190868  124
0.191141  307
0.191234  34
0.192529  309
0.193051  3
0.193215  357
0.193671  169
0.194169  305
0.194245  29
0.195161  194
0.195533  16
0.195919  336
0.196188  4
0.19687  242
0.197189  18
0.197358  23
0.19753  312
0.197834  47
0.197944  323
0.198338  322
0.198405  353
0.198514  38
0.19889  103
0.198964  355
0.199299  311
0.199539  368
0.199649  315
0.199691  157
0.199742  182
0.200231  59
0.200421  45
0.200632  344
0.200848  363
0.201384  69
0.201514  211
0.201793  231
0.202077  203
0.20213  389
0.202331  388
0.202364  91
0.2024  310
0.202671  74
0.202732  246
0.202827  98
0.202832  385
0.202947  190
0.20297  101
0.203461  186
0.203526  351
0.203688  187
0.203731  126
0.203847  321
0.20406  191
0.204352  90
0.20451  301
0.204576  399
0.20475  290
0.204752  360
0.204856  380
0.204923  354
0.205207  139
0.2053  146
0.205326  165
0.205339  7
0.20566  128
0.205737  364
0.205945  73
0.206091  148
0.206197  395
0.206232  104
0.206321  333
0.206551  345
0.206814  393
0.207069  375
0.207304  392
0.207366  325
0.207961  319
0.208011  66
0.20815  300
0.208328  341
0.208428  338
0.208511  306
0.208835  53
0.209398  258
0.209597  384
0.210191  381
0.211559  374
0.21259  266
0.212747  326
0.213756  14
0.213965  349
0.213995  331
0.214189  337
0.214191  387
0.214264  25
0.215117  275
0.216554  149
0.216586  397
0.217536  302
0.217827  117
0.218011  370
0.218282  394
0.219611  361
0.220079  227
0.2201  367
0.220189  350
0.221778  308
0.222119  55
0.222467  273
0.222603  371
0.222686  377
0.222764  396
0.223157  376
0.223229  347
0.224649  197
0.225788  249
0.225964  304
0.226545  335
0.226596  343
0.226914  160
0.227488  373
0.227599  8
0.228034  316
0.228543  340
0.229165  303
0.229244  137
0.229731  286
0.229762  359
0.229881  294
0.230433  133
0.230511  348
0.230781  81
0.230937  329
0.231021  277
0.231401  379
0.231656  174
0.231979  54
0.233229  346
0.234001  154
0.234334  145
0.234372  318
0.234792  390
0.235047  180
0.235101  83
0.235236  328
0.235301  97
0.235378  332
0.235395  358
0.23574  327
0.236525  280
0.236694  105
0.237875  64
0.23841  239
0.238527  289
0.238576  112
0.238658  32
0.238992  132
0.239145  13
0.239191  378
0.239206  339
0.239245  163
0.239459  278
0.239552  391
0.239715  353
0.239771  93
0.239842  356
0.239896  170
0.240281  383
0.240863  382
0.240937  285
0.241014  366
0.241028  352
0.241234  283
0.241765  326
0.241965  207
0.242469  185
0.242811  134
0.242993  372
0.243131  30
0.243148  334
0.243424  314
0.24345  43
0.243524  35
0.243718  386
0.243842  102
0.243983  80
0.244126  158
0.244172  317
0.244246  362
0.244484  330
0.244713  234
0.244916  324
0.245243  240
0.245705  313
0.245727  398
0.246305  208
0.246417  10
0.246428  188
0.246557  110
0.247413  141
0.247573  61
0.247621  138
0.247821  171
0.24795  1
0.24801  58
0.248217  213
0.248339  320
0.248352  167
0.248428  220
0.248667  196
0.248863  108
0.248928  76
0.248944  140
0.249128  142
0.249131  168
0.249152  120
0.249169  192
0.249354  11
0.249447  223
0.249558  274
0.249635  393
0.249776  309
0.25006  260
0.250092  68
0.250118  71
0.250135  109
0.250183  209
0.250282  360
0.250317  50
0.250333  298
0.250364  312
0.250733  218
0.25095  365
0.251019  307
0.25107  136
0.251125  26
0.251131  271
0.251214  336
0.251224  292
0.251317  175
0.251329  33
0.251421  177
0.251421  94
0.251448  228
0.251571  257
0.251706  341
0.251718  181
0.251736  12
0.251787  264
0.251796  392
0.251886  310
0.251889  322
0.251945  57
0.252094  236
0.252387  212
0.252423  369
0.252427  225
0.252463  345
0.252498  123
0.252512  354
0.252618  357
0.252619  381
0.252703  323
0.252729  259
0.252745  238
0.252856  229
0.253018  193
0.253161  129
0.253414  162
0.253428  199
0.253468  52
0.253562  305
0.25362  288
0.253753  95
0.253895  241
0.253929  395
0.254023  235
0.254057  250
0.254058  6
0.254097  121
0.254143  389
0.254331  325
0.254486  77
0.254505  301
0.254577  281
0.254626  287
0.254712  255
0.255106  363
0.255234  377
0.255275  331
0.255363  384
0.255428  251
0.255445  308
0.255487  79
0.255489  149
0.255547  5
0.255665  358
0.255699  349
0.256481  214
0.256589  62
0.256616  216
0.25664  397
0.256831  19
0.256837  82
0.256896  387
0.257029  89
0.257121  296
0.257218  150
0.257246  344
0.257332  315
0.257482  311
0.257804  390
0.257851  40
0.257927  99
0.257947  39
0.257996  21
0.258064  355
0.258141  20
0.258152  269
0.258157  96
0.258227  375
0.258326  342
0.258385  396
0.258438  370
0.25852  232
0.258581  399
0.258716  359
0.258946  332
0.25916  78
0.259167  36
0.259309  125
0.259393  263
0.2594  15
0.25949  385
0.259625  333
0.259728  388
0.259763  131
0.259777  29
0.259856  159
0.259929  217
0.259976  130
0.260002  103
0.260053  247
0.260082  256
0.260134  164
0.260212  371
0.260261  135
0.260313  179
0.260389  327
0.260554  335
0.260564  146
0.260571  201
0.260789  49
0.260838  244
0.260844  339
0.26094  373
0.260943  394
0.261124  361
0.261147  75
0.261199  316
0.261231  31
0.261259  383
0.261405  48
0.261491  37
0.261509  191
0.2616  380
0.261642  189
0.261648  267
0.261732  306
0.261992  347
0.26216  152
0.262173  374
0.262309  391
0.262359  378
0.262638  262
0.262727  195
0.262753  376
0.263482  245
0.263518  101
0.263558  114
0.263686  183
0.263718  265
0.263824  364
0.26394  231
0.264016  86
0.26413  157
0.264182  319
0.264373  295
0.264442  248
0.264589  348
0.264948  324
0.265219  230
0.265302  367
0.265932  382
0.265962  343
0.266487  302
0.266916  321
0.267116  303
0.267324  134
0.267932  337
0.268098  22
0.268132  372
0.268625  55
0.268807  329
0.269  318
0.269336  366
0.269512  98
0.269569  299
0.269689  338
0.270298  0
0.270567  215
0.270827  205
0.270894  334
0.271081  351
0.271172  56
0.271813  340
0.272397  60
0.272556  304
0.273623  314
0.273863  166
0.273917  202
0.27429  346
0.276379  350
0.276395  24
0.276897  328
0.277005  63
0.277554  326
0.277964  219
0.278605  224
0.278653  362
0.280065  59
0.280525  368
0.280727  14
0.281291  290
0.281561  300
0.281694  379
0.282436  113
0.282464  307
0.282659  88
0.282899  356
0.283768  115
0.283997  116
0.284927  111
0.285152  354
0.285322  353
0.285463  320
0.285505  194
0.285948  143
0.286053  47
0.286239  258
0.286254  84
0.286628  398
0.286947  386
0.287275  389
0.288026  160
0.28858  211
0.288626  301
0.288908  197
0.288964  90
0.289489  9
0.289504  330
0.289609  357
0.289842  132
0.289953  104
0.290138  297
0.29038  119
0.290554  170
0.290798  360
0.290859  206
0.29135  393
0.291511  204
0.291879  106
0.291899  73
0.292102  58
0.292196  105
0.292437  322
0.292561  341
0.292564  153
0.292623  53
0.292715  246
0.293118  342
0.293272  392
0.293802  243
0.2939  67
0.293901  284
0.293969  237
0.294138  221
0.294247  310
0.294493  335
0.29465  139
0.294681  138
0.294875  46
0.294914  317
0.294916  344
0.295002  176
0.295063  185
0.295097  107
0.295102  188
0.295133  94
0.295282  381
0.295533  203
0.295555  169
0.295847  302
0.295936  395
0.296458  13
0.296477  175
0.296535  51
0.296691  331
0.296863  388
0.297046  41
0.297081  17
0.297213  268
0.297238  311
0.297322  81
0.297336  127
0.29734  261
0.297344  33
0.297532  316
0.297615  23
0.297616  308
0.297622  35
0.297706  352
0.2978  387
0.298047  184
0.298268  156
0.298514  355
0.298535  225
0.298611  312
0.298896  394
0.299039  309
0.299085  174
0.299276  70
0.299421  361
0.299436  349
0.299705  376
0.299757  283
0.299838  364
0.300343  375
0.300385  373
0.300393  54
0.300396  244
0.300491  336
0.300634  198
0.302016  332
0.302728  384
0.303166  151
0.303449  390
0.303645  385
0.304111  306
0.304291  380
0.304891  208
0.304896  227
0.305152  44
0.305351  147
0.305391  215
0.305415  397
0.305421  20
0.305478  144
0.305658  372
0.305788  396
0.305801  118
0.306235  377
0.306302  165
0.306458  313
0.306616  334
0.307121  112
0.307299  69
0.307572  350
0.307818  366
0.307906  391
0.308138  140
0.308687  363
0.308987  74
0.309006  323
0.309084  39
0.309838  195
0.309947  399
0.310688  30
0.310955  274
0.310974  97
0.311526  319
0.311671  346
0.31176  371
0.311824  369
0.312012  257
0.312014  137
0.312262  339
0.312283  83
0.313354  178
0.313371  348
0.313762  305
0.313835  182
0.31476  259
0.315258  216
0.316424  3
0.316428  142
0.316529  333
0.31665  358
0.316662  367
0.317168  200
0.317936  16
0.318015  296
0.318086  239
0.318147  249
0.318269  241
0.318641  21
0.318914  251
0.318984  327
0.319185  382
0.3196  325
0.319846  266
0.32018  18
0.320266  314
0.320453  307
0.32066  359
0.320797  275
0.320874  4
0.320987  379
0.321071  365
0.321297  362
0.321772  252
0.321867  378
0.321971  124
0.322155  343
0.322178  383
0.322207  212
0.322665  288
0.322785  293
0.322915  303
0.322942  304
0.323152  321
0.323164  154
0.323275  338
0.323314  59
0.323334  389
0.323334  287
0.323702  318
0.323707  340
0.324224  136
0.324263  299
0.324452  386
0.325129  329
0.325368  351
0.325774  28
0.325827  345
0.326124  226
0.32658  196
0.327284  49
0.328288  374
0.330671  330
0.330941  360
0.331093  263
0.331343  158
0.331598  130
0.331728  370
0.331946  324
0.332165  65
0.332888  15
0.333103  310
0.333216  279
0.33385  337
0.334035  110
0.33456  228
0.334686  31
0.334848  99
0.335011  161
0.335079  301
0.335499  163
0.335617  272
0.335948  93
0.336023  342
0.336147  26
0.336662  320
0.336718  43
0.337117  12
0.337152  280
0.337215  210
0.33722  355
0.337613  273
0.337625  368
0.337668  6
0.337704  381
0.337705  207
0.337719  148
0.337957  267
0.338031  95
0.338066  64
0.33838  328
0.338422  36
0.33852  2
0.338556  393
0.33858  114
0.338628  75
0.338794  270
0.338864  357
0.338916  102
0.338995  91
0.339068  214
0.339084  34
0.339186  322
0.339444  311
0.339546  164
0.339583  121
0.339588  302
0.339657  286
0.339663  223
0.339693  308
0.339932  8
0.340052  125
0.340057  317
0.340285  315
0.340488  300
0.340714  187
0.34085  122
0.340914  277
0.341268  38
0.341714  45
0.341722  316
0.34174  152
0.341951  219
0.342001  347
0.34202  61
0.342116  72
0.34219  233
0.342225  364
0.342264  326
0.342277  376
0.342293  335
0.342431  377
0.342511  5
0.34261  269
0.342631  250
0.342698  331
0.342726  344
0.342955  87
0.342975  89
0.342997  352
0.343007  353
0.343213  218
0.343264  109
0.343334  312
0.34344  398
0.343465  113
0.343546  66
0.343855  82
0.343906  73
0.344119  145
0.34412  395
0.344385  120
0.344443  356
0.344596  242
0.344694  217
0.344706  123
0.344821  291
0.345321  103
0.345429  363
0.345443  350
0.345514  247
0.345584  336
0.345591  372
0.345671  341
0.345688  384
0.345972  297
0.346115  390
0.346444  392
0.346472  255
0.34666  232
0.346872  354
0.346903  96
0.346968  17
0.347095  229
0.347248  22
0.347674  394
0.347996  191
0.348058  146
0.348966  7
0.349094  202
0.349102  27
0.349251  37
0.349408  86
0.349565  149
0.349577  197
0.349664  100
0.349888  309
0.349931  385
0.350048  76
0.350146  396
0.35021  285
0.350236  68
0.350251  179
0.350277  349
0.35035  362
0.350393  281
0.350394  332
0.350488  171
0.350513  220
0.350526  222
0.350618  295
0.350681  248
0.350687  240
0.350706  131
0.350718  29
0.350871  319
0.350891  367
0.351037  399
0.351089  20
0.351157  40
0.351242  373
0.351261  361
0.351269  314
0.35143  143
0.351653  388
0.351843  224
0.351924  375
0.351976  234
0.352122  305
0.352172  52
0.352364  379
0.352429  85
0.352495  107
0.352645  97
0.352661  339
0.352906  389
0.352942  366
0.353013  325
0.353194  209
0.353292  323
0.353302  260
0.353572  150
0.35368  57
0.353814  343
0.35411  313
0.35417  378
0.354362  276
0.354541  282
0.354547  397
0.354601  380
0.354615  50
0.354983  334
0.355058  92
0.355365  292
0.355407  78
0.355734  167
0.355765  369
0.355798  264
0.35637  159
0.35643  117
0.356695  70
0.356712  47
0.356744  304
0.356836  186
0.357048  253
0.357291  246
0.357701  307
0.358021  391
0.358231  208
0.358257  303
0.358826  321
0.358848  289
0.35906  371
0.359098  329
0.359214  387
0.359742  338
0.359778  75
0.359982  383
0.360175  382
0.360736  317
0.360837  386
0.361427  157
0.361725  318
0.361962  333
0.362579  110
0.362773  290
0.363951  374
0.364749  142
0.366166  98
0.366268  129
0.366495  188
0.366803  306
0.366817  256
0.366874  10
0.366893  141
0.367272  393
0.367402  265
0.368166  320
0.368694  340
0.36914  25
0.369509  162
0.369554  4
0.369815  183
0.369843  106
0.369988  278
0.370203  294
0.370293  302
0.370339  359
0.370402  56
0.3705  156
0.371202  147
0.371998  355
0.372174  277
0.372252  341
0.372259  322
0.372277  358
0.372304  226
0.372314  346
0.372413  213
0.3725  368
0.372672  84
0.372848  381
0.372992  135
0.374182  365
0.374257  137
0.374731  237
0.374748  308
0.375608  30
0.375667  199
0.375821  244
0.375999  127
0.37628  206
0.376376  55
0.376524  62
0.376556  326
0.377025  274
0.37718  337
0.377364  225
0.377387  336
0.377515  350
0.377562  230
0.377623  356
0.377764  204
0.377832  296
0.377848  128
0.377858  91
0.378011  262
0.378238  48
0.378262  172
0.378438  41
0.378439  136
0.378534  312
0.378573  105
0.378622  398
0.378858  351
0.379007  235
0.379055  71
0.379221  198
0.379252  324
0.379271  328
0.379673  193
0.379768  372
0.379917  357
0.379959  155
0.379963  53
0.380167  345
0.380206  221
0.380556  348
0.380565  298
0.380607  354
0.380742  360
0.381241  94
0.381712  385
0.381778  316
0.381888  192
0.381901  59
0.381918  145
0.381964  315
0.382008  327
0.382095  173
0.382121  305
0.382518  140
0.382951  284
0.383332  388
0.383386  310
0.383809  90
0.383841  352
0.384481  11
0.384654  353
0.384681  252
0.384717  392
0.385013  375
0.385246  330
0.385324  300
0.38591  205
0.385993  347
0.386047  376
0.386052  363
0.386274  185
0.386407  16
0.386819  158
0.387128  371
0.387432  318
0.387557  273
0.387596  344
0.38763  335
0.387935  177
0.388313  24
0.388831  301
0.38961  366
0.389866  342
0.390221  311
0.390385  194
0.390976  134
0.391171  361
0.391455  319
0.391461  303
0.391867  364
0.392467  251
0.392569  42
0.392718  349
0.39323  88
0.393365  148
0.393843  180
0.394018  190
0.396286  343
0.396441  111
0.397785  54
0.397966  133
0.398735  362
0.398782  239
0.398866  126
0.398873  384
0.399186  268
0.399808  241
0.400234  369
0.400431  379
0.400471  313
0.400475  390
0.401141  309
0.401477  321
0.402178  396
0.402484  391
0.402523  293
0.402705  378
0.402931  19
0.404169  338
0.404721  380
0.404871  58
0.404943  195
0.405093  178
0.405402  9
0.40554  317
0.405928  79
0.405971  33
0.406346  214
0.406826  399
0.40692  163
0.407467  109
0.40756  258
0.407647  283
0.407727  257
0.407816  377
0.407863  144
0.407963  386
0.408069  397
0.408081  382
0.408188  108
0.408281  87
0.40838  85
0.408383  51
0.408416  131
0.40865  387
0.408868  184
0.408997  81
0.409085  23
0.409195  339
0.409223  332
0.409679  304
0.410077  254
0.410764  370
0.411171  334
0.411542  389
0.411624  320
0.411657  21
0.412445  367
0.412766  168
0.413162  306
0.413452  285
0.413545  17
0.413988  314
0.415052  86
0.415207  3
0.41566  216
0.415882  323
0.415924  118
0.41663  61
0.416934  196
0.41713  32
0.417148  6
0.417223  245
0.417409  97
0.417575  223
0.417585  374
0.417678  119
0.418114  80
0.418397  240
0.418776  153
0.41885  331
0.418856  175
0.418883  287
0.418912  322
0.419109  200
0.4193  325
0.419426  122
0.419621  383
0.419707  295
0.419875  373
0.41988  355
0.419911  141
0.419918  246
0.41993  264
0.420004  77
0.420053  358
0.420111  45
0.420238  174
0.421064  271
0.421273  203
0.421404  307
0.421463  344
0.421576  165
0.421632  114
0.421757  395
0.421777  270
0.421828  154
0.421831  60
0.422143  115
0.422184  83
0.422245  138
0.422316  202
0.422361  347
0.422412  308
0.422596  188
0.422652  248
0.422759  359
0.422939  310
0.422956  104
0.422958  15
0.422963  394
0.422981  130
0.423112  329
0.423242  35
0.423269  351
0.423276  170
0.423479  227
0.423482  333
0.423505  124
0.423507  341
0.423649  228
0.423722  330
0.423825  388
0.423876  253
0.423932  243
0.423977  236
0.424057  337
0.424104  167
0.424112  375
0.424214  393
0.424329  150
0.424627  346
0.424678  312
0.4248  280
0.424823  324
0.424838  99
0.425143  74
0.425349  107
0.425363  365
0.425562  123
0.425811  182
0.425976  319
0.426014  31
0.426028  2
0.426138  316
0.426179  69
0.426199  299
0.426274  169
0.426371  233
0.426407  343
0.426441  201
0.426489  315
0.426558  342
0.427144  159
0.427243  357
0.427409  345
0.427618  371
0.427635  36
0.427689  391
0.427844  349
0.427903  350
0.427913  234
0.427999  66
0.428358  215
0.428505  191
0.428697  352
0.428937  224
0.428992  302
0.429132  336
0.429319  340
0.429355  40
0.42954  82
0.429676  376
0.429706  301
0.429801  392
0.429812  101
0.429816  181
0.429895  139
0.430301  353
0.430511  362
0.431043  222
0.431127  73
0.431254  211
0.431539  390
0.431848  366
0.432098  64
0.432158  354
0.43225  136
0.432331  398
0.43324  20
0.434246  305
0.434609  152
0.434668  348
0.435269  380
0.435285  372
0.43546  364
0.435699  149
0.43573  300
0.436169  259
0.436206  381
0.436383  384
0.437316  356
0.437971  292
0.43824  281
0.438264  378
0.440142  326
0.440269  361
0.441155  313
0.441289  311
0.442272  42
0.443823  220
0.445063  289
0.445647  318
0.445678  309
0.447259  272
0.447687  303
0.447696  29
0.448125  368
0.448225  385
0.448541  396
0.448775  379
0.449313  208
0.449834  363
0.45114  338
0.451769  183
0.452081  112
0.452349  210
0.453253  193
0.453255  328
0.453658  13
0.453728  290
0.453931  180
0.454605  186
0.454847  25
0.45543  339
0.455435  212
0.455532  12
0.45556  314
0.455612  231
0.455674  275
0.4557  246
0.455759  11
0.455999  296
0.455999  399
0.45612  7
0.456247  317
0.456323  265
0.456617  117
0.456629  255
0.456945  156
0.457037  199
0.457221  369
0.457334  22
0.457404  320
0.45741  238
0.458113  294
0.458325  177
0.458402  304
0.458527  273
0.458662  171
0.459011  321
0.459149  397
0.459307  1
0.459565  263
0.460006  282
0.460351  27
0.460665  257
0.460718  205
0.460762  389
0.460944  28
0.461072  360
0.461115  19
0.461124  160
0.461227  98
0.461282  158
0.461284  334
0.461339  262
0.461542  327
0.461618  127
0.461618  383
0.461693  367
0.461729  48
0.461757  189
0.461896  96
0.462341  386
0.462341  68
0.462392  217
0.462412  382
0.462538  331
0.462685  128
0.462738  291
0.462756  288
0.462862  44
0.462941  100
0.463009  306
0.463049  63
0.463112  329
0.463123  3
0.463175  391
0.463398  72
0.463472  47
0.4635  279
0.4635  46
0.463544  178
0.46369  346
0.463756  43
0.463781  251
0.463782  16
0.463794  56
0.463829  374
0.463931  377
0.46411  337
0.464182  322
0.464266  250
0.464271  129
0.464278  358
0.464706  89
0.464753  226
0.464839  357
0.464877  76
0.465153  347
0.465213  312
0.465278  187
0.465336  71
0.465419  162
0.465493  350
0.465756  120
0.465884  116
0.46589  164
0.465988  325
0.466304  300
0.466383  90
0.466394  247
0.466428  92
0.466433  65
0.466446  103
0.466458  310
0.4665  37
0.466609  38
0.466651  286
0.466772  223
0.466841  375
0.466855  143
0.466879  57
0.466971  398
0.467012  115
0.467039  297
0.467073  118
0.46736  94
0.467418  333
0.467553  70
0.46756  351
0.467572  39
0.467625  163
0.467884  81
0.467923  132
0.46796  59
0.467991  332
0.468177  392
0.468223  335
0.468233  323
0.468298  336
0.46833  324
0.468363  218
0.468602  387
0.468684  242
0.468741  62
0.469041  341
0.469053  121
0.469092  305
0.469156  58
0.469171  372
0.469355  343
0.469369  260
0.469444  269
0.469498  345
0.469774  316
0.469803  301
0.469813  237
0.469869  106
0.469972  364
0.470108  277
0.470203  365
0.47023  349
0.470618  302
0.470999  342
0.471112  10
0.471366  293
0.47147  370
0.47148  173
0.471562  344
0.471603  393
0.471618  61
0.471627  14
0.471641  8
0.47204  388
0.472718  362
0.472845  352
0.473101  313
0.473155  113
0.473173  355
0.473694  356
0.474068  219
0.474491  23
0.474708  390
0.474962  308
0.475473  394
0.475482  34
0.475712  373
0.475828  376
0.475946  371
0.475985  315
0.47617  380
0.476327  66
0.477731  283
0.478363  168
0.480439  261
0.480766  64
0.4809  17
0.481473  253
0.481553  53
0.481737  307
0.48215  172
0.482775  197
0.48294  318
0.483148  330
0.484147  326
0.48447  134
0.484525  26
0.484631  354
0.484768  244
0.485138  366
0.48628  320
0.486945  359
0.487094  33
0.487141  340
0.487306  319
0.487394  276
0.487858  153
0.488637  179
0.489192  85
0.48931  311
0.489339  196
0.489727  303
0.489828  395
0.489854  249
0.489855  317
0.49025  381
0.49028  379
0.490371  396
0.490529  137
0.490789  149
0.490962  353
0.491096  80
0.492035  108
0.492502  361
0.492713  194
0.492747  259
0.493029  363
0.493566  384
0.493809  165
0.494004  135
0.494113  229
0.49449  6
0.494624  266
0.494866  119
0.495134  309
0.495601  360
0.495654  385
0.496094  50
0.496414  198
0.496563  339
0.49734  368
0.497849  256
0.498243  328
0.498635  378
0.498798  230
0.498945  304
0.498998  252
0.49912  131
0.499445  397
0.499538  383
0.499579  20
0.499827  30
0.500413  278
0.500478  110
0.500789  25
0.501053  51
0.50113  54
0.501241  201
0.501594  138
0.50171  190
0.501903  147
0.502058  45
0.502547  399
0.50293  331
0.502977  391
0.503085  236
0.50337  231
0.503801  254
0.503837  246
0.504037  338
0.504125  95
0.504351  265
0.504528  148
0.504619  60
0.504683  301
0.504739  298
0.504897  334
0.50506  151
0.505142  227
0.505165  248
0.505433  323
0.505488  348
0.505568  321
0.505733  214
0.505921  0
0.505927  32
0.506013  140
0.506069  224
0.506202  86
0.506319  36
0.50637  184
0.50649  193
0.506638  155
0.507057  167
0.507254  2
0.507308  127
0.507396  347
0.507623  102
0.507781  161
0.507823  346
0.507934  284
0.50794  49
0.507982  390
0.507987  312
0.50799  386
0.508014  105
0.508047  216
0.50809  146
0.50811  5
0.508181  109
0.508211  88
0.508359  258
0.508364  157
0.508429  352
0.508529  125
0.50884  370
0.508847  314
0.508913  239
0.50904  178
0.509107  175
0.509248  55
0.509292  195
0.509336  377
0.509466  122
0.509556  324
0.509692  91
0.509743  355
0.509766  341
0.509829  207
0.509995  228
0.509996  191
0.510083  369
0.510092  305
0.51015  74
0.510312  73
0.510316  268
0.510465  302
0.510519  398
0.510553  124
0.510578  40
0.510579  11
0.51058  342
0.510706  337
0.510853  210
0.510866  285
0.510889  327
0.510891  290
0.511327  220
0.511389  387
0.511489  394
0.511612  365
0.511664  287
0.511723  267
0.511836  174
0.511883  358
0.511978  345
0.512028  367
0.512086  362
0.512157  144
0.512272  215
0.512274  37
0.51233  371
0.512476  322
0.512501  204
0.512557  123
0.512558  382
0.512739  300
0.512765  4
0.512815  186
0.512951  187
0.513051  356
0.513068  233
0.513084  126
0.513103  211
0.513111  375
0.513136  70
0.513315  133
0.513417  325
0.513467  136
0.513694  329
0.513769  41
0.513787  357
0.51392  393
0.514021  308
0.514442  332
0.514619  318
0.514755  392
0.514786  350
0.514983  152
0.515036  374
0.515054  376
0.515104  349
0.515181  213
0.515268  217
0.515917  336
0.515943  296
0.516111  273
0.516155  271
0.516874  316
0.517052  132
0.517083  339
0.517269  7
0.517336  203
0.51755  344
0.5178  18
0.51834  205
0.518792  71
0.518819  141
0.518841  306
0.519106  364
0.5192  379
0.519534  154
0.519576  139
0.520463  317
0.520871  99
0.520987  310
0.52101  351
0.521185  169
0.521605  295
0.521707  384
0.521866  340
0.522241  378
0.52271  333
0.523787  289
0.524233  27
0.524883  107
0.52515  309
0.526362  166
0.526708  17
0.526752  363
0.526832  171
0.527421  331
0.528045  226
0.528119  307
0.528198  83
0.528342  366
0.528659  359
0.528907  326
0.528989  235
0.529075  275
0.529911  245
0.52995  82
0.530026  78
0.530257  243
0.53043  372
0.530521  188
0.530553  330
0.530664  388
0.530706  117
0.530972  373
0.531424  389
0.53226  294
0.532403  380
0.532431  57
0.532501  181
0.53255  206
0.533019  13
0.533812  85
0.534276  145
0.534306  313
0.534388  361
0.534727  311
0.535045  84
0.535183  61
0.535597  381
0.53568  42
0.53574  47
0.535801  394
0.535894  185
0.536102  269
0.536184  315
0.536248  240
0.536412  270
0.53657  303
0.536744  156
0.537155  297
0.537381  304
0.537799  368
0.538169  21
0.538186  234
0.538197  119
0.538206  64
0.539434  320
0.539482  328
0.539548  360
0.539556  158
0.539958  369
0.540232  323
0.54027  397
0.540465  9
0.540639  396
0.541022  150
0.541081  79
0.541608  98
0.541719  319
0.541752  76
0.542281  194
0.542566  22
0.54333  16
0.543421  19
0.54349  353
0.543816  335
0.544154  67
0.544408  121
0.544519  108
0.544568  399
0.544794  89
0.544928  170
0.545065  69
0.545256  31
0.5458  391
0.546218  314
0.546563  302
0.546914  247
0.547451  324
0.547496  208
0.547508  113
0.547682  342
0.548195  104
0.548256  159
0.548297  327
0.548302  318
0.548587  255
0.548667  200
0.549186  301
0.549287  266
0.549299  253
0.549481  279
0.549537  75
0.549546  163
0.54955  300
0.549579  387
0.549716  48
0.549775  386
0.549941  260
0.550124  209
0.550182  263
0.550482  322
0.550487  292
0.550513  274
0.550885  212
0.551151  356
0.551335  173
0.551358  228
0.551436  390
0.551614  204
0.551626  277
0.551681  371
0.551884  355
0.552129  264
0.552628  52
0.552662  326
0.552707  375
0.552718  332
0.552739  223
0.552813  370
0.552825  28
0.552897  345
0.552901  312
0.55291  354
0.552938  92
0.553048  190
0.553186  321
0.553229  192
0.553397  51
0.553673  197
0.55386  308
0.554145  377
0.554223  392
0.554305  357
0.55439  347
0.55474  172
0.555168  325
0.555339  364
0.555377  338
0.555618  72
0.555649  362
0.555659  129
0.555779  225
0.555885  382
0.556031  15
0.556087  348
0.55685  352
0.557005  337
0.557087  385
0.557919  219
0.558052  128
0.558513  116
0.558586  329
0.558651  246
0.559008  395
0.559183  10
0.559439  142
0.559472  336
0.559531  111
0.560102  237
0.560761  340
0.560971  343
0.561302  310
0.562273  148
0.564234  96
0.564478  339
0.56456  305
0.565595  161
0.56572  114
0.565793  207
0.566047  350
0.566407  374
0.567391  29
0.567501  367
0.567617  174
0.567904  198
0.568096  282
0.568519  333
0.569033  34
0.569197  389
0.570126  331
0.570234  378
0.572411  14
0.57316  115
0.574014  358
0.574308  189
0.574369  388
0.57449  380
0.575021  143
0.575219  3
0.575628  103
0.575923  334
0.576008  317
0.576171  26
0.576468  149
0.576888  368
0.576922  59
0.577071  346
0.577297  146
0.577375  251
0.577425  220
0.577543  376
0.577639  309
0.577723  393
0.578216  250
0.578232  218
0.57846  241
0.578626  379
0.578844  306
0.578968  105
0.579243  351
0.579346  335
0.579641  80
0.579651  99
0.57999  373
0.580034  249
0.580253  180
0.580563  17
0.581103  257
0.581115  232
0.581193  330
0.581639  2
0.581759  307
0.581893  179
0.581934  178
0.582134  136
0.582276  199
0.582371  384
0.582558  332
0.582889  101
0.582901  254
0.583159  154
0.583272  398
0.583388  7
0.58362  396
0.583621  68
0.583751  244
0.58403  369
0.584042  366
0.584192  169
0.584254  312
0.584456  46
0.584672  262
0.585319  359
0.585513  394
0.585635  187
0.585771  202
0.585884  151
0.585919  316
0.5861  391
0.586123  242
0.586186  217
0.586215  361
0.586499  38
0.586802  381
0.586865  383
0.586915  47
0.586978  365
0.586984  123
0.586999  77
0.587102  65
0.587222  311
0.58726  58
0.587428  344
0.587644  112
0.587937  320
0.58846  323
0.588568  252
0.588912  186
0.589187  302
0.589263  268
0.589561  349
0.589974  239
0.59059  296
0.591052  45
0.591053  319
0.591259  86
0.591343  301
0.59143  195
0.5915  165
0.59166  315
0.591663  55
0.591764  35
0.592098  127
0.592122  328
0.592203  356
0.592243  299
0.592273  160
0.592696  43
0.592915  233
0.593675  182
0.593856  71
0.594007  397
0.594077  386
0.594127  314
0.594201  327
0.594257  385
0.594323  133
0.595118  390
0.595195  44
0.595928  392
0.596023  363
0.596119  285
0.596169  304
0.596203  248
0.59631  382
0.596684  42
0.596688  313
0.596807  259
0.596866  371
0.597287  73
0.597495  88
0.597675  283
0.597678  322
0.598236  372
0.598296  162
0.598333  91
0.598799  360
0.598807  5
0.598984  265
0.599294  226
0.59932  300
0.599528  138
0.599913  308
0.60021  353
0.600276  339
0.600523  237
0.60157  157
0.60163  354
0.601737  216
0.60189  23
0.601928  49
0.601953  97
0.602422  81
0.602433  347
0.602473  338
0.602708  24
0.60314  120
0.603264  340
0.603473  74
0.603785  286
0.603796  9
0.603874  271
0.603882  267
0.603891  20
0.604293  19
0.604372  230
0.604413  329
0.604471  395
0.604476  280
0.604606  348
0.604767  125
0.604927  196
0.605033  130
0.605059  269
0.60511  205
0.60556  168
0.605715  370
0.605939  56
0.605958  48
0.606  261
0.606047  40
0.606311  153
0.606424  337
0.606749  221
0.606907  25
0.60694  341
0.607006  121
0.607016  256
0.607045  164
0.607094  200
0.607182  203
0.607218  342
0.607274  61
0.607281  211
0.607337  132
0.607384  367
0.607423  95
0.607613  4
0.607645  387
0.607702  318
0.607831  326
0.608192  343
0.608238  377
0.608378  278
0.608407  240
0.608541  305
0.608568  215
0.608592  159
0.608659  21
0.608726  229
0.608774  336
0.608797  355
0.609048  36
0.609081  291
0.609084  222
0.609087  325
0.609196  375
0.609258  357
0.609269  364
0.609399  374
0.609602  30
0.609671  345
0.609694  352
0.609811  100
0.609849  53
0.610017  78
0.610084  194
0.610813  346
0.610844  54
0.610963  0
0.611164  310
0.611293  94
0.611353  362
0.61139  255
0.611521  334
0.611593  394
0.611818  331
0.611922  190
0.612026  60
0.612268  188
0.612269  333
0.61232  293
0.612786  298
0.613068  378
0.613132  289
0.613153  84
0.613171  227
0.613218  238
0.613658  235
0.61393  368
0.613974  389
0.614149  335
0.614162  303
0.614371  294
0.614404  52
0.614497  272
0.614605  59
0.614751  183
0.614821  102
0.614871  330
0.614902  144
0.614917  210
0.615189  317
0.615294  274
0.615427  6
0.615561  324
0.615614  321
0.615718  191
0.615885  124
0.615918  245
0.616025  158
0.616074  204
0.616099  379
0.616121  396
0.616337  309
0.616441  398
0.616608  297
0.61717  307
0.61719  13
0.617317  137
0.618045  311
0.618554  399
0.618617  174
0.618731  351
0.61897  388
0.6192  32
0.619296  39
0.619518  63
0.61953  359
0.62029  116
0.620334  136
0.620372  263
0.620478  312
0.620841  380
0.620968  258
0.621386  236
0.621595  201
0.621742  358
0.621809  385
0.621826  139
0.62207  373
0.622114  57
0.622219  213
0.622483  391
0.622491  320
0.622595  339
0.622615  313
0.622746  140
0.622747  319
0.623083  361
0.623204  372
0.623219  177
0.623651  80
0.623964  152
0.62432  365
0.624526  332
0.624583  193
0.624619  363
0.62507  347
0.625442  90
0.625485  302
0.626139  287
0.626241  366
0.62625  288
0.626306  134
0.626436  384
0.626525  181
0.626575  344
0.626852  33
0.627399  219
0.627615  260
0.627902  393
0.628259  316
0.628876  314
0.630637  349
0.63151  337
0.632333  106
0.632361  323
0.633011  306
0.633435  360
0.634055  315
0.635837  308
0.635895  123
0.635964  348
0.636156  64
0.636174  119
0.637222  376
0.637797  341
0.637956  273
0.638991  328
0.640352  364
0.640382  206
0.640447  386
0.640686  353
0.641729  50
0.641826  173
0.642109  354
0.64252  247
0.642989  350
0.643857  369
0.644196  145
0.644309  234
0.645048  85
0.645173  122
0.645479  179
0.646183  397
0.646997  197
0.647209  248
0.647805  304
0.64872  11
0.648879  301
0.649217  51
0.649383  217
0.649974  356
0.650202  231
0.650257  392
0.650304  105
0.650571  132
0.650982  189
0.651444  275
0.65147  338
0.651641  8
0.651667  322
0.651898  352
0.652081  135
0.652089  377
0.652168  282
0.652337  342
0.652953  92
0.653342  45
0.654592  383
0.654798  166
0.654842  318
0.654846  390
0.654982  82
0.655385  178
0.655809  244
0.655855  259
0.655857  171
0.6559  12
0.656058  192
0.656088  251
0.656416  253
0.656659  242
0.656808  209
0.65697  113
0.657041  305
0.657053  225
0.657115  252
0.657426  343
0.657443  284
0.657464  43
0.657508  46
0.657589  374
0.657602  310
0.657642  29
0.657694  340
0.657751  167
0.657756  10
0.657904  277
0.658198  334
0.65823  23
0.658231  394
0.658456  324
0.658535  389
0.658701  266
0.658753  62
0.65878  68
0.658877  336
0.658911  327
0.658962  42
0.659273  184
0.659297  381
0.659624  375
0.659661  56
0.659768  243
0.659937  26
0.660078  232
0.660246  91
0.660286  303
0.660363  14
0.660366  87
0.660396  142
0.660401  129
0.660467  93
0.660636  172
0.661163  367
0.661212  241
0.661231  151
0.661238  370
0.66126  180
0.661388  98
0.66148  290
0.661524  74
0.661749  101
0.661763  118
0.66183  270
0.661831  346
0.661833  326
0.661837  22
0.661968  387
0.661993  365
0.662078  331
0.662283  128
0.662293  295
0.662308  351
0.662317  378
0.662394  355
0.662404  229
0.662463  382
0.662464  83
0.662505  325
0.662608  153
0.662677  235
0.662845  208
0.662977  335
0.663277  194
0.663282  18
0.663307  220
0.663324  339
0.663477  371
0.663552  333
0.663581  395
0.663676  154
0.663937  58
0.663991  246
0.664002  329
0.664029  359
0.664229  34
0.664407  169
0.664448  379
0.664486  155
0.664553  207
0.664572  1
0.664594  361
0.665337  112
0.665367  311
0.665549  138
0.665592  94
0.665756  2
0.665944  399
0.665974  363
0.666225  141
0.666302  391
0.666526  291
0.666894  110
0.667049  368
0.66711  88
0.667207  121
0.667237  313
0.667253  200
0.667385  330
0.667415  65
0.667655  380
0.667969  73
0.668052  358
0.668114  332
0.668197  300
0.66849  47
0.66854  133
0.668577  115
0.668775  219
0.668806  321
0.669005  362
0.669046  347
0.669204  163
0.669285  152
0.669662  308
0.669789  27
0.670057  398
0.670135  385
0.6706  393
0.670774  337
0.670834  160
0.671062  302
0.671411  353
0.671424  345
0.672039  176
0.672236  312
0.67226  372
0.672288  349
0.672621  221
0.672697  6
0.67295  240
0.673043  396
0.673231  317
0.673426  96
0.673944  357
0.674551  77
0.674641  139
0.674946  281
0.675328  301
0.675885  16
0.676475  218
0.678077  309
0.678284  306
0.678385  126
0.678559  328
0.678715  147
0.678927  307
0.678961  80
0.679246  344
0.679564  264
0.680089  360
0.680401  376
0.680495  369
0.680694  286
0.681041  315
0.682444  320
0.683391  136
0.683452  386
0.683823  124
0.683889  352
0.685351  341
0.685428  52
0.687145  304
0.687342  182
0.687789  158
0.687836  373
0.687932  21
0.688281  193
0.68832  249
0.688824  32
0.688972  326
0.689034  168
0.689165  117
0.689367  146
0.689492  198
0.689766  257
0.68983  25
0.689856  314
0.689995  319
0.690071  108
0.690121  350
0.690138  334
0.690214  316
0.690255  323
0.690338  383
0.690378  366
0.690698  181
0.690743  210
0.691491  63
0.691706  338
0.691848  354
0.692027  256
0.692043  190
0.692244  388
0.692646  390
0.693032  364
0.69335  228
0.693635  20
0.693683  71
0.693998  48
0.694386  35
0.694621  72
0.694673  265
0.694871  245
0.695041  299
0.695108  107
0.695184  310
0.695461  292
0.695626  13
0.695661  186
0.695769  53
0.695811  392
0.695929  377
0.695955  271
0.696318  50
0.696505  123
0.696684  170
0.69682  191
0.696983  111
0.697114  17
0.697232  384
0.697321  60
0.697414  127
0.697433  258
0.697524  143
0.697589  342
0.697621  89
0.697859  212
0.697906  370
0.697948  149
0.69798  144
0.698002  202
0.698066  374
0.698325  150
0.698351  199
0.698357  161
0.698385  64
0.698878  339
0.699041  90
0.699502  278
0.699523  322
0.699644  227
0.699802  45
0.699852  261
0.700114  78
0.700325  276
0.700385  33
0.700389  367
0.700508  102
0.700587  114
0.700613  255
0.700628  294
0.700661  223
0.700675  61
0.700682  3
0.70085  277
0.700893  30
0.700894  343
0.701063  391
0.701108  336
0.70116  39
0.701212  331
0.701238  297
0.701271  116
0.701531  70
0.701573  131
0.701588  362
0.701658  371
0.70171  130
0.701718  356
0.701725  274
0.701764  359
0.701766  148
0.70189  285
0.701949  67
0.701989  346
0.701999  157
0.702493  335
0.702528  178
0.702641  375
0.70266  75
0.70266  327
0.702669  214
0.702719  389
0.702728  215
0.702795  159
0.702809  236
0.702863  324
0.702868  183
0.702898  99
0.703072  395
0.703212  382
0.703356  84
0.703383  15
0.703515  330
0.703546  325
0.703695  311
0.703753  357
0.703758  134
0.703811  38
0.703889  19
0.703928  36
0.703964  55
0.703973  399
0.703996  347
0.704013  37
0.704046  140
0.704097  298
0.704224  396
0.70428  317
0.704501  308
0.704592  337
0.704741  300
0.704773  272
0.705156  94
0.705276  120
0.705704  287
0.705798  91
0.705842  387
0.705863  288
0.705936  225
0.706126  230
0.706127  260
0.706193  281
0.706364  348
0.706441  351
0.706726  305
0.70674  376
0.707048  329
0.707291  372
0.707343  397
0.707717  289
0.70781  302
0.708066  386
0.708146  358
0.708154  373
0.708214  352
0.708284  379
0.708379  66
0.7084  366
0.708434  313
0.709316  318
0.710192  240
0.710826  303
0.711188  97
0.712338  355
0.712402  250
0.712511  378
0.712768  333
0.713223  398
0.713516  133
0.714479  393
0.714761  233
0.715254  269
0.715591  363
0.715601  326
0.716101  334
0.716307  267
0.716412  345
0.717889  125
0.717975  307
0.71815  360
0.71818  7
0.718359  31
0.718698  332
0.719857  81
0.72083  28
0.720925  394
0.720967  361
0.721469  309
0.721796  279
0.722186  338
0.72229  8
0.722514  354
0.722546  316
0.722633  380
0.722969  151
0.723372  340
0.725401  381
0.725895  368
0.726498  320
0.728416  22
0.728992  349
0.729479  315
0.729588  204
0.730066  206
0.731612  328
0.731952  59
0.733097  205
0.733418  301
0.733858  312
0.734476  374
0.734904  304
0.734943  113
0.736003  310
0.73615  5
0.736373  306
0.736401  213
0.736489  109
0.736496  126
0.737423  385
0.738511  41
0.738681  390
0.738946  323
0.739104  321
0.739336  6
0.741182  238
0.741225  156
0.741677  65
0.741722  344
0.741932  226
0.742366  93
0.742514  171
0.742604  100
0.742914  234
0.742974  82
0.742988  370
0.743047  231
0.743154  229
0.743404  331
0.743498  353
0.743741  104
0.74383  175
0.743909  128
0.744374  222
0.744562  377
0.744812  242
0.745056  185
0.745396  119
0.745642  273
0.745691  200
0.74577  314
0.746113  12
0.746366  341
0.74653  339
0.747021  389
0.747106  121
0.747245  365
0.747308  14
0.747455  317
0.747466  210
0.747552  142
0.747646  122
0.747775  154
0.747889  369
0.747923  249
0.747934  18
0.748093  280
0.748108  153
0.748144  0
0.748171  325
0.74824  392
0.748287  79
0.74846  76
0.748499  290
0.748517  141
0.748544  211
0.748554  165
0.748583  105
0.748614  251
0.748766  217
0.748878  346
0.748881  58
0.749097  247
0.749125  57
0.749329  219
0.749447  363
0.749464  11
0.749485  23
0.749488  54
0.749504  384
0.749515  350
0.74952  60
0.749842  167
0.749956  68
0.749964  208
0.750198  393
0.750376  196
0.750385  283
0.750389  244
0.750493  192
0.750576  124
0.750606  319
0.750613  329
0.750649  106
0.750734  364
0.750764  86
0.750776  10
0.750818  376
0.75083  359
0.750983  98
0.750993  358
0.751019  362
0.751058  47
0.751069  332
0.751174  336
0.75125  237
0.751274  356
0.751304  296
0.751309  197
0.75135  85
0.751351  115
0.751512  396
0.751599  382
0.751604  324
0.751774  1
0.75185  318
0.75237  120
0.752515  170
0.75253  184
0.753079  391
0.753107  311
0.753121  367
0.753276  275
0.753318  42
0.75347  351
0.753502  378
0.753509  326
0.753611  216
0.75376  348
0.753799  305
0.75415  373
0.754346  386
0.754405  88
0.754758  361
0.75486  264
0.755096  399
0.755444  178
0.756135  343
0.7562  327
0.756207  20
0.756876  51
0.756885  43
0.756912  263
0.757339  34
0.757504  239
0.757788  330
0.757813  387
0.757891  380
0.75806  379
0.75811  40
0.758244  95
0.758263  375
0.758554  253
0.758647  388
0.758713  337
0.758911  254
0.75892  61
0.758932  302
0.759116  96
0.759393  224
0.759422  322
0.759595  214
0.75967  345
0.760039  374
0.760369  355
0.760746  383
0.760983  347
0.761454  173
0.761898  303
0.762209  395
0.762458  371
0.762954  333
0.763502  69
0.764252  334
0.765114  320
0.766036  194
0.76679  164
0.76731  77
0.768512  248
0.769226  352
0.770005  390
0.770023  292
0.770075  310
0.770433  189
0.770915  265
0.771081  308
0.772038  372
0.772149  394
0.772429  75
0.773156  360
0.773562  152
0.773827  357
0.77393  182
0.77448  309
0.774563  397
0.774668  354
0.775716  366
0.775741  368
0.776747  316
0.777768  282
0.778098  9
0.779185  177
0.779802  166
0.780074  56
0.780319  188
0.780325  306
0.7804  146
0.780759  301
0.780776  281
0.780807  331
0.781362  338
0.782199  381
0.7822  294
0.782321  55
0.782423  186
0.782426  342
0.78256  335
0.784324  193
0.78453  49
0.784534  138
0.784828  398
0.785178  340
0.785326  70
0.785456  300
0.785526  313
0.785993  92
0.786096  161
0.786132  183
0.786315  323
0.786527  131
0.786664  87
0.786922  118
0.786992  276
0.787001  376
0.787185  144
0.787316  44
0.787329  50
0.787458  136
0.78764  209
0.787655  353
0.788496  110
0.78857  349
0.788641  91
0.788918  288
0.788994  297
0.789025  203
0.789067  317
0.789299  114
0.789562  157
0.789816  29
0.789931  304
0.790578  62
0.790735  385
0.790936  36
0.791007  311
0.791135  339
0.791497  262
0.791549  71
0.791703  222
0.79216  328
0.792261  201
0.792263  107
0.792282  293
0.793263  246
0.79327  274
0.793477  291
0.793524  307
0.79421  149
0.794268  124
0.794565  220
0.794607  127
0.794798  343
0.794891  162
0.795213  39
0.795214  270
0.795274  341
0.795277  137
0.795332  235
0.795412  48
0.795431  370
0.795583  174
0.79564  123
0.795659  150
0.79575  318
0.795894  179
0.795941  384
0.79612  321
0.79647  260
0.796548  4
0.796709  8
0.79673  12
0.796752  329
0.796918  176
0.796992  315
0.797091  221
0.79712  324
0.797143  363
0.797204  299
0.79721  346
0.797218  97
0.797232  367
0.797334  364
0.797366  362
0.797397  116
0.79745  67
0.797553  17
0.797565  356
0.797633  168
0.797713  25
0.797757  355
0.797768  163
0.797919  303
0.797983  287
0.798049  391
0.798077  33
0.79813  312
0.798147  108
0.798338  358
0.798469  396
0.798551  28
0.7986  305
0.798653  284
0.798695  60
0.798718  244
0.798761  212
0.798778  94
0.798788  399
0.798928  145
0.798988  187
0.799023  332
0.799207  389
0.799235  53
0.799337  228
0.799408  130
0.799508  345
0.799781  126
0.799865  351
0.799935  319
0.799967  16
0.800012  258
0.800073  68
0.801066  99
0.801391  240
0.801404  395
0.801679  375
0.801692  229
0.80187  234
0.801886  322
0.801916  38
0.802234  337
0.802327  325
0.802455  223
0.802492  148
0.802519  266
0.802529  66
0.802551  191
0.802773  90
0.803138  382
0.80315  89
0.803226  112
0.803229  379
0.803497  387
0.803527  24
0.803528  374
0.803543  218
0.803571  15
0.803616  380
0.803797  135
0.804033  361
0.804039  204
0.804052  172
0.804114  377
0.804134  347
0.804235  180
0.804244  383
0.804348  378
0.804399  393
0.80448  326
0.804923  169
0.805331  336
0.805586  79
0.805686  41
0.805699  371
0.805819  390
0.806442  392
0.806578  369
0.806652  184
0.806739  35
0.806763  30
0.806779  316
0.80699  225
0.807115  330
0.807487  198
0.807778  7
0.807781  394
0.807871  359
0.807898  141
0.808525  81
0.808661  213
0.808842  352
0.808917  226
0.809002  263
0.809399  185
0.809704  57
0.809879  232
0.809964  224
0.810341  46
0.810369  19
0.810479  309
0.810586  366
0.810681  61
0.811863  215
0.811912  93
0.811914  255
0.81233  344
0.812778  208
0.812967  340
0.813029  327
0.813211  210
0.81333  256
0.813533  159
0.813636  388
0.813841  323
0.813841  357
0.814178  348
0.814184  334
0.814355  314
0.814422  192
0.814424  300
0.814489  398
0.815124  197
0.815373  302
0.815701  365
0.81584  139
0.815869  264
0.815959  373
0.816737  306
0.816883  252
0.816913  248
0.817844  368
0.820211  181
0.82023  83
0.820526  386
0.820924  350
0.821149  243
0.821303  254
0.82136  158
0.82158  64
0.821974  301
0.822392  111
0.822424  249
0.822624  271
0.822685  125
0.822752  333
0.822754  34
0.823214  199
0.823261  37
0.823306  285
0.82351  236
0.823526  59
0.823544  128
0.823587  182
0.82383  354
0.824018  72
0.824181  353
0.824188  109
0.824265  51
0.824357  84
0.824622  32
0.824681  233
0.824834  3
0.824957  227
0.82517  275
0.825218  152
0.825321  207
0.825364  338
0.825369  31
0.82559  328
0.825817  13
0.825817  385
0.825848  52
0.825918  80
0.826061  342
0.826323  21
0.826346  278
0.82651  151
0.826758  85
0.826873  14
0.826967  310
0.82697  102
0.826988  363
0.827083  206
0.827159  11
0.827175  277
0.827203  132
0.82722  372
0.827232  308
0.827282  6
0.827299  335
0.827415  196
0.827474  261
0.827627  147
0.827724  136
0.82777  40
0.827903  376
0.828029  343
0.828031  153
0.828108  0
0.828123  362
0.828143  374
0.828165  216
0.828219  95
0.828289  313
0.8283  331
0.828698  231
0.829042  321
0.829099  391
0.829122  259
0.829346  370
0.829492  339
0.829561  307
0.829859  195
0.829871  395
0.829972  346
0.829974  381
0.830143  155
0.830241  379
0.830384  100
0.830488  295
0.830599  303
0.831238  397
0.83189  156
0.831956  144
0.832082  202
0.832183  332
0.832473  320
0.832644  129
0.832745  56
0.832756  120
0.832906  5
0.833097  389
0.833097  103
0.833507  134
0.833978  318
0.834309  347
0.834614  239
0.834627  74
0.834629  387
0.83498  297
0.83503  115
0.835079  121
0.835102  324
0.835278  382
0.835286  360
0.835477  86
0.835706  377
0.835888  286
0.836047  375
0.836712  337
0.836958  242
0.836976  78
0.837  104
0.837047  194
0.837153  8
0.837164  358
0.837347  63
0.837454  336
0.837667  384
0.837692  289
0.837918  390
0.838514  345
0.838576  250
0.83896  200
0.839103  173
0.839412  386
0.83952  73
0.839687  344
0.839751  140
0.839844  58
0.840036  322
0.840104  319
0.840387  399
0.840752  326
0.841251  171
0.841783  311
0.842602  1
0.842674  22
0.843088  312
0.843089  383
0.843277  364
0.843286  245
0.844023  367
0.846438  46
0.846561  300
0.846612  380
0.846615  96
0.846625  316
0.847247  369
0.84742  309
0.847567  55
0.848018  388
0.849751  334
0.849878  341
0.85032  327
0.851076  317
0.851388  371
0.851488  77
0.851576  10
0.851641  357
0.852331  356
0.853073  76
0.853123  366
0.85322  351
0.853585  292
0.854095  211
0.854151  53
0.855807  33
0.856416  130
0.856897  169
0.856939  361
0.857163  340
0.857362  42
0.857479  88
0.857679  378
0.858952  305
0.859324  215
0.859325  214
0.859938  393
0.859983  355
0.860379  348
0.860639  279
0.860757  365
0.860857  323
0.861315  178
0.862136  315
0.862439  166
0.862446  373
0.86302  325
0.864454  75
0.864539  106
0.864797  256
0.865333  108
0.865646  314
0.866174  281
0.866298  349
0.866312  60
0.866477  91
0.866688  283
0.866701  329
0.866807  302
0.867  396
0.867251  238
0.867555  112
0.867775  352
0.867882  359
0.86816  190
0.868485  353
0.868511  330
0.868678  398
0.869011  141
0.869219  117
0.870288  290
0.871729  394
0.87217  67
0.872358  107
0.872548  374
0.872568  350
0.872762  328
0.87314  94
0.873436  342
0.874489  66
0.874773  158
0.874901  265
0.875055  338
0.875058  235
0.875248  301
0.875605  44
0.875638  133
0.875805  213
0.875828  26
0.87585  174
0.875853  126
0.876065  49
0.876155  335
0.876229  123
0.876345  266
0.876392  320
0.876482  339
0.876552  252
0.876565  247
0.876716  61
0.877167  376
0.877178  313
0.877246  188
0.877346  294
0.877652  372
0.877673  268
0.877742  183
0.878671  101
0.878841  363
0.879001  9
0.879191  221
0.879462  2
0.879689  208
0.8797  253
0.87973  105
0.879784  89
0.880123  310
0.880154  298
0.880194  287
0.88027  264
0.880279  397
0.880323  218
0.88037  69
0.880395  321
0.880397  121
0.880491  142
0.880523  228
0.880553  240
0.880606  391
0.880888  143
0.880899  381
0.880965  157
0.880969  362
0.881018  212
0.881037  343
0.881077  226
0.881289  160
0.881474  307
0.881531  18
0.881758  379
0.88179  35
0.881836  189
0.88189  219
0.881961  375
0.881962  24
0.881981  45
0.882042  360
0.882096  331
0.882188  333
0.882227  25
0.882268  28
0.882315  36
0.88234  377
0.882357  284
0.882394  149
0.88246  319
0.882468  346
0.882472  324
0.882661  98
0.882737  233
0.882746  304
0.882891  368
0.883315  354
0.883317  296
0.883486  269
0.883607  345
0.884031  306
0.884265  154
0.884312  43
0.88453  308
0.884555  109
0.884654  90
0.884704  382
0.885554  257
0.885704  380
0.885899  326
0.886012  386
0.886115  54
0.886117  388
0.886219  392
0.886474  336
0.886608  358
0.886624  370
0.886627  13
0.886753  203
0.88699  317
0.887044  5
0.88733  337
0.887411  19
0.887479  383
0.887916  357
0.888014  387
0.888055  127
0.888137  136
0.888356  300
0.888428  167
0.88858  385
0.88858  29
0.888925  303
0.889295  132
0.889498  395
0.889773  332
0.889962  118
0.890392  365
0.890534  52
0.891783  15
0.892138  318
0.89285  367
0.892921  150
0.893081  0
0.893878  93
0.893948  389
0.895409  47
0.8964  230
0.896533  292
0.896587  65
0.897093  38
0.897107  311
0.897471  322
0.897899  277
0.897918  364
0.897974  340
0.898014  130
0.898142  399
0.898322  129
0.898658  217
0.898975  79
0.899248  361
0.899312  87
0.899841  344
0.899933  258
0.900093  191
0.900108  323
0.900407  177
0.900733  366
0.90166  299
0.902037  315
0.902217  14
0.902354  99
0.902385  271
0.902492  295
0.902674  139
0.903021  187
0.903271  356
0.903406  302
0.90347  342
0.903514  262
0.904251  197
0.904376  234
0.90451  201
0.904591  347
0.904729  351
0.904884  193
0.904896  30
0.904954  291
0.905049  196
0.905499  371
0.905505  314
0.905544  334
0.905714  256
0.906061  390
0.906199  384
0.906243  159
0.906367  316
0.906379  369
0.906632  341
0.906654  164
0.906981  165
0.90716  198
0.907277  194
0.907282  151
0.907407  41
0.907518  312
0.907526  329
0.907594  378
0.907801  70
0.908127  305
0.908206  327
0.908577  81
0.909325  33
0.909506  170
0.909654  359
0.909742  328
0.909836  374
0.910015  11
0.910792  355
0.910804  207
0.911151  148
0.911249  293
0.911331  131
0.911461  236
0.912076  174
0.912273  309
0.9123  338
0.912487  146
0.913086  320
0.913222  350
0.913239  4
0.913449  398
0.91357  396
0.913601  301
0.913781  161
0.914193  135
0.914303  181
0.914611  313
0.914654  381
0.914688  246
0.915086  7
0.915204  376
0.915614  16
0.91568  244
0.915746  82
0.915779  39
0.916039  363
0.916066  225
0.916482  12
0.916867  330
0.917442  348
0.917709  241
0.918698  97
0.919004  393
0.919146  202
0.9196  85
0.920099  110
0.920623  325
0.920631  119
0.9207  310
0.92099  274
0.921191  83
0.921341  259
0.921464  343
0.921516  353
0.921744  242
0.921774  23
0.92196  336
0.921961  255
0.922427  50
0.922456  6
0.92257  304
0.92287  77
0.92296  214
0.923212  64
0.923258  185
0.923271  100
0.92344  210
0.923516  102
0.923529  321
0.923614  17
0.923709  182
0.923856  57
0.92386  331
0.923901  349
0.924159  249
0.924247  273
0.924311  267
0.924422  279
0.924485  162
0.924533  224
0.924677  229
0.924694  326
0.924744  53
0.924891  357
0.925119  243
0.925243  92
0.925349  173
0.925371  232
0.925435  209
0.925438  333
0.925441  379
0.92545  319
0.925954  68
0.925958  260
0.926529  372
0.92658  362
0.926622  394
0.926677  324
0.92767  176
0.927986  288
0.927996  317
0.928459  220
0.9285  254
0.928514  86
0.92866  373
0.928697  96
0.928842  250
0.928864  278
0.928962  391
0.929047  46
0.929229  375
0.929307  263
0.929411  346
0.929479  364
0.929479  222
0.9295  385
0.92956  382
0.929617  37
0.929619  303
0.929688  227
0.929801  377
0.929919  306
0.929985  28
0.930039  88
0.930203  199
0.93038  58
0.930459  315
0.930553  388
0.930561  59
0.930586  354
0.93088  307
0.930978  152
0.93122  55
0.931329  352
0.931649  34
0.931872  205
0.931883  27
0.931914  223
0.932214  140
0.932245  137
0.932394  339
0.932564  395
0.932623  368
0.933085  261
0.933122  358
0.933174  280
0.933179  212
0.93326  145
0.933291  275
0.933365  345
0.93338  308
0.933406  138
0.933479  389
0.933562  272
0.93402  318
0.934043  300
0.934173  399
0.934276  107
0.934675  156
0.93468  337
0.935098  91
0.935533  322
0.935649  332
0.936566  296
0.936812  397
0.936923  276
0.93705  98
0.93719  392
0.937405  200
0.937927  143
0.937986  335
0.938602  360
0.939096  292
0.93927  104
0.939869  60
0.940141  365
0.940312  8
0.940441  312
0.940659  323
0.940899  366
0.9413  328
0.941669  371
0.943749  338
0.943947  380
0.944136  356
0.944644  361
0.944848  309
0.944888  253
0.945197  374
0.945547  166
0.945554  247
0.946693  313
0.947906  341
0.94807  305
0.948134  248
0.948464  282
0.950003  336
0.950092  144
0.95067  66
0.95067  384
0.950733  95
0.950903  103
0.951467  342
0.951778  90
0.95183  386
0.952241  302
0.952358  310
0.953078  122
0.953384  351
0.953451  31
0.953644  111
0.953719  54
0.954163  157
0.954538  334
0.954853  179
0.955168  290
0.955179  311
0.955715  390
0.956276  120
0.956305  347
0.95637  237
0.956776  114
0.956914  19
0.95703  327
0.957083  1
0.957167  216
0.957175  155
0.957464  186
0.958014  387
0.958031  381
0.958429  18
0.958535  340
0.958802  369
0.959004  163
0.959199  252
0.959834  398
0.959855  301
0.959891  108
0.959926  314
0.960017  101
0.960389  348
0.960774  239
0.960912  257
0.960935  38
0.960982  359
0.961273  383
0.961342  206
0.961472  378
0.962514  195
0.96295  379
0.963193  393
0.963895  47
0.963924  117
0.964126  192
0.964325  326
0.964484  112
0.964585  76
0.964742  26
0.964898  297
0.96508  126
0.965245  48
0.965441  291
0.965896  355
0.966294  168
0.966431  158
0.96661  184
0.966645  93
0.96668  370
0.966829  277
0.967002  316
0.967503  350
0.967609  329
0.967838  320
0.967946  236
0.967975  399
0.968052  333
0.968076  15
0.968109  270
0.968804  372
0.968866  319
0.969274  367
0.969367  40
0.969428  115
0.970119  362
0.970324  294
0.970432  180
0.970599  245
0.970637  96
0.970669  344
0.970978  349
0.971135  196
0.971428  136
0.972272  321
0.972332  3
0.972464  118
0.972473  14
0.973093  171
0.973122  178
0.973414  0
0.97347  357
0.973665  396
0.973824  51
0.973991  204
0.974062  331
0.974467  388
0.974595  325
0.974616  364
0.974778  343
0.974854  391
0.974926  32
0.97494  287
0.975003  79
0.975041  125
0.975089  385
0.97515  283
0.975169  240
0.975252  99
0.975728  268
0.975792  231
0.975967  375
0.976282  52
0.976412  160
0.976521  25
0.97673  20
0.976808  363
0.976822  394
0.977031  382
0.977411  153
0.977443  75
0.977671  119
0.977714  346
0.97785  293
0.977863  124
0.977944  215
0.978099  94
0.978123  175
0.97815  317
0.97823  45
0.978348  187
0.978379  365
0.978587  323
0.978711  106
0.978865  307
0.979247  147
0.97941  339
0.979435  330
0.97966  24
0.979687  37
0.979707  360
0.979738  121
0.979754  337
0.97987  189
0.979917  201
0.980014  397
0.98016  65
0.980161  133
0.980167  213
0.980252  395
0.980353  132
0.98066  134
0.980719  151
0.981061  130
0.981096  273
0.981217  345
0.981282  183
0.981303  376
0.981331  177
0.981378  358
0.981434  285
0.981476  29
0.981498  377
0.981888  62
0.982406  322
0.98243  318
0.982587  312
0.98276  373
0.982784  281
0.983  64
0.983056  170
0.983238  352
0.983386  324
0.983905  308
0.98393  46
0.984093  264
0.984098  5
0.98422  368
0.984233  135
0.984286  35
0.984592  63
0.984868  244
0.985312  336
0.985547  371
0.985615  289
0.985659  354
0.985685  304
0.985747  302
0.985973  309
0.986053  335
0.986098  109
0.986284  235
0.986488  248
0.986519  332
0.987123  351
0.987153  102
0.987154  8
0.987185  131
0.987525  74
0.987873  167
0.987974  315
0.988475  356
0.988647  380
0.989121  381
0.989411  68
0.989421  328
0.989584  295
0.989971  389
0.990064  146
0.990345  338
0.991029  378
0.991763  374
0.992176  279
0.993091  42
0.993145  341
0.993804  296
0.993879  306
0.993942  199
0.994756  310
0.995299  11
0.995436  392
0.995841  69
0.99615  348
0.996188  36
0.99652  172
0.996646  210
0.996655  327
0.996867  384
0.998394  49
0.998833  353
0.998863  300
0.999135  239
0.999483  107
0.999873  2
0.999917  340
