8.78841e-07  61
5.87834e-06  24
6.31936e-06  43
2.92294e-05  60
3.14076e-05  50
3.41286e-05  49
5.24336e-05  48
5.90689e-05  12
6.71226e-05  39
7.13932e-05  8
7.54513e-05  329
7.57529e-05  25
9.34225e-05  337
0.000120293  17
0.00014763  26
0.000151435  11
0.00015902  42
0.000175556  0
0.000186084  6
0.000190581  55
0.000213885  33
0.000229522  333
0.000235207  45
0.000239367  7
0.000253752  57
0.000282366  27
0.000287182  30
0.000287787  22
0.000295756  31
0.000303599  44
0.000358485  54
0.000374751  13
0.000426774  35
0.000428044  46
0.000428607  56
0.000436609  40
0.000437719  53
0.000443261  15
0.000466688  18
0.000487306  21
0.000491542  38
0.000502792  16
0.000534839  52
0.000596791  5
0.000597752  3
0.000691028  2
0.000765445  41
0.000769421  327
0.000860759  312
0.000874564  34
0.000888137  19
0.000962567  28
0.000999748  37
0.00103133  336
0.00194237  315
0.00230704  32
0.00239322  59
0.00453678  328
0.00463297  318
0.00507144  319
0.00515416  20
0.00617353  325
0.00674919  330
0.00752699  307
0.00755395  338
0.00786803  305
0.00984696  304
0.010631  9
0.0107899  313
0.0129507  323
0.0136202  1
0.0136915  29
0.0139238  317
0.0152167  316
0.0162356  331
0.0163998  332
0.0198178  351
0.0216799  322
0.0246768  381
0.0248242  146
0.0249352  362
0.0257185  324
0.0274422  320
0.0276562  200
0.0285133  89
0.0285348  300
0.0286028  283
0.028906  112
0.0291601  368
0.0292333  143
0.0295622  361
0.0308207  111
0.0310624  364
0.0311999  174
0.0315776  344
0.0316149  392
0.0323952  384
0.0324259  160
0.0334104  36
0.0340049  357
0.034298  134
0.03498  348
0.0351132  347
0.0354033  246
0.0360633  356
0.0363607  326
0.0364007  399
0.0364132  201
0.0366764  162
0.0367723  310
0.0374251  391
0.0374371  153
0.0375277  23
0.0376462  342
0.0378993  290
0.0379663  349
0.0384139  397
0.0384584  394
0.0385346  339
0.0392973  120
0.0393475  171
0.0396651  378
0.0400181  389
0.0400903  301
0.0402891  365
0.0408822  302
0.0410526  375
0.0411098  390
0.0418785  271
0.042128  113
0.0430739  343
0.0446925  393
0.045083  334
0.0454506  152
0.0455061  260
0.0458574  353
0.0460087  90
0.0460202  369
0.0463978  172
0.0466532  340
0.0469355  311
0.0471721  321
0.047753  366
0.0480135  360
0.0482668  106
0.0492006  138
0.0492654  386
0.0495906  383
0.0495907  396
0.0511328  385
0.0515243  379
0.0517656  380
0.0524544  103
0.0527346  370
0.052858  358
0.0545713  314
0.054581  101
0.0548597  382
0.0550913  373
0.0552562  69
0.0553003  354
0.0554552  346
0.0561968  28
0.057554  151
0.058516  398
0.0590047  218
0.0591124  337
0.059137  208
0.0593425  363
0.0596858  164
0.0598568  88
0.0602038  395
0.0605774  372
0.0611741  95
0.0613288  359
0.0614007  350
0.0614465  371
0.0617851  72
0.0620825  74
0.062176  133
0.0622968  327
0.0624708  115
0.0630156  309
0.0630321  307
0.0648269  308
0.0651293  10
0.0652674  196
0.0664428  241
0.0667319  352
0.0667779  376
0.0668342  159
0.0673063  312
0.0673577  306
0.0673935  77
0.0677433  183
0.0679747  387
0.0680452  336
0.0687119  142
0.0689763  211
0.069473  282
0.0695562  237
0.0702881  287
0.0710769  341
0.0711329  63
0.0711374  303
0.0711487  97
0.0711697  274
0.0712067  125
0.0713986  58
0.0715421  335
0.0718456  234
0.0719365  259
0.0719446  374
0.0720497  345
0.072114  318
0.0724868  367
0.0728054  329
0.0732568  305
0.0732956  123
0.0733294  13
0.0734311  79
0.0741818  124
0.0745134  333
0.0745529  275
0.0755326  263
0.0757461  137
0.0757888  388
0.0760643  92
0.0762266  68
0.0764689  229
0.0765024  198
0.076631  186
0.0768271  269
0.0768506  328
0.0770487  355
0.0770588  286
0.0771751  288
0.0777741  292
0.0779082  108
0.0780473  188
0.0780797  84
0.0781276  332
0.0782652  254
0.0782909  258
0.0783034  4
0.0783301  189
0.078459  322
0.078715  205
0.0788494  252
0.078853  119
0.0789543  31
0.0789971  273
0.0791369  83
0.0792154  102
0.0792625  82
0.0792651  117
0.0792788  75
0.079307  279
0.0793152  130
0.0793209  184
0.0793519  118
0.079383  156
0.0794665  93
0.0795291  158
0.0795409  165
0.079549  277
0.079622  167
0.0797028  316
0.0797391  150
0.0797713  315
0.0798648  299
0.0798765  192
0.0798875  276
0.0799781  381
0.0799817  330
0.0800207  141
0.0800329  221
0.0801783  18
0.0802133  26
0.0802791  239
0.080311  42
0.0804258  0
0.0804367  64
0.0805028  8
0.0806354  384
0.0806515  248
0.0807359  338
0.080772  225
0.0808295  210
0.0808525  121
0.0808736  35
0.0809395  226
0.0809471  21
0.0810038  256
0.0810047  240
0.0810274  179
0.0810955  319
0.0811623  19
0.081263  194
0.081351  228
0.0814008  217
0.0814149  377
0.0814275  173
0.0814954  203
0.0815121  132
0.0815298  168
0.0815372  170
0.0816704  51
0.0817377  5
0.0817629  52
0.0817693  351
0.0817721  257
0.081795  67
0.0818009  180
0.0818092  80
0.0818216  304
0.0818488  147
0.0819493  62
0.081983  281
0.0820652  161
0.0821293  98
0.0821765  267
0.0822249  191
0.0822273  264
0.0823349  325
0.0823408  146
0.0824793  392
0.0824817  169
0.0824842  243
0.0825325  176
0.0825624  155
0.0825713  135
0.0825919  215
0.0826397  323
0.0826404  73
0.0826905  232
0.0827016  222
0.082726  30
0.0828111  212
0.0828192  45
0.0828804  301
0.0828836  216
0.0829507  368
0.0830379  105
0.0830467  15
0.0831684  255
0.0832088  324
0.0832115  293
0.083225  389
0.0832303  181
0.0832705  182
0.0833006  34
0.0833254  313
0.0833319  70
0.0833334  187
0.0833403  344
0.0833795  175
0.0833909  361
0.0834221  14
0.0835254  202
0.0835804  339
0.0836001  100
0.0836359  300
0.0836626  110
0.083784  242
0.0839165  295
0.0839261  199
0.083988  91
0.0839887  149
0.0839908  206
0.0840206  224
0.0840476  148
0.0840852  109
0.0841457  65
0.0842012  362
0.0842665  213
0.0843902  314
0.0844221  348
0.0845684  396
0.0845738  302
0.084579  310
0.0846226  311
0.0847448  278
0.0847484  347
0.0848043  342
0.0848317  291
0.0849635  380
0.084979  94
0.0850569  219
0.0851399  340
0.0851604  391
0.0851666  382
0.0852115  359
0.0852666  397
0.08545  357
0.0858424  331
0.0859942  61
0.08603  145
0.0862214  399
0.0862791  320
0.0863851  56
0.0864728  284
0.0865668  352
0.0865981  262
0.0869985  365
0.0871164  280
0.087118  363
0.0873811  373
0.0875223  370
0.0876268  393
0.087661  247
0.0877023  326
0.0878214  360
0.0879394  345
0.0879746  358
0.0879761  249
0.0880895  204
0.0882308  379
0.0882727  2
0.088291  251
0.0883515  296
0.0885301  398
0.0886961  375
0.0888833  321
0.0892232  372
0.089251  233
0.0892873  140
0.0894441  238
0.0896929  364
0.0897167  162
0.0899026  369
0.0899192  337
0.0900038  317
0.0903362  378
0.0905483  318
0.0915076  354
0.0916435  107
0.0917789  308
0.0918642  349
0.0919641  394
0.0922556  40
0.0922761  355
0.0924245  327
0.0926348  220
0.092693  144
0.0927569  197
0.0928771  129
0.0931179  371
0.0932333  385
0.0933639  307
0.0933836  322
0.0933847  223
0.0933855  350
0.0934178  53
0.0935106  306
0.0936297  395
0.0954534  367
0.0954985  334
0.0958236  343
0.0961558  386
0.0961878  353
0.0963346  346
0.0966364  328
0.0982335  312
0.098309  59
0.0984978  366
0.0985455  309
0.0986455  335
0.0992704  57
0.0997512  265
0.100635  81
0.101079  49
0.101908  383
0.102375  390
0.103316  139
0.103863  166
0.104044  336
0.104231  392
0.104459  86
0.10535  16
0.105518  332
0.105734  25
0.105849  41
0.106005  297
0.106183  134
0.107486  250
0.107618  177
0.107823  266
0.108121  329
0.108512  285
0.109115  127
0.109168  174
0.109224  99
0.109233  38
0.109494  74
0.109636  253
0.10965  60
0.109798  104
0.109942  323
0.110231  85
0.110361  96
0.110553  387
0.110577  244
0.110723  89
0.110771  113
0.110924  9
0.110968  356
0.111819  245
0.11188  126
0.111984  29
0.112068  32
0.112659  6
0.112681  261
0.112711  136
0.112719  7
0.112758  362
0.113238  303
0.11369  391
0.113702  274
0.113755  17
0.113889  207
0.11441  271
0.114821  260
0.114845  112
0.115236  66
0.115318  58
0.11569  304
0.115728  352
0.115757  50
0.115836  138
0.115901  172
0.115947  235
0.115999  313
0.116002  330
0.116055  122
0.116079  55
0.116095  380
0.11619  331
0.116386  209
0.116499  154
0.116822  87
0.117329  398
0.117474  214
0.117591  342
0.117919  20
0.118065  236
0.118131  288
0.11822  361
0.118442  376
0.118569  37
0.118648  44
0.118651  183
0.118875  152
0.119007  171
0.119139  88
0.119257  195
0.119303  230
0.119483  48
0.119485  357
0.119523  300
0.119524  341
0.119668  316
0.119731  71
0.11992  311
0.119977  365
0.120176  346
0.120224  163
0.120311  393
0.120606  348
0.120761  359
0.120784  350
0.121047  287
0.12136  353
0.121415  153
0.12161  322
0.122253  317
0.122443  384
0.122921  46
0.123692  327
0.124295  185
0.124581  22
0.124603  344
0.124927  295
0.124979  164
0.125084  68
0.125201  364
0.125395  272
0.125477  360
0.125523  343
0.125885  302
0.126027  282
0.12606  320
0.126728  319
0.126902  321
0.127721  301
0.127747  326
0.128289  318
0.129123  347
0.129229  3
0.129537  312
0.129653  294
0.130065  193
0.130065  16
0.130325  95
0.130659  289
0.130679  358
0.130724  382
0.130725  232
0.131268  11
0.131269  157
0.131343  399
0.131482  381
0.131514  390
0.131911  375
0.132123  75
0.132303  263
0.132389  270
0.132526  337
0.132634  363
0.132847  386
0.132933  372
0.133192  268
0.13505  370
0.135311  339
0.136055  151
0.136191  240
0.136373  378
0.136623  54
0.136871  201
0.137992  368
0.138019  392
0.138041  335
0.138297  220
0.138378  328
0.138573  371
0.139659  340
0.140071  389
0.140331  338
0.140365  131
0.140873  290
0.142041  395
0.142986  325
0.143445  324
0.143457  349
0.143686  345
0.143709  125
0.144032  308
0.144101  374
0.145512  397
0.146072  366
0.146099  377
0.146345  190
0.146732  259
0.147559  373
0.149225  229
0.149546  36
0.149583  310
0.150364  367
0.150479  388
0.150867  224
0.150988  385
0.152367  13
0.153177  23
0.153206  307
0.153213  77
0.153438  369
0.153486  178
0.153881  79
0.154177  309
0.154448  306
0.154538  115
0.1552  128
0.155373  332
0.15539  180
0.155491  64
0.15554  35
0.156158  387
0.156583  323
0.157408  205
0.157424  160
0.157437  231
0.15812  137
0.158172  39
0.158215  27
0.158243  98
0.158498  257
0.158658  8
0.158881  362
0.159158  314
0.159498  116
0.159906  227
0.159931  105
0.160183  279
0.160188  396
0.160204  133
0.160373  394
0.16043  143
0.160661  169
0.160932  383
0.1614  379
0.161453  43
0.161491  275
0.161575  107
0.161592  5
0.161614  351
0.161651  103
0.162439  334
0.163049  106
0.163361  273
0.163524  352
0.163578  315
0.163656  354
0.163664  269
0.164225  291
0.164225  376
0.164422  254
0.164852  192
0.165147  305
0.165487  364
0.165651  166
0.165665  174
0.165831  255
0.165913  304
0.166007  249
0.166163  322
0.166472  204
0.166507  246
0.167134  162
0.167197  256
0.167308  117
0.167638  159
0.167665  110
0.167729  264
0.167744  357
0.167754  93
0.16787  73
0.168135  30
0.16819  342
0.168219  219
0.168284  331
0.168308  393
0.16845  176
0.16854  91
0.168604  123
0.169221  212
0.169254  330
0.169257  247
0.169283  359
0.169364  4
0.169512  313
0.169532  10
0.169618  94
0.169781  311
0.169921  52
0.169999  360
0.170482  248
0.170482  302
0.170887  189
0.17091  111
0.171115  196
0.17135  343
0.171397  210
0.171534  384
0.171598  276
0.171686  56
0.171755  233
0.172194  90
0.172331  218
0.172379  356
0.172423  327
0.172499  336
0.172671  365
0.172689  281
0.172873  237
0.172881  347
0.172974  320
0.172998  316
0.173003  76
0.173104  339
0.173113  92
0.173256  392
0.173302  101
0.173322  318
0.173595  391
0.173763  31
0.174045  67
0.174307  333
0.17443  280
0.174599  262
0.174802  168
0.175268  374
0.175278  175
0.17559  182
0.175714  214
0.175734  348
0.175935  300
0.17599  380
0.176278  297
0.176457  167
0.176613  15
0.176618  265
0.176989  24
0.177042  317
0.177078  370
0.177084  341
0.177116  82
0.177248  344
0.177527  319
0.177915  350
0.178096  353
0.178104  172
0.178207  62
0.17826  199
0.178598  312
0.178698  389
0.179044  358
0.179075  161
0.180487  368
0.180652  329
0.180814  369
0.181705  361
0.182338  375
0.182913  283
0.183139  324
0.183421  349
0.184515  382
0.184691  355
0.186641  38
0.187555  301
0.187672  226
0.18874  321
0.188912  308
0.189846  303
0.189985  386
0.19012  372
0.190942  340
0.191338  12
0.191984  398
0.192665  99
0.192863  250
0.192979  373
0.192994  337
0.194126  326
0.194566  284
0.1948  158
0.195529  390
0.196127  395
0.196267  230
0.196276  387
0.196569  378
0.19669  363
0.19819  397
0.19921  163
0.199879  184
0.201286  242
0.201783  399
0.201826  1
0.201999  377
0.20273  120
0.203131  170
0.203386  335
0.203458  188
0.20347  203
0.203488  72
0.203747  388
0.203913  307
0.204099  306
0.204635  367
0.204736  69
0.204849  121
0.205234  109
0.205367  40
0.20537  346
0.20637  141
0.206622  328
0.206786  381
0.207165  216
0.207488  394
0.207541  156
0.208239  42
0.208929  362
0.209375  228
0.209422  290
0.209577  383
0.209595  201
0.209672  241
0.209674  45
0.209898  113
0.210332  332
0.210337  223
0.210423  310
0.210659  278
0.211022  325
0.211028  243
0.211421  385
0.211619  251
0.211671  139
0.211696  102
0.212175  28
0.212595  309
0.213759  145
0.214095  129
0.214102  197
0.214407  330
0.214473  155
0.214739  191
0.214767  277
0.214865  33
0.214939  77
0.215023  78
0.215084  252
0.215282  153
0.215344  304
0.215517  313
0.215521  211
0.215533  221
0.215552  215
0.215611  371
0.215636  179
0.215645  100
0.215672  350
0.215777  127
0.215822  83
0.215851  148
0.215964  75
0.215967  177
0.215997  366
0.216005  356
0.216101  84
0.21614  258
0.216153  289
0.216161  282
0.21625  348
0.216498  185
0.216533  58
0.216615  315
0.216663  342
0.216727  194
0.216855  61
0.216999  338
0.217208  345
0.217249  47
0.217488  334
0.217628  391
0.217783  213
0.217961  234
0.218059  396
0.218125  288
0.218434  384
0.21846  322
0.218703  323
0.218886  137
0.21894  87
0.219067  314
0.21958  124
0.21958  151
0.219785  331
0.219955  357
0.220705  298
0.220894  375
0.221056  224
0.221344  351
0.222055  296
0.222204  379
0.2223  311
0.222647  319
0.222842  60
0.223108  373
0.223368  165
0.223374  259
0.223598  364
0.223933  333
0.224075  66
0.224193  301
0.22422  336
0.224657  248
0.22537  300
0.225689  393
0.225884  353
0.22619  186
0.226273  19
0.227021  271
0.227042  118
0.227124  245
0.227146  263
0.227934  130
0.227948  376
0.228041  138
0.228117  143
0.228208  318
0.228245  126
0.228393  344
0.228799  267
0.228897  50
0.228927  329
0.229257  20
0.229343  202
0.229468  347
0.229723  370
0.229848  340
0.229866  86
0.230178  386
0.230236  176
0.230328  114
0.230841  302
0.230958  111
0.230967  97
0.231011  305
0.231169  53
0.231212  358
0.231236  352
0.231849  57
0.231989  387
0.232009  67
0.232057  65
0.232096  164
0.232259  341
0.232354  316
0.232915  49
0.233133  96
0.233237  295
0.233348  149
0.233712  169
0.234067  132
0.234146  253
0.234216  254
0.23439  359
0.234742  116
0.234847  260
0.234853  390
0.234896  207
0.234946  16
0.235159  244
0.235332  398
0.235376  104
0.235385  354
0.235385  198
0.235404  374
0.235474  68
0.235495  238
0.235558  293
0.235621  294
0.235852  389
0.236068  89
0.236084  112
0.236149  25
0.236277  101
0.236357  361
0.236379  193
0.236712  378
0.236872  380
0.236909  154
0.237298  32
0.237343  303
0.237507  46
0.237576  343
0.237604  88
0.237621  307
0.237623  365
0.237626  377
0.237653  235
0.237657  397
0.237724  317
0.23825  2
0.2383  382
0.238774  339
0.238947  122
0.239136  136
0.239401  312
0.239843  355
0.240552  183
0.240556  363
0.240949  195
0.241095  291
0.241879  367
0.242027  117
0.242314  119
0.242473  206
0.242558  187
0.243027  7
0.243041  321
0.243181  201
0.243241  17
0.24335  328
0.24338  181
0.243388  182
0.243587  250
0.243778  227
0.243863  236
0.243868  335
0.244021  14
0.24403  395
0.244254  360
0.24429  369
0.244377  270
0.244403  326
0.244428  11
0.244524  279
0.244547  140
0.244713  43
0.244731  368
0.244838  180
0.245088  115
0.245142  156
0.245196  327
0.245225  29
0.245352  51
0.245393  48
0.24541  320
0.245601  388
0.245968  80
0.246002  314
0.246064  349
0.246136  261
0.246509  372
0.246649  178
0.246741  281
0.246754  95
0.246816  240
0.246886  239
0.246909  9
0.247264  232
0.247338  392
0.247539  79
0.247633  324
0.247985  12
0.248096  135
0.248099  394
0.248308  246
0.248446  225
0.248495  150
0.24852  52
0.248522  160
0.248623  214
0.24878  310
0.248848  309
0.248957  64
0.249019  171
0.24928  345
0.249426  210
0.249589  242
0.249703  269
0.249809  167
0.249966  61
0.250482  348
0.250608  399
0.250815  285
0.250836  230
0.25093  74
0.250937  385
0.250944  257
0.250983  54
0.251026  266
0.251148  304
0.251152  306
0.251236  173
0.251318  220
0.251431  63
0.251461  208
0.251616  209
0.251648  4
0.251821  36
0.251916  337
0.252064  331
0.252222  59
0.252596  107
0.252794  85
0.253014  219
0.253026  125
0.253052  383
0.253074  373
0.25316  325
0.253683  332
0.253823  350
0.253949  342
0.254271  123
0.254293  384
0.254314  128
0.254482  70
0.254744  379
0.254772  313
0.254932  344
0.255032  98
0.255564  6
0.256349  177
0.25655  346
0.256604  73
0.256668  393
0.256886  311
0.256893  338
0.2574  381
0.258289  396
0.258389  362
0.259199  357
0.259269  226
0.259371  334
0.259375  1
0.259605  292
0.259624  35
0.259803  318
0.259834  26
0.260481  90
0.260648  249
0.260671  190
0.260863  231
0.260958  175
0.261244  41
0.261286  351
0.261339  319
0.261364  300
0.261702  146
0.261718  44
0.262056  172
0.262068  83
0.262166  76
0.26252  347
0.262542  287
0.262719  268
0.262836  255
0.262913  274
0.262969  199
0.263004  39
0.263045  81
0.263152  322
0.263363  349
0.263381  159
0.263515  397
0.263606  308
0.263621  352
0.263658  21
0.263735  340
0.263753  305
0.263836  391
0.263902  272
0.26399  161
0.264033  299
0.264677  133
0.264691  168
0.264962  323
0.265127  301
0.26531  353
0.265493  5
0.265625  386
0.265808  377
0.265829  364
0.265891  366
0.266023  77
0.26659  276
0.266891  223
0.267396  218
0.26795  158
0.268136  329
0.268212  333
0.269072  152
0.269253  233
0.269744  71
0.269964  341
0.270161  356
0.270169  339
0.270559  343
0.270685  297
0.270996  153
0.271504  55
0.271527  370
0.271776  371
0.272024  361
0.272339  315
0.27241  303
0.272726  328
0.272902  330
0.273323  375
0.273541  106
0.273603  134
0.273857  110
0.274621  302
0.274756  0
0.2748  105
0.274911  376
0.275403  264
0.275695  387
0.275961  317
0.276211  358
0.276373  99
0.276963  378
0.278011  359
0.278506  34
0.278793  265
0.279287  202
0.27946  200
0.279625  235
0.27981  18
0.279961  365
0.280868  201
0.281075  96
0.281769  374
0.282243  237
0.282303  251
0.282351  189
0.282384  372
0.282415  203
0.282543  336
0.282572  283
0.282659  382
0.282668  101
0.2828  13
0.282807  147
0.28335  327
0.283477  194
0.283512  144
0.28397  354
0.284507  129
0.284627  383
0.284866  120
0.284931  381
0.284947  204
0.285378  72
0.285574  332
0.285804  355
0.28646  380
0.286588  335
0.286995  217
0.287261  312
0.288242  398
0.289489  289
0.28953  393
0.289905  191
0.290053  344
0.290873  313
0.291168  164
0.291279  169
0.291477  186
0.291851  367
0.291874  282
0.292016  43
0.292063  310
0.292372  57
0.292575  324
0.293234  267
0.293341  390
0.293455  309
0.294224  307
0.294297  221
0.294303  162
0.294907  125
0.295077  363
0.295123  31
0.295545  137
0.295559  224
0.295758  103
0.296255  179
0.296261  92
0.296401  3
0.29648  301
0.296607  94
0.297184  27
0.29727  64
0.297302  278
0.297303  216
0.297462  342
0.297504  170
0.297547  325
0.297608  296
0.297686  23
0.297814  256
0.297967  46
0.297992  275
0.298072  399
0.298244  60
0.298248  187
0.298352  326
0.29836  192
0.298373  24
0.298407  87
0.298443  369
0.298569  334
0.298858  58
0.298933  247
0.299149  389
0.299181  394
0.299386  97
0.299529  56
0.299633  368
0.299696  288
0.299805  166
0.299842  22
0.300016  93
0.30008  111
0.300086  321
0.300146  337
0.300404  50
0.300631  396
0.300718  320
0.300723  122
0.300762  357
0.301021  214
0.301647  236
0.301679  350
0.301756  319
0.302192  258
0.302405  188
0.302648  62
0.302788  379
0.302935  395
0.303216  252
0.303545  15
0.303643  167
0.303858  273
0.303963  149
0.304159  205
0.30428  388
0.3044  11
0.30485  126
0.305049  385
0.305087  331
0.305168  328
0.305198  353
0.30552  248
0.305768  84
0.305851  314
0.305877  392
0.306015  316
0.306052  318
0.306191  234
0.306193  20
0.306236  305
0.306474  345
0.306828  300
0.307046  157
0.307086  262
0.307431  352
0.307517  364
0.307591  311
0.307603  323
0.307987  351
0.308021  228
0.30826  387
0.308296  371
0.309456  30
0.30956  340
0.309859  79
0.310121  33
0.311146  32
0.311606  370
0.312237  384
0.312315  338
0.312356  373
0.312519  78
0.312771  346
0.312861  37
0.312901  131
0.313089  185
0.313943  377
0.31423  349
0.314295  304
0.314887  42
0.315013  124
0.315735  348
0.31646  397
0.31674  375
0.317367  362
0.317613  47
0.317744  383
0.318077  241
0.318395  75
0.318555  333
0.318705  49
0.318838  335
0.318904  14
0.31936  80
0.320197  199
0.320288  141
0.321029  174
0.32106  366
0.321423  322
0.321475  356
0.321611  312
0.321649  176
0.322018  242
0.322202  145
0.322375  302
0.322375  61
0.322437  376
0.323282  279
0.323952  21
0.324062  96
0.324203  343
0.324767  10
0.32477  283
0.325342  365
0.325593  261
0.325973  139
0.326145  382
0.326373  112
0.326431  208
0.326687  86
0.326756  317
0.32677  38
0.326906  6
0.32714  90
0.327146  339
0.327292  277
0.327443  306
0.327707  391
0.327796  211
0.327797  361
0.328128  107
0.32828  173
0.328298  127
0.328395  315
0.328441  259
0.328531  180
0.32868  135
0.328772  308
0.329058  48
0.329756  386
0.329866  72
0.329985  332
0.330111  396
0.33033  398
0.330672  359
0.33086  354
0.330933  330
0.331123  344
0.331126  140
0.331177  83
0.331228  138
0.331602  171
0.332882  91
0.333224  189
0.333282  327
0.33352  303
0.333586  132
0.333605  341
0.333739  381
0.334158  313
0.334496  360
0.334582  100
0.334717  67
0.335017  290
0.335047  347
0.335827  372
0.336184  243
0.336252  309
0.337006  4
0.337048  44
0.337099  358
0.337289  226
0.337606  245
0.337932  378
0.338217  325
0.338313  143
0.338399  41
0.33847  297
0.338521  355
0.338697  201
0.339466  253
0.339599  320
0.340661  326
0.340995  163
0.341582  104
0.342212  129
0.342222  342
0.342704  195
0.342991  249
0.343125  36
0.343226  310
0.343479  294
0.343578  8
0.343646  93
0.343672  390
0.343738  334
0.343819  222
0.343855  51
0.344056  324
0.344162  117
0.344403  266
0.344498  159
0.344543  68
0.344764  387
0.345074  206
0.345171  257
0.345214  353
0.345219  328
0.345661  213
0.345667  374
0.345747  168
0.345912  17
0.345933  246
0.345981  2
0.346399  115
0.346582  196
0.346657  154
0.346909  220
0.347081  212
0.347206  233
0.347211  336
0.347267  307
0.34733  5
0.347562  269
0.347639  244
0.347794  299
0.347805  108
0.347817  379
0.348305  40
0.348384  198
0.34853  369
0.348815  184
0.348951  363
0.348967  271
0.349204  231
0.349307  232
0.349353  389
0.349636  16
0.349705  128
0.349742  113
0.349942  240
0.350042  289
0.350084  25
0.350105  263
0.350152  95
0.350153  345
0.350203  367
0.350216  53
0.350515  193
0.350519  287
0.350529  209
0.35056  239
0.350582  182
0.350583  39
0.350678  394
0.350898  45
0.350945  85
0.351032  265
0.351045  348
0.351091  114
0.351112  1
0.35112  94
0.351138  63
0.351139  251
0.351222  223
0.351223  187
0.35124  337
0.351278  399
0.35135  357
0.351376  77
0.351424  380
0.351525  105
0.351591  183
0.351592  395
0.351844  98
0.351871  207
0.351921  99
0.351987  169
0.352008  329
0.352103  186
0.352115  331
0.352173  371
0.352174  311
0.352221  18
0.352245  349
0.352258  134
0.352314  295
0.35235  392
0.352389  55
0.352604  194
0.352648  270
0.352809  110
0.352842  276
0.353033  202
0.353353  74
0.35339  350
0.35339  397
0.35339  298
0.353433  19
0.353455  227
0.353573  323
0.353766  59
0.354014  255
0.354017  316
0.35422  365
0.354415  284
0.35456  46
0.354603  175
0.354627  383
0.354934  388
0.354946  300
0.354958  256
0.355003  60
0.355107  319
0.355189  155
0.355218  375
0.35528  304
0.355399  330
0.355509  26
0.355514  291
0.355529  385
0.355815  170
0.355982  70
0.356075  398
0.356127  71
0.35613  301
0.356213  229
0.356883  293
0.35694  62
0.357064  364
0.357128  361
0.357295  225
0.357804  10
0.358034  333
0.358044  318
0.35809  377
0.358102  190
0.358161  351
0.358487  76
0.358561  352
0.358617  356
0.358662  64
0.358663  343
0.358917  384
0.359349  145
0.35935  393
0.359383  335
0.359922  247
0.359988  362
0.36001  158
0.360056  308
0.360112  191
0.36027  341
0.360282  313
0.360424  157
0.360469  177
0.360533  376
0.360973  305
0.361014  346
0.361246  340
0.362076  306
0.362663  204
0.362909  73
0.363074  368
0.363177  234
0.363406  315
0.363451  250
0.363589  84
0.363687  268
0.363724  312
0.36431  230
0.364343  339
0.364408  366
0.36461  314
0.364945  11
0.365939  33
0.365979  359
0.366151  353
0.36628  216
0.36635  106
0.36636  344
0.366875  57
0.366976  381
0.368065  370
0.368732  373
0.368796  142
0.368902  69
0.369195  378
0.369262  81
0.36941  101
0.369504  37
0.369597  391
0.369711  31
0.370375  309
0.370413  0
0.370771  121
0.371066  302
0.372257  285
0.372294  347
0.372526  310
0.372799  200
0.373449  386
0.373788  35
0.373906  123
0.373979  322
0.374199  118
0.374213  396
0.374471  28
0.375129  326
0.375436  334
0.375473  7
0.376045  88
0.376201  320
0.376244  317
0.376385  374
0.376513  372
0.37732  107
0.378229  261
0.378333  32
0.378786  215
0.379489  20
0.379522  358
0.379643  181
0.379745  283
0.379754  248
0.379783  354
0.380535  137
0.380837  146
0.380838  116
0.380862  303
0.381009  338
0.381048  9
0.38109  133
0.381122  82
0.381149  165
0.381595  325
0.381652  332
0.381678  355
0.381749  321
0.381974  22
0.382034  273
0.382034  238
0.382252  189
0.382445  337
0.382555  14
0.382854  382
0.383236  174
0.383237  371
0.383553  188
0.384095  369
0.384152  389
0.384295  307
0.385034  217
0.385043  394
0.385488  331
0.386158  342
0.386484  224
0.38675  327
0.38685  228
0.388085  360
0.388283  275
0.388358  156
0.388525  363
0.38858  286
0.388771  272
0.388865  392
0.389568  395
0.389725  324
0.389972  150
0.391137  319
0.392133  397
0.392254  254
0.39228  164
0.392346  352
0.392734  126
0.39324  306
0.393324  203
0.39361  161
0.393776  393
0.393823  176
0.393874  153
0.394186  375
0.395103  30
0.395381  47
0.396631  179
0.397299  236
0.397514  367
0.397541  323
0.397555  294
0.397659  12
0.397801  345
0.398102  6
0.398877  379
0.398908  262
0.398994  366
0.399119  308
0.399329  112
0.399391  109
0.399553  125
0.399658  388
0.399831  148
0.399916  78
0.400882  365
0.400887  346
0.400926  38
0.400958  34
0.4012  267
0.401243  167
0.401324  376
0.401861  144
0.401936  27
0.402268  300
0.402365  42
0.402381  252
0.402444  349
0.402565  314
0.402764  305
0.402883  377
0.403333  140
0.403368  399
0.404215  328
0.404662  312
0.404667  29
0.40486  3
0.404899  139
0.405306  237
0.405382  48
0.405729  380
0.406017  362
0.406029  384
0.406178  311
0.406492  391
0.407023  350
0.407227  173
0.407481  336
0.407973  292
0.408325  274
0.408679  160
0.408736  304
0.409041  86
0.409072  335
0.409134  90
0.409307  96
0.409351  17
0.409554  197
0.410122  68
0.410224  329
0.410477  58
0.410532  386
0.41056  111
0.410826  75
0.411246  313
0.411307  192
0.411539  351
0.411696  368
0.411805  97
0.411843  134
0.411854  119
0.4125  89
0.412577  340
0.412671  361
0.41299  201
0.413302  290
0.413394  310
0.413657  242
0.413767  244
0.414615  356
0.414695  124
0.414718  253
0.415026  330
0.415235  315
0.415254  91
0.415406  57
0.415671  4
0.415841  180
0.415968  390
0.415974  80
0.41598  347
0.416048  383
0.416069  166
0.416109  67
0.416139  281
0.416311  343
0.416532  282
0.417384  359
0.417651  381
0.417825  396
0.417946  51
0.418495  121
0.418528  59
0.418659  214
0.419104  243
0.419153  398
0.41929  394
0.419713  199
0.419868  299
0.420209  316
0.420501  50
0.420601  117
0.420634  382
0.420965  355
0.421186  23
0.421925  387
0.422282  364
0.422718  245
0.422837  339
0.422984  370
0.423088  103
0.423169  334
0.423175  309
0.423491  178
0.423664  92
0.423808  373
0.424558  341
0.424648  385
0.425199  326
0.425223  389
0.425557  325
0.425983  378
0.426158  130
0.42631  145
0.427182  302
0.427288  357
0.427346  241
0.428149  342
0.428347  138
0.428845  45
0.429034  202
0.42928  322
0.429505  136
0.429748  107
0.429767  318
0.429834  372
0.429879  135
0.42994  303
0.429954  344
0.430489  348
0.430743  43
0.430877  100
0.431106  54
0.432235  353
0.432381  152
0.432775  333
0.432821  120
0.43283  358
0.432882  327
0.432988  338
0.43303  122
0.433223  324
0.433459  320
0.433838  60
0.434248  158
0.434829  230
0.436148  397
0.436678  307
0.437712  301
0.43903  321
0.439388  16
0.439403  132
0.439559  207
0.440032  360
0.440834  269
0.44104  271
0.441054  331
0.441207  379
0.441311  98
0.441467  374
0.44172  21
0.44181  345
0.441988  11
0.442416  129
0.442486  93
0.443107  388
0.443248  399
0.443288  391
0.443307  297
0.443335  213
0.443655  155
0.443887  219
0.444385  332
0.444534  337
0.445751  175
0.445796  191
0.445821  163
0.446326  218
0.446432  336
0.446634  205
0.447045  354
0.447381  317
0.448043  261
0.448256  352
0.448669  279
0.448962  319
0.44909  151
0.449348  15
0.449723  393
0.449752  183
0.449837  369
0.449881  13
0.44989  375
0.450062  71
0.450724  52
0.450788  157
0.451469  366
0.451887  12
0.451895  2
0.451896  188
0.451902  323
0.452216  392
0.452322  195
0.452532  265
0.453874  184
0.453891  190
0.453892  349
0.453977  376
0.45435  395
0.454439  240
0.454633  66
0.454643  363
0.45487  115
0.45535  182
0.455832  141
0.455838  82
0.455867  284
0.455898  1
0.456159  250
0.456552  14
0.456744  76
0.456818  53
0.456829  176
0.457035  233
0.457261  28
0.457477  55
0.457546  314
0.457572  36
0.457599  164
0.457639  212
0.457659  46
0.457739  29
0.457769  156
0.45784  247
0.457889  266
0.458077  381
0.458111  335
0.458181  234
0.4582  362
0.458218  62
0.458229  42
0.458285  171
0.458311  328
0.458322  85
0.458338  44
0.458377  223
0.458521  343
0.458555  268
0.458625  281
0.458806  73
0.45894  246
0.458942  315
0.459011  0
0.459038  27
0.459053  300
0.459134  260
0.459237  47
0.459238  5
0.4594  226
0.459762  365
0.459808  382
0.459822  34
0.459902  312
0.459923  31
0.460046  215
0.46007  83
0.460233  355
0.460314  380
0.460339  32
0.460381  377
0.460403  364
0.460423  371
0.460514  386
0.460521  316
0.460613  149
0.460902  104
0.461113  342
0.461133  383
0.461221  227
0.461354  63
0.46138  330
0.461945  340
0.461976  106
0.462083  143
0.462193  78
0.462395  257
0.46241  7
0.462419  398
0.462554  308
0.462731  221
0.462759  123
0.462795  24
0.462892  368
0.463005  325
0.463132  310
0.463144  208
0.463424  40
0.463682  220
0.463761  341
0.463774  194
0.463834  311
0.463994  351
0.463995  298
0.464087  74
0.464119  177
0.464153  275
0.464313  95
0.464385  305
0.464487  329
0.464698  294
0.46477  33
0.464906  384
0.465083  229
0.465216  333
0.465436  327
0.465469  304
0.466077  322
0.466141  306
0.466366  136
0.466406  204
0.466498  346
0.466845  87
0.467227  102
0.467386  119
0.467611  41
0.46762  113
0.467725  197
0.467898  390
0.468266  239
0.468544  165
0.468685  396
0.469017  361
0.469285  370
0.469499  339
0.469659  385
0.4697  313
0.469757  350
0.46981  256
0.469924  264
0.469939  189
0.470566  373
0.470591  154
0.470759  146
0.470996  358
0.471194  277
0.471455  130
0.471638  321
0.472168  235
0.472513  147
0.472585  359
0.472826  8
0.472861  334
0.47348  309
0.473615  255
0.473645  337
0.473659  387
0.47478  324
0.474873  58
0.475246  35
0.475781  326
0.47632  378
0.476536  379
0.476767  39
0.476775  242
0.476791  332
0.476869  196
0.477239  232
0.478271  94
0.479258  155
0.479395  37
0.479404  301
0.479748  338
0.479863  248
0.480231  391
0.480256  303
0.480543  356
0.480653  79
0.480775  287
0.481043  388
0.48121  353
0.481332  344
0.481683  372
0.482833  271
0.483083  172
0.483912  19
0.483928  360
0.484031  108
0.484049  397
0.484057  394
0.484135  331
0.484193  348
0.484398  354
0.484836  81
0.48554  193
0.485669  367
0.485759  347
0.486561  375
0.488231  302
0.488532  211
0.488911  249
0.489022  320
0.489037  168
0.490568  382
0.490886  251
0.491216  43
0.491399  127
0.491468  26
0.491602  363
0.491842  30
0.491933  209
0.492083  170
0.492254  286
0.492714  71
0.492726  295
0.493068  292
0.493137  345
0.493595  336
0.493892  110
0.493911  61
0.493991  399
0.494151  369
0.494529  323
0.494675  137
0.494884  357
0.49561  352
0.495689  262
0.495708  389
0.495934  252
0.495951  377
0.495971  124
0.496131  99
0.496501  283
0.496877  319
0.496902  128
0.497134  69
0.497199  173
0.497329  89
0.497647  116
0.497699  366
0.497884  374
0.498003  186
0.498268  101
0.498389  167
0.498559  51
0.498627  216
0.498889  142
0.499218  278
0.499563  139
0.499772  91
0.499793  133
0.499903  90
0.499972  132
0.500442  329
0.500483  386
0.500688  280
0.500937  84
0.500938  318
0.50122  328
0.501243  270
0.50136  191
0.501504  64
0.501517  396
0.501533  225
0.501572  122
0.501639  92
0.501656  308
0.501795  17
0.501837  111
0.501914  38
0.501965  77
0.502099  293
0.502103  392
0.502137  20
0.502167  311
0.502187  376
0.502204  100
0.502206  236
0.502226  210
0.502524  296
0.502781  200
0.502796  138
0.503049  355
0.50306  327
0.503062  325
0.503115  312
0.503941  54
0.503961  203
0.504384  273
0.504388  23
0.504615  261
0.50472  245
0.504752  272
0.504792  6
0.504801  181
0.504949  117
0.505052  390
0.505475  150
0.505488  217
0.505521  226
0.505536  315
0.505567  314
0.505686  364
0.505827  291
0.505937  343
0.505992  125
0.506408  169
0.506462  11
0.506794  385
0.506934  340
0.50717  398
0.507294  184
0.507338  222
0.507461  50
0.507693  86
0.507967  237
0.50801  281
0.508097  157
0.508201  175
0.508209  56
0.508548  145
0.508598  359
0.508626  335
0.50864  332
0.508647  351
0.508647  313
0.508659  131
0.508719  202
0.508821  373
0.508915  350
0.508932  129
0.508936  317
0.509093  341
0.509142  219
0.509341  383
0.509399  310
0.509814  240
0.509984  65
0.510039  156
0.510064  321
0.510266  365
0.510383  339
0.510387  395
0.51067  362
0.510867  187
0.511003  361
0.511035  228
0.511124  153
0.51114  279
0.511786  151
0.51227  380
0.512933  49
0.512945  96
0.513754  72
0.513884  381
0.514024  114
0.514352  330
0.51459  316
0.514596  289
0.514709  333
0.515031  384
0.515111  166
0.515419  371
0.515425  356
0.515956  304
0.516057  134
0.516227  259
0.516281  309
0.516415  206
0.516691  342
0.517656  269
0.517802  344
0.518347  379
0.518411  393
0.518488  198
0.51867  55
0.518699  306
0.519051  300
0.519228  388
0.519981  349
0.520491  14
0.521129  303
0.521859  305
0.522003  323
0.522005  162
0.522895  135
0.523123  377
0.52324  2
0.523312  370
0.523868  346
0.524507  120
0.524808  387
0.524821  75
0.525229  253
0.525439  97
0.525908  258
0.52628  307
0.526371  338
0.526643  368
0.526712  267
0.527118  33
0.527518  229
0.527612  285
0.527686  320
0.527889  353
0.527961  159
0.528095  204
0.528309  60
0.529036  174
0.529233  34
0.529315  68
0.529416  326
0.529577  331
0.529726  74
0.530013  358
0.530223  265
0.530278  185
0.530579  140
0.530786  302
0.53088  337
0.530927  45
0.530944  249
0.531155  137
0.531647  223
0.531668  391
0.532024  389
0.53227  345
0.532384  31
0.532389  378
0.532673  322
0.533315  374
0.533516  209
0.533821  41
0.534017  70
0.534505  130
0.534671  22
0.534739  243
0.535205  366
0.535347  59
0.535358  354
0.535714  257
0.535879  334
0.535949  234
0.536423  235
0.536429  106
0.536829  182
0.536951  352
0.537076  347
0.537393  394
0.537405  241
0.537709  47
0.537778  397
0.537879  213
0.537965  324
0.538016  301
0.538321  382
0.538373  113
0.5387  15
0.539318  82
0.540074  118
0.54019  357
0.540295  375
0.54049  328
0.540519  205
0.540769  325
0.540827  360
0.541  386
0.541363  88
0.541539  399
0.543317  115
0.543634  363
0.543719  348
0.543742  103
0.544962  351
0.545166  109
0.545687  367
0.546335  373
0.54634  218
0.54712  9
0.547219  341
0.547319  12
0.548321  299
0.548581  21
0.548587  339
0.548625  392
0.548896  44
0.549009  359
0.549077  186
0.549152  25
0.549189  275
0.54944  383
0.549468  177
0.549784  231
0.550462  28
0.550507  288
0.550602  372
0.550639  87
0.550786  329
0.550816  5
0.551686  365
0.551737  3
0.5519  361
0.552097  46
0.552306  230
0.552589  164
0.552827  10
0.552975  193
0.55341  384
0.553426  214
0.553521  57
0.553636  282
0.553764  161
0.553791  313
0.553857  343
0.55389  123
0.554129  340
0.554383  292
0.554727  127
0.55521  42
0.55521  284
0.555533  183
0.555809  398
0.555976  160
0.556021  192
0.556166  318
0.556175  63
0.556186  333
0.556248  85
0.556265  176
0.556311  224
0.556586  263
0.557032  211
0.557046  309
0.557168  84
0.55734  78
0.557543  18
0.55755  286
0.557572  71
0.557623  199
0.557677  238
0.557797  188
0.557871  171
0.557916  335
0.558022  379
0.558395  190
0.558415  332
0.558522  254
0.558584  376
0.558607  43
0.558632  336
0.558657  89
0.558677  165
0.558932  381
0.558975  371
0.559046  350
0.559207  52
0.55925  178
0.559432  39
0.559438  319
0.559721  317
0.559984  298
0.560013  26
0.560078  201
0.560111  144
0.560203  362
0.560612  395
0.560817  342
0.560999  315
0.561166  312
0.56134  310
0.561915  320
0.561994  368
0.562159  99
0.562282  388
0.562594  166
0.563079  305
0.563332  303
0.563396  260
0.564535  29
0.564673  279
0.564726  194
0.564871  122
0.565134  307
0.565152  330
0.565335  316
0.565447  145
0.565493  81
0.565778  76
0.56584  149
0.566213  321
0.566246  232
0.566301  378
0.566517  222
0.566548  242
0.56655  306
0.566559  311
0.566616  247
0.566727  24
0.566844  338
0.566902  396
0.567198  377
0.567399  385
0.567586  277
0.568314  196
0.568489  240
0.568653  94
0.568806  353
0.569067  326
0.569453  189
0.569851  323
0.57026  380
0.570486  331
0.570636  80
0.570825  364
0.570877  327
0.571129  212
0.571598  358
0.571761  16
0.571784  355
0.572338  0
0.572393  344
0.572567  369
0.573198  322
0.573716  374
0.573754  357
0.57376  258
0.573938  244
0.574224  304
0.574764  301
0.575172  296
0.575543  302
0.576458  262
0.576807  250
0.577637  356
0.578092  325
0.578197  117
0.578397  38
0.578962  251
0.579204  387
0.57937  349
0.57938  270
0.579423  397
0.579608  33
0.57989  347
0.580178  95
0.580307  346
0.580371  354
0.581123  348
0.582529  391
0.582962  66
0.583048  172
0.584051  69
0.584132  119
0.584474  300
0.584564  375
0.584973  373
0.585502  256
0.585519  1
0.585525  337
0.585563  170
0.585775  345
0.585794  55
0.586376  155
0.586621  220
0.586635  352
0.587178  92
0.587269  137
0.587296  179
0.587771  308
0.587985  365
0.588137  351
0.588164  271
0.588392  139
0.588853  268
0.589262  68
0.589865  390
0.589907  132
0.589941  54
0.589972  49
0.589988  157
0.590372  142
0.590665  93
0.590769  121
0.590821  60
0.590903  30
0.591036  233
0.591303  289
0.591322  90
0.591366  366
0.591414  62
0.59154  328
0.591591  329
0.591592  370
0.59182  152
0.591839  360
0.591876  83
0.592061  91
0.592376  290
0.592387  314
0.592419  287
0.592437  135
0.59263  154
0.59264  367
0.593245  125
0.593307  227
0.593766  58
0.593776  208
0.59381  266
0.59384  163
0.594071  35
0.594075  389
0.594085  273
0.59411  297
0.594118  148
0.594222  309
0.594266  40
0.59459  384
0.594792  333
0.594866  342
0.595023  182
0.595277  140
0.595294  252
0.595392  239
0.595418  116
0.595535  108
0.595597  394
0.595636  315
0.596025  392
0.59624  124
0.596309  261
0.596412  206
0.59642  216
0.59645  324
0.596587  363
0.596672  113
0.596782  67
0.596799  48
0.59682  246
0.59697  399
0.597106  383
0.597352  368
0.597367  339
0.598159  388
0.598395  31
0.59844  156
0.598572  213
0.598666  259
0.598674  27
0.598774  332
0.59881  313
0.598877  180
0.59915  2
0.599714  393
0.59986  272
0.600047  316
0.600202  253
0.600208  126
0.600273  84
0.600298  45
0.600415  321
0.600466  128
0.600543  19
0.600558  336
0.600676  53
0.600685  361
0.600768  243
0.600788  350
0.600874  234
0.600992  228
0.601013  221
0.601076  207
0.601106  334
0.601471  4
0.601493  372
0.601545  226
0.601619  147
0.601728  335
0.602041  184
0.602041  7
0.602555  274
0.602805  13
0.603038  106
0.603132  378
0.603379  295
0.603544  371
0.603631  283
0.603866  320
0.603885  215
0.603985  79
0.604065  386
0.604115  369
0.604127  134
0.604192  364
0.60436  265
0.604639  97
0.604764  379
0.604828  293
0.605379  200
0.605609  186
0.605724  82
0.605759  204
0.605826  56
0.606117  325
0.606131  75
0.606216  110
0.606261  357
0.606276  374
0.606418  303
0.606617  323
0.606821  327
0.606852  236
0.60691  149
0.60702  282
0.607116  353
0.607222  12
0.607329  387
0.607406  381
0.607411  86
0.607697  162
0.607869  41
0.607916  331
0.608056  312
0.608408  318
0.608567  8
0.608648  398
0.6089  355
0.609423  354
0.609532  229
0.609818  341
0.610051  343
0.610073  377
0.610638  294
0.610676  191
0.610685  338
0.611053  15
0.611249  322
0.611574  326
0.611689  344
0.6132  50
0.613619  376
0.61452  102
0.614705  74
0.614711  346
0.614828  210
0.61498  340
0.615294  356
0.615579  311
0.615687  315
0.616198  304
0.616373  153
0.616389  195
0.616595  362
0.617471  302
0.617703  358
0.617861  337
0.618054  330
0.618819  141
0.619018  264
0.620156  267
0.620612  305
0.621339  17
0.621413  278
0.621455  385
0.621497  101
0.62182  167
0.622035  306
0.622106  359
0.622838  352
0.622914  81
0.623145  161
0.623356  254
0.624262  175
0.624548  319
0.62478  198
0.624887  107
0.625167  365
0.625631  310
0.625703  317
0.625775  211
0.626458  223
0.626629  92
0.62695  22
0.627046  159
0.62722  129
0.627506  370
0.627537  131
0.627624  255
0.627632  71
0.627936  373
0.628292  203
0.628525  367
0.628544  65
0.628597  96
0.628657  296
0.628793  348
0.628931  241
0.629232  240
0.629295  188
0.629333  85
0.629498  300
0.62997  170
0.63012  368
0.630755  307
0.630955  61
0.631028  112
0.63103  206
0.631033  285
0.631045  399
0.631237  281
0.631358  242
0.631512  345
0.63175  328
0.631871  169
0.632008  349
0.632072  351
0.63211  329
0.632391  382
0.632503  392
0.632893  395
0.632971  160
0.632992  98
0.633089  185
0.633123  397
0.63342  46
0.633849  25
0.634188  42
0.634398  115
0.634546  28
0.635913  316
0.635988  396
0.636047  390
0.636058  333
0.63617  64
0.636696  332
0.63679  380
0.637613  109
0.638441  151
0.638621  168
0.638701  360
0.639455  314
0.640004  212
0.640024  33
0.64013  44
0.640202  20
0.640289  1
0.640466  391
0.640681  73
0.640872  263
0.640923  158
0.641176  312
0.641452  231
0.641812  171
0.641913  287
0.641954  343
0.641981  196
0.642077  47
0.642265  59
0.642342  66
0.642379  308
0.642528  225
0.642571  386
0.642612  199
0.64264  9
0.642743  187
0.642877  105
0.643043  178
0.643444  383
0.643769  336
0.64384  91
0.643969  301
0.644053  43
0.644072  189
0.644116  0
0.644258  103
0.644318  260
0.644425  18
0.644578  366
0.644611  214
0.64464  173
0.644705  67
0.644726  54
0.644754  37
0.644764  372
0.644914  324
0.645025  52
0.645182  117
0.645749  394
0.646092  23
0.646201  275
0.646329  143
0.646473  164
0.646557  230
0.646592  29
0.646738  213
0.646794  361
0.64681  389
0.646873  371
0.646912  89
0.647049  381
0.64707  363
0.647142  376
0.647207  184
0.647266  245
0.64733  249
0.647343  120
0.647713  95
0.647887  369
0.648045  193
0.648184  128
0.648299  209
0.648559  232
0.648747  5
0.648862  318
0.648883  276
0.648897  338
0.649085  364
0.649202  335
0.649349  303
0.6494  334
0.649436  359
0.649667  78
0.64969  375
0.649852  339
0.649908  331
0.650342  374
0.650974  320
0.651453  379
0.652195  30
0.653093  315
0.6532  69
0.653219  347
0.653458  70
0.653555  271
0.653807  257
0.654203  355
0.65491  3
0.655114  313
0.655622  146
0.655837  68
0.655846  224
0.656107  130
0.656187  99
0.656493  322
0.656641  237
0.656868  36
0.656876  326
0.656964  144
0.657007  356
0.657316  354
0.657837  309
0.65791  353
0.657991  90
0.658006  270
0.658048  384
0.658054  24
0.65858  100
0.658581  228
0.659104  323
0.659226  121
0.659233  378
0.659255  344
0.65954  8
0.659653  311
0.659674  176
0.659705  357
0.659914  362
0.659938  317
0.659989  350
0.660855  388
0.661168  346
0.661676  393
0.663458  62
0.663495  398
0.664973  133
0.665054  88
0.665304  327
0.665428  387
0.665562  63
0.665645  174
0.665784  104
0.665959  166
0.666102  238
0.666235  294
0.666578  247
0.666767  252
0.666934  190
0.666934  76
0.666954  304
0.666989  352
0.667249  325
0.667416  392
0.667631  307
0.668078  250
0.668241  222
0.66898  385
0.668988  2
0.669086  399
0.669246  319
0.669395  55
0.669556  373
0.669759  210
0.669761  321
0.669938  94
0.670065  316
0.671602  341
0.671662  377
0.672362  395
0.672692  248
0.6728  349
0.67288  300
0.673039  368
0.6734  244
0.67416  351
0.674217  80
0.67426  161
0.67438  136
0.674653  16
0.674874  135
0.675129  77
0.675259  6
0.675463  329
0.67553  348
0.675966  396
0.676163  19
0.676494  57
0.677024  156
0.677062  17
0.677169  372
0.678332  269
0.678427  391
0.678576  342
0.678829  216
0.678972  58
0.678997  148
0.679067  127
0.679808  118
0.679955  336
0.680038  253
0.680078  358
0.680328  122
0.680484  265
0.680849  365
0.680953  41
0.68101  306
0.681046  280
0.681237  282
0.6813  217
0.681424  191
0.68165  288
0.68173  124
0.681745  297
0.682014  246
0.682074  310
0.682156  101
0.682237  382
0.682365  142
0.682615  302
0.68263  340
0.682775  318
0.683067  345
0.684156  93
0.68522  27
0.685447  21
0.685672  197
0.685913  333
0.685949  64
0.686042  390
0.686179  4
0.686242  181
0.686242  314
0.686258  219
0.686363  123
0.686649  334
0.686669  360
0.686908  159
0.687003  18
0.687172  138
0.687432  296
0.687904  109
0.688198  370
0.688392  53
0.688399  192
0.68842  119
0.688882  74
0.68902  277
0.689071  380
0.68908  376
0.689096  220
0.689171  312
0.68927  243
0.689283  234
0.689296  154
0.689421  236
0.689447  157
0.689513  170
0.689575  37
0.689622  283
0.690064  242
0.690164  298
0.69025  384
0.690519  286
0.690546  172
0.691103  46
0.691316  330
0.691323  367
0.691393  375
0.691403  261
0.691424  10
0.69143  262
0.691527  347
0.691747  188
0.691772  295
0.691834  112
0.691982  361
0.692026  323
0.692161  332
0.692347  168
0.692372  339
0.692377  175
0.692434  47
0.6925  56
0.692607  226
0.69265  308
0.692805  155
0.692825  32
0.692949  235
0.693201  106
0.693449  394
0.693456  72
0.693502  303
0.693586  145
0.693663  363
0.693702  227
0.693716  205
0.6938  305
0.693862  85
0.693998  309
0.694141  208
0.694159  397
0.694392  45
0.694538  15
0.695157  233
0.695229  362
0.695564  338
0.695677  337
0.695926  359
0.695965  366
0.696169  273
0.696435  117
0.696456  324
0.696519  139
0.696558  116
0.696827  182
0.697013  343
0.697039  311
0.697258  383
0.697496  163
0.697698  385
0.697707  38
0.697762  48
0.69791  399
0.69795  293
0.698644  62
0.698704  320
0.698759  49
0.698832  388
0.699454  60
0.699553  147
0.699568  82
0.700102  259
0.700165  328
0.700354  331
0.700364  326
0.700464  50
0.700683  301
0.700791  353
0.70083  351
0.700932  315
0.701041  162
0.701329  289
0.701346  229
0.701353  381
0.701588  364
0.702132  357
0.702197  322
0.704564  7
0.704762  196
0.704771  378
0.704807  354
0.704964  8
0.705078  110
0.705112  346
0.705132  26
0.705714  137
0.705937  40
0.706306  153
0.706539  275
0.706613  321
0.706796  389
0.706832  325
0.707084  34
0.707174  114
0.70742  86
0.707521  350
0.707657  223
0.707724  228
0.707903  355
0.707917  247
0.708285  281
0.708379  335
0.708434  134
0.708548  307
0.708584  304
0.708699  20
0.709337  349
0.709393  13
0.709485  371
0.709644  111
0.710318  151
0.710377  302
0.710857  144
0.710993  386
0.711016  329
0.711085  51
0.711288  387
0.711505  392
0.712511  344
0.712617  393
0.712674  341
0.712793  121
0.714237  352
0.714438  152
0.714466  221
0.714882  201
0.715003  183
0.715183  379
0.715417  316
0.715494  165
0.715735  368
0.716458  369
0.717191  39
0.717219  83
0.717285  342
0.717621  200
0.717709  126
0.717835  317
0.717864  14
0.718021  356
0.719027  173
0.719082  207
0.719665  87
0.719672  345
0.719949  327
0.720084  319
0.720496  1
0.720675  374
0.720727  318
0.721077  360
0.721261  396
0.721509  290
0.721573  291
0.721922  43
0.723164  104
0.723505  313
0.723617  310
0.723696  150
0.723795  276
0.723879  171
0.724034  314
0.724198  160
0.724218  372
0.724377  231
0.724547  272
0.72492  377
0.725078  336
0.725195  330
0.725366  193
0.725593  158
0.726017  365
0.726553  61
0.726613  251
0.726788  391
0.727126  215
0.727351  284
0.727443  195
0.727691  75
0.727756  211
0.727826  245
0.72813  78
0.728142  190
0.728564  312
0.728684  308
0.72875  373
0.728904  2
0.728941  129
0.728978  239
0.729042  395
0.729103  42
0.729606  167
0.729724  88
0.729807  91
0.730121  177
0.730223  338
0.730459  358
0.730805  105
0.730823  294
0.730949  222
0.73102  169
0.731079  125
0.731088  348
0.731281  250
0.731323  306
0.731702  248
0.731921  249
0.73199  375
0.732078  84
0.732797  390
0.732963  9
0.73302  31
0.733278  102
0.733329  12
0.733472  24
0.733543  26
0.733571  36
0.733602  107
0.733667  359
0.73388  35
0.733908  79
0.734024  267
0.734132  70
0.734161  266
0.734245  189
0.734281  270
0.734354  333
0.734447  334
0.734542  238
0.73459  311
0.734688  388
0.734849  340
0.735055  203
0.735111  398
0.735191  300
0.735218  362
0.735416  69
0.735483  351
0.735591  347
0.735825  380
0.735937  287
0.736043  299
0.736555  303
0.736941  96
0.737345  305
0.737628  376
0.737892  363
0.738107  324
0.738384  179
0.738712  339
0.738765  0
0.738798  367
0.739557  230
0.739779  397
0.739867  33
0.740064  28
0.740218  198
0.740949  97
0.74104  355
0.741401  89
0.74141  382
0.741916  263
0.742287  285
0.742648  315
0.743317  326
0.743498  143
0.74352  260
0.743599  17
0.743608  268
0.743667  228
0.743907  92
0.743925  331
0.744053  137
0.744344  68
0.744582  353
0.745049  383
0.745251  349
0.745541  352
0.745643  269
0.746199  343
0.74624  67
0.746266  6
0.746578  309
0.746716  384
0.747069  131
0.747074  394
0.747135  332
0.747425  364
0.747949  98
0.747959  346
0.748368  184
0.748567  241
0.748795  350
0.749256  322
0.749518  25
0.749762  280
0.749861  204
0.750205  357
0.750397  244
0.750735  378
0.751228  181
0.751351  370
0.751477  337
0.751718  307
0.751742  323
0.752501  301
0.752699  399
0.752704  23
0.752932  321
0.753459  141
0.753491  328
0.753656  233
0.753921  393
0.754145  140
0.754184  103
0.75488  50
0.755672  297
0.75572  30
0.755883  386
0.756042  262
0.756136  366
0.75634  385
0.756794  372
0.756898  202
0.757055  256
0.757244  319
0.757308  128
0.757548  64
0.757748  271
0.757959  119
0.758105  53
0.758387  41
0.758388  379
0.758529  59
0.758549  234
0.758623  325
0.758643  375
0.758811  108
0.759122  252
0.759449  278
0.759486  316
0.759604  38
0.759754  191
0.759972  178
0.759985  344
0.760967  60
0.761162  227
0.761262  106
0.761276  174
0.761373  341
0.761649  16
0.761728  99
0.762022  329
0.762083  19
0.762259  149
0.762476  135
0.762639  85
0.76288  389
0.762898  320
0.762927  361
0.76295  392
0.763033  77
0.763091  257
0.763131  302
0.763157  20
0.763403  5
0.763823  80
0.763947  314
0.764058  304
0.764104  127
0.764285  154
0.764383  124
0.764748  242
0.764845  185
0.764921  217
0.765019  335
0.765042  120
0.765144  83
0.765218  311
0.765264  368
0.766342  11
0.766386  360
0.76639  171
0.766836  365
0.767032  338
0.767048  327
0.767095  186
0.76724  139
0.767428  369
0.767822  159
0.76792  63
0.767922  279
0.767936  318
0.767943  345
0.768381  313
0.768441  66
0.768455  274
0.769112  238
0.769204  76
0.769278  113
0.769386  1
0.769534  317
0.769624  336
0.769675  387
0.77  209
0.770184  163
0.770222  146
0.770948  35
0.771111  210
0.771185  65
0.771213  52
0.77129  224
0.771359  312
0.771412  371
0.77153  340
0.771555  381
0.771577  354
0.771782  147
0.772517  303
0.772565  391
0.773767  342
0.773867  378
0.774722  213
0.774729  176
0.775045  374
0.77529  258
0.775756  183
0.776173  27
0.776527  310
0.776743  396
0.777152  315
0.777412  93
0.777952  197
0.777973  232
0.778077  308
0.778117  8
0.778157  330
0.778862  388
0.778875  13
0.778942  235
0.77933  277
0.779428  221
0.779691  300
0.779873  142
0.780143  187
0.780167  243
0.78033  211
0.780497  73
0.780699  132
0.780944  356
0.781091  118
0.781253  358
0.781324  3
0.781329  112
0.78153  390
0.78158  334
0.781763  386
0.782098  253
0.782471  101
0.78262  376
0.782862  40
0.78294  353
0.783022  226
0.783319  343
0.78341  333
0.783448  273
0.783695  82
0.783725  231
0.783879  255
0.783889  305
0.783962  364
0.784018  90
0.78422  397
0.784236  165
0.784794  148
0.784877  246
0.785209  363
0.785253  377
0.785702  121
0.785705  245
0.785754  395
0.785764  220
0.786345  214
0.786512  347
0.786575  180
0.787577  301
0.787618  74
0.787774  275
0.788072  384
0.788323  248
0.788341  123
0.788475  362
0.788572  393
0.788671  289
0.788736  21
0.788795  379
0.789302  264
0.789616  81
0.789781  206
0.789802  321
0.78994  306
0.790304  155
0.790404  398
0.790535  26
0.790612  328
0.790647  331
0.79087  229
0.790964  346
0.791198  383
0.791426  323
0.791847  266
0.792142  114
0.793049  367
0.793059  168
0.793197  254
0.793211  337
0.793272  56
0.793342  309
0.793446  359
0.793584  161
0.793669  326
0.793945  324
0.794041  339
0.794043  351
0.794498  100
0.795794  380
0.796111  373
0.796123  144
0.796515  109
0.797089  322
0.797278  332
0.797846  152
0.797948  370
0.79826  49
0.798508  366
0.798803  348
0.798993  222
0.799436  355
0.800241  136
0.800824  219
0.801149  251
0.801253  325
0.801822  338
0.801833  399
0.801977  259
0.802878  185
0.803076  133
0.803237  357
0.803452  352
0.803828  368
0.804106  349
0.804177  64
0.804484  29
0.804901  145
0.805199  31
0.805266  240
0.805383  280
0.805634  316
0.805677  261
0.805814  205
0.806029  385
0.807172  72
0.808024  87
0.808384  265
0.808703  113
0.808708  48
0.808785  117
0.808898  354
0.809086  58
0.809097  164
0.809142  105
0.80934  378
0.80946  85
0.809658  158
0.81005  387
0.810071  344
0.810112  97
0.810115  392
0.810303  320
0.810324  138
0.810876  201
0.8113  218
0.811597  327
0.81161  225
0.81197  199
0.812094  340
0.812249  341
0.812292  70
0.812479  84
0.81248  361
0.812608  16
0.81263  188
0.812719  86
0.812772  126
0.813364  89
0.813383  108
0.813384  350
0.813677  381
0.813744  110
0.81378  228
0.813851  54
0.814034  345
0.814057  302
0.814177  285
0.81422  239
0.814303  39
0.814862  369
0.81497  375
0.815203  67
0.81536  94
0.815597  173
0.815616  111
0.815675  295
0.815731  14
0.815773  175
0.815821  299
0.815858  382
0.815911  191
0.815982  125
0.816206  374
0.816282  319
0.816801  358
0.81703  208
0.817133  311
0.81715  151
0.817312  365
0.817344  76
0.81743  46
0.817458  342
0.817567  390
0.817584  192
0.817676  24
0.817782  308
0.8178  236
0.817981  318
0.818278  310
0.818377  371
0.818596  372
0.818708  35
0.818943  395
0.818954  134
0.819406  300
0.819753  179
0.820426  362
0.820923  298
0.821182  267
0.821669  360
0.821765  15
0.821798  4
0.82193  336
0.821982  303
0.822174  287
0.822205  396
0.822467  313
0.822933  171
0.822996  356
0.823152  293
0.823231  388
0.823585  389
0.823857  75
0.824637  235
0.824727  347
0.825513  107
0.825677  22
0.826231  130
0.826265  51
0.826325  397
0.827114  329
0.827496  247
0.827685  348
0.827694  343
0.828122  334
0.828126  386
0.828263  165
0.828615  391
0.828722  292
0.828752  394
0.829004  115
0.829042  200
0.829171  23
0.829589  241
0.829631  351
0.829902  271
0.830658  353
0.830909  9
0.831053  333
0.831393  237
0.83151  170
0.831736  102
0.831806  30
0.831809  177
0.831845  276
0.831887  160
0.831901  153
0.832002  116
0.832423  92
0.832436  331
0.8325  83
0.832521  339
0.832757  315
0.832946  224
0.833089  288
0.833224  172
0.833378  307
0.833384  312
0.833393  317
0.833475  393
0.83348  166
0.83366  57
0.834127  63
0.83459  230
0.834593  137
0.83487  346
0.835099  10
0.835249  180
0.835257  398
0.835369  377
0.835584  37
0.835851  53
0.835934  323
0.835976  284
0.836136  297
0.83624  263
0.836474  304
0.836546  145
0.83665  98
0.8367  296
0.836955  328
0.837194  330
0.837304  338
0.837343  157
0.837415  324
0.837597  128
0.837627  357
0.837967  47
0.838014  326
0.838399  279
0.838459  42
0.838751  301
0.838817  325
0.839256  202
0.839383  209
0.839709  314
0.839877  143
0.839983  363
0.840085  355
0.840111  306
0.840166  141
0.840647  321
0.840757  305
0.84079  198
0.840849  131
0.841526  248
0.841847  140
0.842299  359
0.842564  383
0.842752  376
0.843163  354
0.843199  332
0.843838  150
0.844604  392
0.844669  88
0.844797  121
0.844944  309
0.845046  380
0.84589  203
0.845894  34
0.846215  350
0.846361  146
0.846645  144
0.846845  103
0.84685  250
0.847182  2
0.847523  95
0.847527  123
0.84761  260
0.847749  327
0.847873  335
0.848073  387
0.848296  361
0.848363  7
0.848527  384
0.848676  164
0.848739  194
0.84878  373
0.849117  358
0.849141  379
0.849282  366
0.849298  65
0.849519  169
0.850074  368
0.851103  6
0.851698  337
0.852029  96
0.852127  193
0.8523  182
0.852799  156
0.853057  281
0.853149  33
0.853156  195
0.853189  375
0.853257  316
0.853278  206
0.853409  344
0.85346  68
0.853652  286
0.853654  341
0.85417  71
0.854231  62
0.854306  313
0.854351  0
0.854508  32
0.8547  367
0.855553  93
0.855778  91
0.855915  55
0.856077  49
0.856317  311
0.856532  204
0.856696  372
0.856907  38
0.856967  20
0.857066  210
0.857248  77
0.857342  127
0.857345  43
0.857364  215
0.857388  370
0.857392  66
0.857477  365
0.857496  78
0.857701  308
0.858035  272
0.858061  294
0.858208  310
0.858231  129
0.858362  40
0.858404  17
0.858708  369
0.858766  364
0.858822  227
0.858861  389
0.858954  119
0.858982  352
0.859082  381
0.859118  322
0.859423  252
0.859573  244
0.859828  385
0.859866  256
0.859885  386
0.860073  319
0.860951  61
0.86108  138
0.861267  345
0.861493  374
0.861497  342
0.861512  396
0.861535  371
0.861958  82
0.862925  395
0.863064  378
0.863459  52
0.863714  349
0.863845  74
0.864241  189
0.864692  397
0.865132  303
0.865272  390
0.865528  348
0.866554  196
0.866745  223
0.866877  336
0.867217  320
0.869518  360
0.869525  106
0.870199  184
0.870251  249
0.870276  274
0.870283  50
0.870311  282
0.870977  149
0.87114  391
0.871463  64
0.871766  162
0.871787  118
0.871848  53
0.871949  242
0.872106  399
0.87216  154
0.872194  302
0.872197  329
0.872291  343
0.872321  36
0.872324  122
0.872333  151
0.872357  114
0.872386  135
0.872539  388
0.872812  331
0.873012  39
0.873438  318
0.873663  99
0.87378  317
0.873833  212
0.874032  109
0.874148  187
0.874195  79
0.874311  238
0.874695  27
0.874955  356
0.875392  243
0.87578  383
0.875952  89
0.875979  214
0.876164  340
0.876189  269
0.876328  14
0.876346  264
0.87635  1
0.876393  289
0.876581  326
0.876619  261
0.876746  334
0.876772  283
0.877091  213
0.877099  136
0.877223  275
0.877465  176
0.877623  314
0.877824  72
0.877904  167
0.878112  347
0.878112  362
0.878365  44
0.878394  359
0.878422  325
0.878425  228
0.878438  142
0.878469  60
0.878473  251
0.878551  69
0.878568  393
0.878632  350
0.878922  304
0.879035  398
0.87905  56
0.879083  220
0.879345  377
0.879406  353
0.879428  233
0.880343  280
0.880367  124
0.880737  355
0.880844  315
0.881026  31
0.881166  380
0.881415  116
0.881483  80
0.88182  323
0.882155  394
0.882165  301
0.882335  273
0.882417  333
0.882599  21
0.882945  300
0.883085  306
0.883214  335
0.883246  339
0.883484  278
0.884654  366
0.884708  371
0.884909  41
0.885717  190
0.885935  219
0.886146  321
0.886277  8
0.886683  382
0.887181  110
0.887203  247
0.888035  205
0.888524  28
0.888581  307
0.888958  316
0.888958  387
0.889089  392
0.889227  33
0.889324  197
0.88951  309
0.889675  361
0.889958  291
0.890199  132
0.890616  181
0.890703  183
0.891106  375
0.891375  346
0.891488  45
0.891666  370
0.891777  262
0.8922  358
0.892347  338
0.892894  3
0.893565  67
0.893622  11
0.893773  231
0.89387  85
0.893871  354
0.894427  330
0.894735  290
0.89474  211
0.894886  100
0.894905  10
0.895268  201
0.89534  376
0.895418  97
0.895485  327
0.895521  263
0.895597  26
0.895611  379
0.895805  319
0.895812  186
0.895835  125
0.895913  373
0.896075  126
0.896112  396
0.896516  324
0.896962  75
0.897191  332
0.897339  312
0.89762  235
0.8978  123
0.897943  107
0.898021  90
0.89822  384
0.898408  363
0.898918  364
0.898942  277
0.898987  16
0.899073  385
0.899077  357
0.899715  298
0.900126  117
0.900294  344
0.900343  303
0.900599  351
0.901363  217
0.901615  236
0.902229  369
0.902269  245
0.90253  374
0.902749  192
0.902852  29
0.902909  270
0.902969  160
0.903253  337
0.903429  111
0.903681  341
0.903978  108
0.904197  175
0.9042  141
0.904229  188
0.90432  308
0.904582  349
0.904709  372
0.904721  322
0.904853  120
0.905291  311
0.905351  266
0.905453  310
0.905838  13
0.905937  73
0.906038  386
0.906836  328
0.907096  368
0.907755  234
0.907902  207
0.908758  348
0.909141  257
0.909873  255
0.909899  202
0.909943  153
0.910135  209
0.910311  362
0.91042  259
0.910503  397
0.910834  232
0.910835  155
0.910866  178
0.911665  170
0.911802  143
0.911802  389
0.911938  300
0.911954  391
0.912175  121
0.912264  58
0.912303  268
0.9124  265
0.912563  380
0.912663  150
0.913207  399
0.913246  62
0.913267  305
0.91336  367
0.913593  352
0.913713  7
0.91389  287
0.913938  25
0.914106  105
0.914266  315
0.914318  256
0.914762  318
0.914799  59
0.915014  360
0.915212  365
0.915222  5
0.915353  15
0.915454  226
0.915706  180
0.915849  334
0.91586  356
0.916008  46
0.916879  333
0.91695  317
0.917147  82
0.91718  398
0.917201  81
0.917747  254
0.917786  102
0.918097  342
0.918502  139
0.918634  395
0.918865  343
0.919252  326
0.919611  286
0.919621  93
0.919704  258
0.919778  279
0.919918  336
0.920197  34
0.920239  179
0.920353  302
0.920786  377
0.921223  0
0.921233  288
0.921744  152
0.922194  32
0.922315  276
0.92232  77
0.922423  191
0.922557  9
0.922619  2
0.922751  87
0.922938  323
0.923021  313
0.923034  206
0.92349  52
0.923672  366
0.923824  182
0.924033  388
0.924317  174
0.924486  137
0.924599  329
0.924623  225
0.924717  306
0.924905  347
0.925599  272
0.9256  383
0.925672  124
0.92585  394
0.926514  246
0.927613  387
0.927883  224
0.928079  55
0.928102  378
0.928116  345
0.928137  51
0.928158  297
0.928273  396
0.928346  86
0.928697  19
0.928744  91
0.928797  392
0.928907  248
0.928973  325
0.929108  335
0.929243  307
0.929449  71
0.929483  332
0.929562  4
0.930098  359
0.930123  340
0.930505  371
0.930607  47
0.930947  321
0.93105  70
0.93141  200
0.93217  294
0.932617  23
0.932952  197
0.93329  382
0.933452  304
0.933535  22
0.933632  127
0.933641  239
0.933646  253
0.933659  173
0.933796  393
0.934011  54
0.934126  314
0.934133  50
0.934746  156
0.934798  284
0.934853  271
0.934881  303
0.934964  353
0.935052  369
0.935104  376
0.935159  134
0.935283  159
0.935344  18
0.935835  320
0.935892  66
0.936097  250
0.936317  358
0.93636  331
0.936873  351
0.936939  390
0.937462  350
0.937687  381
0.937844  131
0.938388  101
0.938986  43
0.939219  228
0.939276  361
0.939428  338
0.939683  319
0.940084  27
0.94017  370
0.940186  312
0.94022  167
0.940285  194
0.940593  12
0.94065  349
0.940686  385
0.940686  142
0.941227  363
0.941924  185
0.942452  362
0.942541  157
0.942824  72
0.943095  346
0.943328  17
0.943741  292
0.943889  339
0.944337  273
0.944752  355
0.94511  364
0.945168  162
0.945571  289
0.945615  216
0.945665  21
0.945776  63
0.94585  61
0.94589  293
0.946264  379
0.946354  187
0.946379  95
0.946384  205
0.946414  354
0.946434  215
0.947041  166
0.947053  40
0.947456  324
0.9475  260
0.947505  114
0.947652  337
0.947713  380
0.94784  299
0.947905  243
0.94791  154
0.948041  203
0.948047  357
0.948055  133
0.948178  229
0.948236  316
0.948272  348
0.948644  119
0.948654  295
0.949116  74
0.949241  259
0.949296  302
0.949757  6
0.949844  328
0.949848  5
0.949964  330
0.949982  227
0.950433  365
0.950469  98
0.950774  96
0.950779  375
0.950832  368
0.950997  57
0.95131  373
0.951513  183
0.951878  280
0.951986  305
0.952146  171
0.952196  310
0.952312  104
0.952331  217
0.952695  129
0.952735  196
0.95331  308
0.953543  322
0.953579  193
0.953767  372
0.954049  341
0.954299  344
0.954898  391
0.95507  261
0.955607  300
0.95567  333
0.956054  309
0.956121  386
0.956201  389
0.956309  352
0.95674  146
0.95751  334
0.957517  189
0.957526  140
0.957773  161
0.958142  311
0.959199  128
0.959469  33
0.959476  88
0.959478  374
0.959709  262
0.959789  236
0.960069  208
0.960181  314
0.960236  223
0.960317  234
0.960321  218
0.961101  332
0.961203  399
0.961285  35
0.961385  301
0.961485  397
0.961589  181
0.961699  398
0.962565  290
0.963222  361
0.963552  383
0.963626  25
0.963783  198
0.963924  326
0.964655  323
0.965345  367
0.965442  199
0.965771  20
0.966149  388
0.966467  267
0.966621  325
0.966917  164
0.967098  318
0.967207  80
0.967211  24
0.967813  327
0.968554  384
0.968906  247
0.969007  304
0.969179  395
0.969259  396
0.970113  360
0.970127  313
0.970202  115
0.970338  342
0.970665  359
0.971017  212
0.971943  195
0.973232  168
0.97401  320
0.974109  270
0.974138  82
0.974836  366
0.974849  136
0.974884  340
0.974911  44
0.974958  307
0.975057  233
0.975258  148
0.975938  169
0.976024  356
0.976135  378
0.976179  165
0.976284  393
0.976324  394
0.976769  8
0.976912  201
0.977196  3
0.977781  48
0.97794  387
0.977946  252
0.978187  336
0.978196  112
0.978314  37
0.97845  75
0.978573  331
0.978614  177
0.978722  238
0.978843  335
0.979253  92
0.9794  285
0.979603  151
0.979804  274
0.979883  298
0.979989  206
0.980315  107
0.980797  269
0.980905  371
0.980946  36
0.981183  362
0.981301  49
0.981379  147
0.981555  184
0.981593  317
0.981634  351
0.981714  68
0.981867  358
0.982042  321
0.982058  106
0.982112  281
0.982267  73
0.982276  390
0.982304  30
0.982319  377
0.982468  94
0.982546  163
0.982577  109
0.98275  385
0.982909  145
0.983258  31
0.983462  226
0.98376  79
0.984547  29
0.984775  349
0.98479  59
0.985077  222
0.985186  392
0.985308  141
0.985384  244
0.985696  240
0.98582  257
0.985847  34
0.986035  237
0.986133  149
0.986159  139
0.986217  78
0.986272  370
0.986393  357
0.986413  347
0.986537  382
0.986599  113
0.986657  209
0.986818  345
0.986831  303
0.98691  202
0.986915  76
0.987042  282
0.987108  86
0.987171  265
0.987206  137
0.987307  353
0.98736  369
0.987624  306
0.98763  277
0.987846  286
0.987892  144
0.988062  132
0.98843  333
0.988495  343
0.988716  300
0.989456  339
0.989666  53
0.989738  99
0.990242  330
0.990245  341
0.990392  312
0.990425  185
0.990441  329
0.990575  89
0.990606  324
0.990673  97
0.990731  231
0.990824  348
0.990833  255
0.990884  337
0.99117  260
0.99171  316
0.991943  130
0.991989  376
0.992512  315
0.992682  38
0.993517  117
0.993549  363
0.99358  278
0.993658  39
0.993779  346
0.994771  368
0.994873  398
0.995305  28
0.99541  365
0.995582  338
0.995874  391
0.996116  350
0.996357  26
0.996646  364
0.996896  246
0.997458  360
0.99784  251
0.99798  138
0.999106  134
0.999623  275
0.999625  381
0.999663  354
