0.037301  287
0.0379777  335
0.0391722  266
0.0393076  371
0.039423  165
0.0394903  57
0.0403272  219
0.0406039  341
0.0407108  145
0.0409432  350
0.0410198  117
0.041091  224
0.0412764  178
0.0413889  173
0.0415498  370
0.0416715  248
0.0417432  342
0.0417514  52
0.0418171  355
0.0421737  7
0.0422716  347
0.0423007  205
0.0424979  18
0.042741  213
0.0428337  5
0.0429123  136
0.0429901  29
0.0430117  35
0.0430592  323
0.0433518  314
0.0434613  95
0.0435327  374
0.0435811  274
0.0436006  324
0.0436539  330
0.0436877  334
0.0436943  228
0.0437213  373
0.0437797  375
0.0440874  156
0.0441358  293
0.0441857  90
0.0442797  318
0.044304  104
0.0443501  361
0.0445067  307
0.0445283  387
0.0446227  53
0.0446809  298
0.0447833  121
0.0457417  208
0.0457494  231
0.0459141  348
0.0459265  43
0.0459811  19
0.046  372
0.0460952  279
0.0461827  251
0.0462225  242
0.0462535  256
0.0462663  336
0.0463024  101
0.0463701  168
0.0464051  9
0.0464643  37
0.0465419  325
0.0465531  344
0.046585  349
0.0467138  8
0.0467377  292
0.0467797  223
0.0467806  368
0.0469106  137
0.0470879  133
0.0471559  362
0.0471828  199
0.0472692  377
0.0472919  225
0.0473241  394
0.0474739  14
0.0475096  203
0.0475953  68
0.0476011  299
0.0476209  227
0.0476818  358
0.0477031  345
0.0477436  316
0.0477452  380
0.0477483  210
0.0477536  388
0.0479018  369
0.0482098  247
0.0483827  343
0.0485937  31
0.0486243  164
0.0486839  395
0.0487728  332
0.0488849  275
0.0489705  393
0.0489816  120
0.0489877  396
0.0493249  167
0.0497036  338
0.04971  250
0.0498979  302
0.0499168  363
0.0499444  42
0.0500376  382
0.0501339  311
0.0501557  315
0.0501603  392
0.0502082  254
0.0502552  383
0.0502655  301
0.0502899  313
0.0504901  319
0.0514227  326
0.0514456  354
0.051773  303
0.0522109  378
0.0534303  6
0.0535702  309
0.0543194  174
0.0550294  306
0.0553137  278
0.0553606  125
0.055409  359
0.0555574  360
0.0557062  398
0.0557147  64
0.0557675  304
0.0561289  218
0.0566939  353
0.0568103  389
0.0568731  385
0.0576746  356
0.0578658  390
0.0581281  94
0.0585747  331
0.0587421  220
0.0590426  346
0.059816  47
0.0602483  30
0.0608395  376
0.0614243  379
0.061448  320
0.0619007  312
0.0620048  180
0.0623235  75
0.0623877  317
0.0624052  249
0.0624468  397
0.062533  386
0.0631588  66
0.063604  91
0.0638868  33
0.0639635  206
0.0640591  115
0.0641321  151
0.0641425  124
0.0641962  240
0.0644876  308
0.0652287  181
0.0653618  198
0.0655127  92
0.0658073  194
0.0658523  381
0.0659342  399
0.0660537  322
0.066219  74
0.0663411  357
0.0663945  88
0.0666887  130
0.0667553  365
0.0668344  328
0.0668678  138
0.0669663  333
0.0669798  300
0.0672383  134
0.067308  34
0.0674307  384
0.0674381  310
0.0681333  113
0.0684241  12
0.0684621  364
0.0685777  261
0.0687216  70
0.0687566  71
0.0688037  58
0.0689502  352
0.0691077  366
0.069237  139
0.0694135  391
0.0696316  321
0.0697925  86
0.0703643  177
0.070372  329
0.0711286  193
0.0713268  16
0.0720206  154
0.0721904  238
0.0725595  277
0.0728798  297
0.0729318  183
0.0731164  239
0.073138  367
0.073434  17
0.0734565  263
0.0734586  147
0.0737616  13
0.0738193  371
0.0743197  327
0.0743666  28
0.0744017  21
0.0744862  232
0.0745969  163
0.0747091  281
0.0750128  45
0.0752716  214
0.0753081  212
0.0753324  195
0.0753704  257
0.0754922  15
0.0754977  244
0.075768  351
0.0760136  175
0.0760765  84
0.0762347  65
0.0762379  267
0.0762749  24
0.0763752  340
0.0763881  78
0.0763969  209
0.076443  197
0.0764737  150
0.0765612  337
0.0765618  77
0.0766234  339
0.076624  79
0.0766926  221
0.0767699  39
0.0768334  182
0.0769948  128
0.0769988  176
0.0771309  135
0.0772606  118
0.077296  169
0.0772996  196
0.0773142  0
0.077324  81
0.0773801  25
0.0774171  392
0.0774783  105
0.0774832  171
0.0775383  380
0.0776156  32
0.0776196  172
0.0776356  200
0.0777896  166
0.0778619  110
0.0778738  63
0.0779624  129
0.0779994  295
0.0780616  185
0.0781756  330
0.0781875  301
0.0782452  276
0.0782582  188
0.078278  288
0.0783011  305
0.078332  97
0.0783583  3
0.0784076  99
0.0784955  83
0.0785525  318
0.0786051  85
0.078701  11
0.0787188  343
0.0787345  80
0.0788733  289
0.0788783  189
0.0789013  2
0.0790676  211
0.0790936  179
0.0791107  372
0.0791459  394
0.0791577  302
0.0791815  370
0.079207  265
0.0792564  245
0.0792782  142
0.0793672  294
0.079392  56
0.0794364  96
0.079466  377
0.0796004  152
0.079601  285
0.0796038  280
0.0796832  73
0.0797011  368
0.0797015  93
0.0797103  186
0.0797214  114
0.0797945  116
0.0798141  36
0.0798466  61
0.0799219  155
0.0799221  354
0.0799649  375
0.0799794  226
0.0800455  100
0.0800999  111
0.0801316  215
0.0801349  23
0.0801729  235
0.0801739  311
0.08018  140
0.0801812  27
0.0802423  262
0.0802728  362
0.0804832  319
0.0804977  348
0.0807531  122
0.0807812  229
0.0808107  157
0.0808458  338
0.0808956  103
0.0809703  51
0.0809871  22
0.0810831  204
0.0811084  241
0.0811115  201
0.0811772  233
0.081215  358
0.0813311  387
0.0813312  192
0.0813316  324
0.0813359  217
0.0813619  334
0.0813917  342
0.0814276  109
0.0814597  316
0.081618  55
0.0816546  335
0.0817161  379
0.0818662  259
0.0818716  159
0.081897  48
0.0819982  40
0.0821577  126
0.0821609  218
0.0821732  347
0.0821915  143
0.0822483  314
0.0823958  146
0.0825075  296
0.0825191  303
0.0826545  264
0.0826759  389
0.0826991  363
0.0827168  178
0.08292  384
0.0829807  398
0.0831037  345
0.0831469  326
0.0832549  227
0.0833089  283
0.0833693  393
0.0834245  286
0.0836967  359
0.0839061  141
0.0839893  349
0.0840373  381
0.0841896  397
0.0842004  307
0.084273  332
0.0843541  378
0.0844932  388
0.0849397  364
0.0855355  383
0.0856484  395
0.0857675  355
0.0860109  341
0.086099  14
0.0866952  317
0.087107  373
0.0871815  336
0.0872208  76
0.0878036  309
0.0888947  374
0.0891097  344
0.0893755  10
0.0895548  102
0.0896045  361
0.089637  325
0.0901199  54
0.0903537  94
0.0905179  291
0.0906123  132
0.0908915  50
0.0909695  369
0.090983  386
0.0915314  360
0.0916171  313
0.0917127  237
0.0917663  255
0.0920034  321
0.0928644  382
0.0930296  243
0.0930746  107
0.0931147  323
0.0931552  328
0.093558  72
0.0936354  353
0.0939601  329
0.0942016  168
0.0943416  396
0.0954722  385
0.0955605  158
0.0958658  350
0.0960697  340
0.0963812  43
0.09716  322
0.0971956  252
0.0972315  306
0.0972939  253
0.0979215  352
0.0981967  304
0.0987741  390
0.0989557  164
0.0994695  351
0.0997892  210
0.100079  346
0.100244  197
0.100438  371
0.10062  310
0.101067  282
0.101584  242
0.10179  376
0.101884  333
0.102669  318
0.102829  327
0.103092  49
0.103732  308
0.10418  191
0.105149  202
0.10572  26
0.106087  258
0.106484  38
0.106502  375
0.106912  20
0.106916  220
0.106988  331
0.107211  315
0.107579  153
0.10781  300
0.108057  60
0.109099  44
0.109111  366
0.109414  149
0.109982  356
0.109988  108
0.110098  4
0.110747  112
0.110971  337
0.11101  357
0.111056  367
0.113116  113
0.113251  301
0.11327  277
0.113972  196
0.114311  274
0.114505  297
0.114849  222
0.114984  271
0.11525  53
0.115428  170
0.115804  167
0.11584  90
0.116138  119
0.116245  86
0.11629  203
0.116546  190
0.116715  389
0.116772  368
0.116788  46
0.116859  275
0.11691  307
0.116923  32
0.117108  320
0.117165  6
0.117178  364
0.117333  62
0.117516  312
0.117989  334
0.118103  236
0.11824  311
0.119691  161
0.120318  123
0.120393  66
0.120396  89
0.120507  342
0.120767  388
0.120806  224
0.120834  162
0.121008  257
0.121037  184
0.121273  268
0.121326  290
0.121889  393
0.12197  205
0.121993  332
0.122186  216
0.122276  1
0.122535  319
0.12269  173
0.122714  95
0.122817  64
0.12311  377
0.123217  261
0.123259  247
0.123316  92
0.123356  134
0.123371  336
0.123413  384
0.123547  272
0.123827  75
0.124013  303
0.124091  148
0.124108  207
0.124421  362
0.12443  391
0.124464  42
0.124636  387
0.124926  363
0.125061  351
0.125381  339
0.125784  37
0.125804  316
0.125844  183
0.12593  122
0.126079  160
0.12626  35
0.126268  87
0.127218  396
0.127376  345
0.127693  67
0.127874  313
0.127876  343
0.127951  354
0.127957  341
0.128105  383
0.128319  386
0.128823  305
0.128967  317
0.129335  180
0.130139  394
0.130243  348
0.130557  9
0.131883  278
0.132002  378
0.132386  310
0.132697  309
0.133566  208
0.133946  365
0.134455  335
0.134465  399
0.134661  246
0.134941  140
0.135237  176
0.135331  106
0.1354  325
0.135408  70
0.136329  198
0.136433  273
0.136742  201
0.136929  329
0.137716  299
0.138105  355
0.138248  235
0.138421  349
0.139045  306
0.139515  109
0.13984  370
0.139939  314
0.140495  374
0.140994  380
0.141109  395
0.141124  324
0.141124  347
0.141766  39
0.142136  371
0.143269  96
0.143269  379
0.14353  346
0.143605  127
0.144152  302
0.14445  369
0.145468  230
0.145503  323
0.145775  177
0.145892  350
0.146043  330
0.14714  267
0.147465  17
0.147604  392
0.148666  318
0.1489  397
0.149137  398
0.14987  322
0.150245  358
0.15038  328
0.151009  359
0.151485  308
0.152994  338
0.153323  22
0.153964  212
0.154861  88
0.15532  326
0.1556  14
0.155692  382
0.15571  307
0.156734  172
0.156743  352
0.156775  300
0.156951  361
0.157043  165
0.157134  372
0.157872  136
0.158218  353
0.1584  385
0.158999  284
0.159363  321
0.159426  301
0.159765  85
0.161382  320
0.161455  27
0.161521  238
0.161662  337
0.161792  344
0.161823  260
0.161889  41
0.162881  139
0.162896  3
0.163819  240
0.163929  225
0.164503  131
0.164574  381
0.164626  98
0.164829  28
0.165078  334
0.165151  227
0.165321  138
0.165457  5
0.165679  114
0.165727  175
0.165962  312
0.166088  356
0.166817  340
0.167363  269
0.167527  141
0.167823  25
0.167908  69
0.168016  360
0.168066  390
0.168144  263
0.168364  270
0.168398  57
0.168458  293
0.169206  91
0.169485  159
0.169557  199
0.169741  21
0.169751  45
0.169955  298
0.170139  304
0.170223  115
0.17026  315
0.170265  258
0.170662  19
0.170669  107
0.170677  327
0.170726  357
0.170968  248
0.171016  132
0.171142  34
0.17128  333
0.17172  144
0.171804  153
0.171882  373
0.171986  276
0.172095  291
0.172139  55
0.172298  391
0.172466  124
0.17267  7
0.173011  223
0.173074  244
0.173155  179
0.173397  30
0.173429  174
0.173528  142
0.17362  252
0.173655  375
0.173719  146
0.17385  339
0.173878  101
0.173931  366
0.173966  362
0.17397  389
0.174011  256
0.174151  36
0.174191  303
0.174303  376
0.174596  102
0.174604  378
0.174768  203
0.175016  8
0.175024  388
0.175066  100
0.175137  73
0.175215  250
0.175226  117
0.175334  211
0.175392  217
0.175773  286
0.175816  380
0.175892  316
0.176052  0
0.176405  168
0.176546  77
0.176605  319
0.176681  182
0.176833  393
0.176865  158
0.176929  351
0.177168  287
0.177326  331
0.177372  111
0.177377  243
0.177464  125
0.177744  76
0.177995  242
0.178262  367
0.1786  292
0.178647  157
0.178794  335
0.178892  118
0.17905  374
0.179229  169
0.179305  345
0.179306  383
0.179345  16
0.179512  330
0.1798  377
0.179868  103
0.180013  311
0.18002  368
0.1801  296
0.180482  68
0.180532  326
0.180644  386
0.180762  342
0.181531  313
0.181552  148
0.181651  44
0.181971  178
0.182463  387
0.182596  306
0.18266  206
0.182693  12
0.182924  314
0.182984  294
0.183199  323
0.183249  364
0.183282  170
0.183346  70
0.183433  328
0.183883  363
0.184138  310
0.184368  6
0.1847  349
0.185104  370
0.185626  18
0.185647  164
0.185927  275
0.186408  219
0.186536  288
0.186741  309
0.186864  336
0.186955  322
0.187081  347
0.187327  300
0.187966  354
0.188099  205
0.188316  119
0.188464  318
0.188488  151
0.188853  130
0.18893  65
0.189382  356
0.189713  384
0.190024  245
0.190211  346
0.190213  394
0.19033  264
0.190511  154
0.190747  359
0.190843  128
0.191003  396
0.191038  350
0.191083  94
0.191087  358
0.191102  397
0.191164  166
0.191172  343
0.191183  89
0.191237  337
0.191237  312
0.19135  369
0.191396  324
0.193651  305
0.193869  133
0.194826  332
0.195066  385
0.196644  271
0.19672  348
0.196889  49
0.197228  379
0.197589  189
0.197718  398
0.198018  395
0.198903  317
0.199694  321
0.199741  365
0.200167  329
0.201822  301
0.2019  308
0.202159  79
0.2024  234
0.202443  105
0.203142  325
0.204231  399
0.204236  192
0.2043  116
0.204394  371
0.204732  392
0.204842  50
0.205008  372
0.20527  82
0.205502  120
0.205626  147
0.205794  302
0.205922  360
0.206391  273
0.206594  338
0.20694  2
0.207265  216
0.207507  15
0.207663  353
0.208047  11
0.209301  355
0.209345  361
0.209622  9
0.209733  152
0.20975  283
0.210443  66
0.210708  135
0.210854  99
0.210936  357
0.210951  177
0.211231  163
0.211533  62
0.211961  289
0.212079  38
0.212127  190
0.212384  156
0.212583  340
0.212669  80
0.212804  29
0.212815  104
0.213194  344
0.213245  59
0.21342  341
0.213559  47
0.213668  315
0.213775  84
0.213927  191
0.214607  381
0.214986  229
0.215224  284
0.215491  140
0.216007  202
0.216032  388
0.216176  375
0.216279  121
0.21647  72
0.216569  43
0.216719  83
0.216759  307
0.216942  378
0.2173  233
0.217333  261
0.217576  31
0.21762  40
0.217735  352
0.217848  39
0.217947  231
0.218053  213
0.218719  221
0.218946  1
0.219447  331
0.219588  63
0.219644  41
0.21972  391
0.219745  67
0.219834  382
0.219902  46
0.219971  383
0.219972  374
0.220046  246
0.220134  304
0.220149  97
0.220152  228
0.220374  215
0.220575  24
0.220616  26
0.22091  194
0.221016  187
0.221192  333
0.221278  74
0.221292  17
0.221537  127
0.221619  297
0.22176  389
0.221805  143
0.222138  173
0.222224  334
0.222341  23
0.222492  290
0.222514  390
0.222584  112
0.222611  226
0.222612  326
0.222659  356
0.222719  180
0.223018  237
0.223155  281
0.223158  20
0.223285  193
0.223307  54
0.223421  316
0.223804  37
0.223844  323
0.223855  257
0.224074  393
0.224193  106
0.224225  376
0.224297  27
0.224316  280
0.224399  364
0.224622  13
0.224638  110
0.224733  109
0.225138  367
0.225187  327
0.225227  266
0.225305  134
0.225322  278
0.225343  4
0.225469  176
0.225485  343
0.225499  328
0.225505  360
0.225552  346
0.225899  235
0.225945  394
0.226151  89
0.226204  339
0.226543  380
0.226695  369
0.226949  151
0.226982  342
0.227244  78
0.227455  236
0.227815  322
0.22804  345
0.228606  368
0.229004  107
0.229057  232
0.229248  370
0.229601  359
0.229691  81
0.229735  366
0.229941  348
0.229959  129
0.230579  330
0.230689  265
0.230731  314
0.231657  240
0.231957  93
0.232107  320
0.232252  222
0.232509  196
0.232725  385
0.232762  372
0.232769  303
0.232868  201
0.2331  351
0.233969  319
0.23415  220
0.234416  379
0.234599  396
0.234786  354
0.235036  350
0.235158  386
0.235174  397
0.235194  279
0.235216  306
0.235316  195
0.235433  259
0.236704  311
0.236907  87
0.23704  347
0.237136  153
0.237393  218
0.237608  238
0.237821  358
0.237918  340
0.238035  336
0.238345  22
0.238441  149
0.238609  365
0.238743  332
0.23943  300
0.239468  318
0.241426  126
0.24146  373
0.242088  18
0.242106  301
0.242128  299
0.242214  250
0.242284  96
0.242583  357
0.242825  224
0.243159  371
0.243215  28
0.243529  162
0.243691  329
0.244006  198
0.244036  282
0.244113  254
0.24455  337
0.244561  133
0.244586  317
0.244593  325
0.244683  335
0.244753  399
0.24483  155
0.244961  248
0.245012  324
0.245034  305
0.245238  158
0.246217  355
0.246338  377
0.246472  321
0.248944  56
0.250136  398
0.250154  241
0.250276  313
0.250319  178
0.251117  384
0.251258  349
0.251265  344
0.251268  338
0.25134  363
0.252252  352
0.25244  310
0.253264  309
0.254649  209
0.257319  141
0.257551  362
0.257783  312
0.257872  387
0.259008  139
0.259186  42
0.25937  2
0.259859  8
0.259925  161
0.260096  223
0.260228  152
0.260766  12
0.260976  188
0.261073  263
0.261288  51
0.261549  395
0.261699  302
0.261735  90
0.261947  128
0.262346  353
0.262385  378
0.26256  211
0.262669  206
0.262941  274
0.263682  157
0.263795  172
0.264062  150
0.264146  262
0.264217  6
0.264561  249
0.26472  204
0.264789  171
0.264811  392
0.264915  239
0.26504  33
0.265088  307
0.265325  260
0.265608  374
0.265813  308
0.266039  258
0.266056  54
0.266144  77
0.26618  251
0.266285  10
0.266309  341
0.266373  267
0.266541  123
0.266681  333
0.266694  75
0.266837  92
0.267048  389
0.267564  244
0.267741  272
0.267931  52
0.267948  361
0.268016  148
0.268446  391
0.268484  65
0.268752  184
0.268859  288
0.269056  296
0.269075  383
0.269249  118
0.269379  326
0.269532  35
0.269661  360
0.269669  356
0.269732  85
0.269822  273
0.270001  58
0.270005  173
0.270017  315
0.27039  381
0.27057  388
0.270618  207
0.270671  369
0.270721  169
0.270902  55
0.271213  182
0.271366  66
0.271556  86
0.271708  370
0.2718  231
0.271893  380
0.27216  48
0.272476  343
0.272524  269
0.272613  354
0.272666  68
0.272789  316
0.272916  153
0.272952  34
0.273107  43
0.273212  115
0.273471  367
0.273488  62
0.273504  322
0.273977  351
0.274003  136
0.274087  376
0.274109  210
0.274135  323
0.274149  331
0.274339  147
0.27442  111
0.274602  102
0.274651  336
0.27515  365
0.275303  345
0.275347  41
0.275359  214
0.275569  181
0.275647  382
0.275701  393
0.275764  319
0.276184  170
0.276964  23
0.277535  379
0.27782  305
0.278053  311
0.278229  334
0.278465  131
0.278519  304
0.278547  36
0.279979  293
0.280144  113
0.280608  394
0.28099  285
0.281099  15
0.28118  94
0.281352  185
0.281935  385
0.282052  175
0.2821  125
0.282124  301
0.282208  100
0.28248  314
0.282518  255
0.282793  151
0.282904  335
0.282914  114
0.283058  253
0.283059  21
0.28313  32
0.283219  346
0.283272  324
0.283374  327
0.283482  317
0.283586  205
0.283592  132
0.283666  396
0.283694  373
0.28373  192
0.283761  187
0.283856  159
0.283939  325
0.283987  72
0.28399  277
0.28407  329
0.284154  236
0.284216  154
0.284259  359
0.284338  386
0.284426  212
0.284564  71
0.284616  358
0.285214  303
0.285231  352
0.285322  108
0.28605  14
0.286056  101
0.286322  219
0.286331  138
0.28655  98
0.286673  89
0.286772  82
0.286928  119
0.28697  222
0.286992  88
0.287175  344
0.287186  275
0.287211  347
0.287394  375
0.287479  141
0.287517  348
0.288304  268
0.288342  363
0.288414  384
0.28842  20
0.288422  342
0.288537  166
0.288544  261
0.288726  377
0.288772  283
0.288784  340
0.288791  364
0.289033  339
0.28919  9
0.289334  91
0.289503  320
0.289687  289
0.290083  321
0.291102  397
0.291188  5
0.291215  372
0.291323  76
0.291433  398
0.291523  165
0.291804  355
0.291818  332
0.291966  350
0.292374  357
0.292381  387
0.292506  368
0.292973  3
0.293152  337
0.293946  53
0.294151  349
0.294289  256
0.294301  338
0.294521  116
0.295117  318
0.295137  242
0.295376  313
0.295634  107
0.29609  243
0.296552  201
0.297267  146
0.29802  229
0.298353  197
0.299185  330
0.299537  95
0.299676  235
0.299876  19
0.300101  328
0.300131  145
0.300412  306
0.300552  174
0.30065  142
0.301519  103
0.301523  160
0.301585  69
0.301792  333
0.301824  60
0.301956  198
0.301985  366
0.30204  215
0.30206  300
0.302146  27
0.302258  230
0.302529  254
0.302666  389
0.302861  193
0.302986  353
0.303112  310
0.303715  97
0.305017  362
0.305024  183
0.305102  73
0.305507  16
0.305518  312
0.305568  237
0.305569  351
0.305688  133
0.306455  46
0.306481  200
0.306519  265
0.306839  279
0.306944  369
0.307086  22
0.307145  225
0.307488  28
0.307673  252
0.307713  105
0.307857  241
0.307869  208
0.307896  365
0.307912  56
0.307957  120
0.308004  37
0.30805  44
0.308114  358
0.30812  61
0.308264  31
0.308379  309
0.308386  323
0.308511  307
0.308583  211
0.308734  331
0.308806  399
0.308969  361
0.309268  382
0.309275  343
0.309512  130
0.309589  7
0.309661  262
0.309661  247
0.310637  326
0.310847  111
0.310921  336
0.310963  371
0.311094  233
0.311282  360
0.311475  224
0.311524  216
0.311539  388
0.311542  303
0.311588  45
0.311673  264
0.312265  341
0.312305  129
0.312319  315
0.31274  164
0.313548  376
0.314036  378
0.314515  354
0.315364  390
0.315835  240
0.315869  314
0.316012  324
0.316412  334
0.316758  13
0.317304  325
0.318028  29
0.318196  17
0.31826  302
0.318699  227
0.319038  180
0.319351  381
0.319635  67
0.319849  304
0.319872  308
0.321702  374
0.32178  380
0.32203  347
0.32214  134
0.322439  77
0.322804  395
0.32291  121
0.32295  384
0.323163  270
0.323244  232
0.32326  139
0.323454  0
0.323667  50
0.32372  345
0.323793  391
0.323794  59
0.323925  329
0.323999  319
0.324072  327
0.324973  359
0.325006  79
0.325585  202
0.325844  250
0.325899  393
0.326224  298
0.326263  137
0.326497  349
0.326614  26
0.32671  313
0.326853  217
0.327072  370
0.327658  189
0.32788  106
0.328687  322
0.329907  221
0.330017  286
0.330056  355
0.330321  311
0.330398  356
0.330508  162
0.330717  170
0.330849  350
0.330893  238
0.331267  383
0.331433  148
0.331682  300
0.331803  368
0.331981  234
0.332324  335
0.332562  124
0.33321  316
0.334928  87
0.335154  363
0.335815  11
0.33597  379
0.337094  348
0.337097  385
0.337193  394
0.337313  39
0.337592  386
0.337943  84
0.338759  364
0.339102  112
0.339564  332
0.339624  195
0.339905  257
0.339926  64
0.340239  281
0.340859  344
0.341036  117
0.341062  398
0.341107  40
0.341217  188
0.341228  290
0.341552  367
0.341802  171
0.342027  246
0.342106  366
0.342153  150
0.342571  122
0.343278  159
0.343295  143
0.343536  339
0.343608  4
0.343743  317
0.343798  297
0.343808  342
0.344055  321
0.344085  220
0.344144  397
0.344248  57
0.344798  109
0.344965  90
0.345574  203
0.346018  375
0.346068  372
0.346155  141
0.34618  30
0.346244  194
0.346353  357
0.346469  58
0.34649  318
0.346581  218
0.346583  156
0.346637  305
0.346708  396
0.346719  340
0.346722  184
0.346803  104
0.346887  176
0.346942  93
0.347305  259
0.347627  392
0.347628  326
0.347994  131
0.348006  135
0.34805  387
0.348068  301
0.348097  389
0.348496  271
0.348702  382
0.348704  276
0.349104  6
0.349235  161
0.349499  25
0.349903  352
0.350046  99
0.350161  38
0.350814  274
0.351199  306
0.351233  53
0.351444  288
0.352011  199
0.352052  75
0.352177  346
0.352265  287
0.352313  283
0.352374  168
0.352474  365
0.352584  309
0.352857  24
0.35293  275
0.352957  115
0.352971  70
0.353342  377
0.353371  337
0.353389  351
0.353522  96
0.353585  310
0.353603  376
0.353643  231
0.353775  373
0.354033  126
0.35427  192
0.354317  299
0.355046  63
0.355106  331
0.355109  338
0.355375  307
0.356375  323
0.356497  129
0.356503  94
0.356584  328
0.356587  158
0.356691  214
0.356864  336
0.356867  255
0.356914  101
0.356923  320
0.35738  190
0.357619  163
0.357955  354
0.358443  107
0.35849  388
0.359366  358
0.359384  315
0.35957  66
0.360085  32
0.360097  277
0.360316  226
0.360377  325
0.360687  362
0.360861  333
0.361183  34
0.36156  295
0.361638  294
0.362075  196
0.362316  230
0.362437  353
0.362559  206
0.362846  390
0.363023  100
0.363061  14
0.363065  179
0.363198  212
0.363214  343
0.363421  103
0.363473  128
0.363548  2
0.363745  258
0.363772  43
0.363861  334
0.363928  121
0.364052  149
0.364091  324
0.3641  393
0.364213  252
0.364327  381
0.364362  249
0.364438  399
0.364455  395
0.364475  267
0.364496  187
0.364557  302
0.364598  349
0.365379  19
0.365564  330
0.366015  291
0.366349  186
0.366618  174
0.366642  345
0.36676  293
0.366935  308
0.36718  314
0.367608  374
0.367626  268
0.367802  329
0.367882  272
0.367943  114
0.368379  363
0.368581  152
0.368869  355
0.368951  151
0.368999  380
0.369137  37
0.369196  347
0.369362  85
0.369575  217
0.369799  312
0.369801  245
0.370338  22
0.370893  384
0.371004  360
0.371019  102
0.371228  341
0.371464  28
0.371521  178
0.371526  177
0.371551  41
0.371604  225
0.371758  236
0.371884  303
0.371896  348
0.372131  397
0.372186  304
0.372199  106
0.372359  370
0.372509  361
0.372723  319
0.372907  350
0.373013  51
0.373057  262
0.373078  49
0.373402  391
0.373534  359
0.374194  153
0.375133  394
0.375615  127
0.376029  369
0.376134  241
0.376238  62
0.376355  144
0.376429  300
0.376803  371
0.377104  378
0.377109  317
0.377848  368
0.378219  383
0.379494  216
0.379581  326
0.379607  253
0.379726  389
0.379757  200
0.37985  385
0.380577  260
0.38108  80
0.381885  339
0.382158  278
0.38262  74
0.382749  136
0.382988  88
0.383027  23
0.383321  282
0.383633  367
0.383724  42
0.383969  98
0.384022  357
0.384065  207
0.384243  189
0.384431  208
0.384488  365
0.38458  11
0.384723  313
0.384731  201
0.384856  344
0.384919  379
0.3851  311
0.385395  209
0.385481  375
0.385749  372
0.386466  5
0.386827  18
0.387348  265
0.387373  108
0.388292  56
0.388343  169
0.388476  335
0.388716  322
0.388735  356
0.388928  342
0.388993  213
0.389176  332
0.389793  167
0.390344  352
0.390548  137
0.390691  242
0.39076  301
0.39113  145
0.391141  223
0.391259  309
0.392844  285
0.393046  323
0.393498  182
0.393701  243
0.393799  392
0.393848  327
0.393902  15
0.394074  321
0.394319  248
0.394428  316
0.394433  233
0.39494  72
0.395213  284
0.395215  346
0.395306  228
0.395357  60
0.395662  381
0.395971  81
0.396046  340
0.396337  71
0.396419  351
0.396421  320
0.396431  50
0.396452  261
0.396543  337
0.396579  387
0.396753  65
0.397042  382
0.397152  105
0.397187  366
0.397774  181
0.397902  358
0.399574  26
0.400839  36
0.400852  47
0.400891  333
0.401143  395
0.401246  147
0.401459  12
0.401489  123
0.401609  349
0.40181  305
0.401866  331
0.40195  386
0.402146  10
0.402315  289
0.402482  318
0.403027  390
0.403312  191
0.403377  91
0.403976  354
0.40442  170
0.404611  86
0.404801  222
0.404929  89
0.405381  255
0.405557  111
0.406135  148
0.406279  140
0.406491  292
0.406804  376
0.406832  52
0.406968  46
0.406985  20
0.407  308
0.407034  378
0.407046  238
0.407096  328
0.407554  8
0.407673  239
0.407963  251
0.40803  377
0.408174  39
0.408563  95
0.408572  362
0.409056  343
0.409081  119
0.409636  259
0.409803  336
0.409915  68
0.409945  54
0.410069  162
0.410127  266
0.410187  172
0.410207  160
0.410797  307
0.410824  363
0.410833  33
0.411021  134
0.411203  157
0.411217  159
0.41132  306
0.411405  393
0.411454  398
0.411585  355
0.411633  334
0.411639  118
0.411816  314
0.411847  380
0.412027  325
0.412407  368
0.412485  21
0.412662  369
0.41282  116
0.413768  229
0.413871  348
0.414431  155
0.414475  263
0.414978  185
0.415134  364
0.415135  300
0.415193  396
0.415355  373
0.415486  353
0.415781  312
0.416776  324
0.416826  371
0.416912  361
0.416983  394
0.417536  359
0.417587  345
0.417751  120
0.418823  341
0.420017  302
0.420426  250
0.421883  303
0.421961  67
0.422236  347
0.423356  183
0.423568  385
0.423634  48
0.423777  399
0.423876  338
0.424309  330
0.424386  384
0.424441  3
0.424546  365
0.424795  83
0.42482  357
0.425997  315
0.426969  82
0.427447  76
0.427502  13
0.428254  310
0.428435  299
0.429753  104
0.429827  204
0.429877  195
0.430336  61
0.430361  132
0.430394  117
0.430433  317
0.430637  367
0.430744  269
0.430843  198
0.430989  152
0.431171  161
0.431214  17
0.4313  280
0.431328  389
0.431422  329
0.431503  326
0.431642  225
0.431679  370
0.431711  149
0.43195  221
0.432001  344
0.432426  62
0.432438  231
0.432477  113
0.432498  339
0.432649  360
0.432976  397
0.433153  197
0.433268  383
0.43356  131
0.433695  133
0.433747  276
0.433811  206
0.433909  142
0.433936  163
0.434132  254
0.434142  78
0.434201  287
0.434334  237
0.434832  374
0.435118  176
0.435291  85
0.435389  395
0.435514  313
0.43564  210
0.435689  11
0.43581  356
0.435885  246
0.435954  92
0.435957  211
0.435958  264
0.435968  219
0.435991  205
0.436091  304
0.436398  202
0.436702  127
0.437066  45
0.43722  388
0.437256  342
0.437348  340
0.437366  150
0.437434  218
0.437449  309
0.437452  178
0.437616  22
0.437775  214
0.437827  97
0.437877  319
0.437879  192
0.43799  0
0.438352  375
0.438392  74
0.438911  235
0.439085  216
0.439086  102
0.439401  382
0.440017  335
0.440043  316
0.440086  321
0.440327  262
0.44043  175
0.440638  247
0.440701  387
0.44078  328
0.441392  379
0.441411  58
0.441476  125
0.441495  359
0.441556  174
0.441716  107
0.441893  372
0.442254  99
0.442285  337
0.442928  350
0.443024  294
0.44311  236
0.443275  323
0.443357  322
0.443426  283
0.443834  70
0.444216  166
0.44443  156
0.444579  146
0.44466  114
0.44468  352
0.444682  234
0.44475  4
0.44506  193
0.445182  29
0.445501  201
0.445568  295
0.44558  25
0.445667  24
0.445683  361
0.445693  28
0.445701  42
0.445732  364
0.445762  333
0.44591  141
0.446006  168
0.446098  381
0.44634  366
0.446518  154
0.446784  129
0.44704  354
0.447249  386
0.447297  296
0.447304  318
0.447309  200
0.447376  7
0.447416  345
0.44746  55
0.447686  365
0.447797  126
0.447825  164
0.447856  1
0.448013  305
0.448095  306
0.448147  320
0.448212  143
0.448314  358
0.448339  300
0.448616  34
0.44869  346
0.448707  79
0.448882  115
0.448965  165
0.448974  84
0.449372  348
0.45032  188
0.450334  327
0.450548  324
0.450746  377
0.450858  207
0.450891  392
0.451204  35
0.451342  353
0.451549  263
0.451687  396
0.451789  267
0.452274  209
0.452912  32
0.453333  173
0.453474  390
0.453646  110
0.453782  63
0.453912  373
0.454113  347
0.454142  56
0.454265  393
0.454296  371
0.454443  355
0.454543  391
0.454595  332
0.454598  380
0.454873  16
0.455446  378
0.456049  357
0.456271  232
0.456354  69
0.456369  170
0.456955  6
0.457428  349
0.457465  325
0.45776  368
0.458182  303
0.458472  362
0.458523  203
0.458579  343
0.459068  52
0.459181  307
0.459598  66
0.459898  376
0.460173  398
0.461111  308
0.461624  302
0.461914  314
0.463036  312
0.463399  136
0.463792  301
0.464105  268
0.464506  122
0.465229  341
0.465319  330
0.465614  385
0.465737  274
0.465802  138
0.466678  288
0.466967  310
0.467217  118
0.467228  279
0.467468  334
0.467482  369
0.467676  293
0.469741  315
0.47015  394
0.470654  120
0.47096  286
0.471191  363
0.471535  227
0.472676  360
0.473652  153
0.473801  331
0.473851  351
0.473859  101
0.474194  311
0.474318  38
0.474634  399
0.474801  273
0.475261  272
0.475891  374
0.475936  15
0.476592  215
0.476665  158
0.477042  87
0.477091  100
0.477135  149
0.477421  370
0.477475  167
0.477844  291
0.47792  239
0.47806  90
0.478195  19
0.478332  367
0.478389  285
0.478472  336
0.479081  224
0.479117  375
0.479387  130
0.479863  384
0.479948  185
0.479974  292
0.480246  395
0.480268  12
0.480458  106
0.480645  112
0.480797  397
0.480852  64
0.481821  186
0.48198  47
0.482624  31
0.48273  77
0.4828  313
0.482812  298
0.48291  109
0.482917  26
0.483028  338
0.483276  14
0.483696  196
0.483797  183
0.483862  171
0.484016  54
0.484032  304
0.484062  124
0.484166  243
0.484198  383
0.484229  147
0.48434  329
0.48436  319
0.484423  137
0.484471  388
0.484515  37
0.484572  179
0.484584  242
0.484604  306
0.484712  316
0.485094  139
0.485096  328
0.48525  202
0.485357  282
0.485493  259
0.485643  169
0.485678  350
0.48649  323
0.486519  44
0.486686  382
0.486874  89
0.487056  332
0.487293  41
0.48742  344
0.487535  277
0.487646  284
0.487924  80
0.488048  309
0.488616  21
0.488643  180
0.488762  352
0.488931  261
0.488963  132
0.488972  389
0.489249  364
0.489551  142
0.489727  116
0.489789  256
0.489858  358
0.489967  50
0.49005  348
0.490261  354
0.490279  356
0.490795  321
0.49095  257
0.491187  322
0.491262  59
0.491317  121
0.491324  357
0.491749  252
0.492045  157
0.49209  88
0.49239  212
0.492407  217
0.492496  340
0.492805  333
0.492999  253
0.493235  320
0.493358  236
0.493439  181
0.493453  40
0.49347  62
0.493486  160
0.493599  154
0.493684  386
0.493689  324
0.493905  164
0.494062  213
0.494088  339
0.494146  337
0.494163  365
0.494348  396
0.494586  392
0.494667  372
0.495025  238
0.495597  393
0.495824  327
0.49684  353
0.496869  391
0.497402  145
0.497935  343
0.498515  300
0.498866  230
0.499024  381
0.499051  390
0.499238  18
0.499375  108
0.499633  105
0.499711  49
0.499882  326
0.500206  345
0.500487  226
0.500753  162
0.500763  10
0.501022  255
0.501093  98
0.501167  92
0.501323  359
0.501618  30
0.501675  95
0.501676  361
0.501891  94
0.502279  347
0.502405  349
0.502454  134
0.503207  314
0.503381  335
0.503573  373
0.503703  379
0.503897  260
0.504014  378
0.50439  229
0.504459  346
0.504805  228
0.5052  312
0.505242  376
0.505395  187
0.505734  305
0.505934  341
0.506291  73
0.507564  317
0.507709  9
0.507786  308
0.508112  241
0.508174  251
0.508674  175
0.50877  331
0.508977  46
0.509498  399
0.509781  57
0.510115  362
0.51035  377
0.510578  370
0.510869  315
0.511201  119
0.513353  72
0.513633  303
0.513801  188
0.513933  123
0.514211  75
0.514344  233
0.514412  135
0.514565  318
0.514639  99
0.514798  369
0.514971  155
0.515211  2
0.515633  195
0.515653  211
0.51586  385
0.515899  263
0.516188  301
0.516342  363
0.516509  307
0.516561  220
0.51676  245
0.516815  310
0.516842  302
0.516894  368
0.517184  270
0.517401  248
0.517552  394
0.517728  355
0.517804  93
0.518387  68
0.518677  151
0.519006  210
0.519384  67
0.519601  384
0.519705  42
0.52015  65
0.520152  330
0.520678  380
0.520801  130
0.520804  371
0.520969  176
0.521661  28
0.521846  325
0.521945  387
0.522358  63
0.522417  285
0.522475  38
0.522489  244
0.522584  262
0.522695  140
0.522698  156
0.522858  165
0.522869  35
0.523073  266
0.523128  193
0.523178  366
0.523328  319
0.523439  52
0.523502  48
0.523529  159
0.524447  334
0.5248  375
0.524876  214
0.525367  136
0.525374  342
0.525382  209
0.525501  39
0.525697  237
0.525949  232
0.526028  383
0.52629  203
0.526434  201
0.526589  234
0.526768  111
0.526824  113
0.526857  3
0.52689  395
0.527012  51
0.527146  182
0.527208  106
0.527298  148
0.527331  25
0.527342  250
0.527426  163
0.527483  367
0.527489  283
0.527529  281
0.527704  336
0.528064  103
0.528204  177
0.528361  133
0.5284  194
0.528413  360
0.528628  91
0.528934  104
0.529029  114
0.529157  141
0.529366  27
0.529454  53
0.529454  86
0.529459  338
0.529487  76
0.529592  398
0.529648  364
0.52977  16
0.529782  190
0.529795  222
0.529811  348
0.529875  339
0.529954  287
0.530177  110
0.530298  316
0.53036  60
0.530418  309
0.530566  296
0.530645  372
0.530913  267
0.530932  327
0.531203  323
0.531214  386
0.531236  191
0.531258  32
0.531283  55
0.53139  354
0.531525  393
0.531639  276
0.53173  223
0.53174  249
0.531843  391
0.531981  184
0.532239  5
0.53233  340
0.532542  8
0.532634  247
0.53264  376
0.533025  351
0.533338  324
0.533371  304
0.533422  115
0.533935  1
0.534032  374
0.534067  254
0.534342  150
0.534588  321
0.534778  314
0.534872  311
0.534903  43
0.534945  328
0.535261  352
0.535422  389
0.535603  343
0.536582  333
0.537035  127
0.537664  70
0.537875  373
0.538333  382
0.538585  365
0.538764  157
0.538816  361
0.538892  143
0.538916  10
0.539111  337
0.539984  359
0.54025  128
0.540381  356
0.540973  370
0.54115  178
0.541244  335
0.541266  392
0.541961  388
0.542044  92
0.542519  199
0.543069  358
0.543653  344
0.544135  312
0.545062  189
0.545651  243
0.545806  303
0.546012  58
0.546106  397
0.546341  306
0.546495  180
0.546598  350
0.546913  161
0.547027  144
0.547167  313
0.547286  300
0.547437  379
0.547578  357
0.547766  345
0.547879  399
0.548481  341
0.549241  29
0.550311  15
0.550821  390
0.551029  362
0.551463  326
0.551778  349
0.552114  6
0.552217  320
0.553186  166
0.553594  332
0.553812  317
0.554704  84
0.555015  227
0.555065  225
0.555362  246
0.556593  315
0.556723  50
0.556884  310
0.556897  325
0.557047  167
0.557366  272
0.557608  36
0.558141  302
0.559174  381
0.559237  146
0.559406  112
0.559455  17
0.559533  347
0.559706  322
0.559855  23
0.560088  173
0.560155  18
0.560275  147
0.560485  329
0.560557  377
0.560638  101
0.560883  396
0.561279  169
0.561323  158
0.561427  385
0.561805  33
0.562246  268
0.562883  0
0.562958  79
0.563145  369
0.563212  196
0.563238  305
0.563285  207
0.563414  138
0.563897  294
0.563931  331
0.563995  383
0.564113  74
0.564586  181
0.564705  279
0.564755  363
0.56484  282
0.564866  314
0.564913  264
0.565092  164
0.565185  171
0.565362  229
0.565406  87
0.56609  7
0.566234  308
0.566513  394
0.566657  236
0.566775  117
0.566775  19
0.566958  318
0.567337  162
0.567489  13
0.567553  346
0.567615  122
0.567945  289
0.568109  124
0.56834  353
0.568473  116
0.568548  307
0.568633  301
0.56891  64
0.568912  219
0.569052  366
0.569192  81
0.569329  135
0.569594  185
0.569672  200
0.569766  160
0.56993  56
0.569978  258
0.57031  126
0.570528  275
0.570571  309
0.570684  290
0.570774  66
0.570875  378
0.570908  368
0.571204  96
0.571443  311
0.571445  153
0.571564  154
0.571641  109
0.57183  121
0.571877  224
0.572046  11
0.572158  216
0.572294  355
0.572305  170
0.572306  395
0.572411  367
0.572414  205
0.5725  348
0.572586  319
0.572644  298
0.572654  35
0.572768  257
0.574039  14
0.57437  118
0.574385  364
0.574426  336
0.574577  372
0.574712  192
0.575057  256
0.575581  221
0.575625  102
0.575792  134
0.575897  324
0.576183  392
0.57626  297
0.576441  260
0.576498  389
0.576637  130
0.576859  218
0.576876  4
0.576989  270
0.577067  15
0.577238  211
0.577392  342
0.57756  359
0.577813  98
0.577837  148
0.577895  393
0.577897  9
0.577966  273
0.578127  259
0.578173  20
0.578175  178
0.578296  2
0.578492  21
0.578518  361
0.57852  334
0.578553  105
0.578736  338
0.57877  71
0.578786  382
0.579057  356
0.57914  357
0.579204  104
0.579567  370
0.579733  339
0.580327  306
0.580551  384
0.580795  293
0.580809  340
0.580907  350
0.581067  345
0.581196  371
0.581627  343
0.581834  274
0.581898  312
0.582107  386
0.582188  302
0.582208  85
0.582214  304
0.582758  137
0.582905  354
0.582944  263
0.583093  3
0.58332  352
0.58397  247
0.58403  99
0.584146  360
0.584521  235
0.584576  373
0.585588  41
0.585817  82
0.586718  188
0.587029  349
0.58707  328
0.587195  398
0.587358  399
0.587715  129
0.587717  80
0.587816  12
0.58805  299
0.588104  213
0.588231  376
0.588239  108
0.588249  321
0.588428  344
0.588484  228
0.588501  261
0.588647  59
0.588712  365
0.588716  330
0.588756  251
0.589067  316
0.589096  375
0.589205  327
0.58921  83
0.589677  380
0.589745  190
0.589944  326
0.58997  310
0.590048  335
0.590178  168
0.590418  374
0.591286  351
0.592751  397
0.59284  300
0.593859  387
0.594488  337
0.595442  238
0.59565  243
0.595884  388
0.596076  329
0.596467  358
0.59697  366
0.597905  379
0.598281  165
0.598867  53
0.598977  155
0.599095  174
0.599611  271
0.599778  139
0.599888  303
0.600899  95
0.601114  88
0.601302  305
0.601541  151
0.602277  391
0.602332  114
0.602334  42
0.602627  67
0.602851  383
0.602871  77
0.603554  362
0.603663  215
0.603878  63
0.603918  171
0.603963  1
0.604138  347
0.604222  377
0.604375  175
0.604607  233
0.60471  308
0.605022  45
0.605355  315
0.605491  363
0.60572  331
0.606574  253
0.606591  6
0.608457  390
0.6085  125
0.608704  55
0.608758  333
0.608813  325
0.608884  396
0.609023  353
0.609931  73
0.610435  369
0.610629  262
0.610695  240
0.610791  318
0.611522  0
0.612075  186
0.612204  70
0.612661  189
0.61287  226
0.613054  323
0.613439  237
0.613468  206
0.613511  355
0.613732  332
0.61404  394
0.614218  278
0.614744  307
0.615055  289
0.615872  288
0.61589  60
0.616075  341
0.61668  292
0.616862  90
0.616865  313
0.617029  320
0.617056  346
0.617406  244
0.617742  54
0.617886  40
0.618017  231
0.618057  336
0.618061  393
0.618448  287
0.618463  382
0.618795  30
0.619479  384
0.620054  128
0.620205  49
0.620218  47
0.620288  127
0.620612  255
0.621134  37
0.621157  94
0.62123  69
0.621343  76
0.621403  34
0.621625  26
0.621828  72
0.621937  294
0.622069  152
0.622099  120
0.622158  368
0.622238  187
0.622365  201
0.62242  111
0.622462  182
0.622685  217
0.622766  156
0.622779  371
0.622989  232
0.623004  157
0.623083  52
0.623095  295
0.62317  198
0.623193  283
0.623257  150
0.623265  352
0.623331  176
0.623499  32
0.623507  311
0.623577  107
0.6236  350
0.623603  17
0.62363  322
0.623665  84
0.623839  68
0.623893  100
0.623967  317
0.62397  291
0.62398  161
0.624202  335
0.624207  342
0.624394  309
0.624547  212
0.624548  191
0.624593  327
0.624743  92
0.624783  115
0.624786  279
0.624817  343
0.624901  374
0.624947  75
0.625024  146
0.62503  106
0.625153  247
0.625197  340
0.625376  269
0.625513  208
0.625545  339
0.625594  24
0.625826  18
0.625876  348
0.626096  222
0.626099  312
0.6261  245
0.626141  392
0.626192  178
0.626209  181
0.626259  321
0.62631  249
0.626676  207
0.626679  386
0.626821  275
0.6269  138
0.626965  97
0.627058  301
0.62717  375
0.627704  168
0.627794  310
0.627861  314
0.627948  381
0.627984  144
0.628009  19
0.628116  357
0.628233  337
0.628305  214
0.628335  359
0.628389  199
0.62852  378
0.62853  316
0.628708  285
0.628787  334
0.628822  28
0.628965  293
0.629368  329
0.629478  398
0.629569  306
0.629907  373
0.630027  202
0.630471  380
0.63095  383
0.631231  177
0.631253  351
0.631533  302
0.631593  399
0.631878  338
0.63257  366
0.632915  345
0.633046  358
0.633158  303
0.634542  370
0.63493  389
0.63506  364
0.635633  326
0.635967  331
0.636123  396
0.636457  344
0.636573  372
0.636664  388
0.63675  268
0.638354  354
0.638963  132
0.640599  23
0.64126  305
0.641272  130
0.641454  330
0.641615  387
0.642298  361
0.642782  220
0.644032  304
0.644037  81
0.644612  82
0.644938  121
0.645041  315
0.645097  365
0.645929  62
0.646099  38
0.64614  197
0.646552  183
0.64669  236
0.647098  10
0.647368  296
0.647693  390
0.647806  235
0.647907  190
0.647916  349
0.648149  360
0.648231  209
0.648242  31
0.648614  64
0.648629  241
0.648821  319
0.648845  85
0.64887  379
0.648958  15
0.648989  395
0.649419  59
0.649511  13
0.649832  367
0.649864  376
0.65057  308
0.650599  356
0.650641  328
0.650653  347
0.65066  154
0.650709  58
0.650784  224
0.651554  9
0.652009  44
0.652417  51
0.652501  119
0.652546  135
0.652619  300
0.652675  39
0.65277  325
0.652954  324
0.653553  136
0.654054  141
0.654107  248
0.654188  333
0.655369  320
0.65563  266
0.655715  78
0.655923  391
0.656035  167
0.656097  336
0.656409  385
0.656511  393
0.656534  397
0.656894  74
0.657488  22
0.657776  185
0.657846  363
0.658106  362
0.658557  35
0.658672  175
0.659547  342
0.659726  104
0.659846  61
0.66025  271
0.660323  147
0.660393  270
0.660586  145
0.66095  371
0.661681  101
0.661839  218
0.662021  159
0.662094  353
0.662106  392
0.662168  93
0.662223  204
0.662469  350
0.662576  341
0.662647  262
0.662855  73
0.663217  110
0.663473  14
0.663629  27
0.663929  377
0.663982  276
0.66401  225
0.664055  372
0.664089  254
0.664293  335
0.664305  33
0.664403  357
0.664418  282
0.664713  280
0.665009  131
0.665497  142
0.665586  243
0.665632  172
0.665646  184
0.665781  321
0.665847  65
0.665921  306
0.666078  188
0.666143  89
0.666205  252
0.666783  112
0.666785  105
0.666854  180
0.666898  309
0.666935  63
0.667062  18
0.66713  288
0.667221  210
0.66728  41
0.667309  398
0.667325  297
0.667353  83
0.667354  205
0.667389  149
0.667401  369
0.667449  281
0.667624  265
0.667717  286
0.667795  272
0.667831  313
0.66788  53
0.667932  307
0.667936  373
0.668078  352
0.66835  201
0.668411  166
0.668458  332
0.668543  8
0.668564  318
0.668603  194
0.668747  380
0.668855  230
0.669058  140
0.669106  374
0.669244  99
0.66927  339
0.669271  186
0.669277  108
0.669285  351
0.669534  221
0.669631  165
0.66967  327
0.669798  155
0.669829  329
0.66992  399
0.66998  298
0.670292  340
0.670361  164
0.670801  80
0.670802  153
0.670879  312
0.670962  311
0.671188  56
0.67121  334
0.671745  375
0.671927  25
0.672137  370
0.672695  122
0.673232  387
0.673232  346
0.673254  77
0.673857  118
0.674153  133
0.674306  328
0.67438  50
0.67441  126
0.674707  146
0.674774  103
0.674822  229
0.674951  394
0.675004  6
0.675127  338
0.675138  358
0.675248  395
0.675271  376
0.675287  366
0.675629  15
0.67581  261
0.675973  316
0.675973  274
0.676134  206
0.6762  125
0.676202  314
0.676452  179
0.676514  379
0.676877  348
0.676949  331
0.677182  102
0.677209  386
0.677586  21
0.678111  139
0.67816  158
0.67831  174
0.678384  303
0.678446  310
0.679406  171
0.679552  193
0.679818  384
0.679932  277
0.680101  291
0.68034  390
0.68041  264
0.680516  383
0.680529  354
0.680623  355
0.680916  123
0.681081  361
0.681108  46
0.681111  12
0.682112  317
0.682569  304
0.682586  378
0.682754  344
0.682936  222
0.683204  301
0.683205  322
0.684175  284
0.684755  343
0.685038  333
0.685157  240
0.685336  345
0.685468  347
0.685962  381
0.686316  162
0.686324  382
0.686606  315
0.686845  86
0.687351  326
0.687928  91
0.688432  325
0.690353  363
0.691023  330
0.691549  365
0.692025  227
0.692191  290
0.692877  20
0.69308  359
0.693154  389
0.693314  278
0.693412  98
0.693581  391
0.694524  388
0.694576  32
0.694638  4
0.694659  211
0.69468  324
0.694781  302
0.694988  87
0.695744  362
0.695933  336
0.697038  200
0.697589  364
0.698328  337
0.699001  349
0.699137  228
0.699873  176
0.700048  396
0.700258  192
0.701248  368
0.702246  134
0.702443  305
0.70259  160
0.702605  357
0.702936  121
0.703239  212
0.703544  273
0.703958  253
0.704427  117
0.704797  109
0.705037  300
0.705153  263
0.705184  7
0.705235  115
0.705371  116
0.706549  238
0.706555  107
0.706925  234
0.706934  137
0.707043  111
0.707262  181
0.707423  150
0.707467  385
0.707504  173
0.707563  341
0.707854  57
0.70797  129
0.708158  29
0.708301  23
0.708329  28
0.708354  372
0.708422  36
0.708446  82
0.708483  244
0.708611  16
0.708645  143
0.708719  170
0.708766  367
0.708781  43
0.70885  34
0.708959  195
0.708959  189
0.708962  135
0.70897  323
0.708973  66
0.709106  2
0.709154  99
0.709188  260
0.70935  71
0.70937  309
0.709434  321
0.70949  377
0.709647  257
0.709751  397
0.709811  132
0.709842  360
0.70985  161
0.709856  319
0.709964  68
0.710215  215
0.710232  202
0.710583  178
0.710696  246
0.710756  256
0.710774  352
0.710891  226
0.710942  294
0.710994  217
0.71105  293
0.711288  303
0.711432  30
0.711682  268
0.711815  93
0.711973  267
0.712017  130
0.712115  393
0.712153  285
0.712196  250
0.712197  251
0.71237  207
0.712411  151
0.71246  398
0.71248  342
0.71253  177
0.71258  384
0.712629  55
0.712671  355
0.712736  233
0.712745  235
0.712762  42
0.712796  203
0.712814  340
0.712944  356
0.713278  292
0.713285  313
0.713368  373
0.713397  308
0.713411  114
0.713464  13
0.713532  197
0.713632  103
0.713758  45
0.713893  128
0.713939  95
0.714313  216
0.714325  307
0.714328  67
0.714381  5
0.714537  3
0.714587  94
0.714676  141
0.714818  353
0.714824  19
0.714863  196
0.715014  334
0.715278  262
0.715314  329
0.715409  312
0.715479  241
0.715599  350
0.715718  399
0.715845  369
0.715927  326
0.716052  187
0.716057  243
0.716125  318
0.716201  219
0.716294  320
0.716335  154
0.71641  44
0.716634  327
0.716664  310
0.716953  314
0.717058  366
0.717109  85
0.717171  363
0.717171  84
0.717174  110
0.717402  283
0.717483  354
0.717848  70
0.71801  201
0.718218  236
0.718505  311
0.718788  306
0.718801  316
0.718981  387
0.719019  376
0.719185  315
0.719265  147
0.719454  339
0.720209  370
0.720423  31
0.720472  343
0.720707  333
0.721022  232
0.721201  9
0.721405  186
0.721489  331
0.721562  39
0.721614  65
0.721685  301
0.721799  347
0.721923  391
0.72209  361
0.722579  368
0.722677  88
0.723136  100
0.723219  322
0.723552  48
0.723803  379
0.723918  90
0.724077  344
0.724151  358
0.724357  346
0.724425  349
0.724665  335
0.724825  362
0.724997  378
0.725834  223
0.726446  386
0.726459  237
0.727137  332
0.727675  338
0.727766  374
0.728034  388
0.728732  383
0.729241  371
0.731322  304
0.732147  152
0.732253  40
0.7339  336
0.734245  328
0.734294  89
0.734948  274
0.734978  394
0.73532  47
0.735435  297
0.735823  124
0.735979  389
0.736526  341
0.738339  104
0.738399  86
0.738503  126
0.738697  282
0.73903  324
0.739393  390
0.739536  46
0.739786  63
0.739942  364
0.739998  248
0.740089  242
0.740163  295
0.740612  259
0.740848  52
0.741029  381
0.741122  239
0.741595  375
0.741684  77
0.741871  108
0.742045  351
0.742428  74
0.742517  395
0.742569  37
0.742667  194
0.743243  325
0.743244  60
0.743284  53
0.743343  156
0.743372  72
0.743395  119
0.743421  166
0.743637  359
0.74372  255
0.74375  205
0.743958  289
0.744065  0
0.744097  317
0.744171  337
0.744393  18
0.744654  175
0.744857  302
0.745333  41
0.74545  113
0.745553  348
0.745574  73
0.745976  330
0.745996  357
0.746159  136
0.746256  159
0.746289  286
0.746297  62
0.746978  54
0.747364  356
0.747407  224
0.747542  172
0.74761  75
0.747644  6
0.747717  123
0.747793  199
0.747831  92
0.747888  145
0.748007  12
0.74801  163
0.748139  382
0.748143  392
0.748166  101
0.748182  198
0.748196  230
0.748214  345
0.748282  26
0.748398  396
0.74859  280
0.748685  385
0.748992  353
0.749019  35
0.749086  365
0.7492  127
0.749332  350
0.749361  264
0.749425  171
0.749459  79
0.749495  87
0.749693  384
0.750038  213
0.750145  319
0.750456  300
0.7505  373
0.750568  83
0.750685  169
0.750726  10
0.750751  120
0.751174  214
0.751246  327
0.751527  323
0.751807  321
0.752113  361
0.752133  305
0.752391  14
0.752486  247
0.752651  380
0.753326  355
0.753656  162
0.753803  342
0.753832  17
0.754526  209
0.754676  367
0.754981  363
0.755277  377
0.755902  331
0.756278  362
0.756396  125
0.756421  133
0.756518  222
0.757286  220
0.757364  311
0.757504  265
0.757718  315
0.757784  56
0.758006  249
0.758116  153
0.75827  303
0.758561  258
0.758826  397
0.758968  326
0.759046  96
0.759098  340
0.759178  383
0.7598  25
0.760223  266
0.760615  312
0.760995  64
0.761006  313
0.761085  231
0.761301  296
0.76148  314
0.761786  167
0.761845  306
0.76189  139
0.761952  102
0.761984  333
0.762021  307
0.762107  304
0.762112  387
0.762232  339
0.762301  349
0.763379  341
0.76402  398
0.764571  332
0.764939  372
0.765105  335
0.765498  301
0.765971  354
0.766071  71
0.766207  379
0.766755  241
0.766855  346
0.767443  393
0.767607  376
0.768693  352
0.769135  316
0.770377  320
0.771561  269
0.772698  15
0.772981  158
0.773045  93
0.773253  322
0.773754  347
0.774287  386
0.774596  22
0.774689  229
0.774695  138
0.774917  388
0.775245  118
0.775684  20
0.775752  391
0.776019  141
0.776488  38
0.776915  294
0.776974  368
0.777092  276
0.77718  299
0.777434  33
0.77745  201
0.777544  245
0.777563  344
0.777638  185
0.777791  338
0.777881  371
0.778279  195
0.778337  329
0.778346  309
0.778519  21
0.778987  206
0.779455  257
0.779564  233
0.779994  261
0.780375  90
0.780628  298
0.780673  374
0.78084  369
0.781079  58
0.781148  389
0.781168  358
0.781177  308
0.78137  310
0.781376  180
0.78168  182
0.781688  271
0.782107  49
0.782254  399
0.782811  318
0.78291  97
0.783008  144
0.783142  378
0.78323  183
0.784072  328
0.784378  226
0.784813  32
0.785399  394
0.785506  351
0.785508  232
0.78551  130
0.785564  360
0.785657  325
0.785783  343
0.787336  270
0.787476  78
0.787861  375
0.788864  260
0.788969  29
0.789084  254
0.790284  334
0.790709  5
0.790862  348
0.790898  179
0.791154  155
0.791527  200
0.791534  227
0.791859  115
0.79188  287
0.791971  55
0.791979  366
0.792049  234
0.792451  336
0.792649  174
0.792651  112
0.792811  359
0.792841  50
0.792907  210
0.792958  212
0.793201  150
0.793344  246
0.793401  236
0.793459  237
0.793538  196
0.793689  324
0.793722  81
0.793729  330
0.794016  140
0.794187  337
0.794814  154
0.794968  355
0.795054  191
0.795151  31
0.795295  205
0.79537  2
0.795388  103
0.795405  202
0.795406  395
0.795558  47
0.795622  193
0.795714  304
0.795844  321
0.796001  370
0.796314  381
0.796314  207
0.796668  98
0.796721  51
0.797144  256
0.797308  342
0.797444  1
0.79759  131
0.79759  223
0.797859  317
0.797943  327
0.79806  273
0.798087  380
0.79822  364
0.79837  110
0.79839  165
0.798451  356
0.798482  13
0.798512  250
0.798528  27
0.798699  353
0.798703  300
0.798806  352
0.799002  40
0.799011  56
0.799135  376
0.799563  135
0.799652  305
0.799707  70
0.799759  341
0.799765  396
0.799796  8
0.799848  252
0.800005  311
0.800192  373
0.800252  384
0.800573  242
0.801906  397
0.802285  65
0.802505  67
0.80277  117
0.802942  302
0.802979  363
0.802981  166
0.803195  136
0.80344  217
0.803524  157
0.803563  335
0.804202  143
0.804296  350
0.804846  331
0.804928  344
0.805442  379
0.805493  285
0.805538  382
0.805547  99
0.80569  42
0.805806  85
0.805829  272
0.806189  148
0.806548  368
0.806597  24
0.806617  367
0.807139  346
0.807311  390
0.807406  378
0.807424  314
0.807507  225
0.807698  35
0.808408  392
0.808484  398
0.808932  204
0.809173  173
0.809185  340
0.809198  197
0.809398  389
0.80947  268
0.80987  301
0.809959  388
0.809971  281
0.809971  189
0.810062  323
0.81017  361
0.810302  326
0.81036  362
0.81084  19
0.811314  267
0.811993  16
0.812748  339
0.812945  89
0.813109  332
0.813687  377
0.813692  122
0.813737  215
0.814059  394
0.814088  146
0.814468  386
0.814639  57
0.814757  283
0.815034  319
0.8154  91
0.81549  316
0.815844  333
0.815913  312
0.816393  39
0.816526  105
0.81859  106
0.818916  74
0.819006  277
0.819202  228
0.819299  303
0.819427  168
0.819554  288
0.8196  275
0.819819  121
0.819856  338
0.820052  365
0.820202  393
0.820416  387
0.820419  320
0.820845  222
0.820927  71
0.821071  307
0.821289  372
0.821862  371
0.8219  48
0.822315  325
0.822908  211
0.823049  310
0.823693  128
0.824023  369
0.824167  243
0.824874  385
0.824888  23
0.825398  194
0.825576  116
0.825966  241
0.825988  374
0.826086  306
0.826128  358
0.826311  345
0.826681  315
0.826959  266
0.827566  399
0.827658  342
0.827875  349
0.828461  218
0.829144  7
0.829444  383
0.830665  209
0.830885  280
0.831908  264
0.831995  322
0.832523  391
0.833047  175
0.833163  357
0.833184  313
0.833525  347
0.833638  343
0.833872  137
0.833978  360
0.834171  107
0.834891  72
0.8351  274
0.835339  142
0.835615  292
0.836144  232
0.836168  4
0.836368  224
0.83639  359
0.836458  330
0.836516  69
0.836794  34
0.83697  111
0.837327  188
0.837813  284
0.837973  11
0.838071  178
0.838202  186
0.83832  195
0.838373  98
0.838382  314
0.838748  38
0.839211  364
0.83957  147
0.839662  60
0.839667  170
0.839706  356
0.84008  44
0.840156  354
0.840234  269
0.840289  328
0.840295  290
0.840361  240
0.840375  53
0.84046  159
0.840614  308
0.840628  109
0.84063  380
0.840691  245
0.840697  160
0.840757  384
0.840774  79
0.841178  86
0.84123  132
0.841347  10
0.84148  337
0.841485  43
0.841504  293
0.84154  390
0.841565  376
0.841576  68
0.841657  366
0.842216  363
0.84244  201
0.842447  340
0.842754  261
0.842794  169
0.8428  350
0.843366  244
0.843702  335
0.843868  219
0.844043  2
0.844388  134
0.84441  321
0.844457  302
0.844514  346
0.844817  395
0.844852  84
0.845614  1
0.845759  239
0.845772  348
0.845847  265
0.846017  96
0.846056  324
0.846233  102
0.846249  235
0.846408  76
0.846423  373
0.846456  139
0.84648  351
0.846491  248
0.846585  206
0.846693  299
0.846724  370
0.846884  379
0.847273  247
0.847305  114
0.84733  388
0.84735  392
0.847548  300
0.847654  327
0.847938  329
0.847941  126
0.848385  286
0.848464  296
0.848471  123
0.848921  386
0.850382  59
0.850883  294
0.851007  326
0.851059  161
0.85115  318
0.851326  46
0.851456  325
0.851471  29
0.851538  309
0.85164  73
0.85185  355
0.851951  257
0.852456  92
0.85253  305
0.852988  344
0.853212  100
0.853604  394
0.853643  336
0.853782  165
0.853946  398
0.854144  216
0.854203  176
0.854279  93
0.854688  304
0.854919  353
0.855043  378
0.855105  214
0.855115  164
0.856014  334
0.856348  310
0.856999  291
0.857219  301
0.857316  341
0.857461  333
0.857741  113
0.858044  108
0.858082  215
0.858278  371
0.858463  184
0.858569  172
0.858753  303
0.858759  295
0.859123  382
0.859231  381
0.859733  250
0.859843  389
0.859999  230
0.860093  317
0.860339  52
0.86072  361
0.86088  311
0.861209  375
0.86125  19
0.861287  331
0.862202  372
0.862579  202
0.862813  352
0.863072  278
0.864019  316
0.86437  315
0.864709  130
0.864981  368
0.864992  127
0.865443  338
0.865677  339
0.866367  362
0.866486  88
0.866541  397
0.867241  387
0.868814  365
0.868967  323
0.869267  279
0.869668  12
0.86992  104
0.870033  28
0.871099  90
0.871532  15
0.87219  177
0.87223  358
0.872289  112
0.872699  167
0.872834  369
0.872923  87
0.873203  396
0.873443  307
0.873526  220
0.873585  213
0.873838  83
0.873908  62
0.874646  163
0.875119  342
0.875176  349
0.875595  75
0.875684  306
0.875784  312
0.875843  156
0.877076  3
0.877177  61
0.877965  196
0.878034  385
0.878947  141
0.879012  95
0.879393  289
0.879429  321
0.879443  345
0.8796  152
0.87963  255
0.879661  25
0.879806  30
0.879914  298
0.880091  66
0.880108  157
0.880114  347
0.880375  399
0.880395  383
0.880477  393
0.880478  118
0.880799  57
0.880949  320
0.880954  115
0.880981  78
0.881064  54
0.881178  208
0.881684  9
0.881895  190
0.882051  99
0.882059  322
0.882073  346
0.882138  262
0.882204  263
0.882507  392
0.882568  254
0.882579  27
0.88261  259
0.882842  120
0.882874  234
0.883093  110
0.883355  384
0.883371  282
0.883568  218
0.883573  223
0.883637  212
0.883713  332
0.883745  374
0.883891  181
0.883967  390
0.884026  377
0.884126  268
0.884147  370
0.884189  80
0.884294  101
0.884421  319
0.884684  150
0.884923  13
0.884979  36
0.885074  151
0.885091  186
0.885245  155
0.885324  380
0.885368  238
0.885386  124
0.885431  270
0.885517  154
0.885582  313
0.885614  376
0.885645  343
0.886146  76
0.886316  367
0.886319  243
0.886373  241
0.88693  191
0.887063  221
0.888339  300
0.888481  364
0.888675  116
0.888796  351
0.88881  328
0.889108  18
0.889255  330
0.889274  121
0.88928  91
0.889354  308
0.889501  340
0.889524  239
0.889657  350
0.889707  363
0.889888  314
0.889934  359
0.890437  49
0.890626  65
0.890956  205
0.891124  258
0.891267  360
0.891469  145
0.892107  129
0.892113  74
0.892175  285
0.892234  355
0.892336  253
0.892544  42
0.892761  251
0.892906  183
0.892994  336
0.893269  391
0.893502  388
0.893595  357
0.893596  217
0.893641  366
0.893769  382
0.893898  329
0.894021  325
0.894738  373
0.895273  85
0.895312  331
0.89592  31
0.895996  125
0.896085  356
0.896284  381
0.896448  305
0.896896  334
0.896902  337
0.897957  398
0.898559  304
0.899098  379
0.899234  38
0.901314  291
0.901618  375
0.901706  16
0.902566  103
0.902627  352
0.902684  341
0.902816  394
0.90302  192
0.90318  14
0.903186  252
0.903255  188
0.903297  194
0.903368  326
0.903606  185
0.903788  348
0.903882  386
0.904273  335
0.904538  71
0.904627  273
0.905048  269
0.905601  318
0.906051  309
0.906222  227
0.906282  48
0.906384  43
0.906438  246
0.906777  302
0.906784  365
0.90683  288
0.906999  137
0.907465  131
0.90778  107
0.908062  226
0.908063  271
0.908324  178
0.908351  41
0.908632  389
0.908678  327
0.909207  114
0.909319  368
0.909398  362
0.909458  372
0.909704  280
0.910022  0
0.91036  162
0.910557  272
0.910619  354
0.911328  344
0.911393  317
0.911491  69
0.911512  338
0.911542  361
0.911606  339
0.9117  98
0.912582  97
0.912626  397
0.912881  229
0.9132  371
0.913586  378
0.913666  39
0.913754  353
0.91412  316
0.915193  173
0.915348  233
0.9157  395
0.916021  312
0.916074  303
0.916196  26
0.916883  22
0.916919  315
0.917631  159
0.918742  306
0.919025  168
0.919028  333
0.919037  174
0.919159  369
0.919298  310
0.919777  133
0.919819  132
0.920319  242
0.921152  2
0.921239  138
0.92134  23
0.921677  399
0.921706  72
0.922205  211
0.922343  128
0.92257  358
0.922811  182
0.922861  134
0.922949  59
0.923065  70
0.923255  321
0.92328  147
0.923288  307
0.923307  136
0.923498  237
0.923526  346
0.92355  77
0.92355  207
0.923619  383
0.923966  64
0.92402  142
0.92409  301
0.924105  143
0.924165  283
0.924169  311
0.924357  387
0.924445  376
0.924546  225
0.924677  299
0.924865  165
0.924941  265
0.925762  210
0.925802  235
0.925886  324
0.925959  117
0.925983  40
0.9262  256
0.926356  222
0.926502  347
0.926823  294
0.926878  45
0.926954  83
0.926998  58
0.927042  56
0.927131  331
0.927217  396
0.927481  212
0.927633  261
0.927931  349
0.92822  34
0.928582  332
0.92875  240
0.929249  10
0.929278  108
0.929357  345
0.929582  224
0.930284  197
0.930502  367
0.93056  198
0.93066  50
0.930673  214
0.930902  275
0.930906  392
0.931051  68
0.931095  364
0.931215  377
0.931323  276
0.931441  92
0.93165  176
0.931659  106
0.931728  63
0.931774  37
0.931843  393
0.93187  187
0.93188  169
0.932073  193
0.932219  179
0.932236  88
0.93227  119
0.932347  160
0.932472  277
0.932677  304
0.932718  148
0.932731  359
0.9328  149
0.932821  355
0.932854  248
0.932878  122
0.93288  153
0.932886  215
0.932978  55
0.933029  166
0.933146  351
0.933249  195
0.933251  330
0.933273  300
0.93336  287
0.933406  319
0.933407  249
0.933515  360
0.933568  52
0.933662  336
0.933728  270
0.933749  218
0.933762  175
0.933801  44
0.93385  356
0.933894  308
0.933941  342
0.933947  343
0.934003  398
0.934079  100
0.934288  391
0.934426  363
0.934649  38
0.935408  20
0.935545  170
0.93565  352
0.935778  366
0.935821  354
0.936104  123
0.936233  380
0.936435  158
0.936521  293
0.93666  80
0.936682  384
0.936787  394
0.936832  284
0.93695  323
0.937164  53
0.937418  241
0.937454  329
0.937664  309
0.937697  171
0.937883  374
0.93789  81
0.938194  209
0.938213  89
0.938213  295
0.93836  203
0.938736  388
0.939393  305
0.939668  313
0.93986  385
0.939885  357
0.939908  105
0.940168  140
0.940182  236
0.940733  361
0.941015  184
0.941137  322
0.941637  370
0.941895  302
0.942131  320
0.942331  17
0.942517  296
0.94253  338
0.943831  390
0.944495  102
0.944603  350
0.944688  5
0.944829  18
0.945079  264
0.945171  32
0.945221  278
0.945639  397
0.945696  371
0.945784  382
0.945892  251
0.945906  348
0.946008  379
0.946035  328
0.94609  231
0.946128  314
0.946456  259
0.946524  87
0.946527  325
0.946595  99
0.94661  297
0.946633  341
0.946995  267
0.947011  386
0.947172  96
0.948225  253
0.948339  230
0.948578  335
0.948753  311
0.948977  334
0.949066  399
0.950727  312
0.950822  206
0.950839  327
0.950982  373
0.951011  51
0.951188  310
0.951419  317
0.951427  318
0.951955  301
0.953967  368
0.954196  381
0.955114  66
0.955191  101
0.955341  257
0.95552  172
0.956022  378
0.956045  146
0.95609  353
0.956379  228
0.956461  339
0.95683  362
0.95701  298
0.957482  372
0.958154  281
0.958316  252
0.958591  95
0.958657  340
0.958697  30
0.958944  190
0.959027  389
0.959048  4
0.959285  315
0.959724  282
0.959819  76
0.959877  33
0.960321  155
0.960386  21
0.960475  346
0.960486  337
0.960702  47
0.961092  321
0.96116  268
0.961984  162
0.962693  180
0.962758  375
0.962882  164
0.96334  223
0.963729  202
0.963772  189
0.963837  110
0.963976  376
0.964141  112
0.964143  163
0.964199  260
0.96437  387
0.964386  3
0.964525  139
0.964694  383
0.964748  41
0.965571  24
0.965993  365
0.966126  274
0.966355  380
0.966451  316
0.966574  369
0.966682  221
0.967505  355
0.967885  204
0.968151  344
0.968233  62
0.968291  333
0.969066  126
0.969594  91
0.969611  306
0.969671  286
0.969682  332
0.969815  177
0.970154  356
0.970182  113
0.970448  219
0.970573  290
0.971024  262
0.971243  331
0.971379  285
0.971803  147
0.972438  109
0.972515  326
0.972557  43
0.97269  213
0.972793  25
0.972841  161
0.972857  137
0.972921  349
0.972954  205
0.973029  15
0.973038  61
0.9731  143
0.973133  2
0.973278  300
0.973533  374
0.973647  263
0.973806  97
0.974007  199
0.974069  192
0.974391  154
0.974415  358
0.974486  178
0.974684  130
0.974885  347
0.975206  90
0.975233  67
0.975244  156
0.97533  141
0.975377  183
0.975669  191
0.975676  394
0.975778  167
0.975788  84
0.975794  303
0.975856  359
0.975897  351
0.975998  292
0.976094  111
0.976345  266
0.976378  308
0.976393  42
0.976447  226
0.976774  304
0.976836  157
0.976915  86
0.976976  348
0.977022  390
0.977075  11
0.977141  384
0.977203  366
0.977222  396
0.977233  360
0.977235  345
0.977697  196
0.977987  144
0.977995  352
0.978127  363
0.978447  272
0.978699  237
0.978837  324
0.979007  313
0.979259  8
0.979546  336
0.979762  397
0.979806  357
0.979816  395
0.980006  364
0.981126  338
0.981343  329
0.981798  323
0.982685  354
0.983247  186
0.98425  342
0.984698  35
0.985108  377
0.985206  319
0.985544  151
0.986283  227
0.986468  322
0.986497  13
0.986682  314
0.986867  181
0.987226  302
0.98723  330
0.987624  220
0.987842  398
0.989183  200
0.9894  57
0.989548  20
0.990179  74
0.990793  288
0.99084  276
0.991358  121
0.991457  317
0.991543  320
0.991558  138
0.991758  39
0.991759  93
0.991878  278
0.992062  175
0.992144  350
0.992225  133
0.992647  234
0.992886  277
0.992957  127
0.99311  124
0.993433  29
0.993538  392
0.993566  311
0.993666  27
0.993742  388
0.993765  0
0.993869  381
0.994023  307
0.994113  310
0.994135  244
0.994387  255
0.994438  341
0.994499  58
0.994737  72
0.994796  368
0.994798  103
0.994884  328
0.995106  327
0.995222  335
0.995416  334
0.995481  385
0.9956  318
0.995792  289
0.995801  193
0.996013  361
0.996117  239
0.996131  120
0.996141  73
0.996188  305
0.998156  371
0.998268  82
0.998767  367
0.998912  312
0.999445  393
