3.00939e-05  262
7.26881e-05  258
0.000117274  399
0.00011856  2
0.00049368  6
0.0016116  304
0.00264015  328
0.00449776  327
0.00459058  318
0.00488607  314
0.00916818  375
0.0100209  369
0.0108515  321
0.0117592  390
0.0132821  320
0.0139318  329
0.0141545  368
0.0150222  312
0.01844  351
0.0205102  376
0.0217041  326
0.0221237  317
0.0223133  359
0.0260316  337
0.0261415  397
0.0284677  307
0.0285678  340
0.0291808  357
0.0295508  339
0.0304784  338
0.0305551  323
0.0335851  333
0.0342214  306
0.0359383  377
0.0366925  367
0.0381396  356
0.0401797  348
0.0435388  332
0.0448365  315
0.0458159  382
0.0466249  380
0.0471576  308
0.0481847  336
0.0490908  352
0.0493189  398
0.0524861  46
0.0531075  391
0.0531926  313
0.0541319  309
0.0549365  395
0.055192  364
0.0555045  373
0.0558546  387
0.0563562  374
0.0567402  305
0.0571123  383
0.0574447  345
0.0580561  331
0.0582802  363
0.0586835  396
0.0598273  324
0.0603006  342
0.061913  389
0.0650718  365
0.068275  319
0.0688217  118
0.069783  370
0.0698704  361
0.0698852  355
0.0707933  311
0.0709213  230
0.0715833  360
0.0725026  371
0.0734528  13
0.0736777  330
0.0736897  99
0.0737877  335
0.0740367  393
0.0741195  353
0.0749303  394
0.0754523  322
0.0757067  171
0.0774007  204
0.0790412  344
0.0793597  24
0.0797426  302
0.079805  350
0.0799052  228
0.0804962  386
0.0807049  327
0.0807089  372
0.0807678  290
0.080988  108
0.0812691  60
0.0814552  212
0.081745  378
0.081785  236
0.0820937  384
0.0822828  392
0.082322  154
0.0826237  159
0.0826239  366
0.0832374  358
0.0835606  354
0.0838552  226
0.0840439  349
0.084585  376
0.084681  328
0.0851898  217
0.0873548  300
0.0873797  296
0.0878226  48
0.0879089  250
0.0880954  303
0.0881126  44
0.0881668  318
0.0883629  196
0.0884977  375
0.0885963  41
0.0890007  91
0.0891207  325
0.0893601  346
0.0897516  50
0.0897621  385
0.0899751  87
0.0901917  102
0.0903679  157
0.0906029  25
0.0906898  136
0.0909867  52
0.0910113  4
0.0910328  390
0.0914033  105
0.091642  123
0.091815  65
0.0920052  347
0.0920655  229
0.0920728  112
0.0921249  381
0.092146  148
0.092301  399
0.0923119  240
0.0923706  310
0.0924169  239
0.0925266  343
0.092599  56
0.0929929  31
0.0930921  295
0.0931471  316
0.0932157  170
0.0932228  97
0.0933845  78
0.0934113  382
0.0937613  369
0.0937905  304
0.0938964  139
0.0939052  143
0.0939145  273
0.0941244  338
0.094343  110
0.0944199  257
0.0945229  71
0.0945461  116
0.0947515  282
0.094826  167
0.0948475  38
0.0948804  223
0.0949026  138
0.0949669  362
0.0950948  215
0.0951974  79
0.0953747  83
0.0953916  329
0.0955847  301
0.0957358  80
0.0957626  231
0.09577  326
0.0958185  89
0.0959115  181
0.0960693  30
0.0961427  339
0.0962469  368
0.096248  334
0.0962604  175
0.0962909  47
0.0962949  114
0.0963578  218
0.096417  172
0.0965004  42
0.096501  279
0.0965097  100
0.0965494  388
0.0966039  109
0.0967039  206
0.0967536  307
0.0969001  359
0.0969243  9
0.0969336  96
0.0969926  227
0.0971611  258
0.0972139  151
0.0973866  242
0.0974132  389
0.0974643  202
0.0975077  351
0.0976505  306
0.0976785  127
0.0977252  57
0.0977959  271
0.0978031  397
0.097863  235
0.0978769  260
0.0979014  192
0.0979482  262
0.0979772  132
0.0979892  137
0.0979932  191
0.0982296  86
0.0982469  379
0.0982531  8
0.098275  15
0.098289  198
0.0983556  153
0.0983709  90
0.0984168  195
0.0985221  245
0.0985482  145
0.0985563  125
0.098632  111
0.0986898  49
0.0987972  11
0.0987972  314
0.0988374  129
0.098891  77
0.0989374  160
0.0989403  61
0.0990408  320
0.0990616  164
0.0990694  286
0.0991768  383
0.0993439  133
0.0993599  40
0.0994405  32
0.0994838  69
0.0995337  106
0.099534  16
0.0996625  115
0.0996757  101
0.099695  85
0.0997301  45
0.0997384  93
0.0997902  28
0.0997915  64
0.0998087  95
0.099829  348
0.0998351  259
0.0999231  76
0.0999555  113
0.099966  395
0.0999714  336
0.0999743  130
0.0999936  315
0.100011  35
0.10002  321
0.10004  141
0.100058  285
0.100072  352
0.100073  51
0.100099  34
0.100166  289
0.100188  188
0.100195  18
0.100236  6
0.100249  233
0.100252  19
0.100278  182
0.1003  208
0.100369  270
0.100391  180
0.100391  249
0.100401  155
0.100415  199
0.100442  357
0.100444  120
0.100463  253
0.100595  84
0.100644  163
0.100663  323
0.100673  190
0.100677  122
0.100688  333
0.100702  373
0.100707  353
0.100726  293
0.100752  247
0.100757  317
0.100765  341
0.100768  292
0.100773  377
0.100813  168
0.10082  193
0.100846  186
0.100862  337
0.100879  345
0.100923  117
0.100973  232
0.101029  142
0.101087  183
0.101096  361
0.101111  309
0.101129  146
0.10117  169
0.101183  330
0.101204  335
0.101234  291
0.101234  267
0.101295  81
0.101332  305
0.101348  340
0.101348  135
0.101396  370
0.101402  26
0.101419  387
0.101438  371
0.101493  17
0.101508  184
0.101542  70
0.1016  203
0.101619  331
0.10164  124
0.101665  283
0.101673  58
0.101678  126
0.10168  237
0.101695  393
0.1017  75
0.101721  252
0.101736  43
0.101817  367
0.101845  205
0.101871  194
0.101894  374
0.101937  234
0.101961  363
0.101985  68
0.102055  365
0.102101  7
0.102181  156
0.102189  356
0.102193  278
0.102199  74
0.102204  62
0.102204  22
0.102214  161
0.102221  238
0.102234  332
0.102275  299
0.102279  39
0.102309  241
0.102342  275
0.102388  328
0.102398  222
0.102426  391
0.102451  386
0.102461  37
0.102469  165
0.102487  248
0.102552  311
0.102611  140
0.102769  277
0.10279  394
0.102827  158
0.102841  150
0.102847  177
0.102865  1
0.102869  179
0.102937  319
0.102958  213
0.103027  221
0.103034  207
0.103037  176
0.103079  308
0.103087  313
0.103093  350
0.103094  378
0.103129  265
0.103174  288
0.103252  162
0.103268  73
0.103332  29
0.103335  98
0.103403  312
0.103431  366
0.103541  55
0.1036  355
0.103609  364
0.103621  362
0.103641  33
0.103667  344
0.103813  210
0.103841  131
0.103854  360
0.104002  12
0.104272  178
0.104316  128
0.104477  396
0.104538  322
0.104679  381
0.104767  144
0.10477  324
0.10483  99
0.104894  385
0.104911  94
0.104995  392
0.105009  14
0.10504  287
0.105134  325
0.105147  220
0.105153  2
0.105192  327
0.10521  243
0.105211  349
0.105483  298
0.10558  376
0.105623  53
0.10563  187
0.105841  107
0.106187  200
0.106364  274
0.106479  269
0.106624  23
0.106731  121
0.106816  368
0.107131  72
0.107141  375
0.107164  173
0.107167  13
0.107267  304
0.10738  384
0.107405  347
0.107484  372
0.107496  294
0.107559  103
0.107722  346
0.107726  398
0.108059  379
0.10816  63
0.108281  30
0.108353  342
0.108395  59
0.108406  380
0.108523  281
0.108634  353
0.108685  303
0.10873  149
0.108761  119
0.108968  369
0.109185  389
0.109221  52
0.109223  134
0.109305  189
0.109515  300
0.109754  310
0.109878  214
0.109937  92
0.110075  27
0.110096  263
0.110355  359
0.11054  88
0.11057  225
0.110636  216
0.110682  204
0.110803  318
0.111721  66
0.111799  201
0.112019  297
0.112024  334
0.112264  329
0.112717  326
0.112731  361
0.113452  36
0.113592  31
0.114026  256
0.11451  302
0.114919  104
0.114942  373
0.115022  152
0.11513  219
0.115336  338
0.115637  211
0.116843  251
0.117046  317
0.117652  284
0.117847  350
0.117966  268
0.118368  240
0.118736  309
0.118914  90
0.118999  67
0.119074  166
0.119104  69
0.119182  341
0.119309  247
0.119452  323
0.119701  354
0.119896  123
0.12115  383
0.121738  38
0.121995  306
0.122044  307
0.122169  396
0.122425  301
0.122711  158
0.122971  10
0.123151  226
0.123197  343
0.123425  228
0.123656  335
0.123765  333
0.123864  109
0.125006  377
0.125521  56
0.125684  154
0.125881  337
0.126082  386
0.126171  332
0.126204  171
0.126691  395
0.127059  64
0.127549  185
0.127911  312
0.128347  239
0.129878  322
0.131126  330
0.131376  393
0.131405  344
0.132595  367
0.132701  374
0.132991  110
0.133007  356
0.136151  26
0.136519  21
0.136671  349
0.137749  271
0.137955  244
0.138044  254
0.138403  384
0.139678  348
0.139705  321
0.139939  364
0.139952  339
0.14068  382
0.140692  378
0.140785  101
0.140856  331
0.140974  370
0.141023  224
0.141242  363
0.141628  397
0.141727  358
0.142802  212
0.143214  399
0.14335  381
0.143598  345
0.144195  336
0.144402  264
0.145021  387
0.145069  385
0.14577  223
0.146796  376
0.147338  129
0.147528  121
0.148664  0
0.149221  352
0.149414  318
0.149521  139
0.149902  388
0.150054  215
0.150331  334
0.150533  398
0.152025  371
0.152915  357
0.153638  342
0.154176  368
0.154295  362
0.155384  15
0.156381  165
0.15713  157
0.157622  340
0.158  392
0.158443  14
0.15983  359
0.16021  18
0.162017  296
0.16218  355
0.162351  79
0.163281  311
0.163584  325
0.163855  209
0.164072  118
0.164201  221
0.164379  310
0.164461  266
0.164636  327
0.164752  32
0.164769  113
0.165115  2
0.165121  156
0.165185  304
0.165258  6
0.165305  44
0.165796  365
0.165871  290
0.166086  302
0.166347  391
0.166373  167
0.166685  320
0.166832  351
0.167012  177
0.167083  250
0.167104  148
0.167368  183
0.16737  93
0.167377  373
0.167623  24
0.167748  308
0.167777  248
0.168402  147
0.168731  369
0.168944  175
0.169575  217
0.169816  105
0.169941  102
0.169957  259
0.170397  305
0.170414  57
0.170567  347
0.170658  246
0.170827  313
0.171162  394
0.17151  380
0.171554  37
0.172067  210
0.172471  80
0.172648  383
0.173001  281
0.173064  346
0.17313  92
0.173566  360
0.174061  159
0.174061  263
0.174096  375
0.174207  262
0.174398  59
0.174553  128
0.174647  389
0.174746  300
0.174784  164
0.174915  317
0.174944  372
0.174966  172
0.175072  1
0.175266  66
0.175271  23
0.175282  40
0.17532  338
0.175396  173
0.175414  309
0.175574  386
0.175592  133
0.175971  280
0.176137  145
0.17618  34
0.17636  73
0.176658  191
0.176717  116
0.176796  168
0.176858  315
0.1769  353
0.177074  186
0.177205  258
0.177391  324
0.177483  377
0.177852  236
0.178588  222
0.178618  96
0.178722  354
0.178729  20
0.178738  270
0.178849  328
0.178934  303
0.179159  28
0.179303  77
0.179481  71
0.179649  332
0.179665  54
0.179806  5
0.179842  326
0.17985  314
0.179873  109
0.179946  25
0.179965  107
0.180066  94
0.180196  188
0.180278  162
0.180381  366
0.18061  319
0.180637  361
0.180687  272
0.180838  160
0.180933  149
0.180946  46
0.181281  367
0.1813  322
0.181352  48
0.181499  343
0.181516  286
0.181632  256
0.181716  132
0.181744  337
0.181792  330
0.181807  288
0.181855  84
0.181924  253
0.181967  91
0.182169  350
0.182203  331
0.18225  76
0.182306  7
0.182318  393
0.182347  371
0.182414  194
0.182447  333
0.182471  68
0.182558  374
0.182559  316
0.182609  35
0.182653  358
0.18282  130
0.182838  370
0.182933  202
0.182989  312
0.183048  161
0.183135  323
0.183319  97
0.183332  378
0.183477  50
0.183561  245
0.183593  220
0.183724  363
0.184222  196
0.184296  104
0.184329  329
0.184367  146
0.184386  291
0.184715  335
0.184836  278
0.185039  349
0.185237  213
0.185602  382
0.185932  234
0.186087  384
0.186158  397
0.186788  127
0.186829  390
0.187205  362
0.187913  399
0.18802  8
0.188298  282
0.188548  321
0.189084  19
0.189113  36
0.18947  42
0.189631  342
0.189718  379
0.189857  123
0.190244  138
0.190738  334
0.191106  398
0.191209  27
0.191297  233
0.191669  124
0.19172  155
0.191808  230
0.191876  301
0.191957  336
0.192126  190
0.192207  395
0.192226  21
0.192315  304
0.192441  392
0.193017  357
0.193232  41
0.193271  279
0.193647  180
0.193844  141
0.194037  302
0.194474  240
0.194494  387
0.195234  356
0.195424  39
0.19552  339
0.195808  311
0.195989  327
0.196641  388
0.197605  269
0.197998  227
0.19833  150
0.198388  232
0.198416  364
0.19882  381
0.199327  4
0.199582  52
0.199607  43
0.199619  396
0.199871  243
0.200216  287
0.200236  359
0.200392  166
0.200697  85
0.200873  306
0.200986  103
0.201086  89
0.201121  391
0.201166  3
0.201341  325
0.20177  310
0.202627  226
0.202814  340
0.202959  275
0.203137  229
0.203254  179
0.203474  385
0.203551  341
0.203552  376
0.203918  369
0.204168  98
0.205357  49
0.205431  365
0.205569  207
0.205812  344
0.206368  56
0.206774  315
0.206843  22
0.207159  308
0.20768  65
0.207687  319
0.207878  31
0.207926  345
0.208125  72
0.208694  16
0.208737  318
0.208749  298
0.209005  355
0.209314  144
0.209661  366
0.209744  260
0.209807  100
0.210087  353
0.210207  348
0.210222  307
0.210341  152
0.210501  261
0.210535  12
0.210634  324
0.210673  170
0.211125  242
0.211517  203
0.211605  169
0.21236  300
0.21373  183
0.213889  317
0.214011  316
0.214247  352
0.214427  15
0.214731  250
0.215436  368
0.215677  337
0.216035  64
0.216248  377
0.216332  293
0.216481  9
0.216906  17
0.217391  11
0.217492  99
0.217594  200
0.217644  58
0.217724  394
0.217983  70
0.218218  205
0.21847  351
0.21873  274
0.218837  292
0.218858  13
0.218968  320
0.219126  198
0.219175  225
0.219259  378
0.219414  151
0.219453  333
0.219555  256
0.219632  128
0.219674  187
0.220066  305
0.220233  126
0.220506  285
0.220878  120
0.220947  117
0.221004  268
0.221031  0
0.221084  372
0.221151  338
0.221317  157
0.221328  363
0.22135  347
0.221423  209
0.22155  216
0.221643  197
0.221712  335
0.221832  322
0.221952  74
0.222081  134
0.222142  20
0.222396  373
0.222481  114
0.222483  312
0.222504  174
0.22256  219
0.222692  62
0.222706  334
0.222851  67
0.223065  290
0.223123  184
0.223162  139
0.223264  217
0.223641  303
0.223649  374
0.223773  87
0.22382  342
0.223911  57
0.224026  88
0.224153  171
0.224227  135
0.224262  251
0.224273  321
0.224326  380
0.224342  215
0.224679  326
0.224738  119
0.224746  383
0.224886  244
0.225089  331
0.225457  221
0.225562  79
0.225629  343
0.225665  51
0.225721  165
0.225955  264
0.226012  172
0.226319  354
0.226322  346
0.226386  329
0.226456  76
0.226547  60
0.226643  350
0.226681  136
0.226716  367
0.226728  265
0.226764  208
0.22688  314
0.226928  125
0.226952  361
0.227149  101
0.227193  137
0.227207  47
0.227293  80
0.227405  177
0.227506  384
0.227797  375
0.227805  336
0.227817  284
0.227895  26
0.227899  90
0.228057  393
0.228268  249
0.228752  247
0.228927  370
0.228958  362
0.229036  323
0.229044  45
0.229069  359
0.229279  309
0.229601  234
0.229618  302
0.229655  10
0.229821  358
0.229893  53
0.230047  272
0.230062  19
0.230181  158
0.230424  239
0.230444  55
0.230473  199
0.230734  360
0.230884  371
0.231179  392
0.231199  389
0.231449  95
0.231554  163
0.231722  379
0.231723  131
0.231913  193
0.231948  386
0.23206  390
0.232212  202
0.23223  182
0.232683  168
0.2327  349
0.232713  382
0.232819  33
0.233042  71
0.233096  304
0.233284  153
0.233684  186
0.233691  263
0.233729  301
0.23416  328
0.23416  81
0.23424  18
0.234582  282
0.234694  14
0.234831  195
0.234977  206
0.235227  245
0.23541  233
0.235495  97
0.235593  86
0.235761  398
0.235811  332
0.236223  271
0.236233  344
0.236306  29
0.236331  276
0.2364  313
0.236589  395
0.236673  396
0.236744  140
0.236864  369
0.236892  127
0.237096  357
0.237308  399
0.237708  204
0.238049  327
0.238235  189
0.238326  339
0.238652  211
0.239138  345
0.239332  6
0.239847  355
0.240687  391
0.240731  365
0.241818  315
0.241831  24
0.242498  311
0.242557  353
0.242596  176
0.243144  194
0.24324  385
0.244225  108
0.244326  337
0.244672  297
0.24497  300
0.245271  397
0.245358  318
0.246521  376
0.247067  364
0.247459  306
0.24889  259
0.249122  227
0.249232  335
0.249608  59
0.249639  330
0.250004  106
0.250701  82
0.250707  356
0.250847  378
0.250986  352
0.252045  267
0.252089  266
0.252121  77
0.253014  388
0.253021  381
0.253093  159
0.253175  387
0.253559  377
0.25461  340
0.254684  148
0.255775  75
0.255867  280
0.256791  145
0.256921  107
0.257006  112
0.257324  178
0.257415  372
0.257515  394
0.257716  21
0.257775  123
0.258057  92
0.258438  308
0.258496  212
0.258689  374
0.25877  348
0.258821  342
0.258908  230
0.258929  223
0.258942  366
0.258963  316
0.259104  307
0.259559  191
0.259635  346
0.260119  61
0.260362  23
0.261153  37
0.262249  166
0.262281  167
0.262563  354
0.262622  192
0.262871  63
0.263094  277
0.263171  214
0.263187  252
0.263234  295
0.263257  317
0.263343  368
0.263848  310
0.264032  32
0.26425  188
0.264353  325
0.264554  281
0.264823  198
0.265069  314
0.265163  155
0.265813  320
0.265975  255
0.266227  363
0.266433  205
0.266639  141
0.266814  351
0.266976  296
0.267498  190
0.267599  154
0.267748  386
0.267832  210
0.267926  303
0.267969  146
0.268109  7
0.268164  180
0.268192  213
0.268286  138
0.268408  236
0.268551  147
0.2687  329
0.268833  390
0.268905  110
0.268937  96
0.269012  336
0.269012  162
0.269065  375
0.269146  16
0.26918  370
0.269272  324
0.269631  338
0.269753  359
0.269804  181
0.269834  334
0.270079  305
0.270112  302
0.270465  54
0.270633  111
0.270718  238
0.271152  383
0.271527  49
0.272156  391
0.272422  143
0.272533  122
0.2727  300
0.272724  222
0.272826  349
0.273  361
0.273402  69
0.273712  28
0.274056  319
0.274078  369
0.274079  68
0.274081  347
0.274642  257
0.274963  25
0.275081  128
0.275498  274
0.275525  313
0.275615  246
0.275629  228
0.275676  333
0.275694  108
0.276442  64
0.276595  392
0.277259  40
0.277328  341
0.277451  30
0.277583  311
0.2779  109
0.278336  44
0.278481  309
0.27871  344
0.278738  343
0.278839  323
0.279014  157
0.279225  129
0.279391  149
0.279441  393
0.27984  294
0.279916  13
0.280038  241
0.280042  373
0.280157  331
0.280301  322
0.280442  168
0.280515  358
0.280625  397
0.280657  355
0.280783  380
0.281038  235
0.281266  132
0.28154  395
0.28154  301
0.282008  382
0.282747  377
0.283381  350
0.283473  175
0.284229  384
0.284456  124
0.284941  125
0.28516  389
0.286814  396
0.287893  315
0.288997  318
0.289602  385
0.29002  119
0.290088  371
0.290334  360
0.290639  367
0.290722  52
0.291219  50
0.29162  164
0.291994  242
0.292158  352
0.292977  158
0.29368  240
0.293777  278
0.294371  89
0.294504  312
0.294627  366
0.294653  288
0.29469  134
0.294703  306
0.29472  326
0.294857  91
0.294878  357
0.295297  332
0.29544  150
0.295498  38
0.295602  321
0.295775  353
0.295796  345
0.296059  193
0.296196  362
0.296631  195
0.296634  116
0.29696  399
0.297018  328
0.297494  330
0.297797  262
0.29788  70
0.298054  381
0.298314  256
0.298404  374
0.298616  8
0.299295  113
0.29999  179
0.300213  304
0.300828  299
0.300905  194
0.301036  79
0.301625  348
0.301899  248
0.301949  260
0.302063  285
0.302246  249
0.302544  100
0.302745  5
0.302769  388
0.303134  244
0.303262  218
0.303323  227
0.303501  376
0.303853  263
0.304027  225
0.304316  289
0.304335  335
0.304338  261
0.304389  337
0.304634  398
0.304858  291
0.304925  340
0.305  169
0.305016  379
0.305187  27
0.305218  48
0.305352  2
0.305508  339
0.305932  62
0.305964  92
0.306211  292
0.30626  120
0.306301  365
0.306477  231
0.306514  133
0.306574  115
0.306592  160
0.306851  378
0.307039  103
0.307205  114
0.307262  185
0.307306  3
0.307308  280
0.307461  170
0.307578  41
0.307793  11
0.307803  200
0.307828  286
0.30812  284
0.308242  85
0.308251  102
0.308449  356
0.308592  243
0.308632  51
0.308777  265
0.308924  370
0.30935  302
0.309351  273
0.309389  201
0.309412  184
0.309434  34
0.309439  270
0.309579  346
0.309659  183
0.30972  324
0.309756  364
0.30979  118
0.30983  12
0.309914  368
0.309935  308
0.309942  226
0.310027  46
0.310027  174
0.310041  220
0.310148  224
0.31016  279
0.31021  53
0.310236  237
0.310277  341
0.310339  264
0.310426  117
0.310483  17
0.31049  1
0.310688  390
0.310688  106
0.310708  283
0.310791  142
0.310877  66
0.310909  181
0.31093  39
0.31096  104
0.311083  126
0.311215  394
0.311248  9
0.311425  72
0.311605  101
0.311609  387
0.311652  383
0.311668  347
0.311679  24
0.311695  182
0.311707  325
0.311725  73
0.311757  59
0.311868  372
0.311892  319
0.311922  121
0.311946  377
0.311961  98
0.311962  331
0.312004  363
0.312013  152
0.312144  107
0.312218  90
0.312289  74
0.31229  397
0.312297  320
0.312349  375
0.312367  310
0.312374  351
0.31242  369
0.312429  354
0.312522  327
0.312597  239
0.312642  221
0.312744  236
0.312766  322
0.313154  203
0.31317  338
0.31323  307
0.313238  303
0.313247  213
0.31344  81
0.313488  316
0.313565  204
0.313671  333
0.313844  84
0.313966  97
0.314367  222
0.31456  282
0.314565  361
0.314914  155
0.315159  158
0.315368  385
0.315452  360
0.315517  4
0.31556  389
0.315626  268
0.31566  202
0.316174  352
0.316193  358
0.316206  355
0.316218  151
0.316483  336
0.316518  309
0.316553  317
0.316786  343
0.317037  393
0.317592  334
0.318343  78
0.319129  230
0.31916  314
0.319694  186
0.319791  321
0.319842  301
0.320474  154
0.320509  163
0.320614  395
0.320733  253
0.320742  348
0.321114  196
0.321397  384
0.32148  47
0.321584  367
0.321643  93
0.321688  344
0.321731  269
0.322242  305
0.322587  345
0.322945  342
0.322968  391
0.323239  43
0.32476  349
0.326613  86
0.326706  6
0.327214  340
0.327919  138
0.328129  311
0.328285  36
0.328353  82
0.328381  232
0.328447  99
0.32856  210
0.328572  362
0.328783  197
0.328941  56
0.328979  251
0.329479  296
0.329555  359
0.330129  328
0.330129  330
0.330306  171
0.331373  167
0.331825  275
0.332239  313
0.332321  315
0.332496  55
0.332581  373
0.332976  357
0.333078  20
0.333253  127
0.333759  353
0.334634  144
0.334816  366
0.335264  306
0.335488  94
0.335671  60
0.336929  57
0.33706  247
0.337394  379
0.337476  371
0.337733  300
0.337972  350
0.338107  318
0.338233  189
0.338374  396
0.338511  137
0.33912  386
0.339124  329
0.339588  258
0.340056  161
0.340583  45
0.341077  298
0.341368  381
0.341482  209
0.341791  227
0.341925  105
0.342052  323
0.342514  35
0.342576  172
0.34291  83
0.343348  380
0.343496  192
0.343506  326
0.343666  337
0.343667  339
0.343798  217
0.344233  175
0.344405  272
0.345551  123
0.345679  88
0.345808  58
0.346107  87
0.346146  63
0.346165  211
0.346168  276
0.346177  238
0.346449  149
0.346526  376
0.346539  390
0.346848  325
0.346873  267
0.346979  324
0.346981  266
0.347053  76
0.347183  80
0.347341  312
0.347347  252
0.347588  10
0.347639  96
0.34769  294
0.34773  397
0.347908  147
0.347969  382
0.34811  245
0.348198  335
0.348336  383
0.348512  307
0.348729  257
0.349256  122
0.349418  304
0.349422  7
0.349546  378
0.349582  297
0.349668  208
0.349823  65
0.349826  177
0.349931  392
0.350072  346
0.350119  399
0.350136  293
0.350303  310
0.350343  287
0.350346  69
0.350497  334
0.350498  150
0.350552  235
0.350697  206
0.350723  377
0.35155  369
0.351569  180
0.351772  254
0.352117  332
0.352229  388
0.352311  222
0.352355  320
0.352437  5
0.352726  347
0.352736  130
0.352861  338
0.35291  367
0.352984  119
0.353016  165
0.353043  214
0.353151  351
0.353435  112
0.353644  289
0.353647  207
0.353654  233
0.354035  352
0.354112  41
0.35456  302
0.354609  360
0.354676  385
0.354918  89
0.355095  16
0.355198  361
0.355401  327
0.355881  389
0.355913  29
0.355988  75
0.356175  354
0.356278  74
0.356299  8
0.356347  341
0.356617  42
0.356748  295
0.356921  120
0.357541  394
0.357787  309
0.357821  145
0.35797  375
0.358008  21
0.35859  173
0.358631  374
0.358729  67
0.359089  372
0.359398  370
0.359843  125
0.359853  303
0.360102  364
0.360622  368
0.360916  314
0.36094  384
0.362179  301
0.362295  305
0.362695  343
0.363032  345
0.363274  331
0.363463  348
0.36355  336
0.363809  308
0.364008  316
0.365609  395
0.367618  363
0.370239  194
0.370919  311
0.37095  333
0.371112  330
0.37316  223
0.374171  255
0.374751  153
0.374876  357
0.375704  271
0.376358  355
0.376426  259
0.377003  56
0.377266  64
0.377543  188
0.377854  250
0.377876  321
0.378044  358
0.378056  18
0.378106  342
0.37838  290
0.378582  77
0.378672  216
0.378756  234
0.378829  340
0.379748  248
0.380007  70
0.380106  344
0.380127  322
0.380238  278
0.380578  164
0.380672  243
0.380683  291
0.380823  187
0.381244  317
0.381741  306
0.381851  349
0.381911  219
0.381993  365
0.382202  359
0.383474  30
0.383753  366
0.38376  61
0.383905  269
0.383974  279
0.384158  325
0.384287  68
0.384426  362
0.384629  391
0.384945  22
0.384981  356
0.385515  85
0.386011  146
0.386094  292
0.38618  95
0.386292  398
0.386397  262
0.38648  190
0.38654  371
0.386838  319
0.38689  212
0.387457  231
0.387696  270
0.387939  387
0.388398  315
0.388579  115
0.388601  281
0.388637  140
0.388653  240
0.388655  116
0.388749  247
0.388842  48
0.388939  157
0.389091  79
0.389117  39
0.389206  246
0.389499  51
0.389759  399
0.389831  350
0.389914  104
0.389999  313
0.390377  283
0.390388  244
0.390389  373
0.390564  312
0.390654  386
0.390774  109
0.391028  326
0.391083  323
0.391125  236
0.391201  241
0.391282  328
0.391355  199
0.391734  369
0.392045  149
0.392101  40
0.392141  117
0.392182  388
0.392818  377
0.39304  170
0.393337  378
0.393461  163
0.393466  221
0.393516  396
0.393534  178
0.393604  249
0.393673  339
0.393761  14
0.3939  318
0.394288  299
0.394496  261
0.39472  90
0.394805  385
0.39489  144
0.395132  33
0.39533  103
0.395353  280
0.395448  78
0.395486  19
0.395521  354
0.395571  66
0.395746  364
0.395885  329
0.395974  176
0.396113  353
0.396164  174
0.396347  210
0.396491  334
0.396517  374
0.396523  360
0.39661  83
0.396826  380
0.396899  351
0.39701  0
0.397446  277
0.397527  251
0.397549  91
0.397971  132
0.398104  383
0.398118  127
0.398196  382
0.398203  128
0.398574  300
0.398593  179
0.398726  148
0.398792  347
0.398976  320
0.398988  375
0.399225  73
0.399673  361
0.399762  162
0.40021  220
0.401173  52
0.401615  107
0.40164  167
0.401707  341
0.401802  330
0.402029  166
0.402168  343
0.402289  337
0.402315  75
0.403557  13
0.403694  53
0.403915  43
0.404105  286
0.404181  345
0.404264  282
0.404501  363
0.404512  230
0.404645  384
0.404826  368
0.404862  307
0.404911  331
0.40498  129
0.404982  304
0.405078  302
0.40539  392
0.405453  228
0.406103  265
0.406213  139
0.406383  46
0.406501  135
0.406674  381
0.406728  205
0.406886  288
0.407273  348
0.407283  346
0.40737  287
0.407618  273
0.408193  3
0.40822  156
0.408583  165
0.408751  309
0.408819  311
0.408905  235
0.408975  390
0.409089  168
0.409119  110
0.40912  293
0.409235  393
0.409686  131
0.409873  54
0.409888  308
0.410008  355
0.410359  197
0.410456  50
0.410505  379
0.410605  389
0.410772  31
0.411163  338
0.411178  18
0.41144  303
0.411725  34
0.412092  376
0.412198  238
0.412637  397
0.412736  7
0.412824  305
0.412941  108
0.413189  229
0.413579  340
0.413776  72
0.413877  268
0.413964  327
0.414176  142
0.414309  394
0.41456  35
0.414724  370
0.414739  352
0.415238  310
0.415243  17
0.415542  74
0.415773  239
0.416243  321
0.416517  29
0.416999  136
0.417064  367
0.417651  372
0.4178  57
0.417811  301
0.41808  222
0.418418  306
0.418768  223
0.419441  314
0.419592  185
0.419706  118
0.419857  335
0.419973  324
0.42018  333
0.420428  151
0.420683  186
0.421834  193
0.422166  98
0.422234  196
0.422259  371
0.422551  141
0.422656  342
0.42279  213
0.423356  25
0.42353  100
0.423573  319
0.423652  97
0.423772  332
0.424007  182
0.424474  81
0.424555  359
0.425047  358
0.425331  150
0.425338  386
0.425434  362
0.425746  79
0.426166  44
0.426755  58
0.426993  28
0.427  152
0.427212  366
0.427283  336
0.427345  388
0.427511  316
0.427599  399
0.427775  161
0.427873  365
0.427984  22
0.428774  242
0.429081  387
0.429118  209
0.429175  55
0.429198  59
0.430055  395
0.430208  356
0.430497  252
0.430905  322
0.431098  328
0.431295  354
0.431305  84
0.431355  10
0.431471  357
0.43194  4
0.432019  106
0.432178  158
0.432254  37
0.43237  93
0.432504  318
0.43287  253
0.433291  369
0.43338  285
0.433531  329
0.433579  264
0.433703  189
0.433782  204
0.433873  325
0.433924  195
0.433937  122
0.434116  326
0.434196  188
0.435498  383
0.435533  378
0.435862  313
0.435871  130
0.435993  192
0.436105  353
0.436148  39
0.436355  12
0.436902  215
0.437853  256
0.438134  181
0.438337  232
0.438371  153
0.438413  351
0.438656  198
0.438688  80
0.438837  380
0.438956  5
0.439103  337
0.439181  315
0.439367  23
0.439532  67
0.439666  124
0.439726  30
0.439806  361
0.439924  2
0.440014  177
0.440456  51
0.440646  15
0.440654  312
0.440725  398
0.440753  346
0.440777  85
0.440863  160
0.440893  339
0.441068  296
0.441187  0
0.441203  19
0.441274  226
0.441555  134
0.441617  92
0.441824  272
0.442217  159
0.442632  317
0.442763  233
0.442913  1
0.442924  255
0.44306  375
0.443149  121
0.443149  263
0.44331  334
0.44336  203
0.44341  94
0.443508  344
0.443573  377
0.443761  350
0.443809  271
0.443852  385
0.443868  119
0.443907  102
0.443988  194
0.444029  120
0.444069  218
0.444242  112
0.44429  257
0.444318  216
0.444427  300
0.444548  364
0.444627  202
0.444652  279
0.444965  60
0.445148  191
0.445163  175
0.445258  323
0.445276  343
0.44535  330
0.445364  298
0.445412  360
0.445587  324
0.445597  88
0.445724  111
0.44573  373
0.445825  308
0.445923  265
0.445963  258
0.446179  348
0.446347  341
0.446495  62
0.446651  259
0.446684  304
0.446716  125
0.446768  45
0.446823  390
0.446907  396
0.446966  347
0.447094  320
0.447183  392
0.447465  66
0.447585  349
0.448082  307
0.448522  305
0.448581  95
0.448583  143
0.448614  301
0.448932  382
0.449104  340
0.449189  379
0.449416  391
0.449459  206
0.449545  384
0.449633  47
0.450131  248
0.450694  11
0.451295  291
0.451662  180
0.452566  254
0.452609  36
0.452955  16
0.453246  311
0.453267  306
0.453377  397
0.453619  345
0.453782  299
0.454074  290
0.454583  303
0.454715  332
0.454758  234
0.454926  275
0.454955  41
0.454958  372
0.455018  132
0.455292  246
0.455627  210
0.455993  374
0.456098  359
0.456376  333
0.456392  24
0.457138  82
0.457594  137
0.45776  309
0.457922  355
0.458386  319
0.458657  69
0.459067  138
0.459308  241
0.459736  318
0.459865  40
0.459965  6
0.460351  280
0.460831  231
0.461037  338
0.461305  295
0.461431  381
0.461471  321
0.461998  173
0.462194  13
0.462257  244
0.462317  114
0.462599  314
0.462605  148
0.462704  371
0.462973  366
0.463461  393
0.463466  363
0.463672  389
0.464049  26
0.464697  179
0.464849  358
0.464983  302
0.465507  220
0.465583  395
0.465601  276
0.465664  331
0.466129  394
0.466275  342
0.466304  63
0.466643  183
0.466857  362
0.467138  289
0.467917  49
0.468161  129
0.468444  135
0.468614  310
0.468751  154
0.46876  370
0.469052  73
0.46914  336
0.469156  172
0.469214  337
0.46935  284
0.469378  274
0.469518  109
0.46991  237
0.470177  14
0.47028  89
0.471337  378
0.471368  108
0.471628  224
0.471628  7
0.471819  97
0.471829  201
0.471895  361
0.471925  70
0.472163  376
0.47219  144
0.472439  297
0.472799  261
0.473195  352
0.473247  325
0.47325  27
0.47326  170
0.473272  399
0.47346  386
0.473555  357
0.473745  104
0.473896  42
0.474129  367
0.474515  64
0.474654  167
0.474661  387
0.474785  190
0.474827  238
0.474872  56
0.474919  171
0.47496  346
0.475037  247
0.475072  354
0.475084  313
0.475501  151
0.47557  54
0.475577  368
0.475871  335
0.476519  327
0.476595  377
0.476745  330
0.47705  317
0.477095  33
0.477521  200
0.477722  388
0.478276  106
0.478402  139
0.478656  228
0.478661  264
0.478916  268
0.479615  105
0.47982  257
0.479878  300
0.48012  9
0.480347  320
0.480559  270
0.48068  110
0.481007  375
0.481394  213
0.481676  136
0.481875  169
0.481955  197
0.482395  341
0.482397  328
0.482427  360
0.482519  230
0.482568  217
0.482655  345
0.48269  156
0.482797  385
0.482865  343
0.482913  207
0.483634  46
0.483719  32
0.483863  187
0.484326  396
0.484433  18
0.485032  351
0.485232  391
0.485236  373
0.485539  188
0.485639  286
0.48586  211
0.485947  47
0.485965  166
0.486144  369
0.486196  186
0.486224  72
0.486422  262
0.486488  267
0.486538  147
0.486573  77
0.486721  304
0.486978  83
0.487106  365
0.487197  329
0.48722  348
0.487348  380
0.487509  349
0.488208  35
0.488308  278
0.48833  131
0.488602  219
0.488983  315
0.488984  356
0.489209  292
0.489248  287
0.489565  113
0.490412  323
0.490497  227
0.490564  176
0.490637  122
0.49075  199
0.491048  307
0.491156  152
0.491506  334
0.491569  301
0.491692  344
0.491729  339
0.491919  107
0.492248  251
0.493044  398
0.493182  184
0.493196  214
0.493211  145
0.493269  383
0.493297  43
0.493344  163
0.49349  384
0.493624  322
0.494046  294
0.494546  309
0.494701  22
0.494837  342
0.495334  273
0.495432  225
0.495505  353
0.495669  392
0.495844  397
0.495891  308
0.495932  324
0.496355  316
0.496744  68
0.496842  282
0.496859  306
0.496872  63
0.497385  312
0.497386  355
0.497411  390
0.499792  253
0.499874  221
0.500052  193
0.500086  118
0.500404  96
0.500433  175
0.500523  331
0.500726  327
0.500857  381
0.501025  150
0.501368  281
0.501542  19
0.501637  38
0.502202  366
0.502441  364
0.502931  50
0.502936  310
0.502983  347
0.503076  332
0.503079  34
0.503127  382
0.503479  91
0.503507  5
0.503787  362
0.504186  374
0.504376  21
0.504871  389
0.505342  85
0.505368  241
0.505409  340
0.506122  239
0.506195  350
0.506404  76
0.506592  314
0.506755  260
0.50687  1
0.507103  326
0.507283  142
0.508178  371
0.508397  161
0.508673  305
0.508852  354
0.50888  146
0.508968  328
0.509022  99
0.509064  302
0.5093  123
0.509758  28
0.509834  240
0.510439  387
0.510779  164
0.510913  393
0.510953  372
0.511382  59
0.511811  256
0.512267  333
0.512286  337
0.512666  196
0.512887  263
0.513011  178
0.513027  319
0.513628  330
0.513806  20
0.514073  394
0.514481  29
0.514927  395
0.514961  335
0.515173  86
0.515605  363
0.515943  189
0.516089  338
0.516418  69
0.51648  126
0.516559  202
0.517097  361
0.517311  311
0.5176  359
0.51769  245
0.517736  358
0.517759  223
0.518204  303
0.519057  75
0.519258  288
0.519672  23
0.520433  269
0.520687  318
0.520813  172
0.521151  45
0.521235  232
0.521754  116
0.52188  153
0.5219  277
0.522037  174
0.522316  377
0.523786  51
0.523793  8
0.523817  325
0.523892  53
0.523932  87
0.523954  380
0.523999  398
0.52407  37
0.524253  283
0.524459  100
0.524997  165
0.525086  386
0.525224  388
0.525261  222
0.52539  368
0.525457  74
0.525708  36
0.525857  300
0.526156  379
0.526299  57
0.526307  208
0.526318  399
0.526327  52
0.526399  346
0.526923  12
0.526996  373
0.527103  315
0.527109  17
0.5274  274
0.527563  39
0.527576  352
0.527651  216
0.52778  252
0.527846  173
0.527946  370
0.528096  229
0.52811  15
0.528642  159
0.528829  194
0.528911  375
0.529236  369
0.529255  357
0.529753  243
0.530291  236
0.530352  93
0.530671  321
0.530972  79
0.530973  272
0.530991  312
0.530997  336
0.531118  378
0.531195  356
0.53157  125
0.531944  27
0.531982  306
0.532264  360
0.532277  320
0.532726  109
0.533002  391
0.533343  317
0.533567  117
0.534119  226
0.534307  133
0.534385  101
0.534528  367
0.534898  198
0.535114  127
0.5352  383
0.535357  353
0.535622  323
0.535758  299
0.535807  392
0.536038  341
0.536621  348
0.53681  31
0.537124  130
0.537195  140
0.537706  249
0.537733  90
0.537947  265
0.538065  344
0.538281  285
0.538653  308
0.538951  66
0.539314  365
0.53936  329
0.539733  157
0.539744  351
0.5398  78
0.539809  316
0.540041  209
0.540253  307
0.540262  254
0.540378  339
0.540381  180
0.540424  293
0.540878  124
0.541433  16
0.541461  376
0.541464  342
0.541674  134
0.543068  304
0.543179  182
0.543637  313
0.544141  385
0.544193  46
0.544274  103
0.545249  233
0.545621  327
0.54565  381
0.546248  397
0.546721  80
0.547721  326
0.547787  143
0.547886  387
0.548066  271
0.548166  178
0.548909  314
0.549302  0
0.549653  332
0.549678  110
0.549738  322
0.549773  44
0.54989  396
0.550197  77
0.550242  384
0.550315  195
0.550785  362
0.550938  349
0.55116  390
0.551254  334
0.551812  393
0.552014  48
0.552277  33
0.552356  191
0.553035  309
0.55322  301
0.553844  95
0.554097  364
0.554376  303
0.554384  40
0.554663  280
0.554922  70
0.555763  61
0.556117  114
0.556196  328
0.556671  58
0.556861  371
0.557086  382
0.557972  259
0.558022  310
0.558431  104
0.558557  264
0.55858  290
0.558797  65
0.559352  395
0.559806  338
0.560151  350
0.56024  394
0.560283  147
0.560377  128
0.560467  85
0.560804  346
0.560993  158
0.561038  389
0.561418  372
0.561842  244
0.561878  333
0.561984  251
0.562315  237
0.562842  319
0.562882  296
0.563392  213
0.563991  167
0.564166  30
0.564195  355
0.56437  239
0.564442  187
0.564813  115
0.564927  246
0.56515  386
0.565191  354
0.565456  220
0.565657  60
0.565978  297
0.566038  119
0.566268  201
0.566655  88
0.566711  4
0.566719  340
0.56675  84
0.566773  42
0.566808  171
0.566866  321
0.566926  183
0.566941  97
0.566965  163
0.567078  374
0.567114  206
0.56714  337
0.567294  345
0.567376  273
0.567617  352
0.567744  361
0.567971  292
0.567986  192
0.568118  166
0.568127  324
0.568364  250
0.56851  175
0.568522  169
0.568595  131
0.56872  111
0.568756  14
0.568779  366
0.568952  122
0.569387  331
0.569389  168
0.569946  56
0.569983  287
0.570099  185
0.570186  347
0.570455  305
0.570524  38
0.57061  24
0.570671  343
0.570852  231
0.571143  311
0.571342  204
0.571383  294
0.571468  10
0.571561  227
0.571716  279
0.572016  315
0.572234  174
0.572405  300
0.572447  380
0.572451  298
0.572559  34
0.572619  219
0.572638  348
0.572716  20
0.572751  363
0.572763  26
0.572784  50
0.572804  378
0.572834  262
0.572953  368
0.573003  176
0.573028  353
0.573051  365
0.573056  190
0.573219  203
0.573252  335
0.573361  228
0.573382  295
0.573561  41
0.573812  170
0.573844  54
0.573855  359
0.574003  9
0.574096  379
0.574105  35
0.574143  358
0.574244  135
0.574343  266
0.574438  325
0.574439  375
0.574653  370
0.574742  268
0.574816  49
0.574819  392
0.574842  25
0.574965  225
0.57502  138
0.575064  82
0.57525  181
0.57528  200
0.575286  306
0.575464  55
0.575511  189
0.575568  398
0.575672  360
0.575701  275
0.575759  302
0.575766  293
0.575781  102
0.575807  221
0.575883  336
0.575929  320
0.575995  258
0.576035  367
0.576136  234
0.576193  341
0.576218  373
0.576257  68
0.576285  356
0.576324  71
0.576358  308
0.576382  89
0.576553  267
0.576596  376
0.576656  332
0.576703  212
0.576722  330
0.576731  381
0.576962  369
0.577121  383
0.577397  318
0.577822  202
0.577916  22
0.578263  307
0.57844  384
0.578444  179
0.578568  377
0.578919  6
0.579023  116
0.579084  357
0.579222  301
0.579227  92
0.579356  387
0.579944  399
0.58002  94
0.580329  270
0.580661  327
0.581074  312
0.582351  323
0.582412  261
0.583363  351
0.583378  276
0.583842  263
0.584301  316
0.584515  397
0.585103  256
0.585502  350
0.5856  388
0.585692  28
0.586242  304
0.58648  43
0.587041  21
0.587081  338
0.58753  286
0.587547  3
0.587955  123
0.588178  150
0.588538  313
0.588886  334
0.588886  144
0.589228  2
0.589657  108
0.58991  73
0.59047  329
0.590673  224
0.590841  391
0.590874  339
0.590989  281
0.590993  372
0.591287  322
0.591604  217
0.592687  86
0.592919  222
0.592978  303
0.593208  160
0.594005  186
0.594133  37
0.594157  145
0.594496  272
0.594518  385
0.594644  207
0.595005  46
0.595276  45
0.595423  69
0.595482  215
0.595496  67
0.595609  161
0.595759  243
0.596195  362
0.596242  366
0.596305  319
0.596407  106
0.596547  349
0.596777  395
0.596831  326
0.596879  390
0.596888  361
0.596895  288
0.597261  364
0.597332  96
0.597827  310
0.59789  371
0.598026  236
0.598067  66
0.598148  314
0.599744  124
0.600272  269
0.600808  80
0.601179  342
0.601575  130
0.601695  90
0.601717  344
0.601798  392
0.602067  155
0.602441  389
0.602485  210
0.602548  99
0.603017  178
0.604289  265
0.60438  29
0.604479  182
0.604629  257
0.604761  337
0.604919  159
0.605182  220
0.606046  291
0.606199  324
0.606324  381
0.606422  164
0.606636  132
0.606735  317
0.606868  230
0.606929  120
0.60705  396
0.607246  374
0.607285  386
0.607296  64
0.607343  382
0.607378  393
0.607471  151
0.607665  355
0.607871  121
0.607933  83
0.607964  53
0.608182  172
0.60823  348
0.608246  205
0.608357  359
0.608587  321
0.60872  184
0.60874  137
0.608993  216
0.609028  149
0.609054  154
0.609073  354
0.609607  277
0.609793  333
0.609873  242
0.609999  105
0.61007  51
0.610095  61
0.610125  91
0.610212  345
0.610379  343
0.610416  156
0.610557  279
0.610607  370
0.610743  309
0.610758  315
0.610816  346
0.610865  128
0.610969  197
0.61175  360
0.611768  378
0.61183  394
0.612089  238
0.612288  377
0.612531  239
0.613068  15
0.613671  240
0.614131  340
0.614141  306
0.614171  302
0.614331  235
0.61434  356
0.614376  358
0.614791  254
0.615154  127
0.615173  264
0.61586  33
0.616331  301
0.616366  398
0.616407  114
0.617286  376
0.61756  367
0.618249  162
0.618502  353
0.618994  233
0.619041  100
0.619074  336
0.619198  30
0.619611  139
0.61981  341
0.619893  152
0.620137  332
0.620172  352
0.620274  267
0.62114  76
0.621379  300
0.621601  199
0.621602  129
0.621763  347
0.621906  285
0.622052  191
0.622183  379
0.623015  117
0.623326  318
0.623548  7
0.623864  232
0.623997  40
0.624079  273
0.624112  372
0.624277  331
0.624543  93
0.624752  329
0.624843  175
0.62495  325
0.624991  350
0.625173  383
0.625219  39
0.625387  307
0.62553  373
0.625547  330
0.625795  283
0.625837  339
0.625926  335
0.62604  351
0.626108  5
0.626614  328
0.626901  17
0.627453  305
0.627703  311
0.627965  399
0.628186  397
0.628449  255
0.628615  327
0.628797  209
0.62891  304
0.629943  388
0.631187  320
0.632088  365
0.6326  390
0.633208  296
0.63411  316
0.634525  133
0.635002  375
0.636459  368
0.637013  384
0.637443  391
0.639496  88
0.640244  237
0.640654  357
0.642113  252
0.642419  262
0.642765  362
0.642805  323
0.643188  23
0.643516  290
0.643808  14
0.643823  75
0.644091  282
0.644122  170
0.644179  338
0.644557  363
0.644618  226
0.644797  387
0.644843  95
0.644961  11
0.645316  47
0.645461  369
0.645601  13
0.646265  171
0.646521  173
0.64693  274
0.64703  103
0.647057  116
0.64717  4
0.647274  382
0.647493  289
0.647582  284
0.648032  324
0.648069  74
0.648251  113
0.648467  308
0.648552  183
0.648599  248
0.648622  194
0.649226  349
0.649235  9
0.649415  326
0.649522  312
0.649676  319
0.649746  31
0.649763  122
0.649813  48
0.649831  203
0.649833  218
0.649926  198
0.650246  118
0.650487  313
0.650578  165
0.650645  385
0.650812  361
0.65084  253
0.651047  389
0.651081  268
0.651082  193
0.651094  270
0.651313  201
0.651478  380
0.651569  322
0.651666  73
0.651744  10
0.651901  314
0.652045  2
0.652108  222
0.652274  66
0.652414  6
0.652542  190
0.652632  62
0.652722  395
0.652834  8
0.652842  249
0.653021  223
0.653065  126
0.653114  72
0.653139  36
0.653155  58
0.653181  211
0.653272  393
0.653319  185
0.653338  1
0.653353  153
0.653594  46
0.653647  342
0.653799  355
0.653861  63
0.653872  168
0.653974  157
0.653983  196
0.654058  148
0.654072  396
0.654143  381
0.654316  245
0.654388  366
0.65469  272
0.654692  89
0.654722  367
0.654742  228
0.654782  386
0.654785  206
0.654987  55
0.654998  0
0.65507  208
0.655085  26
0.655116  19
0.65513  177
0.655193  45
0.655212  68
0.655272  303
0.655273  263
0.655392  179
0.655485  44
0.655611  298
0.655752  374
0.655755  81
0.65581  57
0.65581  135
0.655854  236
0.656034  276
0.656045  345
0.656079  317
0.656205  82
0.656238  333
0.656299  140
0.656345  12
0.656354  108
0.656355  200
0.656482  371
0.656517  79
0.656548  377
0.656688  229
0.656895  141
0.656945  392
0.656959  53
0.656971  310
0.656994  288
0.657024  332
0.657026  91
0.657061  134
0.657183  60
0.657189  119
0.657202  306
0.657271  300
0.65728  315
0.657357  97
0.657391  219
0.657458  259
0.657484  309
0.657535  192
0.657595  59
0.657638  344
0.657824  292
0.657983  301
0.65799  339
0.658033  35
0.658124  353
0.658141  359
0.658175  343
0.65834  364
0.658349  187
0.658447  257
0.658517  239
0.658555  70
0.658606  142
0.658652  373
0.658665  104
0.658728  212
0.658745  110
0.658848  340
0.658946  376
0.658964  378
0.659037  52
0.659087  181
0.659197  341
0.659198  394
0.659261  327
0.659298  331
0.659308  221
0.659349  305
0.659464  328
0.659517  336
0.659648  352
0.659799  204
0.659815  329
0.659945  279
0.660058  297
0.660063  320
0.66015  241
0.660168  325
0.660173  38
0.660217  360
0.660674  316
0.660949  125
0.660966  155
0.661373  159
0.661549  358
0.661795  347
0.661997  43
0.662095  258
0.66219  32
0.662327  363
0.662563  164
0.662636  213
0.662688  188
0.662872  390
0.662979  285
0.663118  375
0.663164  311
0.663237  383
0.663421  388
0.663433  96
0.663459  356
0.663697  167
0.663833  20
0.664349  174
0.664476  334
0.664643  354
0.664949  202
0.665321  281
0.66552  189
0.665956  369
0.665992  7
0.666196  379
0.666382  302
0.666523  318
0.666523  348
0.666715  169
0.666868  145
0.666908  346
0.667098  195
0.667821  324
0.668143  399
0.668238  330
0.668716  323
0.669229  398
0.670323  5
0.671732  207
0.671745  335
0.671936  321
0.672412  178
0.672652  397
0.672656  351
0.673362  384
0.67439  34
0.674586  372
0.674951  243
0.675026  39
0.675583  370
0.675889  33
0.67674  365
0.677887  368
0.678018  349
0.67834  111
0.678853  166
0.680359  156
0.680526  147
0.680539  184
0.680679  357
0.680725  67
0.681001  387
0.681075  131
0.681697  127
0.681963  42
0.682121  64
0.682255  256
0.682761  246
0.683003  242
0.683209  186
0.683422  251
0.683684  269
0.683698  293
0.684094  271
0.684104  102
0.684104  326
0.684282  182
0.684465  337
0.684487  385
0.684526  342
0.684661  85
0.684712  307
0.684721  231
0.68479  115
0.684792  139
0.684905  21
0.684941  154
0.684987  132
0.68518  391
0.685302  296
0.685439  304
0.685723  86
0.686135  395
0.686315  27
0.686925  286
0.68694  50
0.686991  252
0.687254  146
0.687442  361
0.687572  209
0.687579  386
0.687739  101
0.687791  163
0.687841  234
0.687935  3
0.688035  313
0.688076  124
0.688377  283
0.688425  29
0.688632  15
0.688669  144
0.688727  165
0.688793  25
0.688844  393
0.68903  161
0.689118  149
0.689152  98
0.689473  308
0.68951  350
0.689704  374
0.689773  382
0.689824  260
0.689915  160
0.690008  56
0.690109  336
0.690163  28
0.69027  267
0.690413  35
0.690422  317
0.690441  310
0.690493  362
0.690759  305
0.691061  367
0.691277  172
0.691453  338
0.691478  345
0.691669  353
0.691764  83
0.691824  201
0.692121  322
0.692496  291
0.692622  94
0.693077  265
0.693145  377
0.693598  78
0.69394  379
0.693995  143
0.694088  373
0.694237  100
0.6943  214
0.694327  352
0.694403  238
0.694456  355
0.694808  54
0.694997  277
0.695008  392
0.695022  366
0.695575  273
0.695591  383
0.695631  299
0.695662  275
0.695836  306
0.695837  225
0.695882  371
0.696005  129
0.696765  325
0.69682  81
0.697203  239
0.697218  191
0.697862  312
0.698235  109
0.698302  51
0.698576  333
0.698604  194
0.69888  162
0.698902  363
0.699156  105
0.69931  309
0.699645  378
0.699725  389
0.700168  175
0.70036  106
0.700556  151
0.701563  14
0.701618  119
0.702001  331
0.702025  303
0.702239  300
0.702312  334
0.702313  250
0.702333  394
0.702456  99
0.70258  375
0.702634  40
0.702858  148
0.703059  349
0.703176  93
0.703274  356
0.703395  137
0.703476  321
0.703499  84
0.703574  316
0.703745  220
0.703752  19
0.703833  264
0.704041  215
0.704178  327
0.704215  344
0.704413  396
0.704688  376
0.704742  319
0.704768  311
0.704882  294
0.70523  52
0.705544  348
0.705608  18
0.705686  364
0.705779  358
0.706504  341
0.706706  320
0.706869  372
0.706895  302
0.706996  351
0.707859  381
0.708188  228
0.709698  4
0.709763  88
0.709952  0
0.709973  315
0.710511  89
0.711053  360
0.711643  164
0.712046  74
0.7124  330
0.713031  173
0.713514  227
0.713795  384
0.713917  370
0.713995  340
0.714031  347
0.715391  136
0.715822  133
0.715915  90
0.716023  380
0.716185  301
0.716259  346
0.716646  318
0.716885  230
0.717144  339
0.71765  332
0.718197  221
0.718297  174
0.718513  280
0.718532  342
0.720392  343
0.72063  398
0.720797  150
0.721992  390
0.722007  369
0.72219  157
0.722706  298
0.723604  359
0.723877  107
0.725081  388
0.725278  233
0.726031  141
0.726075  278
0.726692  329
0.726768  192
0.726892  198
0.726929  247
0.727087  328
0.7272  176
0.727934  354
0.728039  212
0.728188  284
0.728231  350
0.728422  171
0.729487  229
0.729513  314
0.729611  357
0.730665  58
0.730901  62
0.731223  274
0.731378  46
0.731522  323
0.731569  397
0.731607  288
0.73187  196
0.732178  189
0.732895  244
0.733109  209
0.733161  145
0.733163  324
0.733183  379
0.733399  345
0.733666  249
0.73372  399
0.733782  127
0.733902  207
0.734081  135
0.734128  391
0.734192  326
0.734224  222
0.734257  361
0.734336  130
0.734579  336
0.734606  69
0.734718  393
0.734803  108
0.734918  202
0.735059  387
0.735348  121
0.735362  123
0.73553  224
0.73566  125
0.735959  282
0.735993  158
0.736133  104
0.736321  138
0.73697  304
0.737041  75
0.737125  306
0.737288  61
0.737639  335
0.737681  43
0.737945  368
0.738523  197
0.73853  307
0.738672  303
0.738918  16
0.739034  48
0.739127  255
0.739325  236
0.739409  367
0.739419  131
0.739505  95
0.739508  355
0.739524  53
0.73967  226
0.739705  377
0.739864  325
0.739887  134
0.739924  293
0.740318  358
0.740319  382
0.740658  349
0.740907  365
0.741152  319
0.741245  10
0.741281  389
0.742097  199
0.742399  308
0.742662  364
0.742694  252
0.742698  232
0.742833  353
0.742908  396
0.742933  73
0.742942  67
0.743017  71
0.74308  36
0.74364  167
0.743796  394
0.743921  57
0.744214  352
0.744683  386
0.745214  313
0.745276  12
0.7453  337
0.745906  338
0.746407  362
0.746508  34
0.747002  254
0.747101  301
0.747213  363
0.747385  245
0.747913  30
0.748048  375
0.748862  218
0.749309  21
0.750124  316
0.750171  113
0.750645  305
0.75088  210
0.75118  152
0.751334  356
0.751477  332
0.751535  309
0.751635  237
0.751724  76
0.752347  385
0.75261  347
0.752673  7
0.752703  68
0.752857  302
0.753096  351
0.75417  330
0.75446  216
0.754936  102
0.754959  55
0.755482  371
0.756132  320
0.756283  39
0.756397  333
0.756715  259
0.756728  310
0.756989  380
0.757351  395
0.757395  241
0.758116  372
0.758905  6
0.759703  341
0.759902  272
0.760021  239
0.760786  27
0.761324  72
0.761473  312
0.761501  318
0.761629  296
0.761674  327
0.761753  147
0.761966  340
0.762254  343
0.76276  373
0.763062  344
0.763068  59
0.763419  37
0.763733  366
0.763773  334
0.764183  184
0.764416  370
0.764991  266
0.765366  322
0.766068  257
0.766201  200
0.766209  331
0.766632  354
0.767034  300
0.76722  1
0.76811  273
0.7687  268
0.768834  47
0.769085  77
0.76951  144
0.769979  348
0.770059  38
0.770153  392
0.770529  388
0.771065  381
0.771103  223
0.771248  248
0.771266  369
0.771345  251
0.771422  360
0.771743  342
0.771759  17
0.771799  140
0.772051  87
0.7721  390
0.772543  244
0.773171  346
0.773183  281
0.773311  230
0.773317  80
0.773561  263
0.773595  137
0.773739  267
0.773817  240
0.774074  384
0.774096  50
0.774121  383
0.77414  128
0.774781  374
0.775072  292
0.775314  213
0.775398  97
0.775435  15
0.775459  24
0.775522  321
0.775626  25
0.775687  359
0.775879  187
0.77591  317
0.775911  294
0.775958  5
0.776169  228
0.776254  298
0.776423  20
0.776597  92
0.776696  311
0.777083  215
0.777471  185
0.777486  114
0.777711  168
0.777781  74
0.777914  391
0.778045  398
0.778089  177
0.778128  304
0.778308  345
0.778545  314
0.778699  206
0.778761  157
0.778833  64
0.779016  235
0.779024  201
0.779071  349
0.779087  49
0.779182  160
0.779207  287
0.779247  378
0.779334  120
0.779338  139
0.779684  26
0.77976  279
0.779948  357
0.780075  382
0.780095  337
0.780167  122
0.780234  258
0.780255  315
0.780393  127
0.780447  101
0.7805  105
0.780541  172
0.780631  54
0.780661  329
0.780779  361
0.780806  103
0.78081  376
0.780812  153
0.780915  183
0.781018  9
0.781139  14
0.781191  198
0.781238  283
0.781271  397
0.78133  339
0.781383  328
0.78142  126
0.781442  195
0.781473  350
0.781594  253
0.781615  156
0.781686  81
0.781757  389
0.781839  86
0.782051  45
0.782301  256
0.782357  395
0.782423  365
0.782454  364
0.782543  51
0.782546  142
0.78255  234
0.782569  60
0.782666  362
0.782682  214
0.782708  262
0.782821  291
0.78286  326
0.782865  119
0.782886  367
0.782991  94
0.782999  290
0.78309  358
0.783419  324
0.783482  276
0.783636  224
0.783742  265
0.783774  225
0.783878  220
0.783896  11
0.783981  149
0.783989  203
0.784063  83
0.784227  297
0.784338  2
0.784426  333
0.78444  335
0.784528  170
0.784608  117
0.784628  12
0.78467  231
0.784796  302
0.78483  323
0.785104  40
0.785144  112
0.785167  352
0.785296  379
0.785451  236
0.785555  303
0.785583  205
0.785596  399
0.785658  66
0.785924  181
0.786036  343
0.786176  174
0.786614  192
0.786623  353
0.786833  78
0.787052  341
0.787083  242
0.787108  165
0.787178  148
0.787392  246
0.787404  338
0.787509  123
0.787579  313
0.787616  79
0.787762  118
0.78781  217
0.787905  310
0.787919  372
0.788101  368
0.788123  356
0.788383  146
0.788475  42
0.788532  301
0.788584  370
0.788655  293
0.788889  73
0.789124  355
0.789161  316
0.789183  3
0.789199  261
0.789283  269
0.789627  178
0.789799  186
0.789833  115
0.789841  88
0.789872  371
0.790004  377
0.790069  387
0.790231  33
0.790302  332
0.790365  208
0.790513  386
0.790581  344
0.790607  347
0.790756  164
0.790775  394
0.790869  58
0.79107  176
0.791122  150
0.791223  143
0.791254  19
0.791302  264
0.791311  110
0.791453  247
0.79166  308
0.791936  385
0.792034  1
0.792254  194
0.792509  193
0.79257  95
0.792627  336
0.79272  325
0.792842  307
0.792935  354
0.793129  82
0.793161  351
0.793495  211
0.793534  69
0.794201  330
0.794313  320
0.794358  380
0.794444  396
0.794538  111
0.794624  322
0.794728  284
0.794888  318
0.795047  359
0.795203  309
0.795399  152
0.795524  340
0.795581  321
0.796205  392
0.796706  163
0.796807  304
0.79683  319
0.79714  393
0.797162  334
0.797725  306
0.798818  300
0.798959  312
0.801223  179
0.802175  327
0.80236  373
0.802649  100
0.803815  155
0.803852  108
0.804651  245
0.804654  357
0.805216  31
0.805257  363
0.805343  342
0.805847  311
0.806581  280
0.807027  331
0.807693  375
0.810319  134
0.811045  53
0.811522  383
0.81175  162
0.812746  70
0.813072  305
0.813147  130
0.813489  255
0.8139  282
0.814409  222
0.814417  0
0.814432  381
0.814615  390
0.814756  317
0.815177  80
0.815234  348
0.8153  218
0.815336  124
0.815734  237
0.816294  238
0.816628  275
0.816942  23
0.817005  32
0.817132  138
0.817206  369
0.817245  129
0.817836  384
0.817861  226
0.8181  358
0.818618  158
0.818726  113
0.819008  77
0.819135  314
0.819188  254
0.819313  333
0.819433  388
0.819459  271
0.819727  286
0.820363  329
0.820482  212
0.820611  397
0.820647  85
0.820834  166
0.821247  299
0.821301  97
0.821926  295
0.822016  361
0.822109  343
0.822229  24
0.822347  161
0.822633  219
0.822654  13
0.822753  323
0.82301  243
0.82302  339
0.823028  345
0.823084  36
0.823131  151
0.8232  189
0.823227  43
0.823243  75
0.823425  389
0.823974  175
0.824094  270
0.824183  346
0.824249  249
0.824311  115
0.824342  29
0.824416  18
0.82462  84
0.824714  92
0.824776  62
0.82478  297
0.824859  352
0.82486  209
0.824885  14
0.824955  106
0.824985  133
0.825131  65
0.825494  335
0.825532  22
0.825802  372
0.826036  10
0.82611  374
0.826151  28
0.826168  387
0.826184  16
0.826217  159
0.826479  288
0.826674  382
0.82673  107
0.826981  398
0.827052  366
0.827131  336
0.827776  135
0.827796  188
0.827924  99
0.828028  183
0.828036  360
0.828156  210
0.828332  399
0.828398  391
0.828428  55
0.8285  71
0.828805  93
0.829028  341
0.829034  302
0.829168  167
0.829188  337
0.82919  8
0.829278  324
0.829679  264
0.829695  307
0.829708  190
0.829852  296
0.829949  128
0.830174  312
0.83073  287
0.830912  320
0.830919  355
0.831005  230
0.831011  54
0.831101  356
0.831141  395
0.831293  327
0.831367  394
0.831473  57
0.831532  252
0.831544  377
0.831575  105
0.831649  122
0.83171  246
0.831713  41
0.831804  154
0.83185  385
0.831973  35
0.831993  311
0.832091  334
0.832102  359
0.832371  313
0.832514  145
0.832558  298
0.832682  322
0.832704  380
0.832846  250
0.832971  306
0.833466  174
0.833477  171
0.83348  319
0.833653  228
0.833831  364
0.834618  326
0.834662  155
0.834692  338
0.835054  332
0.835603  34
0.835631  330
0.836086  386
0.836592  328
0.836653  340
0.837247  315
0.837298  304
0.83734  72
0.837414  301
0.837623  308
0.83807  392
0.838489  396
0.838522  349
0.838838  393
0.839031  91
0.839595  74
0.840186  76
0.840727  344
0.841466  357
0.841683  325
0.842231  309
0.842416  351
0.843578  367
0.843988  182
0.844282  353
0.844777  125
0.845555  375
0.845649  370
0.846086  373
0.846436  316
0.849526  321
0.851435  368
0.851763  347
0.853144  342
0.853527  378
0.854167  318
0.857699  192
0.858462  350
0.859503  305
0.85964  379
0.860318  303
0.860854  119
0.861149  48
0.861233  365
0.862204  160
0.862911  300
0.863407  207
0.863578  73
0.863707  358
0.863815  114
0.863952  90
0.864784  376
0.865033  200
0.86573  362
0.865739  169
0.866532  278
0.866579  7
0.866951  56
0.867118  59
0.867263  180
0.867283  70
0.867414  331
0.867999  274
0.8681  371
0.868192  363
0.868386  217
0.868938  144
0.869122  132
0.869576  284
0.869607  381
0.8698  46
0.869888  285
0.869966  348
0.869979  173
0.870004  317
0.870184  127
0.87028  138
0.870446  202
0.870455  121
0.870492  186
0.870502  273
0.870544  44
0.870779  152
0.870779  310
0.87089  384
0.871071  134
0.871135  390
0.871418  38
0.87143  12
0.871685  354
0.871708  280
0.871802  261
0.871804  225
0.871888  256
0.871904  64
0.872037  242
0.872073  9
0.872082  397
0.872224  66
0.872489  227
0.87274  6
0.872944  63
0.872969  95
0.873114  3
0.873163  148
0.87342  79
0.873549  394
0.873559  157
0.873611  335
0.873617  399
0.873628  87
0.873773  153
0.873782  345
0.874019  226
0.874125  112
0.87416  329
0.874222  195
0.874327  102
0.87466  165
0.874697  198
0.874733  2
0.874774  21
0.874792  302
0.874829  360
0.874931  385
0.875086  292
0.875099  251
0.875105  37
0.87516  289
0.875243  308
0.875496  388
0.875696  233
0.876029  5
0.876499  301
0.876755  386
0.876797  53
0.876866  222
0.876939  229
0.876973  255
0.877022  333
0.877026  98
0.87705  359
0.877069  267
0.877169  343
0.877175  265
0.877189  247
0.877237  117
0.87732  27
0.877444  4
0.877514  383
0.877515  187
0.87759  245
0.877698  131
0.877861  276
0.877872  77
0.877956  96
0.877969  201
0.877993  99
0.87808  315
0.878106  212
0.878149  244
0.878204  391
0.878258  263
0.87826  206
0.878339  214
0.878344  361
0.878453  380
0.878453  266
0.878477  50
0.878595  81
0.878603  237
0.878628  299
0.878671  346
0.878796  204
0.878799  67
0.878833  339
0.878839  334
0.878839  398
0.878888  172
0.878973  332
0.879002  241
0.879027  395
0.879054  387
0.879082  103
0.879105  326
0.879154  262
0.879256  194
0.879266  45
0.879317  52
0.879324  199
0.879817  328
0.879923  374
0.879982  319
0.880015  20
0.880103  111
0.880205  17
0.880221  364
0.880264  62
0.88027  352
0.88028  356
0.880284  170
0.880294  185
0.880404  248
0.880468  314
0.880483  15
0.880738  89
0.880749  307
0.880893  392
0.880895  39
0.881322  313
0.881357  311
0.881372  312
0.88148  118
0.881591  347
0.881635  309
0.881725  325
0.881785  336
0.881786  259
0.88192  30
0.882201  327
0.882208  344
0.882464  281
0.882703  277
0.882832  139
0.883187  120
0.88321  211
0.883378  338
0.88351  330
0.883602  353
0.883792  318
0.884137  107
0.884246  316
0.884297  304
0.884369  355
0.884455  176
0.884891  337
0.885332  368
0.885364  322
0.885473  349
0.885474  181
0.885486  375
0.885514  220
0.885629  28
0.885906  88
0.885962  208
0.886357  306
0.886958  196
0.887484  362
0.887519  320
0.887866  382
0.888186  72
0.888459  323
0.888691  366
0.888782  269
0.888846  393
0.889128  341
0.889221  372
0.890007  367
0.890171  377
0.893425  321
0.893987  340
0.894107  342
0.894425  324
0.894906  273
0.895305  137
0.89531  184
0.895684  350
0.896495  305
0.896961  189
0.897464  191
0.899002  331
0.899362  86
0.900835  163
0.901091  94
0.901159  142
0.901344  396
0.901448  258
0.901811  166
0.902291  128
0.903634  252
0.904158  365
0.904321  130
0.904547  125
0.904754  379
0.905545  83
0.905567  370
0.905715  351
0.905874  159
0.905933  389
0.905996  147
0.906105  23
0.906164  373
0.906556  74
0.906965  168
0.907204  235
0.907264  288
0.907359  216
0.907411  399
0.907662  33
0.907705  310
0.907791  91
0.908017  0
0.908187  177
0.908281  243
0.908346  270
0.908762  221
0.908962  300
0.909124  108
0.909201  384
0.909269  317
0.909564  178
0.909679  335
0.910114  109
0.910323  116
0.910728  24
0.910825  283
0.910952  357
0.91097  303
0.910989  150
0.911001  104
0.911103  369
0.911165  223
0.911253  68
0.911343  123
0.91143  272
0.911444  122
0.911455  25
0.911562  397
0.911602  149
0.911611  60
0.911671  209
0.911678  71
0.911678  230
0.911868  348
0.912122  315
0.912143  345
0.912209  80
0.912273  203
0.912513  254
0.912556  197
0.912741  358
0.912892  61
0.913118  41
0.913199  146
0.913377  205
0.913517  232
0.913555  249
0.91358  97
0.913587  231
0.913592  228
0.913714  141
0.913716  129
0.913718  290
0.913853  395
0.914056  218
0.914204  10
0.914235  193
0.914467  390
0.914474  376
0.914587  380
0.914665  354
0.914725  171
0.914987  87
0.915084  164
0.915109  294
0.915184  59
0.915243  158
0.915309  100
0.915334  11
0.915396  385
0.915402  304
0.915449  363
0.915519  78
0.915624  18
0.915752  268
0.915861  381
0.915943  1
0.916036  383
0.916081  328
0.91615  34
0.916268  347
0.9164  394
0.916754  257
0.916755  36
0.916912  371
0.916955  260
0.917009  378
0.917011  136
0.917214  291
0.917349  311
0.917371  314
0.917396  352
0.917406  40
0.917698  343
0.917729  140
0.917738  387
0.917847  393
0.917906  360
0.918009  327
0.918115  386
0.918628  279
0.918758  179
0.918894  306
0.919161  338
0.919323  93
0.919439  275
0.919593  155
0.91964  364
0.919757  307
0.920281  361
0.920399  318
0.920414  69
0.920444  187
0.920464  301
0.920511  323
0.920824  359
0.920969  241
0.921279  6
0.921503  308
0.921929  337
0.921949  392
0.922027  331
0.923316  356
0.923458  316
0.924001  333
0.924586  195
0.92472  151
0.924804  334
0.924881  320
0.925107  201
0.925126  353
0.925174  305
0.925261  82
0.9255  57
0.925739  398
0.925821  375
0.925834  368
0.927133  189
0.927796  167
0.928502  391
0.928798  309
0.929253  388
0.92986  277
0.929967  215
0.931822  336
0.933968  42
0.934552  350
0.934959  367
0.935158  362
0.935164  344
0.935363  346
0.935647  312
0.935723  282
0.936214  325
0.937002  326
0.937104  340
0.937111  302
0.937458  73
0.939212  313
0.940003  278
0.940421  322
0.940519  377
0.941092  330
0.942898  174
0.943231  3
0.944409  192
0.94456  261
0.944737  339
0.945295  289
0.945488  12
0.945521  184
0.945924  237
0.946045  366
0.946465  253
0.946465  126
0.946766  162
0.947136  342
0.947449  246
0.947574  64
0.947592  382
0.94766  329
0.947673  341
0.947835  175
0.947857  372
0.947911  8
0.948032  188
0.94828  396
0.948485  89
0.948967  357
0.949477  274
0.949829  143
0.950027  374
0.950082  355
0.950448  370
0.950581  321
0.950648  49
0.950702  219
0.950781  157
0.951327  154
0.951357  213
0.951361  324
0.951677  32
0.951946  169
0.952018  349
0.95213  186
0.952285  271
0.952383  62
0.952496  132
0.953022  27
0.953463  14
0.95354  263
0.954037  135
0.954086  236
0.95449  81
0.954916  281
0.954957  379
0.955048  256
0.955146  255
0.955158  114
0.955214  319
0.956258  94
0.95644  43
0.956967  176
0.957184  166
0.957233  365
0.957306  50
0.957372  251
0.957562  76
0.958159  332
0.958161  45
0.958435  369
0.958448  84
0.958473  90
0.95851  98
0.958607  224
0.958638  161
0.958831  315
0.958922  335
0.958965  65
0.959092  75
0.95929  259
0.959342  105
0.959827  286
0.959891  66
0.960019  351
0.960155  390
0.9602  300
0.960211  385
0.960258  7
0.960426  265
0.960435  204
0.960598  354
0.960606  182
0.96086  156
0.960888  96
0.960911  103
0.960938  185
0.960984  392
0.961011  327
0.961097  310
0.961135  211
0.96118  16
0.96121  160
0.961219  358
0.961295  52
0.96133  31
0.961364  334
0.961379  111
0.961458  292
0.96152  48
0.961688  206
0.961734  131
0.961791  95
0.961841  376
0.961914  110
0.961975  35
0.961988  384
0.961991  172
0.962037  28
0.962041  338
0.962076  375
0.962256  320
0.962263  238
0.962424  273
0.962715  353
0.962776  63
0.962794  121
0.962954  285
0.963162  308
0.963174  227
0.963176  328
0.963193  352
0.963327  333
0.9634  200
0.96341  5
0.963505  298
0.963587  242
0.963594  368
0.963651  316
0.963809  17
0.963875  306
0.963899  9
0.963936  381
0.963972  208
0.964135  378
0.964178  387
0.964415  323
0.964546  383
0.964579  336
0.964616  361
0.964682  363
0.964684  359
0.964738  301
0.964752  342
0.964863  262
0.965065  247
0.965141  287
0.965391  30
0.96545  196
0.965494  183
0.965627  399
0.965629  395
0.966134  386
0.966446  373
0.966547  380
0.966702  347
0.967339  212
0.967396  197
0.967523  311
0.967667  79
0.967959  314
0.968246  240
0.969868  198
0.970436  119
0.970542  344
0.970564  371
0.970616  394
0.971277  303
0.972086  360
0.972325  367
0.97236  356
0.972637  343
0.973253  322
0.973842  130
0.973959  312
0.974951  220
0.975186  293
0.975586  345
0.975769  364
0.976431  307
0.976475  317
0.977298  330
0.9784  389
0.978794  372
0.978934  331
0.979446  67
0.981926  362
0.98329  173
0.983386  329
0.984335  370
0.984527  297
0.984537  388
0.985431  337
0.986823  398
0.986846  138
0.98774  309
0.98784  318
0.989644  326
0.990035  29
0.99019  346
0.991071  283
0.991482  280
0.991694  33
0.991979  348
0.992083  305
0.992249  202
0.992574  122
0.992893  117
0.993125  159
0.993212  397
0.99354  282
0.99357  288
0.99377  234
0.993782  147
0.994074  296
0.994459  124
0.994504  181
0.994568  101
0.994901  377
0.995264  4
0.995329  144
0.995917  115
0.995937  269
0.996295  152
0.996472  199
0.996491  137
0.996558  304
0.996823  276
0.996905  86
0.997026  254
0.997059  177
0.997132  340
0.997135  225
0.997165  36
0.99726  302
0.997287  366
0.997365  123
0.997461  313
0.997466  232
0.997576  228
0.997751  106
0.997818  339
0.997991  34
0.998067  325
0.998128  6
0.998141  382
0.99826  99
0.998424  23
0.99843  284
0.998464  37
0.998774  44
0.9988  235
0.998856  226
0.999184  349
0.999416  108
0.999425  88
0.999462  217
0.999549  1
0.999571  170
0.999815  187
0.999855  145
0.999932  74
0.999958  10
