0.0366243  281
0.0383036  372
0.0385727  14
0.0386291  312
0.0389879  289
0.039054  101
0.0390917  156
0.039376  93
0.0393793  215
0.0398246  396
0.0400862  38
0.0402748  85
0.0402779  350
0.0403401  104
0.0406147  386
0.0406721  258
0.0407277  213
0.0408988  382
0.0410295  2
0.0410814  380
0.0411764  376
0.0412937  193
0.0413132  184
0.0414343  61
0.0415606  197
0.0415888  16
0.041642  181
0.0417844  152
0.0421224  172
0.0421345  208
0.0422204  43
0.0423125  63
0.0423151  293
0.0424646  170
0.0425044  245
0.0425371  0
0.0426579  110
0.0426851  133
0.0427758  161
0.0428309  302
0.0428328  383
0.0428551  342
0.0428767  282
0.0429215  83
0.0429468  206
0.0430333  365
0.0430551  157
0.0431222  343
0.0431543  306
0.0432302  162
0.0432679  189
0.0432703  95
0.0432721  68
0.0433055  390
0.0433223  385
0.0433425  319
0.0433926  31
0.0433931  168
0.0433989  44
0.0434532  381
0.0434679  323
0.0434754  151
0.043549  260
0.0437675  262
0.043866  325
0.0440607  294
0.0441063  324
0.0441615  311
0.0444006  313
0.0444559  41
0.0444598  190
0.0444998  303
0.0445162  207
0.0447121  397
0.0448218  333
0.0450265  265
0.045063  84
0.0450756  178
0.0451228  287
0.0452005  353
0.0452094  373
0.0452904  332
0.0453016  292
0.0453272  354
0.0453543  126
0.0453589  374
0.0453679  398
0.0454488  223
0.0454609  147
0.0457132  356
0.0458465  336
0.0459419  29
0.0459964  148
0.046201  335
0.0462142  377
0.0463434  352
0.0464398  42
0.046464  155
0.0465519  284
0.0469958  370
0.047185  355
0.0475223  130
0.0478191  204
0.0478266  308
0.0479364  54
0.0479518  138
0.0480201  315
0.0480486  150
0.0480742  25
0.0481833  337
0.0482279  334
0.0482743  67
0.0482783  358
0.0483823  176
0.0485696  393
0.0489184  4
0.0490655  375
0.0490945  359
0.0491026  364
0.0491037  316
0.0491729  11
0.0491746  128
0.0493254  395
0.0495035  363
0.0495319  246
0.0495722  357
0.0500988  250
0.0501506  378
0.0502336  209
0.050299  362
0.0504622  379
0.0504771  37
0.0509882  65
0.051184  154
0.0512587  391
0.0517764  394
0.0519045  360
0.0519191  388
0.0519207  15
0.0521883  304
0.0523909  351
0.0532027  339
0.0537941  389
0.0538578  321
0.0541238  314
0.0543728  301
0.0547561  361
0.055023  331
0.0550467  338
0.0569193  399
0.0570264  368
0.0573264  233
0.0584808  392
0.0585423  139
0.0586384  330
0.0589666  346
0.0598085  307
0.0600558  158
0.0605944  320
0.0606801  340
0.0606838  349
0.0609255  309
0.0624004  387
0.0629263  327
0.0660115  7
0.0663018  226
0.0665238  341
0.0669845  329
0.0676072  224
0.0682728  322
0.0684693  109
0.0688111  344
0.0688767  269
0.0688858  62
0.0693882  230
0.0695401  47
0.0695637  266
0.0695731  229
0.0695844  371
0.0696949  88
0.0699287  369
0.0699817  300
0.0700311  348
0.0701831  276
0.0702659  167
0.0704047  247
0.0704216  326
0.0708956  305
0.0715147  201
0.0716454  317
0.0720549  17
0.0731365  318
0.0736072  310
0.0741745  74
0.0743464  137
0.074452  116
0.0746252  23
0.0747714  45
0.0753576  272
0.0754158  328
0.0754338  103
0.0755546  366
0.0755666  283
0.075613  113
0.0757615  367
0.0759119  384
0.0759659  288
0.0759918  98
0.076394  347
0.0764144  21
0.0770893  118
0.0771459  105
0.0771915  192
0.0773208  20
0.0773518  51
0.0776516  273
0.0776626  123
0.0776994  169
0.0778859  216
0.0784878  182
0.0785372  180
0.0785983  174
0.0786095  36
0.0786819  195
0.0787142  35
0.0787165  50
0.0787783  345
0.0787788  225
0.0794615  237
0.0796615  278
0.0796901  5
0.079733  119
0.0797698  253
0.0798145  94
0.0798588  136
0.0799031  99
0.0799676  257
0.0802497  69
0.0804131  22
0.0805222  75
0.0806015  382
0.0806084  117
0.0806431  27
0.0806718  286
0.0807534  70
0.0807773  268
0.0808151  82
0.0808693  6
0.0809342  3
0.0809805  145
0.0810655  263
0.0810694  72
0.0810844  218
0.0811446  165
0.0811717  232
0.0811987  49
0.0812733  295
0.081279  108
0.0813828  127
0.0814012  166
0.0814546  140
0.0814702  33
0.0815089  242
0.0815569  256
0.0815578  144
0.0815584  238
0.0815721  135
0.0816863  244
0.0817164  66
0.0817644  102
0.0817675  92
0.081779  188
0.081809  164
0.0818241  143
0.081844  221
0.0818921  18
0.0819022  186
0.0819579  129
0.0819721  57
0.0819937  331
0.0820043  107
0.0820051  8
0.0820071  97
0.0820146  275
0.082026  277
0.0820629  183
0.0821117  142
0.0821344  55
0.0821746  243
0.0821776  267
0.0822103  398
0.0822461  139
0.082298  249
0.0823079  58
0.0823504  53
0.0823657  214
0.0823857  81
0.0823961  314
0.0824236  279
0.0824688  324
0.0824887  335
0.0825127  383
0.0826259  334
0.0826722  73
0.0826941  171
0.0827108  64
0.0827148  60
0.082728  106
0.0827442  363
0.0827811  122
0.0828407  337
0.0828566  13
0.0828699  120
0.0829099  212
0.0829369  251
0.0830156  141
0.0830633  175
0.0830689  196
0.0831281  339
0.0831581  124
0.0832167  203
0.0832256  270
0.0832269  148
0.0832535  40
0.0832538  376
0.0832542  364
0.083257  370
0.0832852  125
0.0833379  100
0.0833512  325
0.0833769  56
0.0834447  358
0.0834621  350
0.0834791  227
0.0835051  24
0.0835505  296
0.0836597  291
0.0836915  353
0.0837143  360
0.0837159  372
0.083743  355
0.0838025  261
0.0838166  377
0.0839605  219
0.0841382  187
0.0841449  280
0.0841683  202
0.0843879  200
0.0843969  217
0.0844259  362
0.0846228  316
0.0846406  381
0.0846678  332
0.0846695  342
0.084761  44
0.0847686  121
0.0847769  304
0.0848059  361
0.0848792  390
0.084906  132
0.0849193  389
0.0849386  299
0.085001  323
0.0850592  340
0.0850719  241
0.0850834  359
0.0851491  160
0.0852869  15
0.085291  336
0.0854161  368
0.0855395  306
0.085547  373
0.0855835  309
0.085615  397
0.0857059  348
0.085824  303
0.0862625  26
0.0862966  365
0.0863021  343
0.0863319  393
0.0865861  308
0.0868666  387
0.0869271  315
0.0872742  163
0.0872863  115
0.0875015  369
0.0876246  48
0.0878118  319
0.0879134  172
0.087921  341
0.0879837  333
0.0881178  30
0.0881495  194
0.0881584  388
0.0881596  391
0.0884491  338
0.0887881  375
0.0890554  311
0.0893003  379
0.0899826  346
0.0899858  357
0.0903132  354
0.0903845  394
0.0910104  297
0.0914167  322
0.0915779  317
0.0925737  321
0.0928794  378
0.0929044  191
0.0932304  320
0.0932524  395
0.0934962  351
0.0937782  67
0.0939491  302
0.0943137  371
0.094352  356
0.0943552  352
0.0944174  12
0.0966034  153
0.0966852  300
0.0967609  0
0.0968046  91
0.0974108  374
0.0974562  330
0.0977235  312
0.097833  76
0.0978707  298
0.0981906  329
0.0982036  248
0.0992705  259
0.0993875  384
0.0995657  198
0.100219  87
0.100346  185
0.10076  149
0.100773  255
0.101011  264
0.101081  349
0.101522  38
0.101661  290
0.101905  392
0.102091  385
0.102148  240
0.102417  399
0.102522  46
0.10274  265
0.102983  307
0.103028  254
0.10347  313
0.103484  382
0.103776  327
0.104546  162
0.104583  9
0.104861  19
0.105056  380
0.105075  367
0.105315  199
0.106526  78
0.106873  112
0.107252  301
0.107261  25
0.107374  239
0.107375  274
0.107855  114
0.107864  179
0.108259  396
0.108394  43
0.108441  335
0.10864  222
0.110145  86
0.110172  347
0.110234  126
0.110315  34
0.110367  363
0.110392  79
0.110658  370
0.110752  10
0.111151  386
0.111402  4
0.111414  231
0.111972  77
0.112016  29
0.112081  245
0.112152  168
0.112371  344
0.112537  252
0.112615  383
0.112953  284
0.112992  326
0.113218  146
0.113334  31
0.113639  328
0.113671  306
0.114644  178
0.114727  65
0.114748  282
0.114909  376
0.11531  381
0.115332  131
0.115498  358
0.115998  45
0.116503  80
0.116745  41
0.117321  305
0.118256  224
0.118415  388
0.11902  74
0.119351  28
0.119361  159
0.119364  32
0.119526  14
0.119591  246
0.120269  177
0.120358  217
0.120358  337
0.120396  212
0.120705  155
0.120766  332
0.121057  152
0.121176  147
0.12125  391
0.12136  303
0.121369  206
0.121406  341
0.121443  156
0.121464  235
0.121527  360
0.122076  387
0.122138  226
0.122223  270
0.122286  281
0.122306  2
0.1225  271
0.122572  331
0.122772  366
0.12318  96
0.123322  353
0.123525  227
0.123748  309
0.124081  228
0.124111  350
0.124128  348
0.124137  389
0.124277  167
0.124309  322
0.124566  160
0.124784  88
0.125073  122
0.125096  314
0.12525  236
0.125477  377
0.126288  121
0.126432  273
0.126791  397
0.126829  308
0.127031  361
0.127136  351
0.127317  184
0.127347  393
0.127941  342
0.12801  362
0.128124  339
0.128362  357
0.13064  312
0.130913  59
0.131034  324
0.131949  372
0.132074  166
0.132398  250
0.132658  318
0.132846  316
0.133397  175
0.133627  378
0.133954  325
0.134082  172
0.134186  379
0.13443  394
0.134458  133
0.134931  233
0.135525  320
0.135563  365
0.135774  111
0.136001  247
0.136077  319
0.136389  398
0.137099  81
0.13733  384
0.137635  333
0.137667  101
0.137814  356
0.138289  230
0.138332  330
0.139059  37
0.139102  390
0.139347  315
0.139555  210
0.139715  71
0.13988  165
0.140181  346
0.14062  364
0.140774  336
0.141736  334
0.142189  340
0.142855  307
0.143224  321
0.145413  242
0.145682  52
0.146132  39
0.146207  352
0.14702  150
0.147228  343
0.147254  369
0.147976  374
0.147991  338
0.148047  349
0.148341  267
0.14854  395
0.149046  11
0.149252  329
0.149264  191
0.149749  277
0.150526  310
0.15179  61
0.152404  317
0.152414  354
0.152892  311
0.152912  373
0.15382  368
0.15398  220
0.154882  95
0.155234  201
0.155622  382
0.156044  134
0.156139  335
0.157517  57
0.157951  380
0.158006  300
0.158352  221
0.158894  38
0.159457  161
0.159599  375
0.159681  205
0.160032  7
0.160151  294
0.160163  197
0.160696  345
0.160713  359
0.161517  291
0.161695  174
0.161804  350
0.162217  5
0.16231  44
0.162333  176
0.162345  15
0.162499  208
0.162603  258
0.162706  301
0.163053  23
0.163159  87
0.163254  218
0.163387  243
0.163389  323
0.163543  399
0.163549  302
0.163577  392
0.163674  363
0.163806  100
0.164108  260
0.164125  187
0.164308  164
0.164445  385
0.164805  190
0.165111  178
0.165728  214
0.165838  371
0.165993  138
0.166626  299
0.166731  173
0.166806  245
0.166947  207
0.167043  94
0.16711  163
0.167239  251
0.167243  170
0.167259  140
0.1675  55
0.167551  276
0.167671  137
0.167763  115
0.167787  20
0.167849  84
0.167983  370
0.167998  219
0.16809  30
0.168249  64
0.168309  73
0.168352  8
0.168362  99
0.168517  289
0.168518  266
0.168552  304
0.16856  107
0.168615  344
0.168641  128
0.168758  283
0.168768  255
0.168772  209
0.168865  113
0.168896  381
0.168958  383
0.16908  183
0.169099  358
0.169242  6
0.169344  108
0.169529  269
0.169533  67
0.169541  292
0.169674  79
0.169744  376
0.169767  305
0.169783  153
0.169853  151
0.169924  203
0.17008  332
0.170082  83
0.170112  326
0.170125  211
0.170286  213
0.170388  393
0.170408  297
0.170415  19
0.170482  353
0.170538  387
0.170737  262
0.170767  225
0.170869  16
0.170899  63
0.170943  313
0.170963  141
0.171096  103
0.171104  42
0.171104  154
0.171136  367
0.171237  265
0.171258  98
0.171349  285
0.171362  45
0.171373  372
0.17144  322
0.171462  366
0.171707  396
0.171709  132
0.171771  327
0.171918  309
0.171931  120
0.172058  110
0.172225  334
0.172267  374
0.172399  252
0.172589  389
0.172648  347
0.172699  204
0.172956  362
0.172983  308
0.17304  181
0.173537  318
0.174064  175
0.174359  339
0.174464  222
0.174478  193
0.174492  394
0.174567  316
0.174633  202
0.174921  237
0.174997  54
0.175233  355
0.175255  287
0.175284  303
0.175543  306
0.175703  346
0.176025  257
0.176191  49
0.176578  330
0.176638  189
0.176867  86
0.176882  331
0.176921  275
0.177006  388
0.177148  391
0.177168  360
0.177636  123
0.177738  315
0.177882  136
0.178075  361
0.178308  337
0.178365  395
0.178654  250
0.178678  106
0.17875  341
0.179112  232
0.179319  369
0.179748  0
0.179873  320
0.17992  196
0.18017  390
0.180644  384
0.180863  46
0.181228  70
0.181282  386
0.181395  368
0.181407  17
0.181676  379
0.181677  177
0.181722  364
0.18187  357
0.182059  124
0.182148  328
0.182152  398
0.182599  348
0.182928  25
0.183293  312
0.18354  351
0.184406  324
0.186219  9
0.186261  365
0.186439  247
0.186483  336
0.186611  40
0.186996  278
0.187352  114
0.187432  130
0.187726  145
0.188014  72
0.18804  356
0.188147  377
0.188179  21
0.188293  37
0.188347  116
0.188733  223
0.188737  317
0.188791  296
0.188927  378
0.189026  271
0.189126  274
0.189209  75
0.189211  105
0.189256  329
0.189292  342
0.189337  93
0.189393  314
0.189694  43
0.19022  199
0.19042  293
0.191041  382
0.191372  48
0.191617  90
0.191813  295
0.192231  319
0.192337  97
0.192372  321
0.19238  349
0.192444  397
0.192458  338
0.192844  354
0.193254  148
0.193784  345
0.19406  231
0.194065  233
0.194501  224
0.195016  325
0.195036  1
0.195036  82
0.195194  179
0.195686  343
0.195745  385
0.195851  335
0.195886  254
0.196073  396
0.196201  373
0.196386  310
0.196501  33
0.196785  22
0.197262  359
0.19777  307
0.197964  340
0.198673  380
0.199182  85
0.200136  101
0.201173  71
0.201405  166
0.201429  332
0.201733  119
0.202013  62
0.202172  226
0.202247  157
0.202433  104
0.202471  3
0.202476  333
0.202717  125
0.202817  381
0.202935  195
0.20297  216
0.203192  144
0.203274  375
0.203335  352
0.203955  188
0.204409  311
0.204875  270
0.204915  326
0.205976  215
0.206097  66
0.206367  68
0.207009  248
0.207155  301
0.207265  305
0.207375  27
0.207421  10
0.207501  158
0.20752  322
0.207524  363
0.207624  234
0.207769  159
0.207873  331
0.207925  389
0.208185  303
0.208631  360
0.209032  89
0.209212  162
0.20933  350
0.209354  47
0.210354  280
0.210761  267
0.210926  323
0.21099  376
0.211147  387
0.211561  249
0.211979  388
0.212326  392
0.21268  227
0.213503  51
0.213909  369
0.214085  228
0.214206  217
0.214973  399
0.215156  316
0.215649  374
0.215662  212
0.215691  91
0.2158  74
0.215873  302
0.21634  355
0.217094  111
0.217307  192
0.217391  60
0.217609  300
0.217862  59
0.218666  246
0.218694  309
0.218967  194
0.219154  393
0.219324  341
0.219445  348
0.219695  14
0.220013  34
0.220052  63
0.220366  344
0.220569  156
0.220998  230
0.221112  96
0.221401  241
0.221458  328
0.221535  122
0.221679  23
0.222014  272
0.22202  61
0.222298  281
0.222438  370
0.222549  279
0.222626  386
0.222649  298
0.222772  4
0.222932  358
0.222935  379
0.222952  184
0.223172  366
0.223585  313
0.223919  367
0.22395  52
0.224174  26
0.224265  391
0.224292  346
0.224407  334
0.224553  372
0.22478  141
0.224914  206
0.225091  394
0.225443  285
0.225816  58
0.22753  308
0.227839  362
0.22816  131
0.228652  92
0.22871  18
0.228972  268
0.229159  186
0.229233  398
0.229237  320
0.229852  325
0.229878  242
0.230262  382
0.230336  371
0.230356  277
0.230371  383
0.23059  171
0.231419  253
0.231895  290
0.232497  368
0.232693  339
0.232694  307
0.233256  31
0.23398  261
0.23418  56
0.234344  143
0.234389  356
0.23471  208
0.234759  146
0.235244  258
0.235268  347
0.235478  397
0.23559  147
0.235616  169
0.235696  235
0.235942  378
0.236347  233
0.236533  361
0.236574  318
0.236729  263
0.23683  29
0.236973  135
0.237142  80
0.237219  139
0.237353  12
0.237433  337
0.237654  237
0.237729  118
0.238024  354
0.238177  319
0.23819  327
0.238549  205
0.238722  77
0.239003  11
0.239089  67
0.239109  45
0.239373  183
0.239559  112
0.239589  100
0.239613  381
0.239638  333
0.23968  134
0.239752  338
0.239959  310
0.240292  225
0.240295  395
0.240316  331
0.240711  5
0.241074  50
0.241116  336
0.241675  351
0.241685  256
0.241743  13
0.241776  390
0.241782  172
0.242029  295
0.242075  349
0.242165  304
0.242662  210
0.243077  236
0.243231  129
0.24325  306
0.243285  342
0.243588  164
0.243772  284
0.244066  396
0.244182  321
0.244222  103
0.244415  364
0.244512  352
0.245281  70
0.245799  357
0.245811  377
0.246008  330
0.246542  387
0.246827  384
0.248574  240
0.249023  345
0.249386  329
0.249518  95
0.249647  303
0.249884  373
0.250285  359
0.250436  185
0.250571  133
0.250652  39
0.251129  149
0.251197  335
0.251271  301
0.251698  121
0.251706  375
0.252212  152
0.252796  161
0.252893  220
0.253502  150
0.253781  324
0.253802  389
0.25398  282
0.255104  168
0.256055  343
0.256064  190
0.256268  204
0.256459  259
0.256533  311
0.25664  182
0.256712  388
0.256792  46
0.256912  7
0.257315  138
0.257359  57
0.257412  314
0.257641  353
0.257829  273
0.257929  68
0.258011  78
0.258036  365
0.258374  200
0.258419  107
0.258721  173
0.258723  64
0.258791  37
0.258946  201
0.259  315
0.259037  113
0.259063  363
0.259114  202
0.259189  391
0.259209  175
0.259273  65
0.259319  394
0.259344  15
0.259412  323
0.259434  346
0.259713  181
0.260015  305
0.260166  166
0.260338  109
0.260339  137
0.260354  393
0.260917  385
0.261083  264
0.261347  3
0.26135  106
0.26192  136
0.262005  22
0.262085  350
0.262252  392
0.262344  369
0.262513  36
0.262531  293
0.262601  178
0.262687  84
0.26287  33
0.26291  72
0.263112  332
0.263145  73
0.263366  75
0.26353  275
0.263548  328
0.263803  270
0.263967  53
0.264  9
0.264078  2
0.264383  362
0.264383  380
0.264418  367
0.264626  302
0.264775  317
0.264856  55
0.265447  54
0.265553  221
0.265853  211
0.265859  254
0.2659  294
0.265921  307
0.266219  66
0.266264  111
0.266266  151
0.266307  399
0.26632  313
0.266399  231
0.266424  289
0.266524  198
0.26657  334
0.266816  312
0.266924  292
0.267046  81
0.267099  276
0.267317  140
0.267321  123
0.267412  340
0.267445  370
0.267494  88
0.267522  6
0.267705  79
0.267733  278
0.267742  234
0.267742  238
0.267777  219
0.267934  35
0.267974  336
0.268208  271
0.268312  21
0.268314  348
0.268389  316
0.268559  197
0.268574  86
0.268966  180
0.268975  344
0.269105  355
0.269341  269
0.269596  326
0.270045  322
0.270075  69
0.27022  300
0.270388  382
0.270396  364
0.270517  32
0.271113  255
0.271188  19
0.271632  331
0.271734  148
0.271913  122
0.271913  383
0.272002  358
0.272258  274
0.272316  91
0.27233  376
0.272763  287
0.272808  319
0.272906  187
0.272966  339
0.273359  379
0.273559  252
0.273703  330
0.273797  167
0.274192  387
0.274302  309
0.274324  26
0.274341  308
0.274371  381
0.274924  213
0.275299  34
0.27568  192
0.276183  361
0.276218  8
0.276648  265
0.276719  372
0.276908  325
0.276955  60
0.277078  241
0.277145  177
0.277242  153
0.27767  291
0.277893  102
0.277991  83
0.278004  386
0.278121  218
0.278319  162
0.278424  351
0.278562  170
0.278733  239
0.278802  304
0.278853  212
0.279067  318
0.279505  341
0.279569  28
0.279721  310
0.27976  320
0.279776  89
0.279803  398
0.279879  321
0.279918  87
0.280249  245
0.280374  349
0.281119  329
0.281353  354
0.281439  384
0.281515  228
0.281779  375
0.281909  347
0.282042  226
0.283089  59
0.283515  333
0.283632  242
0.28426  5
0.284978  142
0.284998  357
0.285275  368
0.285303  360
0.285404  195
0.285535  116
0.285549  189
0.28561  110
0.286065  335
0.286174  115
0.286209  390
0.286375  105
0.28638  353
0.286387  371
0.286575  154
0.286788  16
0.286819  301
0.286858  27
0.286934  397
0.287123  1
0.287245  327
0.287606  229
0.288434  395
0.289249  299
0.289945  314
0.290133  378
0.290246  24
0.290247  342
0.290329  130
0.290382  18
0.290745  366
0.290762  338
0.291321  377
0.291447  356
0.291471  215
0.292304  246
0.292816  94
0.293488  247
0.293879  396
0.293915  232
0.293988  399
0.294161  41
0.294183  131
0.294228  352
0.294306  126
0.294432  374
0.294518  388
0.294602  97
0.295004  373
0.295841  76
0.296001  393
0.296646  306
0.296913  45
0.298003  332
0.298592  380
0.299403  391
0.29999  114
0.300162  196
0.300419  343
0.300567  20
0.300568  345
0.300939  40
0.301607  80
0.302024  64
0.302028  217
0.30227  190
0.302404  313
0.302464  127
0.302538  145
0.303189  339
0.30339  85
0.303479  146
0.303493  185
0.303499  214
0.304374  193
0.304442  206
0.304467  67
0.304617  260
0.304749  163
0.305076  267
0.305134  369
0.305181  49
0.305287  317
0.305583  328
0.305855  186
0.306121  324
0.30632  181
0.306347  44
0.306392  203
0.306419  337
0.306525  222
0.307157  238
0.307469  249
0.307498  47
0.307742  0
0.307939  359
0.307944  184
0.307967  346
0.308447  174
0.308492  288
0.308556  250
0.308653  128
0.308742  316
0.308825  302
0.308845  261
0.30886  149
0.308866  290
0.30893  398
0.30914  389
0.309171  120
0.309577  300
0.310185  350
0.310264  322
0.310341  307
0.310432  58
0.310582  362
0.310895  341
0.310939  179
0.311654  15
0.311656  125
0.311727  303
0.311729  363
0.311951  209
0.31206  207
0.312078  273
0.312244  12
0.312283  52
0.312452  53
0.312561  141
0.312739  365
0.312753  308
0.312869  355
0.313265  310
0.313548  323
0.313596  283
0.313832  394
0.313901  199
0.313986  48
0.314002  164
0.314067  248
0.314978  121
0.315036  95
0.31521  88
0.315231  111
0.315268  295
0.315273  383
0.315581  134
0.315588  364
0.315664  17
0.315724  108
0.315744  264
0.315749  30
0.315863  113
0.315899  298
0.315934  340
0.315984  65
0.316124  100
0.31631  315
0.316455  370
0.316527  312
0.316579  200
0.316659  349
0.317081  348
0.317099  378
0.317536  319
0.317733  331
0.318024  243
0.318029  375
0.318042  102
0.318495  220
0.318602  277
0.318665  311
0.318677  386
0.319359  334
0.319423  183
0.320432  224
0.320495  360
0.320539  321
0.32086  237
0.320911  358
0.320951  188
0.321062  178
0.321102  329
0.321121  372
0.321178  25
0.321318  75
0.321348  166
0.321529  9
0.321837  392
0.32194  336
0.322406  382
0.322423  361
0.322569  92
0.322864  171
0.322932  327
0.323026  320
0.323137  305
0.323333  10
0.323858  129
0.324096  390
0.324106  351
0.324896  266
0.325376  377
0.325913  330
0.326199  244
0.326653  384
0.326969  61
0.326988  376
0.326998  301
0.327009  385
0.327058  172
0.3282  210
0.328405  318
0.328674  374
0.329219  165
0.329401  399
0.32966  367
0.330409  205
0.330632  344
0.331856  143
0.331934  368
0.332296  241
0.332471  251
0.332719  397
0.332761  287
0.332848  281
0.333299  357
0.333465  280
0.333495  325
0.333677  230
0.334137  235
0.334325  233
0.334548  117
0.334597  309
0.335033  387
0.335288  396
0.335311  18
0.335369  314
0.335732  286
0.335734  272
0.335986  101
0.336227  339
0.33718  345
0.337317  191
0.337489  74
0.337721  77
0.33787  395
0.338905  381
0.339237  202
0.339528  218
0.339575  304
0.339963  194
0.340041  284
0.340107  335
0.34021  326
0.340227  352
0.340383  333
0.340384  38
0.34041  379
0.34125  388
0.341606  398
0.343258  148
0.343747  204
0.344082  313
0.344798  393
0.34483  151
0.345005  212
0.345557  90
0.346386  366
0.346448  97
0.346575  176
0.346797  353
0.347371  354
0.347631  285
0.34785  225
0.347907  380
0.347938  37
0.348008  271
0.348303  338
0.348447  173
0.348555  342
0.348557  316
0.348718  347
0.349695  139
0.349924  343
0.350075  99
0.350547  373
0.350589  104
0.351264  189
0.351489  300
0.351967  43
0.352036  13
0.352219  371
0.35225  236
0.352756  8
0.352889  263
0.353203  161
0.353298  94
0.353366  36
0.353794  6
0.353997  390
0.354376  332
0.354474  82
0.354508  160
0.354858  356
0.355003  223
0.355016  150
0.355021  115
0.355194  159
0.355347  302
0.35562  72
0.355757  119
0.355777  311
0.355921  306
0.356181  66
0.35673  169
0.356747  156
0.356831  227
0.356991  144
0.357054  211
0.357267  289
0.357509  23
0.357745  328
0.357811  132
0.357843  55
0.357953  257
0.358016  32
0.358124  56
0.358148  255
0.358155  364
0.358262  182
0.35835  219
0.358355  340
0.358373  192
0.35839  215
0.358422  73
0.358434  329
0.358593  290
0.358684  130
0.358808  63
0.358872  147
0.359045  24
0.359107  346
0.359142  234
0.359147  323
0.359227  198
0.359424  389
0.359724  297
0.359876  175
0.359881  79
0.360147  155
0.360261  21
0.36045  310
0.360488  391
0.36049  62
0.360503  359
0.360513  334
0.360665  157
0.36073  247
0.360772  93
0.360869  317
0.360952  11
0.360992  170
0.361129  292
0.361256  201
0.361257  324
0.361341  216
0.36141  152
0.361425  369
0.361555  253
0.361623  296
0.361824  350
0.361824  349
0.361863  299
0.361875  7
0.362276  213
0.362329  122
0.362404  337
0.362817  239
0.363073  89
0.363232  372
0.363488  376
0.363493  274
0.363547  385
0.363698  282
0.363815  0
0.364  322
0.364077  87
0.364339  392
0.364344  15
0.364414  240
0.364513  325
0.36453  184
0.364617  357
0.36467  265
0.364784  341
0.364948  361
0.365319  268
0.365523  40
0.366151  344
0.366354  76
0.366408  69
0.36647  50
0.366642  370
0.366782  308
0.366841  367
0.367403  305
0.367461  383
0.367571  368
0.367616  397
0.367861  303
0.367875  307
0.368164  111
0.368254  399
0.368828  355
0.369621  16
0.369733  224
0.369738  110
0.370139  336
0.370372  221
0.370458  228
0.370516  78
0.370593  319
0.370737  137
0.371339  320
0.3725  348
0.372605  379
0.373046  330
0.373501  384
0.373733  245
0.374139  127
0.374304  395
0.374434  217
0.374492  106
0.374537  294
0.374699  331
0.374857  353
0.375131  394
0.375694  396
0.375933  262
0.376315  327
0.376348  145
0.376401  374
0.376608  304
0.376667  20
0.377654  351
0.377858  59
0.378083  28
0.378307  153
0.37849  309
0.37882  314
0.37914  321
0.379194  315
0.379863  4
0.379949  258
0.380314  386
0.380348  118
0.380479  199
0.380748  375
0.380915  53
0.381554  387
0.382118  378
0.382191  54
0.382225  345
0.38243  301
0.382556  358
0.382686  168
0.38269  67
0.38298  382
0.383596  338
0.384301  312
0.385246  311
0.385561  362
0.386561  195
0.386578  180
0.387199  377
0.387851  332
0.388408  178
0.388827  300
0.389304  326
0.389376  254
0.389592  388
0.391053  138
0.391592  373
0.392023  70
0.392096  293
0.39212  84
0.392127  363
0.39225  181
0.392618  313
0.392781  1
0.392813  335
0.393216  12
0.394184  174
0.39504  270
0.395578  58
0.395591  98
0.395739  60
0.395832  31
0.396156  107
0.396623  381
0.396753  41
0.396801  365
0.397058  218
0.397285  3
0.397315  22
0.397395  380
0.397453  46
0.397486  390
0.397587  261
0.397601  183
0.397683  393
0.39783  242
0.39788  71
0.397993  324
0.398213  342
0.398498  354
0.398512  97
0.398579  276
0.398807  30
0.39882  114
0.399491  339
0.399693  5
0.399811  360
0.399841  179
0.400565  193
0.400999  302
0.401103  42
0.401124  19
0.401365  158
0.401464  165
0.401583  366
0.40175  119
0.401824  197
0.402075  249
0.402164  154
0.402171  164
0.402172  278
0.402273  117
0.402295  352
0.402534  246
0.402679  23
0.402781  237
0.403232  328
0.403346  376
0.403411  230
0.403625  347
0.403631  236
0.403718  231
0.403786  208
0.403937  350
0.404109  333
0.40411  108
0.404132  166
0.404133  266
0.40414  269
0.404182  220
0.404208  101
0.404278  334
0.4043  398
0.404546  233
0.404575  109
0.404708  112
0.404758  136
0.404812  39
0.405018  298
0.405146  272
0.405314  116
0.405327  14
0.405358  267
0.405366  361
0.405431  283
0.405485  337
0.405502  188
0.405538  68
0.40558  346
0.405584  370
0.405598  121
0.405833  357
0.405906  143
0.405979  371
0.406003  65
0.406091  142
0.406185  105
0.40629  8
0.40655  167
0.406632  210
0.406797  341
0.406944  207
0.407077  251
0.407077  191
0.40711  135
0.407175  131
0.407178  392
0.407274  232
0.40737  329
0.407628  340
0.407653  372
0.408132  264
0.40835  120
0.40838  185
0.408391  325
0.408412  369
0.40866  256
0.408723  63
0.408756  307
0.408812  343
0.408981  162
0.409053  229
0.409164  186
0.409334  331
0.409336  85
0.409461  29
0.409487  6
0.409875  367
0.409918  159
0.410099  133
0.410181  359
0.410238  318
0.410255  306
0.410321  128
0.410341  140
0.410357  64
0.410424  368
0.410671  322
0.410716  320
0.410784  397
0.411042  364
0.411086  348
0.411303  292
0.41131  399
0.411515  57
0.411717  349
0.411885  43
0.412257  303
0.4125  304
0.412504  356
0.412595  86
0.412867  327
0.413017  248
0.413317  385
0.413407  310
0.413761  141
0.413829  2
0.413895  92
0.414262  259
0.415224  316
0.415232  314
0.415311  336
0.415336  309
0.415348  216
0.415764  321
0.416155  34
0.416337  383
0.417117  291
0.417282  182
0.417512  355
0.418413  273
0.418418  319
0.41854  214
0.418734  91
0.418875  389
0.418906  171
0.419199  317
0.419621  382
0.4198  374
0.420086  26
0.420327  96
0.420347  244
0.420502  252
0.420528  391
0.420659  315
0.420698  332
0.421202  387
0.421711  32
0.42225  285
0.422265  288
0.422266  394
0.422542  344
0.422734  223
0.42316  49
0.423318  284
0.424136  386
0.424191  59
0.424451  353
0.424466  37
0.424574  379
0.425044  206
0.42512  396
0.42517  87
0.425248  77
0.425531  384
0.426416  44
0.426517  33
0.426841  35
0.42687  295
0.427056  151
0.427068  351
0.427071  262
0.427138  10
0.427624  312
0.427631  51
0.427751  76
0.427756  377
0.427824  110
0.427881  225
0.427883  395
0.427951  215
0.428005  81
0.428018  326
0.428155  308
0.428186  194
0.428322  305
0.428575  134
0.428662  378
0.4287  75
0.428967  330
0.429328  200
0.429579  25
0.429737  145
0.430362  358
0.430531  168
0.430632  149
0.430702  275
0.430714  380
0.431173  362
0.431265  226
0.431274  250
0.431401  243
0.431541  324
0.431791  323
0.43181  13
0.432086  313
0.432117  328
0.432123  125
0.432295  45
0.432365  24
0.432393  365
0.433054  113
0.433155  74
0.433361  56
0.433605  102
0.433968  311
0.434902  335
0.435066  301
0.435304  90
0.43546  366
0.435931  296
0.436099  338
0.436428  318
0.436599  339
0.436899  209
0.437137  375
0.437148  388
0.437405  139
0.437821  28
0.438323  300
0.438605  54
0.438771  342
0.438913  202
0.439129  42
0.439498  373
0.440068  122
0.440108  116
0.440156  58
0.440348  94
0.440392  9
0.440554  104
0.441462  357
0.441567  146
0.441622  89
0.443058  369
0.443654  161
0.443713  143
0.443792  254
0.443834  355
0.443947  258
0.44407  340
0.444108  126
0.444408  177
0.444521  276
0.4446  72
0.444613  236
0.44466  376
0.44476  320
0.444809  304
0.444917  345
0.44584  222
0.446464  174
0.446493  399
0.446503  360
0.446661  130
0.446765  241
0.446789  221
0.446827  352
0.446862  189
0.447079  299
0.447102  371
0.447265  392
0.44751  347
0.447874  55
0.447967  204
0.447981  100
0.448424  322
0.44844  354
0.448823  187
0.448883  79
0.448997  99
0.449405  297
0.449509  253
0.44962  329
0.449669  341
0.449671  277
0.44968  3
0.449789  336
0.449845  201
0.449863  370
0.450142  190
0.450154  398
0.450268  73
0.45029  302
0.450331  15
0.450342  199
0.450617  163
0.450737  166
0.450825  314
0.450886  397
0.451369  78
0.451484  350
0.451731  325
0.452013  115
0.452817  363
0.453019  348
0.453069  124
0.453141  196
0.453426  211
0.453475  88
0.453756  303
0.453847  172
0.454004  393
0.454082  120
0.454256  228
0.454753  374
0.454853  309
0.455013  356
0.455205  333
0.455887  229
0.456087  364
0.456463  390
0.456495  106
0.456684  344
0.456944  183
0.457313  257
0.457593  337
0.458357  306
0.458774  387
0.45879  315
0.459362  247
0.4594  391
0.459795  331
0.460769  321
0.460959  365
0.461537  64
0.461802  381
0.46192  395
0.462397  21
0.462549  151
0.462887  396
0.463021  271
0.463039  361
0.463269  349
0.463283  217
0.463308  212
0.463557  385
0.463667  158
0.464494  372
0.464495  305
0.465257  359
0.465541  265
0.465757  287
0.466923  147
0.46749  327
0.468135  40
0.468613  294
0.468632  207
0.468728  394
0.469112  181
0.469646  323
0.469751  382
0.469808  343
0.470156  128
0.471119  93
0.471123  316
0.472143  367
0.472464  383
0.472482  11
0.473774  368
0.473825  0
0.473902  310
0.475117  98
0.475656  289
0.47627  198
0.476445  313
0.476611  307
0.476828  312
0.477253  83
0.477506  319
0.477988  334
0.478546  377
0.478624  342
0.479079  20
0.479105  237
0.479298  133
0.479586  353
0.479786  260
0.479876  164
0.479901  105
0.480237  48
0.480764  155
0.480998  213
0.481069  259
0.481104  384
0.481458  308
0.48163  175
0.481759  184
0.481774  157
0.481855  156
0.482001  267
0.482112  362
0.48212  324
0.482165  86
0.482218  332
0.482323  182
0.482576  326
0.482635  386
0.4827  176
0.48353  279
0.48373  278
0.483755  389
0.483903  153
0.48418  379
0.484492  29
0.484615  317
0.484888  137
0.485306  380
0.485343  60
0.485589  118
0.486497  376
0.48666  263
0.486702  290
0.486867  227
0.486961  186
0.487111  179
0.487126  311
0.487132  266
0.487474  87
0.487666  240
0.487807  346
0.487862  169
0.488238  268
0.488389  281
0.488465  336
0.488542  69
0.488555  284
0.488557  339
0.488723  141
0.488845  216
0.488852  96
0.489114  165
0.489192  210
0.489317  300
0.48939  2
0.489466  167
0.489517  355
0.489602  335
0.489612  129
0.489713  150
0.489721  338
0.489976  4
0.490014  112
0.490028  16
0.490034  272
0.490479  293
0.490581  328
0.49116  17
0.491348  1
0.491511  206
0.491524  301
0.491623  292
0.491698  393
0.491783  127
0.491922  366
0.49196  24
0.49225  248
0.492434  77
0.492465  347
0.49277  286
0.492941  103
0.492991  322
0.492997  390
0.493054  270
0.49312  51
0.493217  233
0.493331  173
0.493793  12
0.493849  166
0.493878  333
0.494037  239
0.494131  180
0.494444  54
0.494471  387
0.494562  340
0.494595  329
0.494645  344
0.494646  274
0.494809  358
0.495237  223
0.495815  111
0.495841  352
0.495977  392
0.495993  7
0.49603  203
0.496053  375
0.496427  31
0.496874  238
0.497072  337
0.497171  348
0.49722  92
0.497295  320
0.497364  236
0.497409  309
0.49748  357
0.497917  65
0.497989  351
0.498061  365
0.498075  296
0.498079  80
0.498082  330
0.49816  117
0.498181  6
0.498297  197
0.498318  325
0.498359  315
0.499169  264
0.499349  302
0.49937  140
0.499542  345
0.499657  354
0.499951  341
0.500137  280
0.500508  371
0.500913  82
0.501408  192
0.50153  378
0.501593  75
0.501625  160
0.501651  350
0.501726  94
0.501785  381
0.501808  356
0.502027  67
0.502194  41
0.502208  361
0.502586  225
0.502592  314
0.502798  364
0.503154  373
0.50369  397
0.503802  288
0.50384  370
0.504933  399
0.505147  231
0.505176  303
0.505621  170
0.506003  149
0.506163  178
0.506498  143
0.50657  119
0.507255  252
0.507271  372
0.507321  318
0.507442  159
0.507503  321
0.507534  204
0.507649  195
0.508122  304
0.508155  369
0.508185  249
0.508316  32
0.508595  172
0.508786  9
0.509094  47
0.509113  396
0.509151  269
0.509887  389
0.509916  243
0.510159  306
0.510285  46
0.510446  332
0.510489  382
0.510577  84
0.5111  131
0.511497  194
0.511499  145
0.51182  394
0.511827  391
0.512162  89
0.512218  3
0.512363  359
0.51248  334
0.5126  163
0.512624  327
0.512996  363
0.513193  116
0.513381  224
0.513431  316
0.51353  134
0.514093  43
0.51458  374
0.5148  349
0.515019  39
0.515068  312
0.515246  388
0.515714  152
0.515771  14
0.516127  360
0.516263  331
0.516405  144
0.516503  70
0.516559  377
0.516892  385
0.517033  199
0.51766  57
0.518497  398
0.518636  130
0.51923  323
0.519665  362
0.51982  99
0.519828  235
0.51986  273
0.520491  217
0.520836  30
0.521094  310
0.521541  44
0.521633  395
0.521671  36
0.521821  53
0.52187  307
0.521904  90
0.521922  201
0.522044  336
0.522313  305
0.522363  19
0.522671  282
0.522819  108
0.522858  324
0.523277  193
0.523289  50
0.523341  205
0.523668  291
0.523866  102
0.524069  120
0.524139  343
0.5244  15
0.524573  66
0.524615  88
0.524666  383
0.524962  18
0.525051  319
0.52511  38
0.525327  380
0.525757  184
0.525906  367
0.526035  113
0.526042  230
0.52622  71
0.526271  187
0.526397  55
0.526417  379
0.52665  188
0.527208  146
0.527288  277
0.527867  322
0.527869  346
0.527886  95
0.528163  101
0.528382  73
0.528426  81
0.528659  342
0.528996  33
0.529032  83
0.529232  61
0.529264  381
0.529325  10
0.529373  376
0.529464  45
0.529478  168
0.529747  241
0.529759  212
0.529782  344
0.529794  355
0.529833  91
0.530005  76
0.530218  262
0.530259  52
0.530287  219
0.530532  234
0.530619  255
0.530722  142
0.53082  333
0.530831  189
0.530867  182
0.531065  301
0.531201  275
0.531223  232
0.531232  384
0.531435  365
0.531525  308
0.531561  285
0.531563  337
0.531644  326
0.531781  270
0.531993  340
0.532078  123
0.532084  356
0.532423  35
0.532587  339
0.532647  317
0.532882  368
0.532917  302
0.533584  328
0.533612  220
0.533755  196
0.534112  68
0.534223  320
0.534482  162
0.534554  364
0.534576  276
0.534726  358
0.535121  338
0.535262  335
0.535335  138
0.535419  157
0.535723  109
0.535847  266
0.535947  21
0.536699  191
0.536725  353
0.536867  150
0.537083  13
0.537122  378
0.537347  314
0.537406  311
0.537723  352
0.538081  85
0.538848  208
0.538972  393
0.539138  321
0.539442  245
0.539924  27
0.540274  139
0.540697  240
0.540846  390
0.540848  54
0.541068  185
0.541219  330
0.541298  215
0.541353  387
0.541365  107
0.541573  79
0.541766  122
0.541836  313
0.54193  372
0.541977  98
0.542031  23
0.542362  361
0.542422  5
0.542556  37
0.542664  281
0.542702  357
0.542926  260
0.542953  165
0.54318  377
0.543365  341
0.543426  347
0.543481  325
0.543507  392
0.543611  386
0.544288  306
0.544846  371
0.546383  375
0.547053  271
0.547485  135
0.54786  300
0.547892  137
0.547917  332
0.54793  316
0.548615  221
0.548999  147
0.549741  24
0.550134  250
0.550331  329
0.550671  350
0.550919  171
0.551073  290
0.551083  351
0.551216  334
0.551249  207
0.551446  318
0.551564  202
0.551926  331
0.552705  96
0.553092  396
0.553139  398
0.553231  370
0.554158  388
0.554262  258
0.554582  399
0.554788  190
0.555128  394
0.555232  77
0.555455  312
0.555555  8
0.55636  304
0.556462  327
0.556669  369
0.556801  287
0.557219  195
0.557462  97
0.557569  348
0.557666  78
0.557684  59
0.557731  155
0.557901  80
0.558914  177
0.559244  286
0.559249  32
0.559434  391
0.55954  288
0.559706  39
0.560335  289
0.560443  363
0.561061  366
0.561101  126
0.561128  133
0.561708  322
0.56203  309
0.562052  125
0.562062  256
0.562306  345
0.562325  180
0.562771  389
0.56347  228
0.563687  383
0.563861  283
0.564221  242
0.564497  315
0.56458  244
0.564737  104
0.564933  367
0.564958  319
0.56497  299
0.565328  58
0.565505  397
0.565507  48
0.565867  158
0.566029  323
0.566075  305
0.566285  226
0.566474  343
0.566494  324
0.566935  254
0.567195  121
0.567325  395
0.567503  41
0.567685  385
0.56775  374
0.567864  278
0.568235  127
0.568325  310
0.568624  218
0.568865  115
0.569211  257
0.569684  63
0.570082  199
0.570237  62
0.570246  203
0.57031  382
0.570315  355
0.570706  167
0.570713  0
0.570719  94
0.57126  261
0.571331  336
0.571544  303
0.571618  140
0.57187  25
0.571943  153
0.571947  353
0.571997  326
0.572268  86
0.572382  134
0.572652  302
0.572825  346
0.573048  105
0.573049  373
0.57355  166
0.57382  211
0.574006  292
0.574089  154
0.574093  356
0.574163  362
0.574444  49
0.574752  164
0.574946  263
0.575026  267
0.575069  340
0.575229  192
0.575302  297
0.575651  307
0.575686  384
0.575814  333
0.575935  342
0.576023  213
0.576163  156
0.576168  359
0.576209  354
0.576757  209
0.577269  47
0.57773  235
0.577843  210
0.578303  132
0.578604  74
0.578676  379
0.578859  151
0.578863  116
0.578976  160
0.579201  317
0.579564  376
0.579705  2
0.579732  349
0.57974  381
0.579744  320
0.579746  26
0.580032  118
0.580128  11
0.580171  248
0.58062  364
0.581216  87
0.581649  339
0.581709  231
0.581755  223
0.581801  110
0.58195  184
0.582011  222
0.582091  194
0.5821  337
0.582108  253
0.582418  371
0.582566  338
0.58259  378
0.58286  175
0.582949  56
0.583199  275
0.583215  229
0.583253  161
0.583359  42
0.58338  30
0.583505  387
0.583544  380
0.583722  344
0.584107  372
0.584207  360
0.584218  75
0.584343  358
0.584398  298
0.584931  272
0.585307  377
0.585348  130
0.585537  237
0.585986  93
0.586048  179
0.586115  101
0.586269  321
0.586924  357
0.587344  334
0.587512  44
0.58756  347
0.587675  341
0.587732  149
0.587792  20
0.587798  375
0.587801  306
0.587812  120
0.587812  315
0.587899  12
0.588004  300
0.588507  239
0.588899  314
0.589419  227
0.589677  236
0.589768  100
0.59014  389
0.590714  40
0.59118  393
0.59118  350
0.591288  33
0.591507  318
0.591639  352
0.591871  395
0.591958  392
0.592043  311
0.592278  391
0.592297  214
0.59309  178
0.593168  365
0.593519  390
0.593584  370
0.5951  262
0.595648  396
0.596886  383
0.597182  290
0.597468  17
0.597526  113
0.597527  276
0.597662  183
0.597877  240
0.597977  330
0.597997  399
0.598003  279
0.598008  29
0.598166  185
0.598395  48
0.598723  301
0.598807  361
0.598848  9
0.599396  112
0.599502  332
0.599521  329
0.599645  388
0.600092  328
0.600283  386
0.601199  173
0.601856  51
0.602064  369
0.602539  64
0.602847  313
0.602861  316
0.602926  66
0.603006  81
0.603031  319
0.603315  305
0.603636  204
0.604286  198
0.604906  92
0.605317  304
0.605421  336
0.605511  295
0.605661  345
0.605805  249
0.605877  258
0.606036  398
0.606073  368
0.606471  206
0.607769  216
0.607904  197
0.607968  234
0.608387  312
0.608486  385
0.608493  327
0.608503  308
0.608729  65
0.609274  52
0.609427  230
0.609519  28
0.609673  18
0.609692  193
0.609923  181
0.610109  90
0.610314  243
0.610697  38
0.610804  397
0.611202  69
0.611232  174
0.611281  325
0.611398  22
0.611415  374
0.61213  220
0.612163  76
0.612269  95
0.612274  342
0.612364  331
0.612413  139
0.612579  343
0.612978  324
0.613755  296
0.613879  34
0.614056  136
0.614746  45
0.614863  359
0.614883  82
0.614888  265
0.614916  106
0.615  273
0.615442  354
0.615531  201
0.615569  293
0.615595  284
0.615638  351
0.6157  108
0.615793  138
0.61584  362
0.615907  263
0.615971  171
0.615975  309
0.616161  335
0.616418  19
0.616544  99
0.616594  337
0.616674  157
0.616916  114
0.616959  346
0.617312  367
0.617635  360
0.617726  364
0.617788  148
0.617802  269
0.617813  387
0.618098  333
0.618309  264
0.61852  377
0.618532  349
0.618733  190
0.618775  270
0.618837  43
0.618866  169
0.61901  186
0.619349  363
0.619387  394
0.619867  326
0.619958  84
0.620642  37
0.620892  54
0.620903  373
0.62118  146
0.621308  208
0.621632  14
0.621951  131
0.62197  355
0.622283  70
0.622451  384
0.622494  245
0.622598  233
0.622652  323
0.622737  278
0.623123  205
0.623139  103
0.623189  217
0.623523  143
0.62353  356
0.623936  340
0.623985  16
0.624009  338
0.624118  200
0.624422  266
0.624743  274
0.625031  344
0.625219  379
0.625393  366
0.625432  391
0.625683  144
0.625946  390
0.626058  246
0.626516  247
0.626587  322
0.62731  259
0.627599  396
0.627759  321
0.627826  71
0.628057  89
0.62808  145
0.628189  341
0.628344  135
0.628371  79
0.628406  57
0.62895  85
0.628998  225
0.629008  381
0.629402  378
0.62978  348
0.630126  77
0.630177  300
0.630266  231
0.630399  107
0.630755  15
0.630765  318
0.630813  51
0.630895  21
0.63112  314
0.631132  395
0.631277  27
0.631435  388
0.631467  303
0.631675  49
0.631777  288
0.631819  352
0.632253  128
0.632301  353
0.633201  350
0.633968  398
0.634063  334
0.634153  347
0.634277  392
0.634937  124
0.636354  306
0.636922  380
0.63713  8
0.637182  172
0.637536  73
0.637611  358
0.637632  357
0.638339  268
0.638422  150
0.63894  31
0.63913  170
0.63935  330
0.639642  389
0.639652  328
0.639886  94
0.640142  62
0.640316  310
0.640491  368
0.640535  162
0.640554  212
0.640699  316
0.640759  308
0.640829  371
0.641364  123
0.641464  302
0.641889  250
0.642113  253
0.642346  36
0.642942  376
0.642985  320
0.643369  382
0.643474  361
0.643628  339
0.643726  147
0.64424  224
0.645068  267
0.645557  286
0.645624  13
0.645753  30
0.645758  393
0.646554  46
0.646701  317
0.647064  327
0.647142  134
0.647197  365
0.647405  252
0.647988  137
0.648266  126
0.648748  295
0.64903  332
0.649255  58
0.649704  370
0.649785  315
0.649849  329
0.649855  304
0.649999  345
0.650098  319
0.650107  241
0.650778  383
0.650802  237
0.651096  307
0.652639  154
0.653021  60
0.653521  324
0.65356  234
0.653725  386
0.653856  301
0.653898  185
0.65394  385
0.653945  244
0.654084  313
0.65411  311
0.654151  6
0.655067  249
0.655577  326
0.655748  188
0.655991  335
0.65626  195
0.656535  96
0.656756  167
0.65708  98
0.657285  377
0.657477  210
0.657622  228
0.658364  17
0.658524  61
0.658977  336
0.658996  367
0.65905  359
0.6592  236
0.659411  53
0.659464  242
0.659643  44
0.659679  391
0.660193  372
0.66028  151
0.660527  399
0.660573  294
0.660598  93
0.661699  67
0.661855  64
0.662125  275
0.662293  75
0.662544  349
0.662837  325
0.663165  305
0.663519  351
0.663564  194
0.663752  309
0.66393  125
0.664157  374
0.664603  360
0.664764  199
0.665257  176
0.665614  23
0.665708  375
0.665864  142
0.665998  219
0.666237  364
0.666344  331
0.667264  343
0.667703  169
0.667774  293
0.667879  333
0.667883  182
0.667888  83
0.667938  1
0.668  214
0.668735  122
0.669228  88
0.669545  158
0.669594  91
0.669988  254
0.670599  50
0.67074  287
0.670834  387
0.670837  4
0.670865  354
0.670921  161
0.670931  226
0.670948  120
0.67109  32
0.671139  289
0.67122  119
0.671263  369
0.671593  353
0.671614  42
0.671749  338
0.671826  130
0.672043  129
0.672062  390
0.672124  291
0.672285  352
0.672311  112
0.672426  300
0.672449  260
0.67266  108
0.672693  10
0.672805  297
0.673077  63
0.67341  342
0.67371  165
0.673739  216
0.673866  141
0.673891  363
0.673927  296
0.674036  281
0.674143  344
0.674165  298
0.674249  340
0.674271  397
0.674393  105
0.674477  388
0.674493  350
0.67455  66
0.674821  380
0.674849  92
0.67505  192
0.675199  87
0.67524  41
0.675647  277
0.675736  318
0.675772  166
0.675848  24
0.675975  348
0.676045  7
0.67607  308
0.676185  355
0.676241  220
0.676502  366
0.676542  362
0.676856  378
0.677072  384
0.67732  361
0.677408  140
0.677411  341
0.67751  33
0.677576  232
0.67766  40
0.678151  215
0.678364  347
0.678768  314
0.679007  218
0.679016  25
0.679129  257
0.679328  312
0.679893  356
0.680055  383
0.680268  376
0.680336  238
0.680461  138
0.680477  29
0.680971  371
0.681068  339
0.681311  178
0.681372  207
0.681513  217
0.681992  337
0.682426  143
0.682597  304
0.682814  68
0.682842  261
0.682966  223
0.683156  335
0.683236  330
0.683339  303
0.683517  100
0.683592  394
0.683631  317
0.683762  357
0.683764  368
0.683793  395
0.684499  213
0.685003  392
0.686184  302
0.686602  345
0.686663  185
0.687076  379
0.688327  323
0.688788  315
0.689729  381
0.68988  382
0.690515  327
0.690631  358
0.691067  328
0.691541  196
0.692227  301
0.692344  48
0.69317  266
0.693465  307
0.694105  332
0.694375  372
0.694972  159
0.695403  235
0.695775  12
0.696066  135
0.696099  311
0.696515  316
0.69655  146
0.697166  3
0.697495  139
0.69816  164
0.698208  321
0.69826  155
0.698328  221
0.698401  334
0.698965  274
0.699048  132
0.699071  326
0.699578  240
0.699582  43
0.699786  148
0.699949  279
0.699958  324
0.700187  282
0.700213  5
0.700549  396
0.701387  389
0.701491  367
0.701768  153
0.701856  55
0.701916  84
0.702345  393
0.702388  189
0.702506  9
0.702855  191
0.703485  255
0.703584  252
0.703759  373
0.703867  398
0.70387  319
0.703936  346
0.704264  97
0.704294  241
0.704336  22
0.7047  360
0.705401  80
0.706201  262
0.70631  47
0.706333  203
0.706346  349
0.706371  104
0.706463  325
0.707137  309
0.707339  227
0.707389  292
0.707478  336
0.707637  364
0.707704  247
0.70801  329
0.708293  2
0.708538  205
0.708798  322
0.708904  106
0.709005  284
0.709088  11
0.709416  209
0.709573  193
0.709715  20
0.709722  365
0.709747  131
0.709844  39
0.709944  99
0.710093  310
0.710455  333
0.710759  113
0.710795  86
0.710872  171
0.710912  245
0.710935  278
0.7111  299
0.711173  264
0.711226  253
0.711228  320
0.711274  369
0.711335  168
0.711343  263
0.711404  133
0.71157  225
0.711608  280
0.711696  342
0.711749  350
0.712062  343
0.712089  251
0.712125  6
0.712655  202
0.712749  109
0.713022  111
0.713054  370
0.713226  116
0.713525  359
0.713592  386
0.71373  16
0.713791  174
0.713806  88
0.713843  272
0.713855  183
0.713865  59
0.713923  305
0.713925  313
0.714152  376
0.714258  285
0.714423  67
0.714437  377
0.714885  13
0.714916  304
0.715096  258
0.715202  186
0.71534  265
0.715344  195
0.715458  76
0.715947  335
0.715976  121
0.716038  74
0.716066  177
0.716074  37
0.716081  206
0.716326  374
0.716481  160
0.716544  58
0.716603  283
0.716611  127
0.716654  56
0.716715  163
0.71672  318
0.716773  137
0.717031  136
0.717084  308
0.717166  345
0.717392  147
0.717768  288
0.717819  397
0.717829  352
0.717836  347
0.718038  276
0.718075  316
0.718142  103
0.718196  354
0.718452  395
0.718891  331
0.719001  246
0.71908  75
0.719247  14
0.719514  126
0.719605  312
0.7199  300
0.720093  394
0.720173  371
0.720212  115
0.720288  223
0.720321  348
0.720394  222
0.720663  399
0.720742  356
0.720821  368
0.721265  388
0.721734  57
0.721903  90
0.72239  315
0.722646  28
0.722685  353
0.72275  237
0.722844  302
0.723294  51
0.723398  339
0.723405  210
0.72348  383
0.723539  44
0.723594  26
0.723668  327
0.72386  303
0.724137  259
0.724151  387
0.724312  82
0.72469  390
0.724948  134
0.725268  385
0.725346  35
0.725402  180
0.72575  366
0.725815  355
0.72585  149
0.725985  380
0.726269  157
0.726388  65
0.727009  17
0.727024  351
0.727045  363
0.727121  378
0.728012  79
0.72817  332
0.728774  306
0.729794  323
0.72987  273
0.729872  93
0.730328  270
0.730541  72
0.730967  231
0.730975  338
0.730985  269
0.731449  254
0.731656  38
0.731694  361
0.731714  330
0.731756  290
0.731957  379
0.731977  344
0.732019  381
0.732104  208
0.73228  337
0.732473  85
0.732695  229
0.733372  391
0.733592  349
0.733889  135
0.734006  233
0.734102  384
0.734216  314
0.734812  372
0.735376  156
0.735554  340
0.735861  392
0.735913  152
0.736086  145
0.736437  21
0.737548  144
0.73802  358
0.73804  219
0.738099  172
0.738459  382
0.738734  341
0.73893  307
0.739666  36
0.740006  7
0.741164  319
0.741858  367
0.741994  170
0.742516  198
0.743142  267
0.743247  0
0.743447  396
0.743791  309
0.744234  310
0.744342  334
0.744713  298
0.744905  226
0.744985  96
0.745138  173
0.745162  78
0.745234  27
0.745454  213
0.745527  322
0.745652  110
0.745749  317
0.745859  196
0.746746  167
0.747222  362
0.747408  328
0.74748  311
0.747613  154
0.74768  194
0.747784  224
0.74791  175
0.747966  10
0.748108  142
0.748169  108
0.748205  393
0.748538  325
0.748648  375
0.749359  398
0.749957  360
0.750066  244
0.750772  277
0.750825  220
0.750941  324
0.751819  326
0.752004  329
0.752023  141
0.752253  46
0.752329  107
0.752442  48
0.752478  179
0.752644  321
0.753208  318
0.75344  350
0.753477  343
0.75363  60
0.75367  301
0.753839  125
0.754182  357
0.754328  268
0.754572  292
0.754799  399
0.75504  377
0.755041  296
0.755529  64
0.755977  178
0.756569  352
0.75668  250
0.756682  43
0.756837  151
0.756935  199
0.757456  212
0.757542  239
0.757626  242
0.75774  14
0.758039  15
0.758128  34
0.75822  364
0.758232  218
0.758234  365
0.758304  140
0.758366  165
0.75839  92
0.758417  63
0.758521  62
0.758547  339
0.758659  201
0.758659  149
0.758738  333
0.758816  256
0.75897  371
0.759069  117
0.759085  94
0.759156  100
0.759163  191
0.759319  119
0.759338  236
0.759389  359
0.759507  105
0.759605  29
0.759741  327
0.759931  232
0.759938  187
0.759978  282
0.760197  355
0.760696  150
0.760727  181
0.760752  42
0.760835  330
0.760894  342
0.760953  112
0.761046  395
0.761182  354
0.761392  61
0.761728  370
0.762131  45
0.762262  369
0.762572  380
0.762623  123
0.762714  148
0.762931  346
0.763025  114
0.763303  390
0.763474  77
0.763684  363
0.76372  389
0.763755  44
0.763784  376
0.763815  348
0.764578  353
0.765462  52
0.765517  305
0.765672  1
0.765914  304
0.766145  394
0.766493  379
0.766511  335
0.766717  74
0.766819  303
0.767696  243
0.7677  197
0.767711  397
0.767721  331
0.767909  258
0.767968  300
0.768002  349
0.768159  314
0.768367  32
0.768711  347
0.768884  182
0.768981  316
0.769265  69
0.770517  248
0.770546  337
0.770998  157
0.771062  336
0.771228  308
0.771356  84
0.771471  381
0.771669  161
0.771954  368
0.772019  278
0.772047  130
0.772272  356
0.772753  323
0.772834  55
0.773577  345
0.773716  372
0.773867  214
0.773883  383
0.773916  295
0.774028  18
0.774932  320
0.775632  382
0.775771  2
0.776597  131
0.776666  230
0.776686  309
0.776778  344
0.777004  249
0.777103  122
0.777203  375
0.777436  338
0.777603  351
0.779296  313
0.780004  388
0.780313  202
0.780523  71
0.780883  124
0.781029  49
0.781473  166
0.781486  366
0.781599  315
0.782134  374
0.782148  155
0.782435  205
0.782605  68
0.782863  385
0.784219  386
0.784431  297
0.784506  87
0.784647  391
0.784698  260
0.784721  58
0.784771  361
0.785061  91
0.785385  341
0.785394  387
0.785409  392
0.785524  3
0.785832  373
0.786504  312
0.786587  204
0.786652  192
0.78666  306
0.787489  247
0.787973  325
0.787995  85
0.788373  334
0.788477  222
0.788748  8
0.788906  384
0.789273  318
0.789394  38
0.790332  302
0.790357  378
0.790717  97
0.790897  340
0.792903  289
0.793302  377
0.793339  287
0.793817  95
0.793829  358
0.79412  98
0.794397  398
0.794739  160
0.794884  70
0.795005  200
0.795011  307
0.796343  332
0.796608  238
0.797077  329
0.797349  101
0.797565  75
0.797673  350
0.79769  311
0.797716  4
0.797891  86
0.79806  281
0.798462  50
0.798606  208
0.798882  324
0.798917  286
0.79892  33
0.799088  76
0.799134  120
0.79915  128
0.799256  396
0.799464  266
0.799786  139
0.799823  106
0.800065  136
0.800145  310
0.800178  319
0.800209  177
0.800434  211
0.800532  275
0.800637  104
0.800767  40
0.800773  156
0.800781  41
0.800958  186
0.800989  89
0.801048  16
0.801232  30
0.801663  168
0.801849  339
0.801849  393
0.801934  31
0.801993  390
0.802091  328
0.802124  326
0.802265  164
0.80283  67
0.803029  47
0.803235  146
0.803409  189
0.803436  362
0.803465  144
0.803472  301
0.803604  21
0.803833  215
0.804219  288
0.804281  83
0.804382  327
0.804394  138
0.804411  359
0.804799  317
0.804823  20
0.805046  133
0.805289  217
0.805324  171
0.805436  59
0.805472  153
0.805702  379
0.805752  389
0.805796  357
0.805812  276
0.80587  221
0.805937  135
0.805978  102
0.806048  343
0.806105  57
0.806176  290
0.80635  184
0.806378  193
0.806712  96
0.80672  399
0.807034  371
0.807183  331
0.807318  273
0.807383  162
0.807388  264
0.807442  364
0.807601  335
0.807601  10
0.807618  397
0.80778  137
0.807835  78
0.808029  370
0.808127  300
0.808246  5
0.808614  365
0.808765  229
0.808873  352
0.808921  360
0.808944  24
0.809107  337
0.80943  176
0.80984  54
0.810046  349
0.810141  90
0.81022  262
0.810813  322
0.810954  152
0.811146  313
0.811249  163
0.811585  173
0.811749  342
0.811903  19
0.812124  147
0.812209  375
0.812518  353
0.812853  255
0.812993  235
0.813151  271
0.813166  56
0.81321  336
0.813248  314
0.813379  369
0.813413  394
0.813472  113
0.813506  36
0.813691  367
0.813941  141
0.81399  380
0.814104  0
0.814172  383
0.814208  132
0.814532  344
0.814639  174
0.814879  355
0.815089  220
0.815226  93
0.815285  348
0.815394  11
0.815527  354
0.815539  316
0.815548  381
0.81572  261
0.815806  224
0.815884  279
0.816105  382
0.816187  363
0.816839  356
0.817089  388
0.817121  392
0.818406  170
0.818537  127
0.818547  338
0.819084  361
0.819452  366
0.819942  374
0.820995  347
0.821099  321
0.82261  82
0.822795  385
0.823254  378
0.823402  304
0.824806  391
0.824842  303
0.826184  209
0.82646  386
0.826902  203
0.82704  372
0.827543  308
0.827581  376
0.827843  15
0.828481  345
0.82895  256
0.829038  305
0.830338  17
0.83072  185
0.831119  334
0.83121  309
0.832452  151
0.833202  333
0.833305  223
0.834047  320
0.834063  66
0.834186  99
0.834496  91
0.834902  384
0.835319  396
0.835345  37
0.835715  28
0.835742  311
0.835994  307
0.836025  280
0.836096  358
0.836475  351
0.837228  210
0.83738  312
0.839244  119
0.839364  65
0.839512  325
0.839805  196
0.839915  9
0.840015  237
0.840037  216
0.840124  329
0.840164  159
0.840248  330
0.840254  71
0.840573  199
0.840804  245
0.840949  26
0.841002  123
0.841283  42
0.841362  197
0.841643  294
0.841771  175
0.841891  346
0.841926  110
0.842038  194
0.842094  145
0.842176  368
0.842321  390
0.842414  134
0.842428  259
0.84244  323
0.842901  148
0.842925  225
0.843544  62
0.843707  328
0.843818  129
0.844047  230
0.844256  213
0.844377  318
0.844622  397
0.845132  12
0.845135  114
0.84531  81
0.845376  339
0.845439  331
0.84547  63
0.845484  25
0.845785  53
0.845814  302
0.845822  299
0.845971  126
0.846084  195
0.846362  254
0.846652  373
0.846681  142
0.846708  111
0.846849  149
0.846877  252
0.846902  109
0.846963  265
0.846976  315
0.847002  365
0.84721  257
0.847215  250
0.847515  227
0.847566  324
0.847603  8
0.847688  158
0.84793  46
0.847947  272
0.848041  118
0.84818  360
0.848339  301
0.848375  58
0.848706  377
0.848737  51
0.848739  362
0.84917  251
0.849185  270
0.849431  44
0.849474  327
0.849487  306
0.849542  155
0.84957  72
0.849593  282
0.849697  274
0.849847  341
0.849934  317
0.850444  87
0.850723  343
0.850889  244
0.851067  154
0.851322  387
0.851365  367
0.851516  350
0.85178  249
0.851784  35
0.851835  131
0.851896  172
0.852006  399
0.85203  316
0.852429  395
0.85243  13
0.852463  7
0.852784  292
0.852848  18
0.85286  180
0.852869  20
0.852877  398
0.853455  364
0.853497  349
0.85355  226
0.85371  379
0.853849  108
0.854004  178
0.854284  336
0.854455  326
0.854521  389
0.854592  366
0.854739  310
0.854811  120
0.855263  204
0.855859  78
0.855864  380
0.856223  309
0.857209  370
0.857437  340
0.857519  253
0.85789  357
0.857962  219
0.85814  388
0.858265  334
0.85881  117
0.858914  332
0.859095  27
0.859155  374
0.859651  382
0.859857  6
0.859956  105
0.860218  240
0.860284  335
0.860348  352
0.860356  113
0.860933  359
0.860977  92
0.861036  300
0.861414  75
0.861521  371
0.862905  207
0.862914  355
0.863034  319
0.864056  383
0.864424  201
0.864478  392
0.864731  303
0.864813  361
0.864855  287
0.865734  187
0.866017  322
0.866052  107
0.866182  356
0.866815  338
0.867221  293
0.867283  384
0.867951  143
0.868145  22
0.868216  116
0.868553  353
0.868682  391
0.868916  342
0.869207  124
0.870198  347
0.871356  354
0.871477  229
0.871552  56
0.871854  269
0.871899  140
0.87208  181
0.872107  375
0.872363  164
0.872508  79
0.87259  305
0.872668  314
0.873205  115
0.873227  268
0.873497  278
0.873594  344
0.874199  141
0.87439  169
0.874419  200
0.874503  296
0.874679  211
0.874768  337
0.875192  255
0.875371  378
0.87572  241
0.876277  372
0.876301  193
0.876345  290
0.876388  208
0.876666  231
0.876836  218
0.877261  261
0.877375  329
0.877453  152
0.877513  190
0.87754  307
0.877797  43
0.877813  242
0.877899  167
0.878393  5
0.878605  312
0.878618  125
0.878684  369
0.87877  157
0.878886  396
0.879022  363
0.879203  59
0.879328  317
0.879569  263
0.87964  266
0.879641  163
0.879665  385
0.879895  14
0.88  283
0.880332  284
0.880377  2
0.880423  97
0.880436  203
0.880454  308
0.880616  156
0.880773  304
0.880942  212
0.880977  348
0.881129  48
0.881267  365
0.881286  234
0.881345  351
0.881425  150
0.881743  320
0.881823  214
0.881851  84
0.881938  57
0.882012  330
0.882162  50
0.882226  358
0.882265  386
0.882419  83
0.882426  333
0.882552  11
0.882749  248
0.882769  394
0.883311  4
0.883644  321
0.884006  376
0.884109  323
0.88421  381
0.884452  325
0.884503  102
0.885267  277
0.885268  313
0.885725  393
0.885929  373
0.887451  315
0.887722  64
0.887916  326
0.888063  55
0.888813  0
0.888978  306
0.889625  328
0.890087  366
0.890093  316
0.890828  318
0.891543  346
0.891791  374
0.892388  343
0.8924  311
0.892484  288
0.892708  215
0.894096  161
0.894241  100
0.894289  37
0.894414  183
0.895188  339
0.895347  295
0.895461  271
0.895766  331
0.895968  228
0.89616  210
0.896329  68
0.896468  397
0.896498  206
0.896534  336
0.896552  23
0.896609  24
0.896653  32
0.896654  267
0.896677  3
0.897008  377
0.897012  47
0.897038  104
0.897057  31
0.89715  383
0.89737  80
0.897546  98
0.897704  368
0.8978  335
0.897959  297
0.897968  362
0.898218  158
0.898391  49
0.89852  137
0.899053  61
0.899068  380
0.899504  45
0.899657  364
0.900094  148
0.900152  128
0.900276  379
0.900376  39
0.900592  340
0.900824  388
0.900901  367
0.901145  224
0.901235  399
0.901248  281
0.90136  360
0.901793  301
0.902013  173
0.90255  41
0.902711  395
0.902815  40
0.902837  302
0.90291  174
0.90307  392
0.903491  205
0.903801  138
0.903982  371
0.904233  170
0.904368  77
0.904418  300
0.904649  352
0.904689  334
0.904692  350
0.904946  236
0.905095  387
0.905332  342
0.906107  20
0.906238  370
0.906636  275
0.90683  357
0.906861  285
0.90731  378
0.907682  390
0.90814  1
0.908241  305
0.908385  324
0.908701  345
0.908898  29
0.910037  322
0.910094  317
0.910131  310
0.910306  256
0.91043  291
0.910567  264
0.910737  389
0.91163  382
0.912502  101
0.913286  130
0.913754  319
0.914056  353
0.914235  94
0.914286  286
0.91434  106
0.914587  309
0.915144  176
0.915357  198
0.915704  112
0.915814  19
0.915823  359
0.915883  73
0.916129  134
0.916202  272
0.916335  144
0.916354  276
0.916985  327
0.917277  123
0.917727  120
0.917751  220
0.917818  238
0.917838  99
0.917891  354
0.917921  245
0.918055  122
0.918071  95
0.918179  85
0.918211  361
0.918585  355
0.918607  303
0.918816  349
0.919056  332
0.919234  209
0.919299  139
0.919456  186
0.919521  314
0.919674  132
0.919687  147
0.9199  9
0.92002  246
0.92008  67
0.920177  141
0.9203  221
0.920827  54
0.921105  193
0.921155  175
0.921266  34
0.921679  356
0.921799  348
0.921827  396
0.921975  394
0.922136  82
0.922159  376
0.922185  398
0.922234  28
0.922273  239
0.922736  52
0.922898  341
0.922968  320
0.9231  60
0.923127  71
0.923173  135
0.923487  338
0.923511  347
0.923721  329
0.92387  258
0.924129  154
0.924514  375
0.924675  181
0.924933  105
0.925187  351
0.925225  365
0.925451  362
0.926306  265
0.926567  369
0.926824  385
0.927415  391
0.92774  88
0.927989  65
0.928177  289
0.928567  166
0.928594  321
0.929311  323
0.92949  63
0.929547  307
0.929604  131
0.929681  358
0.929912  36
0.930073  162
0.930104  160
0.930244  318
0.930752  113
0.931198  232
0.931211  313
0.931284  222
0.931385  204
0.931594  27
0.931893  373
0.931915  171
0.932279  312
0.932304  330
0.932334  316
0.932386  333
0.932414  4
0.932553  346
0.932923  233
0.933367  326
0.93408  372
0.934171  21
0.934191  226
0.93427  384
0.9344  117
0.934739  109
0.934844  262
0.934898  306
0.935189  179
0.93568  277
0.93603  127
0.936107  168
0.936131  325
0.936159  195
0.936318  84
0.936885  136
0.9369  315
0.93703  124
0.937146  182
0.937225  304
0.937268  78
0.937278  301
0.937345  311
0.937431  165
0.937482  92
0.937648  118
0.937704  293
0.938085  343
0.938299  159
0.938459  243
0.938558  308
0.93859  336
0.93864  12
0.938725  337
0.938792  294
0.938823  116
0.939134  217
0.939348  228
0.939461  7
0.939762  386
0.939899  381
0.939986  363
0.940764  111
0.941235  342
0.942012  344
0.943076  388
0.943096  328
0.943106  126
0.943117  151
0.943294  203
0.943348  89
0.94335  145
0.943597  26
0.944294  335
0.944311  399
0.94475  146
0.94493  223
0.944989  366
0.945128  350
0.945179  191
0.945241  268
0.945628  10
0.945646  96
0.945944  103
0.946096  382
0.946106  97
0.946108  364
0.94641  270
0.946461  393
0.946734  360
0.94679  155
0.946822  18
0.947052  397
0.947177  380
0.947242  395
0.947536  188
0.947917  53
0.947974  250
0.948809  340
0.949062  331
0.949064  334
0.949345  86
0.94939  389
0.949439  371
0.949969  201
0.950057  227
0.950202  153
0.950376  274
0.950458  61
0.950928  280
0.951163  261
0.951201  345
0.951228  273
0.951294  339
0.951758  208
0.951767  390
0.951819  206
0.951849  114
0.951878  93
0.95208  317
0.952132  387
0.952157  322
0.952242  383
0.952265  257
0.952583  70
0.952818  377
0.952936  392
0.953056  368
0.95345  378
0.953605  38
0.953779  367
0.953902  352
0.95456  129
0.954603  177
0.955103  107
0.955726  56
0.956839  121
0.957639  359
0.957824  374
0.958203  33
0.958322  152
0.958349  305
0.958524  309
0.958722  130
0.958735  91
0.958813  185
0.958921  15
0.959006  39
0.95904  67
0.959379  8
0.959432  81
0.959596  396
0.959706  169
0.960045  139
0.96028  102
0.96032  247
0.960494  302
0.960518  11
0.960534  349
0.960655  303
0.960805  300
0.960808  338
0.960975  370
0.961054  57
0.961099  197
0.961133  225
0.961204  25
0.961879  224
0.962337  286
0.962397  394
0.962527  347
0.962826  6
0.962913  320
0.963314  266
0.96339  361
0.963528  373
0.963843  64
0.964296  69
0.964306  161
0.964414  351
0.964477  357
0.964479  236
0.964926  34
0.964957  398
0.96507  42
0.965528  2
0.965706  310
0.965733  354
0.96582  253
0.965831  218
0.965877  284
0.965941  299
0.966069  333
0.966695  327
0.966719  184
0.96685  385
0.966941  183
0.96704  108
0.967494  231
0.96751  379
0.967589  252
0.967607  143
0.967767  290
0.967817  234
0.967859  369
0.968038  341
0.968451  212
0.968471  312
0.968554  319
0.968677  263
0.968786  316
0.96909  110
0.969226  362
0.969334  323
0.969423  353
0.969886  330
0.969896  254
0.970033  375
0.970998  216
0.971983  264
0.972021  365
0.972299  285
0.972579  144
0.972654  304
0.972951  77
0.973058  391
0.973085  213
0.973154  13
0.973156  381
0.973231  356
0.973664  209
0.97384  376
0.974022  199
0.974054  211
0.974522  326
0.974748  74
0.974805  148
0.975105  83
0.975108  332
0.975139  324
0.975575  29
0.976222  132
0.976238  283
0.976333  314
0.9766  279
0.976721  318
0.976868  14
0.977365  21
0.977544  307
0.978055  52
0.978202  363
0.978685  340
0.979338  313
0.979622  336
0.97965  68
0.979751  342
0.979778  58
0.979791  288
0.979864  301
0.979905  306
0.980021  321
0.980098  104
0.980141  75
0.980148  311
0.980654  16
0.980726  30
0.980861  348
0.98101  229
0.98102  190
0.981213  325
0.982625  240
0.982816  372
0.98315  164
0.983886  335
0.9841  172
0.984253  329
0.984445  215
0.984864  355
0.985385  221
0.985402  101
0.985459  281
0.985534  388
0.985718  46
0.98651  167
0.986845  298
0.986876  180
0.986951  100
0.987324  292
0.987913  386
0.987994  343
0.988043  360
0.988601  66
0.988874  138
0.989077  269
0.98908  328
0.989163  76
0.989197  207
0.989234  87
0.989359  244
0.989388  196
0.989466  24
0.989589  200
0.989665  389
0.98986  315
0.989866  133
0.989943  156
0.990193  305
0.990256  175
0.990343  334
0.990378  120
0.990481  123
0.991079  217
0.991114  367
0.991319  157
0.991478  17
0.991521  115
0.991556  371
0.992073  222
0.992207  377
0.992241  235
0.992276  287
0.992314  380
0.992359  393
0.992379  277
0.992739  346
0.993021  384
0.993064  338
0.993417  394
0.993745  296
0.993792  251
0.994465  124
0.994496  374
0.994579  219
0.994869  382
0.994944  347
0.994984  36
0.995019  245
0.995156  95
0.995162  366
0.995229  137
0.995324  282
0.995537  159
0.995574  125
0.995674  358
0.996133  238
0.99654  60
0.996745  90
0.996818  308
0.99697  397
0.997004  392
0.997403  194
0.997467  54
0.997481  272
0.997505  43
0.998004  248
0.998122  345
0.998231  49
0.998241  364
0.998301  119
0.998347  317
0.998902  25
0.999192  65
0.999196  339
0.999204  135
0.999577  109
0.999829  45
