0.0366243  281
0.0383036  372
0.0385841  14
0.0387913  184
0.0390082  312
0.0391336  2
0.0392854  101
0.0393111  93
0.0396731  85
0.039819  197
0.0400044  382
0.0400164  38
0.0400456  162
0.0400496  376
0.0402721  156
0.0402801  104
0.0403379  155
0.040685  172
0.0409079  396
0.0409141  61
0.0411126  144
0.0411359  136
0.0411415  258
0.0413062  244
0.0413407  245
0.0414707  72
0.0415043  206
0.0415882  383
0.0416018  157
0.0416545  321
0.0417716  385
0.0417775  81
0.0418299  352
0.0418594  233
0.0418917  203
0.0419788  380
0.0420596  208
0.0420811  309
0.0421011  243
0.0421027  262
0.0421254  263
0.042127  221
0.0421385  17
0.0421454  255
0.0421689  377
0.0422569  198
0.0423491  201
0.0425026  298
0.0425195  259
0.0426319  78
0.0426395  242
0.0426868  289
0.0426925  149
0.0427268  176
0.0427354  121
0.042775  87
0.0428026  336
0.0428092  4
0.0428293  315
0.042857  102
0.0428695  354
0.0428857  95
0.0429098  168
0.0429217  207
0.0429457  311
0.0430033  294
0.0431193  142
0.0431896  215
0.0432047  37
0.0432301  169
0.0432362  391
0.0432456  25
0.0432557  193
0.0432671  24
0.0432912  138
0.0433205  46
0.0433698  355
0.0433859  99
0.043402  346
0.0434021  16
0.0434022  13
0.043413  284
0.0434469  272
0.0434773  41
0.0434791  350
0.0434982  123
0.0435185  128
0.043557  313
0.0435621  21
0.0436128  397
0.0436302  170
0.0436732  365
0.0436743  133
0.0436922  395
0.0437146  171
0.0437186  181
0.0437339  47
0.0437345  30
0.0437751  335
0.043777  126
0.043786  45
0.0437917  329
0.0438335  227
0.0438664  387
0.0438712  152
0.0439061  342
0.0439225  29
0.0439347  279
0.0439431  158
0.0439784  308
0.0440452  252
0.0440958  57
0.0441438  98
0.0441584  287
0.0441639  107
0.0441894  370
0.0442128  122
0.0442296  351
0.0442411  51
0.0442433  378
0.0442718  161
0.0442776  331
0.0442923  195
0.0443157  316
0.0443454  347
0.0443501  254
0.0443671  150
0.0444177  185
0.0444449  76
0.0444564  381
0.0444634  280
0.0445181  324
0.0445265  369
0.0445531  110
0.0445533  333
0.0446087  82
0.0446277  392
0.0447624  337
0.0447963  358
0.0448544  306
0.0449541  19
0.0449704  190
0.0449728  18
0.0450414  146
0.0450578  386
0.0450623  341
0.0450985  325
0.0451087  304
0.0451318  348
0.0452068  390
0.0453115  399
0.0453714  323
0.0455355  360
0.0458796  398
0.045969  74
0.0460013  302
0.0461913  5
0.0463997  330
0.0465779  357
0.0467185  319
0.0468844  362
0.0469068  332
0.0469235  327
0.0470035  339
0.0470265  310
0.0470347  340
0.0471981  326
0.0476943  384
0.0477519  374
0.0478248  364
0.047879  200
0.0481676  305
0.048191  393
0.0487264  261
0.0496331  300
0.0501026  371
0.0501982  27
0.0502469  388
0.05035  322
0.0509612  368
0.0510461  353
0.051107  36
0.0514925  375
0.0516985  394
0.0518261  334
0.0521295  314
0.0525857  213
0.052655  344
0.0533627  94
0.0542525  367
0.0542577  288
0.0548058  361
0.0550348  328
0.0553164  249
0.0558389  145
0.0558886  349
0.0560662  240
0.0565  318
0.056985  301
0.0576605  303
0.0577999  297
0.0582349  366
0.0586463  317
0.0589586  211
0.0596759  143
0.0603171  373
0.0609741  343
0.0610881  389
0.0612767  356
0.0616334  256
0.0617353  139
0.0620274  363
0.0625006  359
0.0628742  118
0.0628759  345
0.0655433  338
0.0658438  115
0.0662021  299
0.0664972  28
0.0665353  307
0.0666345  229
0.066971  114
0.0671211  160
0.067749  260
0.0679932  379
0.0684938  274
0.068668  276
0.068877  116
0.0690996  6
0.0693019  40
0.0693226  39
0.0696937  212
0.0697072  320
0.0699066  204
0.0699164  70
0.0705319  177
0.0708797  253
0.0709884  59
0.0712608  109
0.0714284  105
0.0715202  11
0.0718299  62
0.0719023  159
0.0719236  42
0.0722261  241
0.0722874  239
0.0724699  147
0.072587  68
0.0726263  151
0.0727474  84
0.0728014  0
0.0728446  273
0.0728794  31
0.0728966  167
0.0729455  179
0.0730831  89
0.0731148  67
0.0732114  83
0.0732868  112
0.0732887  117
0.0734086  44
0.0734566  141
0.0735484  226
0.0735671  178
0.0736234  79
0.0736479  131
0.0737261  285
0.0737804  293
0.0738124  286
0.0738592  108
0.0738699  55
0.0738807  209
0.0738974  192
0.0739364  235
0.0739397  188
0.0739827  140
0.0740378  56
0.0740819  119
0.0741263  52
0.0741333  91
0.0741366  92
0.0742371  196
0.074288  34
0.074295  71
0.0743044  183
0.0743457  210
0.0743466  23
0.0743821  10
0.074389  232
0.0744566  270
0.0744693  33
0.0745057  163
0.0745512  238
0.0745521  100
0.0745552  340
0.0746927  64
0.0747512  228
0.0747807  220
0.0747895  154
0.0747997  166
0.074829  20
0.0748553  268
0.0748786  86
0.0749222  60
0.074929  277
0.0749423  132
0.0749501  257
0.0749561  164
0.0749964  216
0.0750197  324
0.0750271  194
0.0750302  248
0.0750404  224
0.0750477  135
0.0750523  331
0.0750591  129
0.0750767  65
0.0750871  182
0.0750914  269
0.0751092  390
0.0751458  120
0.0752134  382
0.075258  148
0.0752872  53
0.0753029  250
0.0753286  365
0.0753328  124
0.0753347  7
0.0753536  88
0.075363  266
0.0753734  113
0.0753975  391
0.0753985  308
0.0755243  302
0.0755432  222
0.0756181  12
0.07567  271
0.0756803  395
0.0756977  58
0.0757202  301
0.0757899  267
0.0758627  50
0.0759557  329
0.0759812  378
0.0760135  337
0.0760626  234
0.0760775  275
0.0760845  354
0.076094  369
0.0761144  296
0.0761176  282
0.0761281  326
0.0761347  374
0.0761809  127
0.0761852  43
0.0762071  384
0.0762394  330
0.076244  323
0.0762469  392
0.076259  366
0.0762885  349
0.0763277  372
0.07633  304
0.076332  225
0.0763983  130
0.076419  180
0.0764601  333
0.076469  137
0.07649  306
0.0764975  310
0.0765548  346
0.076805  150
0.0769072  371
0.0771259  3
0.077259  317
0.0772782  385
0.0773348  339
0.0773907  342
0.0775214  16
0.077559  348
0.0776611  165
0.0779108  278
0.0779114  341
0.0781813  291
0.0781891  375
0.0783866  358
0.0784389  314
0.078484  357
0.0785087  214
0.0786494  202
0.0787007  35
0.0787807  387
0.0788022  399
0.079017  334
0.0791084  219
0.0793327  211
0.0793504  264
0.0793897  388
0.079395  332
0.0794602  327
0.0796293  394
0.0798974  351
0.0803624  386
0.0806963  8
0.080701  69
0.0807166  321
0.080761  313
0.0807733  335
0.0808093  368
0.0809795  186
0.0810277  393
0.0812638  380
0.0817477  362
0.0817547  364
0.0818788  290
0.082226  77
0.0823041  319
0.0835009  377
0.0835193  344
0.0842084  328
0.0844667  311
0.0848469  320
0.0852833  360
0.0853512  15
0.0860989  347
0.0865963  397
0.0866924  48
0.0872243  305
0.0874727  336
0.0876307  316
0.0881396  251
0.0881476  309
0.088265  373
0.088338  153
0.0883729  396
0.0884551  325
0.0896999  350
0.0900514  367
0.0903416  74
0.0917577  361
0.0921269  398
0.0923154  356
0.0923659  26
0.0925371  381
0.0928007  363
0.0944089  376
0.0947959  315
0.0961706  75
0.0976203  322
0.0976838  300
0.0985659  218
0.0993826  169
0.100647  19
0.100794  370
0.101026  128
0.101257  152
0.101414  134
0.101987  292
0.102085  1
0.102131  189
0.102216  36
0.10273  9
0.102758  101
0.10323  312
0.103336  389
0.10353  63
0.103859  345
0.10391  54
0.104033  96
0.104098  207
0.104397  245
0.104501  338
0.10451  355
0.104595  195
0.104717  242
0.104858  379
0.105482  203
0.105537  230
0.105796  155
0.106045  318
0.106181  265
0.106266  191
0.10711  288
0.107211  136
0.107661  213
0.107704  236
0.107837  47
0.107981  76
0.108286  337
0.108305  246
0.108434  240
0.108442  307
0.108558  115
0.108633  98
0.108863  383
0.109046  227
0.109247  175
0.109258  28
0.109649  107
0.109681  73
0.109744  170
0.109851  27
0.109916  279
0.11011  139
0.110229  255
0.11028  144
0.110285  208
0.110322  390
0.110754  353
0.110759  217
0.111041  37
0.111131  352
0.111175  198
0.111289  99
0.111415  174
0.111484  121
0.11152  365
0.111602  162
0.111688  343
0.111833  32
0.11185  116
0.111868  329
0.1121  247
0.112169  243
0.112328  330
0.112876  362
0.112945  223
0.113055  90
0.113081  125
0.113526  334
0.113623  267
0.113945  30
0.113947  104
0.113983  160
0.114012  332
0.114025  49
0.114043  22
0.114075  382
0.114083  324
0.114406  391
0.114632  173
0.114829  369
0.11502  199
0.115066  374
0.115518  82
0.11569  111
0.115747  384
0.115798  301
0.11588  388
0.116069  41
0.116072  357
0.116156  372
0.116615  113
0.116803  377
0.116838  237
0.11723  375
0.117415  317
0.117598  304
0.117698  291
0.118348  18
0.118674  25
0.119531  129
0.120068  143
0.120172  326
0.120228  321
0.120804  344
0.120811  385
0.120827  364
0.120959  363
0.121004  350
0.121224  102
0.12169  399
0.121727  336
0.121933  106
0.12194  145
0.122168  16
0.122409  380
0.122794  302
0.123003  392
0.123332  351
0.123386  395
0.123572  378
0.123611  358
0.124152  356
0.124313  331
0.124874  306
0.125698  348
0.125896  310
0.127013  140
0.129054  339
0.130051  397
0.130899  314
0.132096  308
0.132642  393
0.132653  394
0.132744  341
0.133912  259
0.134848  340
0.135507  275
0.13671  376
0.137201  193
0.13722  349
0.13722  367
0.137272  70
0.137474  105
0.137515  398
0.137736  371
0.137923  21
0.138294  368
0.138742  359
0.13971  294
0.139773  190
0.139804  347
0.140598  322
0.140885  187
0.142087  346
0.142318  252
0.142587  361
0.142849  150
0.142906  138
0.143097  97
0.143353  313
0.14341  81
0.144041  257
0.144242  370
0.144993  300
0.145189  354
0.145233  342
0.145448  396
0.146531  229
0.14663  289
0.146685  325
0.147058  333
0.147662  320
0.147761  225
0.149809  163
0.149859  386
0.150035  305
0.150077  315
0.150124  360
0.15016  135
0.150554  253
0.150586  366
0.150653  201
0.150728  80
0.151001  309
0.151176  323
0.151519  183
0.154318  381
0.154629  379
0.155489  51
0.155618  373
0.156532  327
0.156641  94
0.157459  319
0.158066  156
0.158698  93
0.159813  271
0.159979  120
0.160195  15
0.160534  256
0.160659  335
0.161396  172
0.161408  328
0.161702  77
0.161825  224
0.161869  278
0.161879  186
0.162041  312
0.162042  307
0.162155  215
0.162372  56
0.162633  226
0.162817  61
0.162953  20
0.162994  78
0.163022  204
0.163075  290
0.163076  57
0.163116  231
0.163196  153
0.163231  276
0.1636  311
0.163613  272
0.163634  83
0.163681  14
0.163703  24
0.163751  3
0.163863  283
0.163941  142
0.164012  38
0.164218  383
0.164304  197
0.164389  141
0.164418  262
0.16443  148
0.164608  251
0.164612  168
0.164831  202
0.164863  351
0.164973  297
0.164976  110
0.164982  39
0.16503  103
0.165069  303
0.165276  337
0.165334  158
0.165366  258
0.165379  281
0.165431  72
0.165456  387
0.16569  119
0.165733  228
0.165755  108
0.165769  395
0.165864  178
0.165926  127
0.165991  318
0.166215  55
0.166217  181
0.166234  137
0.166234  365
0.166259  221
0.16629  234
0.166467  241
0.166478  316
0.16648  222
0.166761  126
0.166803  12
0.166876  296
0.166896  218
0.166906  345
0.166918  62
0.166979  330
0.166997  334
0.167117  238
0.167323  146
0.167401  302
0.167488  6
0.167507  369
0.167536  128
0.16762  364
0.167707  42
0.167836  353
0.167867  217
0.168122  356
0.168158  179
0.168243  68
0.168283  114
0.168332  304
0.168372  0
0.168399  200
0.168406  130
0.168406  282
0.168457  254
0.168497  166
0.168553  211
0.168573  329
0.168659  355
0.168664  340
0.168959  255
0.169118  26
0.169168  348
0.169226  161
0.169296  306
0.169481  362
0.169549  44
0.169589  350
0.169599  392
0.169643  230
0.16971  250
0.16971  13
0.169835  273
0.169841  389
0.170146  326
0.170298  269
0.170664  118
0.171002  246
0.171083  2
0.171214  151
0.171332  301
0.171428  397
0.171495  314
0.171508  384
0.171535  205
0.171648  377
0.171666  33
0.171758  132
0.171889  382
0.171922  91
0.171936  298
0.172021  203
0.172191  71
0.172291  357
0.172393  192
0.172617  343
0.173003  64
0.173272  248
0.173359  367
0.173408  189
0.173467  398
0.173522  100
0.173529  267
0.173532  266
0.173642  375
0.173683  182
0.173765  352
0.173826  310
0.17384  41
0.173878  157
0.173886  336
0.173899  358
0.1739  5
0.174064  165
0.174126  40
0.174254  277
0.174276  323
0.174306  361
0.174451  363
0.174644  399
0.174649  347
0.174825  116
0.175113  4
0.17512  113
0.175195  287
0.175403  48
0.175605  35
0.175808  332
0.176047  339
0.176096  249
0.176175  170
0.176299  381
0.176721  380
0.176743  36
0.17675  293
0.176817  171
0.177009  373
0.177159  393
0.177217  391
0.177233  300
0.177235  177
0.177345  378
0.177476  321
0.177593  331
0.177814  388
0.177862  396
0.177969  315
0.178026  317
0.178641  69
0.179439  359
0.1795  341
0.179969  354
0.180326  372
0.181072  324
0.181259  344
0.182082  386
0.182141  319
0.183029  346
0.183325  368
0.184156  109
0.184892  313
0.185888  360
0.18783  394
0.188049  46
0.188096  180
0.188433  214
0.188553  370
0.189281  59
0.190604  325
0.190784  265
0.190832  374
0.191645  242
0.191777  366
0.191818  261
0.19196  104
0.192486  117
0.192573  8
0.192724  294
0.192846  320
0.193093  88
0.193464  63
0.193523  376
0.193598  52
0.193599  176
0.193891  206
0.193965  208
0.194078  371
0.194195  184
0.19424  309
0.194549  307
0.19512  342
0.195136  29
0.195144  385
0.195228  233
0.195443  25
0.195633  351
0.195877  54
0.196232  268
0.196367  89
0.196693  295
0.196719  216
0.196917  81
0.197037  305
0.19745  185
0.198303  328
0.198439  270
0.198659  213
0.198811  390
0.199179  66
0.199813  60
0.199861  23
0.199937  28
0.20009  274
0.200109  338
0.200131  304
0.200379  56
0.200616  322
0.200621  74
0.200674  75
0.200845  327
0.200971  96
0.201059  18
0.201147  397
0.201198  333
0.20125  379
0.201288  244
0.201664  9
0.202108  123
0.202304  105
0.202561  166
0.202641  275
0.203004  263
0.203517  65
0.203591  115
0.203624  316
0.20373  260
0.203945  7
0.204  284
0.204076  174
0.204259  207
0.204429  339
0.204582  302
0.204651  92
0.204653  247
0.204682  45
0.204689  311
0.204901  21
0.205176  306
0.20531  349
0.205359  353
0.205362  31
0.205476  98
0.205608  280
0.205768  27
0.205916  196
0.20598  388
0.206005  362
0.206153  107
0.20624  387
0.206299  150
0.206311  237
0.206328  383
0.206457  337
0.206476  121
0.206669  245
0.206888  209
0.207148  384
0.207335  236
0.207435  350
0.20746  95
0.20755  340
0.207763  148
0.207866  243
0.208003  80
0.208056  348
0.208067  67
0.208148  167
0.208207  169
0.208523  312
0.20857  392
0.209174  335
0.209354  229
0.209575  357
0.209641  87
0.210079  375
0.21013  382
0.210148  365
0.210161  43
0.210336  308
0.210356  363
0.210447  329
0.210998  131
0.211831  297
0.212153  50
0.212683  124
0.212926  373
0.212983  122
0.213197  391
0.21331  225
0.213604  112
0.213613  332
0.213703  278
0.213744  334
0.213762  111
0.213939  343
0.214072  175
0.21415  318
0.214403  361
0.21465  155
0.21478  396
0.214788  37
0.214891  377
0.214988  227
0.215122  232
0.215263  264
0.215396  90
0.215581  97
0.215879  240
0.215901  224
0.215934  276
0.21611  331
0.216431  359
0.216464  324
0.21649  303
0.216672  364
0.216822  395
0.217022  355
0.21773  393
0.217994  345
0.218717  76
0.219126  336
0.219397  398
0.219538  341
0.220261  347
0.220327  51
0.220672  380
0.220768  323
0.22124  190
0.221302  313
0.221403  326
0.223276  34
0.22333  356
0.224194  310
0.224263  321
0.224385  314
0.224924  248
0.225027  267
0.226226  315
0.22661  399
0.226986  338
0.227761  374
0.2307  145
0.230853  70
0.230887  293
0.231079  291
0.231112  258
0.231485  301
0.231536  292
0.23199  57
0.232144  317
0.232179  351
0.232917  300
0.233396  47
0.233514  10
0.233532  12
0.233689  282
0.233745  136
0.233774  350
0.233809  211
0.234042  133
0.234526  156
0.23503  368
0.235033  381
0.23511  82
0.235112  394
0.235196  360
0.235289  358
0.235354  147
0.236086  151
0.236097  149
0.2361  378
0.23615  220
0.236951  330
0.237022  139
0.237119  86
0.237271  223
0.237618  397
0.237672  251
0.238553  84
0.238913  320
0.239135  160
0.239501  352
0.239565  376
0.239866  202
0.240068  154
0.240132  253
0.240188  319
0.240292  309
0.24059  370
0.24071  32
0.241002  158
0.241498  77
0.24169  369
0.241971  304
0.241973  22
0.241999  307
0.242105  234
0.242147  327
0.242682  189
0.242919  385
0.243406  311
0.243486  198
0.24483  213
0.246406  6
0.246468  269
0.246643  322
0.246736  367
0.247085  305
0.247343  96
0.247381  194
0.247587  389
0.247622  325
0.247882  159
0.248096  383
0.24892  134
0.249331  386
0.249846  354
0.250385  328
0.250525  41
0.250669  79
0.251623  372
0.251696  231
0.253267  329
0.253404  235
0.253816  56
0.253857  26
0.253994  262
0.254032  199
0.254099  335
0.254123  110
0.254125  259
0.254146  245
0.254192  344
0.254479  387
0.255143  371
0.255559  135
0.255561  346
0.256256  30
0.2563  296
0.256372  217
0.256404  173
0.257049  363
0.25713  254
0.257486  337
0.257497  146
0.257824  348
0.257979  306
0.258057  252
0.258085  302
0.258111  364
0.258337  323
0.258619  390
0.258872  93
0.258987  45
0.259651  339
0.259768  312
0.260211  0
0.260767  11
0.26108  85
0.26124  39
0.261395  191
0.261558  212
0.261736  208
0.261777  395
0.26227  246
0.262522  103
0.2627  18
0.262879  366
0.262897  219
0.263044  357
0.263408  106
0.263473  256
0.263708  336
0.26371  384
0.263924  119
0.264013  240
0.264358  214
0.264456  16
0.264577  78
0.264672  342
0.264837  340
0.264938  19
0.264975  163
0.265022  332
0.265396  153
0.265431  250
0.265499  55
0.265742  375
0.265793  187
0.265841  388
0.265949  224
0.26596  285
0.266137  67
0.266232  293
0.266753  294
0.26681  172
0.26717  192
0.26749  102
0.267611  64
0.267634  392
0.267714  361
0.267813  396
0.267837  288
0.267839  391
0.267895  196
0.267992  303
0.26827  164
0.268446  63
0.268512  333
0.268669  137
0.268868  353
0.268925  373
0.269089  398
0.269205  326
0.269231  295
0.26954  239
0.269626  17
0.269631  379
0.269725  209
0.269806  215
0.269812  140
0.26997  1
0.269977  129
0.270252  359
0.270379  321
0.270509  284
0.270687  130
0.270739  314
0.27092  289
0.271088  330
0.271289  14
0.271489  310
0.271795  150
0.271895  186
0.272028  171
0.272122  341
0.27222  128
0.272292  120
0.272292  349
0.272612  399
0.273142  317
0.273318  376
0.273385  177
0.273552  318
0.273702  266
0.273946  308
0.274111  287
0.274202  380
0.274246  343
0.27434  385
0.274788  315
0.274859  313
0.274926  352
0.276158  316
0.276671  382
0.27672  72
0.277343  216
0.277371  327
0.278306  182
0.278531  377
0.279258  334
0.279306  286
0.279486  34
0.27966  358
0.280667  54
0.28075  331
0.281025  42
0.281262  351
0.281452  356
0.281683  325
0.281982  36
0.282071  338
0.283346  362
0.283673  181
0.283678  201
0.283734  83
0.28379  324
0.284103  232
0.284599  355
0.284644  206
0.285462  205
0.28619  9
0.286779  350
0.286877  104
0.287018  167
0.287081  46
0.287165  76
0.287242  271
0.287357  180
0.287528  354
0.287663  197
0.288138  241
0.288153  307
0.288294  381
0.288393  292
0.288554  257
0.28865  176
0.289276  374
0.289403  369
0.289419  347
0.289571  105
0.289965  234
0.29039  152
0.290401  389
0.290461  300
0.290674  50
0.290851  309
0.291077  81
0.291079  238
0.291082  304
0.291175  320
0.291301  142
0.291355  345
0.291493  360
0.292142  393
0.292211  184
0.293117  222
0.293131  378
0.293159  114
0.293613  394
0.293634  319
0.293938  132
0.294047  298
0.294746  156
0.295197  301
0.295366  213
0.296265  193
0.29753  88
0.297579  397
0.297854  125
0.297923  372
0.298109  77
0.298161  290
0.298196  230
0.298367  322
0.298389  2
0.298413  233
0.298427  71
0.298488  305
0.298523  311
0.298543  383
0.298641  368
0.299344  136
0.299349  84
0.299368  162
0.299478  339
0.299555  95
0.300242  328
0.300581  363
0.300781  101
0.300975  207
0.301208  62
0.301356  61
0.301476  188
0.301551  226
0.302125  155
0.302247  138
0.302254  74
0.302301  221
0.302351  100
0.302401  204
0.302509  175
0.302632  242
0.30268  165
0.302832  395
0.302907  160
0.302996  178
0.30314  109
0.303299  344
0.303377  275
0.303465  110
0.30355  314
0.303607  302
0.303734  365
0.303856  336
0.303881  37
0.304013  52
0.304041  157
0.30414  243
0.304373  247
0.304466  124
0.304525  59
0.304702  299
0.304716  131
0.30475  390
0.304915  348
0.305278  386
0.305447  43
0.305535  185
0.305564  40
0.305985  166
0.306089  335
0.306158  122
0.306194  139
0.306232  21
0.306247  364
0.306256  346
0.306478  58
0.306665  73
0.306912  194
0.307039  357
0.307237  69
0.30748  38
0.307658  111
0.30799  31
0.308009  55
0.308189  297
0.308218  15
0.308308  327
0.308402  28
0.308569  65
0.308665  332
0.308697  29
0.308727  44
0.308817  33
0.308823  283
0.30889  127
0.308986  27
0.309  260
0.309025  303
0.309098  168
0.309114  352
0.309281  341
0.309402  47
0.309448  80
0.309477  48
0.309489  89
0.3095  317
0.309743  7
0.30977  387
0.309787  361
0.309797  68
0.309811  308
0.310093  380
0.310094  398
0.310294  210
0.310308  373
0.310351  200
0.310379  170
0.310447  337
0.310611  333
0.310647  384
0.310714  190
0.310788  370
0.310791  351
0.310857  119
0.310893  291
0.311584  97
0.311811  8
0.311875  244
0.311988  312
0.312045  169
0.312052  326
0.312236  67
0.312289  329
0.312477  316
0.312584  161
0.312586  324
0.312727  13
0.312967  49
0.313387  236
0.313463  392
0.313522  349
0.313561  334
0.313733  246
0.314188  315
0.314213  389
0.314378  231
0.314972  313
0.315011  381
0.315442  64
0.315713  318
0.316212  6
0.316272  196
0.316474  375
0.316694  264
0.316979  340
0.317177  371
0.31734  379
0.31736  99
0.31747  376
0.317494  342
0.317543  121
0.317841  385
0.317871  377
0.318345  4
0.318704  396
0.318933  353
0.319042  26
0.319221  144
0.319262  359
0.32046  214
0.320647  391
0.320879  343
0.320904  56
0.321068  350
0.32161  382
0.321831  323
0.322212  114
0.322487  118
0.322675  252
0.323126  321
0.323224  374
0.323538  274
0.324059  388
0.324361  399
0.324971  249
0.32562  338
0.325812  57
0.325931  91
0.326293  397
0.32633  345
0.327174  149
0.327772  267
0.327964  378
0.328216  310
0.328763  79
0.329713  294
0.330585  143
0.330728  279
0.331337  3
0.331616  261
0.331764  360
0.331917  356
0.332399  346
0.3327  203
0.332856  212
0.332938  254
0.332962  300
0.333086  189
0.333145  320
0.333154  133
0.333339  328
0.333439  325
0.333592  367
0.333599  1
0.333662  276
0.333821  339
0.334459  159
0.334653  394
0.334697  366
0.334722  307
0.334733  51
0.335022  70
0.335395  10
0.335502  363
0.335581  301
0.335773  281
0.336017  66
0.336117  130
0.336121  362
0.337066  354
0.33787  263
0.337915  311
0.338568  347
0.339586  365
0.339771  306
0.340427  235
0.340609  304
0.34117  358
0.341231  195
0.34159  355
0.34187  330
0.342568  305
0.342637  248
0.342853  54
0.343736  344
0.343952  265
0.344184  107
0.345651  36
0.345702  5
0.345952  158
0.346344  35
0.346934  50
0.347098  137
0.347148  393
0.347626  145
0.347626  218
0.347629  192
0.347652  240
0.347735  90
0.347855  92
0.348363  319
0.348384  25
0.348461  331
0.348487  202
0.348691  85
0.348798  241
0.348831  219
0.349272  368
0.349331  268
0.349457  322
0.349492  386
0.349591  369
0.349687  285
0.349755  123
0.349768  22
0.349776  211
0.349937  384
0.349994  155
0.350367  116
0.350607  308
0.350683  309
0.350735  151
0.350791  163
0.350861  380
0.351104  220
0.351344  0
0.351379  206
0.351758  148
0.351923  250
0.351958  12
0.352113  316
0.35228  332
0.352392  387
0.352418  277
0.352905  296
0.353202  41
0.35322  340
0.353302  329
0.353346  348
0.353375  395
0.353383  302
0.353449  383
0.353823  303
0.35407  94
0.354566  176
0.355107  183
0.355232  106
0.355499  191
0.355594  82
0.355651  223
0.355671  370
0.355718  71
0.35576  199
0.355858  349
0.356418  372
0.356558  188
0.35661  315
0.356706  173
0.356707  251
0.356838  53
0.357001  335
0.357071  255
0.357136  327
0.357522  237
0.357766  364
0.358211  382
0.358285  270
0.358679  375
0.359104  288
0.359165  337
0.359218  256
0.359273  391
0.359318  175
0.359482  353
0.360227  98
0.360239  317
0.360859  245
0.360944  336
0.360982  198
0.361054  352
0.361072  280
0.361247  108
0.361582  300
0.362247  34
0.362603  187
0.363057  392
0.363083  338
0.36325  167
0.363942  373
0.364005  371
0.364078  75
0.364165  357
0.364338  321
0.364619  286
0.365226  230
0.365418  243
0.366115  222
0.366182  31
0.366333  390
0.366409  119
0.366483  84
0.366693  271
0.366984  88
0.36703  81
0.367233  117
0.367457  86
0.367509  227
0.367693  361
0.367941  342
0.36802  262
0.368121  152
0.368151  312
0.368331  120
0.368349  96
0.368432  323
0.368458  77
0.368516  320
0.368642  388
0.368658  351
0.368718  87
0.368947  295
0.369169  169
0.369272  132
0.369428  23
0.369726  103
0.369856  234
0.369859  389
0.369934  105
0.370026  62
0.370127  134
0.370183  63
0.37019  396
0.370238  178
0.370324  142
0.370458  115
0.370468  314
0.370501  328
0.370581  325
0.370665  345
0.370697  225
0.370846  313
0.370876  83
0.3709  253
0.370922  398
0.37105  113
0.371143  140
0.371461  374
0.371947  362
0.372132  46
0.37244  60
0.372614  343
0.372652  394
0.372746  239
0.372963  399
0.372984  355
0.373039  333
0.373723  69
0.373791  179
0.373838  324
0.374114  360
0.374259  397
0.374326  379
0.375338  49
0.376352  350
0.377102  358
0.377216  257
0.377617  217
0.377857  236
0.377919  39
0.378185  378
0.378249  346
0.378251  359
0.378454  365
0.378513  55
0.378717  354
0.378864  367
0.37961  341
0.380317  228
0.380663  267
0.381251  282
0.381716  304
0.381727  26
0.381908  193
0.38199  298
0.382061  318
0.382494  15
0.382739  377
0.383134  305
0.383429  334
0.384458  284
0.384724  72
0.384809  6
0.385  306
0.385376  24
0.385435  161
0.385474  370
0.385984  112
0.386012  231
0.38619  184
0.386522  242
0.386748  384
0.38683  283
0.386926  216
0.386947  37
0.387007  168
0.387195  16
0.387215  258
0.387258  186
0.387395  30
0.387402  302
0.387552  310
0.388007  238
0.388013  182
0.388188  275
0.388376  326
0.388436  57
0.388491  19
0.388523  207
0.388565  387
0.388582  330
0.388597  368
0.388683  13
0.388819  150
0.38899  311
0.389002  316
0.389046  104
0.389325  386
0.389768  376
0.389981  385
0.390073  272
0.39008  357
0.390182  147
0.390287  135
0.390429  381
0.390442  287
0.390639  344
0.390915  307
0.390981  110
0.39118  20
0.391507  309
0.392937  393
0.39391  139
0.394044  79
0.394212  366
0.394427  153
0.394469  278
0.394606  111
0.394924  301
0.395526  99
0.396089  252
0.396159  340
0.396426  391
0.396851  100
0.396867  375
0.39689  74
0.396962  297
0.397189  383
0.397481  224
0.397777  22
0.397907  214
0.398106  47
0.398623  380
0.398646  246
0.398859  144
0.398908  315
0.398908  327
0.399075  29
0.399244  356
0.399431  68
0.399754  339
0.399755  138
0.39986  143
0.4001  281
0.400319  17
0.400456  254
0.400496  353
0.400591  156
0.400691  114
0.400714  159
0.400735  248
0.400756  266
0.400831  395
0.400883  269
0.400887  11
0.400967  208
0.400985  314
0.400987  235
0.401092  73
0.401149  261
0.401234  28
0.401322  65
0.401543  337
0.401545  209
0.401597  331
0.401784  308
0.401798  364
0.402033  128
0.402057  348
0.402258  349
0.402635  369
0.402724  389
0.402807  172
0.403031  276
0.403626  241
0.404015  213
0.404739  374
0.404965  131
0.405033  232
0.405101  362
0.405151  66
0.40521  347
0.405237  146
0.405351  38
0.405772  363
0.405804  299
0.405855  329
0.405886  155
0.406179  345
0.406209  133
0.40662  211
0.406762  61
0.406788  343
0.406911  397
0.406978  300
0.407014  372
0.407079  342
0.407197  197
0.407326  303
0.407327  130
0.407427  189
0.407489  352
0.407502  33
0.407536  59
0.407916  336
0.407928  200
0.408083  321
0.408185  371
0.408517  160
0.408998  78
0.409163  319
0.409222  378
0.409278  328
0.409628  181
0.410104  373
0.410213  317
0.410765  360
0.410894  335
0.411705  151
0.412359  392
0.41312  230
0.413252  398
0.413356  333
0.413512  313
0.414104  320
0.414157  170
0.414622  40
0.414839  358
0.415061  399
0.415143  312
0.416977  382
0.417862  379
0.417915  388
0.418326  290
0.418519  273
0.418675  122
0.418938  323
0.418951  91
0.419515  185
0.420182  221
0.420367  87
0.421126  341
0.421152  359
0.422037  71
0.422817  309
0.423009  42
0.42316  205
0.423244  351
0.423328  332
0.423345  201
0.423418  250
0.423498  94
0.423521  176
0.423782  318
0.424038  236
0.424056  27
0.424278  322
0.424392  365
0.424783  149
0.424895  384
0.425007  206
0.425142  2
0.425642  325
0.425872  324
0.426311  56
0.426665  346
0.426835  394
0.427046  125
0.427121  390
0.42715  381
0.427425  135
0.427504  194
0.427526  396
0.428441  154
0.428483  361
0.429616  354
0.429832  21
0.42991  127
0.429979  148
0.430425  58
0.43065  355
0.431494  116
0.432539  18
0.432607  183
0.432687  310
0.432881  174
0.433076  195
0.433116  177
0.433135  220
0.433425  306
0.433435  367
0.433444  357
0.433626  302
0.433695  334
0.433716  370
0.433723  179
0.433862  76
0.434051  7
0.434346  391
0.435004  157
0.435286  25
0.435316  4
0.435331  44
0.435664  350
0.435687  141
0.435691  377
0.436039  191
0.43634  265
0.436381  175
0.436503  210
0.436526  387
0.436905  161
0.436974  237
0.437044  255
0.437129  330
0.437435  108
0.437872  304
0.438009  338
0.438028  212
0.43809  307
0.438159  326
0.438166  316
0.438328  14
0.438414  48
0.438494  349
0.438899  247
0.439097  164
0.439254  129
0.43937  383
0.43947  293
0.439743  3
0.439803  285
0.43998  204
0.440206  226
0.440532  369
0.440554  274
0.4406  93
0.440683  327
0.440882  270
0.441005  393
0.441101  288
0.441234  249
0.441287  289
0.44133  0
0.44139  231
0.441689  356
0.441706  263
0.442058  28
0.44216  239
0.442192  190
0.442208  243
0.442426  86
0.442461  301
0.442684  395
0.44274  45
0.442926  145
0.442927  31
0.443365  292
0.44341  98
0.443412  8
0.443585  366
0.443639  136
0.443716  295
0.444027  199
0.444094  9
0.444332  112
0.444391  368
0.444414  352
0.444414  197
0.444541  95
0.444557  385
0.444559  126
0.44456  36
0.44469  109
0.44488  207
0.444897  375
0.445057  60
0.445125  397
0.445161  340
0.445167  386
0.44547  277
0.445844  77
0.446231  380
0.446257  24
0.44628  96
0.446351  344
0.446418  342
0.446438  54
0.446446  328
0.446545  363
0.446679  85
0.446832  282
0.446928  353
0.447196  296
0.447428  392
0.447705  382
0.447827  376
0.448814  259
0.449071  320
0.449172  215
0.449629  337
0.449667  378
0.449669  336
0.449923  305
0.449966  300
0.450171  315
0.450309  74
0.450392  132
0.450398  343
0.450508  360
0.450783  219
0.450921  364
0.450941  178
0.452554  99
0.452737  389
0.453492  142
0.453594  251
0.45371  298
0.454072  246
0.454445  186
0.454465  262
0.454534  245
0.454887  335
0.454956  318
0.455041  321
0.455156  314
0.455324  372
0.455807  41
0.456193  339
0.456265  196
0.456288  399
0.456497  362
0.45658  311
0.456874  229
0.45689  331
0.457151  374
0.457509  153
0.45764  167
0.457694  345
0.457823  222
0.4587  348
0.459837  119
0.459963  333
0.46109  322
0.461327  384
0.461358  233
0.46185  371
0.46196  303
0.463042  379
0.463314  325
0.463647  324
0.464169  394
0.464455  332
0.465046  91
0.466996  329
0.467007  12
0.468244  294
0.468271  75
0.468395  373
0.469182  354
0.46933  323
0.469574  218
0.47008  105
0.470319  89
0.470383  319
0.470647  241
0.470709  166
0.470717  309
0.470893  257
0.471445  359
0.471519  182
0.471558  398
0.471587  306
0.472471  383
0.472886  358
0.473321  388
0.474022  312
0.476409  5
0.476432  59
0.47656  213
0.476625  230
0.477557  346
0.477945  51
0.477984  113
0.477989  391
0.478021  22
0.478045  214
0.478047  313
0.478187  387
0.478371  225
0.478458  304
0.47853  307
0.478735  37
0.479556  361
0.479672  123
0.479799  92
0.480049  16
0.48048  137
0.480668  347
0.480894  317
0.482027  193
0.482181  286
0.48221  341
0.483058  121
0.483373  396
0.48364  370
0.483678  355
0.48383  104
0.48428  106
0.484355  43
0.484749  184
0.485099  140
0.48511  256
0.485489  365
0.485819  55
0.485908  368
0.486065  70
0.48611  39
0.486449  244
0.486693  299
0.486932  2
0.486972  310
0.487263  264
0.487345  67
0.487362  330
0.487477  79
0.487509  271
0.487704  152
0.487766  390
0.487802  297
0.487849  189
0.48814  114
0.488174  369
0.488294  228
0.488461  308
0.488495  364
0.488665  381
0.488683  32
0.488864  139
0.48887  103
0.488915  252
0.489176  81
0.489301  356
0.489373  301
0.48951  46
0.489656  40
0.489674  173
0.489795  158
0.4898  162
0.489896  209
0.490095  155
0.490135  88
0.490178  15
0.490445  350
0.49059  84
0.490834  316
0.490881  380
0.491139  338
0.49119  232
0.491227  146
0.491238  352
0.491353  130
0.491668  397
0.491885  305
0.491888  236
0.491923  29
0.491976  254
0.492013  203
0.492162  376
0.492476  58
0.492599  188
0.492784  198
0.492815  269
0.493148  133
0.493335  339
0.493384  1
0.493444  334
0.493826  80
0.494156  100
0.494318  357
0.494419  372
0.495183  14
0.495415  253
0.495565  160
0.495714  64
0.496079  315
0.496272  278
0.496321  234
0.496462  185
0.496513  117
0.496527  384
0.496563  374
0.497221  258
0.497411  335
0.497472  261
0.497614  69
0.497846  367
0.497972  321
0.497985  181
0.498018  302
0.498104  57
0.498154  363
0.498245  272
0.498336  176
0.498441  392
0.498892  116
0.49892  320
0.499078  270
0.499141  168
0.499331  208
0.499566  337
0.499661  291
0.499933  90
0.499953  101
0.499958  24
0.500018  378
0.500152  395
0.500285  102
0.500953  349
0.501023  165
0.501039  147
0.50105  192
0.501057  375
0.501089  333
0.501325  107
0.501355  351
0.501375  386
0.501437  151
0.501537  366
0.501597  187
0.501616  389
0.501657  279
0.501807  303
0.501861  336
0.502096  343
0.502746  161
0.503046  329
0.503124  300
0.503257  56
0.503483  373
0.503547  62
0.504126  309
0.504435  322
0.504995  233
0.505284  353
0.506565  275
0.50676  111
0.507026  393
0.507182  328
0.507263  377
0.507545  311
0.507611  49
0.50815  134
0.508387  385
0.508455  267
0.508581  143
0.508652  398
0.508706  200
0.508844  210
0.508866  327
0.509074  41
0.509218  324
0.509662  195
0.509753  276
0.510005  71
0.510984  312
0.510998  125
0.51105  391
0.511062  344
0.511126  235
0.511314  314
0.511498  26
0.511652  52
0.512427  287
0.512447  145
0.513082  362
0.513218  19
0.513243  293
0.513509  199
0.51351  331
0.513539  260
0.513669  332
0.513692  72
0.5137  345
0.514011  249
0.514088  243
0.514094  23
0.514104  286
0.514203  358
0.514265  361
0.514324  97
0.514526  171
0.514667  284
0.51504  365
0.515207  306
0.51527  248
0.515368  318
0.515585  169
0.515691  154
0.515734  180
0.51625  325
0.516317  89
0.516673  227
0.517663  65
0.51771  163
0.517806  342
0.517883  399
0.517981  115
0.518058  44
0.518254  63
0.518335  387
0.518506  304
0.518572  359
0.518647  224
0.518732  93
0.518793  110
0.5189  350
0.519049  301
0.519129  219
0.519162  383
0.519233  360
0.519378  379
0.519578  394
0.519678  356
0.51971  341
0.51978  317
0.520045  159
0.520781  340
0.520814  282
0.52138  354
0.521686  319
0.522699  355
0.522835  346
0.522992  308
0.523248  34
0.523268  136
0.523772  307
0.523967  149
0.524289  316
0.52429  370
0.524607  396
0.524964  347
0.527358  11
0.528134  295
0.529258  237
0.529929  296
0.529935  47
0.529938  381
0.530048  186
0.530123  323
0.530207  376
0.530217  45
0.530443  369
0.530487  371
0.530587  382
0.530627  87
0.531352  99
0.531357  334
0.532114  348
0.532443  175
0.533057  166
0.533368  183
0.533722  77
0.534161  280
0.534163  25
0.534288  55
0.534472  338
0.534978  78
0.535169  48
0.53602  313
0.536193  390
0.5365  28
0.536936  388
0.537731  144
0.537864  364
0.538118  212
0.538132  12
0.538548  368
0.538806  98
0.539332  38
0.539415  375
0.539502  197
0.539703  239
0.539958  96
0.540118  174
0.541052  202
0.5411  266
0.54121  20
0.541239  140
0.541487  131
0.541507  118
0.54151  326
0.541538  39
0.541569  9
0.541602  141
0.541795  14
0.541817  380
0.541898  373
0.542222  203
0.542396  42
0.542484  357
0.542494  310
0.542507  393
0.543075  330
0.543393  305
0.543441  273
0.54384  324
0.543884  8
0.543907  215
0.544075  66
0.544676  223
0.544739  328
0.544906  190
0.544936  172
0.54499  231
0.545067  389
0.54538  238
0.545557  363
0.545605  16
0.545621  395
0.545853  259
0.545942  73
0.546395  339
0.546566  378
0.546597  113
0.546983  321
0.547195  3
0.547368  150
0.547441  201
0.547486  303
0.548  320
0.548607  384
0.548963  142
0.54932  300
0.549524  244
0.549628  247
0.549653  315
0.55042  349
0.550461  120
0.550793  283
0.550899  343
0.551315  397
0.551357  335
0.55137  153
0.551585  88
0.551808  304
0.551822  277
0.551824  333
0.552177  129
0.552253  366
0.552747  391
0.552754  322
0.552845  94
0.552949  35
0.553236  353
0.553475  108
0.554243  105
0.554253  336
0.554632  250
0.55464  302
0.55501  329
0.555278  205
0.555489  148
0.555915  221
0.55603  36
0.556216  288
0.556365  17
0.556513  387
0.556556  327
0.556577  311
0.556728  352
0.556766  60
0.557036  95
0.557043  372
0.557214  293
0.557382  50
0.557401  242
0.557429  21
0.557747  306
0.558121  32
0.558477  370
0.558701  386
0.5588  301
0.558817  4
0.558938  196
0.559171  137
0.559204  374
0.559245  230
0.559297  81
0.559403  176
0.559437  309
0.559565  211
0.55973  351
0.559762  308
0.559847  222
0.56005  216
0.560301  289
0.56041  342
0.560641  360
0.561228  399
0.561528  362
0.562625  344
0.563045  332
0.563399  92
0.563596  195
0.563667  272
0.563792  233
0.564842  207
0.565012  263
0.565045  240
0.565062  194
0.565358  164
0.565444  181
0.565493  396
0.565553  383
0.565567  241
0.565709  350
0.565952  358
0.56598  314
0.566058  82
0.566318  80
0.566976  139
0.567177  398
0.567644  377
0.567715  392
0.567919  188
0.567944  18
0.568248  367
0.568425  312
0.568678  236
0.56909  340
0.569159  354
0.569376  371
0.569489  24
0.570276  246
0.570555  102
0.570559  345
0.570927  179
0.571231  325
0.571568  337
0.571817  23
0.572253  109
0.572304  152
0.57276  319
0.573135  255
0.573272  40
0.573287  0
0.573292  206
0.573473  147
0.573537  278
0.573624  347
0.573631  209
0.5737  31
0.573878  376
0.573881  138
0.574123  307
0.574422  361
0.574573  330
0.574699  268
0.574729  160
0.575119  74
0.575211  365
0.575314  97
0.575599  218
0.576013  355
0.576117  388
0.576584  63
0.576806  177
0.57682  385
0.57688  101
0.577252  52
0.577271  282
0.577273  128
0.577335  389
0.577501  368
0.577896  132
0.577921  57
0.578044  182
0.578076  317
0.578162  290
0.578195  151
0.5787  316
0.578735  214
0.579116  382
0.579166  53
0.579282  64
0.579453  169
0.57952  359
0.579956  256
0.580008  318
0.580372  163
0.580498  167
0.580823  375
0.581018  331
0.581118  217
0.581456  130
0.581458  275
0.581509  45
0.581654  103
0.581681  251
0.581783  124
0.581854  122
0.581958  115
0.582021  379
0.582031  68
0.582468  364
0.58255  384
0.582638  369
0.582832  387
0.582838  33
0.582842  323
0.582914  253
0.583238  157
0.583294  91
0.583406  260
0.583469  394
0.58348  381
0.583569  315
0.583636  227
0.583811  390
0.583854  126
0.583884  265
0.584046  86
0.584578  75
0.584635  305
0.584902  170
0.585025  116
0.585127  127
0.585245  249
0.58536  229
0.585485  346
0.585579  54
0.585618  341
0.585684  254
0.585803  89
0.586174  395
0.586453  6
0.58648  184
0.586497  187
0.58672  143
0.586884  261
0.586964  135
0.587262  311
0.587347  356
0.587796  110
0.588082  269
0.588451  349
0.588491  348
0.588525  301
0.588565  283
0.588614  189
0.588667  357
0.58884  342
0.588847  380
0.588962  336
0.58972  133
0.589938  322
0.590013  362
0.590661  296
0.590846  144
0.590908  313
0.591218  386
0.591314  343
0.591375  310
0.592612  303
0.593181  104
0.593356  366
0.593602  15
0.593613  302
0.59377  292
0.593832  329
0.594096  56
0.59411  173
0.594339  373
0.594498  332
0.594643  145
0.595071  339
0.595626  59
0.595666  208
0.595854  309
0.595885  306
0.596744  378
0.597126  76
0.597324  326
0.598982  193
0.599155  374
0.599512  372
0.599547  377
0.60028  2
0.600714  324
0.60136  11
0.60137  119
0.601429  171
0.601678  49
0.601716  257
0.602101  334
0.60255  113
0.602604  335
0.60261  328
0.602656  397
0.602711  383
0.602865  338
0.603194  300
0.603316  190
0.603338  220
0.603494  27
0.603604  25
0.603806  321
0.603904  161
0.604421  371
0.604475  191
0.604545  12
0.604761  41
0.604878  13
0.605  196
0.605454  352
0.606533  223
0.60662  350
0.606902  370
0.607129  399
0.607381  178
0.608156  391
0.608476  225
0.608526  48
0.608677  58
0.608867  28
0.609338  333
0.609373  337
0.609403  26
0.609513  271
0.609806  351
0.609843  199
0.610308  10
0.610689  168
0.610868  308
0.611002  136
0.611008  85
0.611223  367
0.611309  166
0.611477  345
0.611631  186
0.611924  270
0.611977  358
0.612427  134
0.612498  105
0.612607  314
0.612753  354
0.613228  284
0.613429  165
0.613738  79
0.614182  294
0.61423  200
0.614396  71
0.614492  51
0.614498  252
0.614605  67
0.614669  213
0.614725  382
0.614827  297
0.614986  198
0.615109  117
0.615117  237
0.615296  73
0.61541  393
0.615452  0
0.615711  307
0.615722  228
0.616043  118
0.616045  266
0.616078  396
0.616154  8
0.616212  245
0.616248  183
0.616278  65
0.616334  353
0.616342  325
0.616403  203
0.616677  156
0.616684  87
0.616784  398
0.617227  340
0.617278  123
0.617478  304
0.617696  330
0.617697  360
0.617907  268
0.617961  319
0.618347  185
0.618364  395
0.618591  363
0.619086  388
0.619251  162
0.619379  298
0.619396  234
0.619448  320
0.619599  99
0.619685  43
0.619689  106
0.619925  392
0.620045  3
0.620098  258
0.620123  149
0.620247  285
0.62041  295
0.620531  344
0.620596  146
0.620666  205
0.620975  158
0.620984  7
0.621023  293
0.62106  114
0.621065  323
0.621243  47
0.621273  131
0.621371  389
0.621407  5
0.621618  121
0.62162  361
0.621648  84
0.621664  240
0.621675  327
0.621942  359
0.621961  120
0.621985  111
0.622033  280
0.622045  368
0.622171  301
0.622316  375
0.622478  322
0.622621  29
0.622667  142
0.622696  107
0.62278  154
0.623131  153
0.623305  381
0.623363  61
0.623562  82
0.623602  357
0.624004  376
0.624391  69
0.624537  112
0.624629  311
0.624642  315
0.62479  355
0.624881  336
0.625076  72
0.62514  141
0.625195  378
0.625571  365
0.625593  260
0.625912  232
0.626179  212
0.62652  313
0.626853  139
0.626918  35
0.62715  226
0.627702  329
0.627709  115
0.627745  1
0.627822  394
0.627844  332
0.627952  244
0.628102  22
0.628262  326
0.628425  374
0.628569  334
0.628634  369
0.628644  300
0.628696  331
0.628825  342
0.629627  316
0.629878  341
0.630321  42
0.630534  172
0.630571  390
0.630828  278
0.631972  347
0.631994  312
0.632461  387
0.63251  64
0.632794  14
0.632836  302
0.633057  356
0.633726  75
0.633762  249
0.634057  264
0.634119  103
0.634284  224
0.635045  192
0.635067  349
0.6354  96
0.635468  77
0.635967  303
0.636078  348
0.63665  157
0.636684  306
0.636712  273
0.636736  250
0.636762  36
0.636767  63
0.637068  379
0.637073  230
0.637098  305
0.637131  246
0.637154  128
0.637164  339
0.637318  364
0.637365  308
0.637808  220
0.63782  62
0.637925  116
0.637985  210
0.638005  94
0.638076  343
0.638285  150
0.638307  391
0.638511  380
0.638694  231
0.638916  78
0.639359  310
0.639455  321
0.639848  372
0.639994  70
0.640122  92
0.640408  279
0.640573  362
0.640666  214
0.640708  164
0.64115  317
0.641407  351
0.641464  346
0.642481  9
0.642812  384
0.643238  225
0.6437  251
0.643922  385
0.644673  90
0.644676  242
0.644734  281
0.645038  222
0.64536  350
0.645406  370
0.645484  358
0.645675  259
0.645768  81
0.645839  261
0.646278  335
0.646786  17
0.646847  34
0.647219  377
0.647552  108
0.647687  386
0.647743  37
0.647946  383
0.648583  98
0.648601  175
0.648788  229
0.64889  44
0.649045  169
0.649045  359
0.649089  354
0.649141  89
0.649445  287
0.649472  201
0.649866  4
0.649999  272
0.650127  243
0.650388  265
0.650548  68
0.650678  46
0.650829  241
0.650951  289
0.650973  382
0.651042  197
0.65111  371
0.651491  328
0.651539  318
0.651858  352
0.651901  218
0.651967  340
0.652038  399
0.652097  353
0.652199  397
0.65286  195
0.653101  140
0.65333  320
0.653514  52
0.653612  274
0.653681  373
0.654388  102
0.654403  366
0.654797  180
0.655101  45
0.655511  208
0.655695  144
0.655732  344
0.655939  357
0.655972  221
0.656507  173
0.656974  322
0.65721  147
0.657211  395
0.657571  38
0.65783  122
0.657942  319
0.658145  333
0.658284  16
0.658335  368
0.658349  177
0.65854  345
0.658681  338
0.658707  20
0.658907  30
0.659201  309
0.659496  188
0.659528  285
0.659727  202
0.659914  330
0.660035  32
0.660183  148
0.660607  394
0.661012  363
0.661212  135
0.661674  66
0.661844  206
0.66189  194
0.661995  152
0.662036  367
0.662115  311
0.662389  334
0.662442  76
0.663358  57
0.663407  355
0.66377  316
0.663971  361
0.664202  125
0.664851  181
0.665276  267
0.665336  93
0.665885  374
0.665967  277
0.66621  360
0.666253  314
0.666358  109
0.666477  396
0.666481  257
0.666638  327
0.666834  236
0.666953  209
0.667056  193
0.667448  301
0.667512  129
0.667528  286
0.667702  171
0.667756  324
0.667891  372
0.668175  156
0.66841  262
0.668508  390
0.668545  103
0.668692  369
0.668746  336
0.668914  290
0.668958  143
0.669206  341
0.669299  210
0.670024  381
0.670189  159
0.67125  387
0.671359  212
0.671594  342
0.671628  227
0.67185  302
0.671911  200
0.672406  304
0.672625  376
0.672726  303
0.672754  276
0.672826  339
0.672995  364
0.673506  112
0.673576  331
0.673805  253
0.674019  110
0.674124  337
0.674321  307
0.674551  347
0.675615  275
0.676099  312
0.676383  292
0.677145  121
0.677393  378
0.677394  391
0.677534  178
0.677775  72
0.678416  300
0.678571  393
0.678578  329
0.678653  398
0.679304  207
0.679444  43
0.679612  41
0.679614  323
0.681387  340
0.68256  58
0.683092  263
0.683106  151
0.683404  204
0.683466  313
0.683795  87
0.683985  228
0.683993  138
0.68414  375
0.684201  255
0.684256  91
0.684592  119
0.685025  356
0.685108  388
0.6854  384
0.685476  379
0.685488  306
0.685587  60
0.685668  332
0.685745  15
0.685805  321
0.685875  266
0.686124  145
0.686382  184
0.686491  308
0.686518  19
0.686531  83
0.686969  114
0.687023  70
0.687415  389
0.687536  350
0.687562  359
0.687569  2
0.687604  196
0.687667  99
0.688255  370
0.68845  167
0.688779  100
0.689063  191
0.689336  154
0.689486  105
0.689623  365
0.689687  170
0.689814  357
0.689849  244
0.690432  239
0.690571  343
0.690671  346
0.690934  349
0.690964  291
0.691029  362
0.691114  217
0.691403  53
0.691559  315
0.692247  310
0.692293  80
0.692537  335
0.692698  104
0.693019  130
0.693039  13
0.693425  296
0.693494  238
0.693559  11
0.693675  348
0.693701  185
0.694242  371
0.694498  383
0.694543  42
0.694638  318
0.694806  317
0.694902  382
0.694936  168
0.695055  271
0.695306  50
0.695663  351
0.695906  226
0.697157  117
0.697687  161
0.697702  189
0.697723  48
0.697768  127
0.697776  79
0.697847  235
0.697963  0
0.698158  24
0.698357  322
0.698671  325
0.69874  203
0.698844  107
0.698846  353
0.698849  39
0.698974  377
0.699011  358
0.699142  187
0.699538  288
0.699966  282
0.69999  232
0.700301  319
0.700481  78
0.700671  386
0.700672  380
0.700705  354
0.70077  233
0.700775  396
0.70088  326
0.700884  245
0.701005  179
0.701071  397
0.701094  392
0.701134  399
0.701428  81
0.701454  298
0.701467  364
0.70203  269
0.702088  86
0.702498  366
0.70277  344
0.703134  320
0.703385  1
0.703695  333
0.703916  363
0.704123  155
0.704445  225
0.704887  101
0.705406  67
0.705683  311
0.706087  355
0.706142  385
0.706199  258
0.706298  390
0.706444  327
0.706541  374
0.707293  108
0.707375  63
0.707473  25
0.708211  33
0.708397  328
0.708705  31
0.709423  372
0.709462  260
0.709792  224
0.709841  5
0.710582  261
0.710789  49
0.71088  246
0.711087  74
0.711201  395
0.711623  158
0.711676  265
0.711786  367
0.712199  55
0.712459  338
0.71256  186
0.712997  293
0.713019  96
0.713317  175
0.713416  252
0.713471  342
0.713537  202
0.713545  289
0.713596  115
0.713666  361
0.71394  283
0.713969  65
0.714249  82
0.714306  126
0.714336  113
0.71451  211
0.714597  66
0.714616  90
0.71488  305
0.714977  133
0.715015  237
0.715066  251
0.7151  215
0.715166  75
0.715181  270
0.715215  208
0.71529  8
0.715373  347
0.715387  373
0.715396  398
0.715547  387
0.715596  68
0.71564  197
0.715686  352
0.715852  12
0.715939  394
0.715976  312
0.715994  329
0.715994  153
0.716039  136
0.716071  304
0.716092  221
0.716208  285
0.7163  219
0.716321  131
0.716345  301
0.716439  84
0.716532  95
0.716539  36
0.716552  309
0.716587  381
0.716639  316
0.71675  165
0.716826  284
0.716915  341
0.717098  176
0.717106  281
0.717529  332
0.717604  368
0.717771  73
0.717784  369
0.717804  77
0.718341  303
0.718484  337
0.71849  59
0.718607  223
0.718642  248
0.718685  23
0.718721  213
0.718724  149
0.718755  360
0.71888  166
0.719388  345
0.719513  278
0.719592  89
0.719673  14
0.719685  256
0.720093  359
0.720153  356
0.720623  254
0.720725  247
0.720735  207
0.720761  26
0.720834  216
0.720934  331
0.720935  376
0.72102  129
0.721024  383
0.721136  214
0.721272  62
0.72137  106
0.721449  56
0.721582  35
0.721691  307
0.721728  379
0.721783  321
0.721961  334
0.722228  302
0.722263  324
0.722846  174
0.723069  336
0.723073  306
0.723572  141
0.724429  313
0.724585  371
0.724819  47
0.724994  314
0.72516  317
0.725386  339
0.725753  299
0.727105  297
0.727151  300
0.727362  188
0.727827  393
0.72801  362
0.728415  157
0.728778  330
0.728841  366
0.72943  357
0.729532  378
0.729695  350
0.731796  80
0.731987  112
0.73228  326
0.732386  335
0.732479  370
0.732681  375
0.733349  259
0.73339  160
0.733452  388
0.733569  340
0.733915  28
0.733944  57
0.734035  212
0.734615  273
0.734798  382
0.735062  290
0.735521  64
0.735902  98
0.735932  171
0.735941  92
0.736133  287
0.73636  204
0.736702  380
0.736986  322
0.737313  296
0.737462  367
0.737502  396
0.737855  182
0.738216  144
0.738351  45
0.738533  355
0.738739  147
0.738812  199
0.739143  346
0.739164  389
0.739333  34
0.739557  121
0.73971  229
0.739735  140
0.739804  164
0.739847  323
0.740089  130
0.740192  11
0.740383  243
0.740486  43
0.740514  111
0.740706  377
0.740708  349
0.740741  201
0.740943  315
0.741081  195
0.74139  397
0.741517  173
0.741836  343
0.741867  69
0.741913  266
0.742191  230
0.742247  372
0.742573  390
0.742607  51
0.742798  351
0.742873  24
0.743273  146
0.74329  162
0.743363  344
0.743429  194
0.743625  8
0.743865  163
0.743908  308
0.743923  310
0.743947  384
0.743972  122
0.744124  319
0.744129  328
0.744134  125
0.744407  274
0.744564  386
0.744957  354
0.745072  363
0.745242  123
0.745729  325
0.746017  338
0.746069  353
0.746649  286
0.74667  391
0.747105  275
0.747522  3
0.747956  327
0.74803  333
0.748065  114
0.748087  358
0.748322  279
0.748903  318
0.750455  399
0.750577  262
0.75069  231
0.752159  305
0.752174  132
0.752235  394
0.752311  192
0.75295  198
0.753307  61
0.753318  348
0.753372  167
0.753386  134
0.753556  365
0.753972  97
0.753994  225
0.754042  385
0.754106  395
0.754316  245
0.754574  312
0.754652  257
0.755365  250
0.755902  128
0.756175  211
0.756217  85
0.75624  172
0.756253  180
0.757099  135
0.757192  352
0.75766  168
0.757813  364
0.757818  56
0.757837  183
0.758006  337
0.758142  329
0.758259  110
0.758306  205
0.758695  280
0.758973  321
0.759239  292
0.7593  156
0.759597  381
0.759726  88
0.760032  336
0.760059  311
0.760435  359
0.760497  317
0.760688  276
0.760714  341
0.760795  148
0.760817  307
0.760871  54
0.760941  137
0.761014  331
0.761154  345
0.761634  314
0.761654  184
0.761898  387
0.761924  246
0.76194  301
0.762028  21
0.762154  150
0.762517  7
0.762749  39
0.762783  17
0.762788  383
0.763104  357
0.763841  304
0.763843  159
0.763868  392
0.764563  251
0.765121  378
0.765242  52
0.765242  366
0.765291  238
0.765475  369
0.765734  87
0.766549  322
0.766767  177
0.766828  105
0.766889  249
0.766939  9
0.767014  339
0.767259  120
0.767337  103
0.767602  373
0.768162  155
0.768314  218
0.769075  302
0.769557  309
0.769831  347
0.769849  361
0.769912  326
0.769946  82
0.770151  30
0.771217  14
0.771294  313
0.771383  303
0.772538  398
0.772794  370
0.772947  379
0.772968  295
0.773128  79
0.773394  268
0.77459  382
0.774745  277
0.775439  203
0.775673  139
0.776071  374
0.776541  13
0.776587  284
0.776613  191
0.776836  149
0.777294  10
0.777404  375
0.777448  222
0.777536  342
0.777788  334
0.77789  157
0.778079  265
0.778354  169
0.778361  396
0.778476  253
0.778643  335
0.779107  320
0.779234  330
0.779374  179
0.779391  343
0.779605  371
0.779893  109
0.780625  354
0.780639  108
0.781011  32
0.781147  0
0.781259  384
0.781533  252
0.781869  300
0.783086  344
0.783291  18
0.78338  63
0.783514  116
0.783645  104
0.783651  193
0.783767  338
0.783807  166
0.783832  22
0.783911  234
0.784156  386
0.784451  332
0.784515  324
0.784528  74
0.784548  349
0.784851  350
0.785445  91
0.785482  360
0.785867  58
0.786041  242
0.786077  78
0.786201  278
0.786219  2
0.786222  99
0.786325  263
0.786428  206
0.78645  38
0.786626  306
0.786629  200
0.786736  118
0.78674  363
0.786821  171
0.78684  29
0.787165  376
0.787213  389
0.787303  197
0.787361  380
0.787438  368
0.787454  319
0.787465  362
0.787479  72
0.787793  325
0.788846  269
0.788951  102
0.788964  240
0.789279  190
0.789372  73
0.789412  181
0.789464  81
0.789502  388
0.789861  316
0.790453  223
0.790547  255
0.790834  66
0.790966  340
0.791063  4
0.791191  247
0.79123  19
0.791424  346
0.791643  367
0.791761  244
0.791877  333
0.792005  152
0.79215  390
0.792233  37
0.792371  328
0.792389  170
0.792399  44
0.79265  178
0.792731  352
0.792862  260
0.793132  310
0.793629  35
0.794201  397
0.794808  251
0.794908  391
0.794914  132
0.795081  294
0.795091  65
0.795117  71
0.79539  377
0.795436  173
0.795446  393
0.795454  359
0.795562  385
0.795631  273
0.795848  365
0.796062  5
0.796207  23
0.796391  394
0.796991  299
0.797176  351
0.797399  372
0.797577  267
0.798162  321
0.798438  138
0.798485  272
0.798867  355
0.799304  305
0.800657  271
0.800769  336
0.801044  140
0.801073  323
0.801167  331
0.801598  358
0.801681  313
0.802184  318
0.802239  40
0.802289  15
0.802327  221
0.802386  96
0.802462  290
0.802587  215
0.803069  353
0.803866  176
0.803947  356
0.804117  136
0.804138  312
0.804421  195
0.804793  392
0.805019  189
0.805184  308
0.805484  158
0.805688  315
0.805696  133
0.805709  127
0.806274  27
0.80644  130
0.806515  261
0.806571  119
0.806582  301
0.806723  233
0.806733  84
0.806757  314
0.808133  42
0.80821  327
0.808387  153
0.808569  182
0.808569  237
0.808714  209
0.80878  230
0.808886  232
0.808913  381
0.808942  60
0.809057  317
0.809272  8
0.809681  94
0.809932  329
0.809944  154
0.809997  311
0.810313  320
0.810382  395
0.810551  283
0.810802  337
0.810818  80
0.810948  369
0.810951  126
0.810999  85
0.811039  188
0.811088  89
0.811097  264
0.811614  165
0.811634  379
0.811688  129
0.811947  106
0.811991  143
0.812341  67
0.812393  373
0.812505  281
0.812511  347
0.812812  207
0.813096  341
0.813442  307
0.813528  348
0.813906  198
0.813931  361
0.814232  83
0.814659  213
0.814979  1
0.815062  70
0.815107  76
0.815126  334
0.815398  212
0.815613  357
0.815684  366
0.816109  43
0.816268  217
0.816432  111
0.816463  86
0.816481  303
0.81668  46
0.816742  370
0.816762  24
0.816835  100
0.816847  364
0.816981  302
0.8171  194
0.817141  160
0.817153  224
0.817218  378
0.817307  382
0.817404  185
0.817426  399
0.81787  371
0.818062  309
0.818091  108
0.818488  238
0.818978  93
0.819107  101
0.819122  339
0.819384  174
0.819651  354
0.819969  285
0.819996  216
0.820956  50
0.820971  202
0.821267  383
0.821334  374
0.821433  316
0.821695  186
0.821699  248
0.821763  151
0.821872  335
0.821891  300
0.821909  187
0.821943  375
0.822142  6
0.822563  201
0.822563  239
0.822942  398
0.82312  322
0.823156  384
0.823366  12
0.823594  306
0.82362  396
0.823821  345
0.823923  342
0.82394  359
0.824455  124
0.824476  7
0.825042  16
0.82533  183
0.825672  352
0.826043  210
0.826154  259
0.826458  246
0.82647  377
0.826667  288
0.826834  332
0.82707  380
0.82737  324
0.827709  388
0.827889  274
0.827916  258
0.827929  226
0.828182  135
0.828246  325
0.829059  208
0.829311  326
0.829537  330
0.83011  241
0.830411  344
0.830721  117
0.830723  304
0.830733  88
0.831101  81
0.831542  367
0.831939  75
0.83202  343
0.832113  141
0.832185  121
0.832208  234
0.832265  147
0.832324  336
0.832398  68
0.832526  254
0.832791  77
0.832929  250
0.833133  167
0.833282  144
0.833678  319
0.834045  227
0.834262  199
0.834306  363
0.834327  52
0.834446  389
0.834471  328
0.834507  231
0.834699  294
0.834853  26
0.835209  112
0.835284  376
0.835331  386
0.835348  139
0.835407  95
0.835511  168
0.835676  340
0.83595  122
0.835969  54
0.836043  261
0.836053  397
0.836404  353
0.836567  351
0.837495  142
0.837774  391
0.837854  196
0.838024  253
0.838085  372
0.838214  291
0.838393  235
0.838613  333
0.838721  56
0.838728  47
0.838736  312
0.839237  57
0.839323  318
0.83952  390
0.839658  115
0.840076  4
0.840223  280
0.84029  368
0.840375  331
0.840482  311
0.840497  355
0.840559  225
0.840614  394
0.840629  392
0.840729  22
0.840786  350
0.840825  242
0.841894  327
0.843165  338
0.843556  61
0.843646  270
0.84377  315
0.844013  321
0.844345  20
0.84445  296
0.844655  28
0.845075  393
0.845466  21
0.845628  49
0.845845  179
0.845969  362
0.84599  282
0.846097  256
0.846196  257
0.846227  51
0.846266  310
0.846301  45
0.84684  180
0.847144  385
0.847256  313
0.847327  34
0.847397  358
0.847871  323
0.847931  289
0.847975  0
0.848292  220
0.848493  269
0.848887  11
0.849078  161
0.849235  171
0.849285  334
0.849351  298
0.849449  370
0.849493  278
0.849557  90
0.849682  308
0.849812  10
0.849878  381
0.84991  25
0.850267  346
0.850309  369
0.850327  297
0.850336  387
0.850498  9
0.850638  276
0.85068  173
0.85072  219
0.851081  375
0.851255  360
0.851566  260
0.851844  31
0.851888  329
0.85195  275
0.852011  36
0.852085  339
0.852321  307
0.852403  287
0.852478  349
0.852775  32
0.853622  105
0.854046  395
0.854332  365
0.854488  211
0.855133  371
0.855232  379
0.855326  380
0.855915  341
0.855919  163
0.856655  64
0.857443  337
0.857581  228
0.85844  316
0.858706  301
0.858846  243
0.8593  357
0.859339  148
0.859491  150
0.859507  266
0.859662  382
0.859735  303
0.859736  232
0.85981  320
0.859832  277
0.860269  98
0.860319  293
0.860392  330
0.860403  347
0.860865  151
0.861086  18
0.861578  69
0.861721  364
0.861834  131
0.861854  354
0.861858  224
0.861859  348
0.862146  377
0.862442  19
0.862444  366
0.862524  202
0.863023  175
0.863326  157
0.863541  200
0.863746  314
0.863816  214
0.864039  352
0.864451  300
0.864508  335
0.864532  30
0.86559  156
0.865773  103
0.866113  309
0.866287  177
0.866313  39
0.866377  2
0.866506  14
0.866585  333
0.866803  73
0.866838  145
0.867661  319
0.867788  383
0.867925  396
0.868222  62
0.868391  271
0.868665  42
0.868681  123
0.869281  317
0.869304  102
0.869309  162
0.869467  113
0.869531  79
0.869617  37
0.869644  223
0.869755  367
0.869881  53
0.869941  342
0.869954  378
0.86997  107
0.870567  399
0.870746  74
0.871118  305
0.871417  359
0.87147  109
0.871581  255
0.871695  237
0.872038  94
0.872105  33
0.872491  191
0.872621  78
0.872688  129
0.872708  133
0.872885  197
0.872974  134
0.8731  184
0.873148  136
0.873503  306
0.873584  373
0.873637  220
0.873663  345
0.873668  279
0.873756  114
0.873832  82
0.873883  324
0.87395  252
0.874012  361
0.874102  80
0.874156  302
0.874234  390
0.874355  251
0.874368  363
0.874373  229
0.874376  5
0.874402  245
0.874595  295
0.874766  323
0.874783  192
0.874862  326
0.875017  325
0.875246  392
0.875469  321
0.875495  209
0.875512  205
0.875771  340
0.875904  356
0.876831  372
0.876915  358
0.87708  281
0.87735  336
0.877612  13
0.87788  208
0.878079  110
0.878324  97
0.878634  374
0.878674  218
0.879005  299
0.87903  398
0.879128  304
0.879152  118
0.87925  362
0.879254  283
0.879357  344
0.879445  286
0.879673  384
0.880131  71
0.881203  125
0.881523  318
0.88158  311
0.882223  169
0.882247  343
0.882252  27
0.882396  322
0.882544  397
0.883082  170
0.883141  350
0.883499  159
0.883582  391
0.88362  273
0.883874  332
0.884131  376
0.884224  189
0.884433  65
0.884561  393
0.885987  212
0.886423  386
0.886456  388
0.886944  149
0.88702  346
0.887271  111
0.887716  265
0.887858  387
0.887967  292
0.888669  15
0.888707  381
0.888942  307
0.889871  315
0.889974  329
0.890338  310
0.8904  167
0.89056  379
0.890678  183
0.89074  17
0.890982  351
0.891403  182
0.891716  213
0.892477  312
0.892693  316
0.893419  331
0.893574  370
0.893586  389
0.893588  328
0.893724  353
0.894347  327
0.895213  368
0.895227  355
0.897012  146
0.897794  92
0.898744  185
0.89936  115
0.899412  369
0.899539  204
0.899843  394
0.899866  339
0.900984  375
0.901503  349
0.901581  308
0.90225  160
0.902653  313
0.903012  85
0.903264  153
0.904027  263
0.90405  225
0.905342  338
0.905394  395
0.905863  116
0.906329  9
0.906551  166
0.906563  126
0.90684  268
0.906873  152
0.90713  127
0.907388  264
0.907998  193
0.90847  91
0.908608  48
0.908896  337
0.908919  66
0.908928  233
0.909019  385
0.909028  298
0.909072  178
0.909147  67
0.909223  360
0.90927  301
0.909297  29
0.909307  275
0.909684  330
0.909708  57
0.910015  364
0.910182  88
0.910305  314
0.910465  195
0.910839  241
0.910929  165
0.911108  95
0.911133  377
0.911195  365
0.911352  235
0.911539  380
0.912147  246
0.912335  6
0.912646  302
0.912905  341
0.912977  199
0.913077  55
0.913266  143
0.913471  137
0.913552  196
0.913586  371
0.913781  243
0.913913  309
0.913953  326
0.913994  382
0.914409  303
0.91466  186
0.914834  219
0.915131  221
0.915147  354
0.915394  217
0.915466  207
0.91558  188
0.916128  89
0.916251  59
0.916277  288
0.916359  347
0.916481  70
0.916491  124
0.916704  151
0.916836  352
0.916954  210
0.917043  44
0.917143  361
0.917177  35
0.917178  274
0.917237  305
0.917377  320
0.917399  23
0.918034  340
0.918379  198
0.918491  300
0.91855  249
0.919013  164
0.919054  226
0.919127  390
0.919884  362
0.920242  16
0.920312  378
0.920313  334
0.920537  4
0.920659  357
0.920906  7
0.921043  282
0.921063  177
0.921253  38
0.921356  317
0.921788  41
0.921865  228
0.921985  179
0.922165  63
0.92218  319
0.922365  138
0.922377  280
0.922551  72
0.922648  393
0.922658  8
0.922755  372
0.92279  187
0.922824  254
0.922882  335
0.923255  306
0.923329  344
0.923545  322
0.923641  398
0.923675  333
0.923796  396
0.925299  24
0.925302  307
0.925435  324
0.925745  345
0.926045  311
0.926052  369
0.926445  343
0.927259  368
0.927702  156
0.92831  77
0.928822  321
0.929161  391
0.929503  1
0.929614  284
0.93007  376
0.930345  247
0.930895  266
0.931163  356
0.931375  388
0.93142  315
0.931523  232
0.931758  386
0.932004  190
0.932697  312
0.93287  374
0.932935  258
0.933027  71
0.933095  399
0.933237  28
0.933319  139
0.933796  276
0.933828  244
0.934633  277
0.935104  20
0.935122  336
0.935376  99
0.935658  325
0.935854  397
0.93623  174
0.93626  47
0.936276  342
0.936774  358
0.936971  351
0.937249  168
0.93779  68
0.938076  389
0.93834  238
0.938593  3
0.938686  323
0.938837  375
0.938862  327
0.939154  384
0.939154  350
0.939343  104
0.939363  144
0.940207  163
0.940313  61
0.940432  25
0.94067  39
0.940701  175
0.940763  102
0.940962  172
0.940996  182
0.941002  381
0.941133  162
0.941564  348
0.941865  367
0.942015  109
0.942032  355
0.942134  132
0.942151  370
0.942276  329
0.942366  359
0.942792  346
0.942818  12
0.943083  304
0.943096  255
0.943227  211
0.943514  267
0.943529  130
0.943541  10
0.943896  373
0.943984  40
0.944107  96
0.944187  293
0.94435  236
0.944376  366
0.944475  50
0.945205  142
0.945343  75
0.94543  205
0.945522  387
0.945606  272
0.945747  310
0.945806  46
0.946011  332
0.946016  257
0.946117  301
0.946409  383
0.946717  278
0.946865  318
0.947218  331
0.947403  131
0.947483  123
0.947689  379
0.947736  313
0.9479  181
0.947917  90
0.948227  155
0.948344  314
0.948614  338
0.948768  122
0.948871  273
0.949207  52
0.949293  316
0.949492  349
0.95041  210
0.951421  382
0.951563  215
0.951752  394
0.95177  80
0.952275  78
0.952639  36
0.952991  209
0.953079  392
0.95314  234
0.953185  100
0.953214  270
0.953401  87
0.953496  134
0.953561  309
0.953578  352
0.953645  320
0.954169  33
0.954547  263
0.954839  53
0.954932  339
0.955093  262
0.955194  171
0.95523  43
0.955628  189
0.955691  34
0.95575  319
0.956021  76
0.95611  26
0.956183  81
0.956201  192
0.956274  337
0.95634  31
0.956551  22
0.956587  269
0.956593  363
0.956739  111
0.956905  395
0.956972  364
0.957006  157
0.957064  85
0.957072  159
0.957132  281
0.9575  303
0.957533  353
0.957552  30
0.957825  69
0.957856  106
0.958135  328
0.958272  279
0.958368  62
0.958541  398
0.958646  333
0.958687  341
0.958972  354
0.959713  45
0.959892  292
0.96006  194
0.960219  334
0.960228  377
0.960539  84
0.960732  305
0.96076  112
0.960814  230
0.960837  42
0.961086  223
0.961315  51
0.961467  218
0.961572  271
0.961607  302
0.961775  343
0.96178  315
0.961813  362
0.961994  115
0.962041  233
0.962472  135
0.96259  317
0.962874  107
0.963284  92
0.963289  340
0.963326  136
0.963385  248
0.963625  393
0.963645  5
0.963703  335
0.963904  378
0.96398  86
0.964026  120
0.964052  391
0.964076  222
0.964145  188
0.964159  330
0.964241  183
0.964364  200
0.964382  60
0.964455  311
0.965025  306
0.965389  324
0.965609  64
0.965829  290
0.965931  372
0.966033  287
0.966065  124
0.966406  256
0.967553  380
0.967664  170
0.967797  308
0.967817  295
0.967888  385
0.96807  347
0.968087  147
0.968278  259
0.968311  357
0.968932  206
0.969173  129
0.969261  173
0.969296  376
0.969348  361
0.969906  266
0.970057  336
0.9703  365
0.970903  260
0.971204  326
0.971308  118
0.971346  374
0.971406  307
0.971599  17
0.971827  138
0.9719  351
0.972473  152
0.972661  261
0.972745  242
0.972799  322
0.972876  325
0.973346  390
0.973789  345
0.973841  369
0.974935  321
0.975006  367
0.975761  358
0.976068  360
0.976068  399
0.976479  368
0.977029  373
0.977064  383
0.977543  387
0.979879  350
0.979999  312
0.980329  140
0.981333  203
0.98157  245
0.981625  300
0.981709  342
0.982893  89
0.982947  332
0.982962  356
0.98304  240
0.983514  57
0.983948  148
0.984262  146
0.984341  381
0.984421  379
0.984423  179
0.984862  310
0.985131  349
0.985196  314
0.98585  396
0.986304  323
0.986344  56
0.98644  228
0.987887  196
0.988629  74
0.988643  309
0.988874  344
0.988888  375
0.989097  49
0.989332  104
0.989334  329
0.989655  397
0.990182  346
0.990306  0
0.990794  119
0.99147  371
0.992003  219
0.992071  370
0.992515  388
0.992713  291
0.993058  70
0.993062  127
0.993341  29
0.99359  11
0.993618  366
0.993751  167
0.995042  176
0.99611  318
0.996229  204
0.997085  249
0.99713  15
0.997188  395
0.997532  264
0.997965  392
0.998037  277
0.998305  235
0.998364  282
0.998505  67
0.998664  355
0.998789  110
0.998804  199
0.998987  221
0.999325  304
0.999367  348
0.999402  158
0.99949  37
0.999704  303
0.999801  2
0.999872  208
0.99989  133
0.999894  143
0.999929  313
0.999937  8
0.999942  328
0.999952  232
