0.000297124  303
0.000464136  304
0.00386202  330
0.00447692  350
0.00489602  371
0.00824733  366
0.00827615  386
0.00875041  318
0.00975103  346
0.010349  313
0.0113112  368
0.0131818  323
0.0143934  327
0.0170553  375
0.0184572  315
0.0198404  344
0.0206773  358
0.0214194  339
0.0240035  331
0.0252893  394
0.0270832  384
0.0275436  361
0.0293426  391
0.0298025  359
0.0319742  351
0.0329218  312
0.035873  382
0.0378224  362
0.0385709  369
0.0389803  333
0.0390619  337
0.0396616  354
0.0401558  328
0.0435187  388
0.0437137  383
0.0460927  356
0.0477726  357
0.0478214  334
0.0487298  390
0.0495832  342
0.0522681  349
0.0528152  227
0.0535671  324
0.0538692  338
0.0544936  399
0.0562025  347
0.056676  306
0.0567816  321
0.0575419  335
0.0581203  152
0.0583252  310
0.0587757  367
0.058984  341
0.0613974  389
0.0626326  381
0.0631387  343
0.0635237  352
0.0638896  395
0.0650163  129
0.0671265  68
0.0671701  317
0.0673792  385
0.067689  398
0.067998  314
0.0701685  307
0.0702611  325
0.0713353  336
0.0714933  380
0.0731562  340
0.0732715  364
0.073591  316
0.0750635  322
0.0761584  387
0.0779579  140
0.0791927  378
0.0793289  92
0.0793581  212
0.0794161  355
0.0796729  374
0.0798172  272
0.0798857  320
0.0798923  144
0.0806121  25
0.0810689  376
0.0810825  162
0.0812034  379
0.0814474  372
0.0817315  319
0.0829843  329
0.0844856  368
0.0848668  346
0.0851494  363
0.0851708  51
0.0851862  377
0.0855304  326
0.086517  256
0.0877019  301
0.0881395  138
0.0889681  365
0.0900711  151
0.090265  184
0.0906386  84
0.0911243  94
0.0911902  305
0.0913519  393
0.0914885  93
0.0917096  370
0.0917239  155
0.0921352  96
0.0922815  332
0.0926095  254
0.0928045  392
0.093106  217
0.0931515  373
0.0933189  58
0.0934346  278
0.0936918  117
0.0937642  59
0.093854  139
0.0938908  386
0.0939421  78
0.0941793  237
0.0942534  69
0.0945234  181
0.0946367  330
0.0946735  199
0.094715  266
0.0948335  70
0.0948867  344
0.0949029  192
0.0950875  174
0.0952304  3
0.0952393  1
0.0954026  311
0.0954545  55
0.095462  213
0.0956904  371
0.0960918  75
0.0961295  170
0.0961998  396
0.0962758  38
0.0962794  248
0.0963573  348
0.096721  312
0.0969448  250
0.096987  350
0.0971225  128
0.0971268  366
0.0972437  361
0.0972976  14
0.0974878  313
0.0976352  171
0.0979192  42
0.0980642  183
0.0981426  120
0.0981839  173
0.0982101  334
0.0986264  269
0.0987117  204
0.0988843  177
0.0989837  178
0.0990392  106
0.0992254  265
0.0992337  107
0.0992599  11
0.0993643  261
0.0994739  66
0.0995806  304
0.0996715  143
0.0997325  5
0.0998034  126
0.0998544  63
0.100026  125
0.100053  285
0.100089  300
0.100121  72
0.100159  17
0.100168  328
0.100204  345
0.100294  292
0.100296  299
0.100296  142
0.100332  293
0.100347  308
0.100366  105
0.100416  397
0.100427  167
0.100666  77
0.100667  331
0.10067  198
0.100683  358
0.100708  54
0.10076  34
0.100864  158
0.100941  100
0.100989  303
0.101057  52
0.10106  190
0.101136  10
0.101236  115
0.10126  391
0.101289  232
0.101349  318
0.101379  48
0.101505  287
0.101509  240
0.101677  98
0.1018  228
0.101813  83
0.101814  156
0.102108  383
0.102141  145
0.102158  135
0.102296  9
0.102316  270
0.102352  294
0.102354  50
0.102358  31
0.102368  2
0.102383  200
0.102417  188
0.102439  359
0.102498  166
0.102667  353
0.102697  360
0.102796  309
0.102823  186
0.102824  339
0.102864  263
0.102906  137
0.102995  101
0.103003  218
0.103029  132
0.103104  215
0.103138  206
0.103147  252
0.103181  356
0.103271  53
0.10336  235
0.103553  262
0.103666  362
0.103669  110
0.103675  255
0.103681  196
0.103682  251
0.103682  208
0.103711  382
0.103821  189
0.103899  244
0.103913  268
0.103937  229
0.103976  282
0.103984  389
0.103992  210
0.104125  136
0.104167  295
0.104195  46
0.104266  40
0.104282  4
0.104288  314
0.104327  352
0.104346  36
0.104394  323
0.104395  260
0.104422  337
0.104423  16
0.104446  221
0.104463  203
0.104475  201
0.104482  273
0.104483  327
0.104536  367
0.104553  43
0.104654  0
0.104737  388
0.104746  102
0.104757  168
0.104868  197
0.104886  193
0.104894  399
0.104898  220
0.104902  165
0.104926  146
0.104987  298
0.105095  296
0.105123  90
0.105157  169
0.105167  23
0.105201  369
0.105265  231
0.105265  315
0.105304  24
0.105351  86
0.105362  245
0.105402  99
0.105548  64
0.105607  123
0.105608  384
0.105618  44
0.105644  354
0.105684  27
0.105691  349
0.105699  395
0.105826  324
0.106099  363
0.106128  271
0.106132  390
0.106213  71
0.106214  307
0.106221  238
0.10624  394
0.106291  47
0.106324  65
0.10644  336
0.106448  385
0.106463  118
0.106497  60
0.106522  207
0.106722  205
0.106765  342
0.106768  347
0.106784  56
0.106821  317
0.106873  121
0.106877  195
0.106925  283
0.106936  376
0.106939  211
0.106998  280
0.107301  332
0.107367  241
0.107407  8
0.107412  351
0.107517  357
0.107527  134
0.107622  379
0.107684  338
0.10769  276
0.107696  26
0.107772  286
0.107849  378
0.107853  159
0.107886  325
0.107914  22
0.107949  209
0.107949  290
0.107966  340
0.108025  291
0.108135  32
0.108225  224
0.108305  76
0.108335  39
0.108343  387
0.108462  284
0.108566  333
0.108618  7
0.108642  381
0.108815  264
0.109065  279
0.109079  364
0.109114  81
0.109168  398
0.109179  79
0.109255  374
0.109274  341
0.109415  343
0.109437  164
0.109531  74
0.109625  153
0.109628  246
0.109789  88
0.109805  320
0.109866  104
0.109937  346
0.110036  154
0.110053  344
0.110082  326
0.110098  365
0.110335  267
0.110354  310
0.11036  82
0.1104  380
0.110452  375
0.110481  277
0.110695  370
0.111177  319
0.111397  397
0.111399  321
0.111672  147
0.111784  116
0.111947  329
0.111956  176
0.112067  355
0.112108  288
0.112157  21
0.112191  335
0.112555  322
0.113267  73
0.113901  372
0.113937  305
0.113976  258
0.114659  371
0.114935  180
0.115099  148
0.115358  368
0.11543  30
0.115537  300
0.11554  157
0.115666  122
0.115745  392
0.116035  175
0.116245  316
0.116361  304
0.1164  29
0.11644  236
0.116547  216
0.116556  214
0.116636  12
0.116775  19
0.117298  127
0.117337  306
0.117586  311
0.117626  331
0.117701  133
0.117802  84
0.118286  141
0.118535  377
0.118546  247
0.11862  234
0.118761  14
0.118777  386
0.119349  68
0.11948  313
0.119783  225
0.119853  301
0.120394  369
0.120606  185
0.120658  93
0.120774  152
0.121218  15
0.121776  18
0.12182  160
0.121945  361
0.122555  212
0.122718  327
0.122725  70
0.122733  163
0.122784  41
0.123015  124
0.123324  259
0.123348  33
0.123395  118
0.123452  281
0.123542  309
0.123672  230
0.123711  111
0.123818  358
0.12386  194
0.124071  223
0.124108  113
0.124261  334
0.124316  20
0.124329  275
0.124381  187
0.124592  249
0.124945  85
0.12507  312
0.125284  59
0.125622  80
0.125916  162
0.12594  354
0.12598  315
0.125998  330
0.126067  390
0.12609  363
0.126218  242
0.12636  382
0.12637  297
0.126685  233
0.126702  373
0.126791  57
0.12795  89
0.128132  222
0.128246  324
0.128379  161
0.128474  323
0.128545  337
0.128901  393
0.129067  97
0.129158  345
0.129174  11
0.129756  149
0.129865  28
0.130088  347
0.130361  310
0.131169  375
0.131491  387
0.13154  95
0.132408  362
0.132829  359
0.133495  51
0.133767  261
0.134173  117
0.134429  274
0.134463  114
0.134938  366
0.134955  45
0.135388  62
0.135405  389
0.135928  338
0.136159  385
0.136242  307
0.136329  67
0.136433  367
0.13683  388
0.137333  116
0.13771  151
0.137851  227
0.138005  320
0.13828  109
0.13843  356
0.138634  398
0.13898  257
0.139734  349
0.139905  336
0.140002  344
0.140207  329
0.140763  172
0.141003  87
0.141088  317
0.141483  326
0.141656  391
0.141734  339
0.141947  381
0.142148  395
0.142529  112
0.142563  343
0.142732  378
0.142985  346
0.144152  364
0.144461  333
0.145155  340
0.145869  379
0.146716  357
0.147998  355
0.148554  303
0.151398  1
0.151436  289
0.151983  239
0.152314  365
0.152575  380
0.152651  186
0.152891  202
0.153021  220
0.153316  335
0.154751  372
0.154938  325
0.155046  360
0.155596  190
0.155758  37
0.15602  38
0.156241  268
0.156424  377
0.156718  86
0.156773  350
0.157165  243
0.1577  91
0.158181  246
0.158702  392
0.15879  254
0.159014  300
0.159182  182
0.159441  192
0.159452  282
0.159494  383
0.159655  319
0.159885  43
0.159894  318
0.160568  332
0.160717  353
0.160891  66
0.161113  322
0.16114  61
0.161444  150
0.161537  144
0.161979  374
0.162123  376
0.162239  198
0.162762  203
0.163223  279
0.163692  24
0.163801  154
0.163933  122
0.163951  179
0.163971  348
0.164051  361
0.164589  277
0.164771  199
0.165241  253
0.165348  342
0.165767  341
0.165888  397
0.166014  69
0.166097  308
0.166106  311
0.166454  291
0.166509  32
0.166539  19
0.167006  80
0.167048  288
0.167876  102
0.167973  292
0.168106  306
0.168177  191
0.168616  181
0.168677  75
0.168902  351
0.169542  316
0.169637  156
0.169816  174
0.169857  171
0.169913  6
0.169935  145
0.170108  399
0.170273  92
0.170351  103
0.170374  396
0.17071  386
0.170814  120
0.170867  27
0.171281  266
0.171354  370
0.171574  101
0.172076  189
0.172345  368
0.172399  301
0.172707  352
0.172905  309
0.172938  371
0.173105  196
0.173163  94
0.173238  213
0.173626  256
0.173636  13
0.173744  331
0.173916  216
0.174025  207
0.174047  130
0.174076  394
0.174165  107
0.174172  278
0.174246  184
0.174368  36
0.174406  389
0.174566  384
0.175128  157
0.175409  34
0.175464  293
0.175521  373
0.175577  390
0.175906  385
0.175937  312
0.175958  3
0.176027  295
0.176217  345
0.176364  113
0.17656  70
0.176947  164
0.177007  132
0.177089  229
0.177147  49
0.17741  105
0.177514  167
0.177666  363
0.17795  315
0.178262  313
0.178315  64
0.178725  209
0.178788  29
0.178867  12
0.178978  364
0.179026  328
0.179164  225
0.179245  79
0.179571  359
0.179607  0
0.179812  369
0.179968  336
0.18019  330
0.18062  56
0.18073  321
0.18109  226
0.181124  200
0.181137  381
0.181324  140
0.181401  241
0.181646  375
0.182455  183
0.182504  326
0.182842  8
0.182848  205
0.182862  340
0.182914  334
0.182988  310
0.18314  339
0.183176  314
0.183211  185
0.183222  344
0.183762  354
0.183782  307
0.184216  25
0.184456  22
0.184577  221
0.184794  338
0.185148  327
0.185587  317
0.185605  217
0.186527  9
0.186582  366
0.186934  260
0.188066  398
0.188165  358
0.188433  333
0.188802  265
0.189415  303
0.189817  129
0.190303  218
0.190423  305
0.190917  40
0.191211  81
0.191377  210
0.191387  284
0.191458  329
0.191515  35
0.191517  347
0.191621  387
0.191848  108
0.191912  44
0.192011  378
0.192751  195
0.192998  2
0.193613  68
0.193682  46
0.194112  320
0.194132  395
0.194217  271
0.194488  71
0.19452  163
0.194576  367
0.194603  323
0.194724  325
0.194898  104
0.195115  169
0.195302  201
0.195398  168
0.195636  48
0.195657  383
0.195768  337
0.195885  318
0.195926  118
0.19593  350
0.196117  322
0.196238  343
0.196328  388
0.196331  362
0.196469  42
0.196631  349
0.196675  365
0.196854  37
0.196968  121
0.197382  346
0.197779  269
0.197978  153
0.19822  379
0.198596  10
0.19915  391
0.199816  324
0.200169  123
0.200229  228
0.200341  382
0.201859  360
0.20206  356
0.202084  351
0.202174  220
0.203007  93
0.203068  335
0.203353  380
0.203765  306
0.203865  376
0.204982  342
0.205263  261
0.205859  353
0.205957  166
0.207032  206
0.207226  215
0.2075  267
0.207692  372
0.208357  394
0.208848  244
0.20893  158
0.209272  357
0.209483  17
0.209769  53
0.20984  21
0.210179  355
0.210739  368
0.211461  76
0.21148  7
0.211894  397
0.21195  131
0.211974  139
0.211989  175
0.212043  41
0.212433  165
0.21246  270
0.212679  110
0.212714  393
0.21272  188
0.212725  115
0.212756  212
0.212973  276
0.212974  85
0.213049  252
0.213176  138
0.213184  95
0.213322  57
0.213521  259
0.213628  363
0.213658  63
0.213685  177
0.213747  399
0.213783  290
0.213822  294
0.213828  96
0.213891  298
0.213969  263
0.214121  361
0.214253  374
0.21438  135
0.214382  127
0.21445  308
0.214625  309
0.214969  4
0.215198  304
0.215269  45
0.215295  272
0.215434  396
0.215685  89
0.215694  300
0.215934  283
0.215979  176
0.216242  248
0.216521  114
0.216526  74
0.216541  392
0.216553  233
0.216558  119
0.216784  280
0.216797  344
0.217133  352
0.217331  204
0.217333  232
0.217374  301
0.217437  330
0.217441  257
0.217599  161
0.217661  332
0.217679  5
0.217794  328
0.217843  136
0.218101  331
0.21818  14
0.218208  222
0.21867  171
0.218693  73
0.218785  310
0.218864  117
0.219307  311
0.219314  106
0.219352  273
0.219678  235
0.219709  180
0.219726  214
0.219786  16
0.219887  313
0.219919  326
0.220205  274
0.220316  99
0.220402  234
0.22059  316
0.220613  373
0.220717  66
0.22077  18
0.220809  315
0.221146  341
0.221195  249
0.221501  336
0.221624  299
0.221634  296
0.221643  58
0.221738  345
0.22199  191
0.222041  383
0.222572  133
0.222615  386
0.222919  285
0.223238  343
0.22345  385
0.22353  317
0.223543  245
0.223593  334
0.223649  179
0.224032  20
0.224373  382
0.224777  275
0.224825  152
0.225027  11
0.225364  338
0.225512  111
0.226399  160
0.226667  88
0.226725  354
0.226741  239
0.226783  377
0.226817  172
0.22691  339
0.227175  359
0.227295  364
0.227302  190
0.22732  207
0.227725  116
0.227799  149
0.227833  258
0.227861  30
0.22797  170
0.228016  381
0.228238  137
0.228557  286
0.228659  371
0.228662  365
0.228737  320
0.228952  384
0.229291  238
0.229305  312
0.229373  370
0.229531  362
0.229645  196
0.229953  72
0.230664  321
0.230922  287
0.231063  340
0.231705  327
0.231841  134
0.232311  356
0.232327  174
0.232751  360
0.233269  348
0.233271  230
0.233589  389
0.233667  369
0.233986  358
0.234022  388
0.234322  398
0.234367  218
0.234542  307
0.235153  39
0.235185  141
0.235195  132
0.235405  325
0.23578  318
0.236706  333
0.236796  227
0.237056  322
0.237204  375
0.237915  305
0.238532  295
0.238619  319
0.239715  148
0.240193  219
0.240695  83
0.240731  130
0.241179  303
0.241273  366
0.241287  70
0.2413  391
0.241569  178
0.241665  87
0.241727  173
0.24177  337
0.242006  43
0.242178  347
0.242297  200
0.242349  350
0.242439  186
0.242903  181
0.243304  97
0.243749  59
0.243886  34
0.244454  144
0.24457  281
0.244574  314
0.245193  54
0.245202  32
0.245397  229
0.24575  151
0.246311  387
0.246372  187
0.246481  80
0.246567  346
0.246571  38
0.246686  169
0.246714  28
0.246801  323
0.246802  221
0.246951  164
0.247026  1
0.247051  231
0.247228  90
0.247249  390
0.247303  51
0.247328  125
0.247581  368
0.247585  357
0.247625  246
0.247994  205
0.248633  123
0.24867  210
0.248672  143
0.248677  224
0.248737  241
0.249042  396
0.249229  155
0.249643  128
0.24987  146
0.249893  208
0.250003  135
0.250024  297
0.250096  393
0.250117  213
0.250187  124
0.250309  46
0.250402  353
0.250404  67
0.250574  351
0.250796  380
0.250899  288
0.251118  256
0.25112  103
0.251227  294
0.251283  289
0.251424  126
0.251509  342
0.251585  242
0.251601  304
0.251601  60
0.251626  379
0.251722  328
0.251754  264
0.251758  361
0.25184  65
0.251877  254
0.251886  184
0.251975  24
0.252034  211
0.25234  326
0.252506  271
0.252532  202
0.25257  332
0.252616  154
0.25264  352
0.252651  243
0.252653  71
0.252722  19
0.252762  223
0.252837  395
0.252885  150
0.253043  344
0.253193  278
0.253329  216
0.253606  120
0.253617  376
0.253636  26
0.253742  86
0.253807  335
0.253867  55
0.253869  367
0.25396  182
0.254006  262
0.25403  301
0.254182  378
0.254189  306
0.254685  217
0.254937  309
0.255158  282
0.255362  315
0.255412  373
0.256105  52
0.256241  355
0.256335  383
0.256446  78
0.256492  336
0.256748  220
0.256961  2
0.256965  329
0.257038  112
0.257062  89
0.257474  122
0.257572  265
0.257737  363
0.257877  195
0.257923  330
0.258163  251
0.258235  354
0.258552  349
0.258768  381
0.258946  399
0.25905  94
0.259269  81
0.259336  44
0.260166  4
0.260481  7
0.260509  64
0.26054  225
0.260762  313
0.2608  362
0.260807  279
0.260951  364
0.261134  389
0.261497  98
0.261609  25
0.261704  398
0.262095  9
0.262289  374
0.262359  394
0.262444  356
0.262592  276
0.262617  96
0.262764  29
0.262816  359
0.263006  133
0.263036  348
0.263077  384
0.263383  185
0.264051  267
0.264316  192
0.264426  339
0.264465  312
0.264659  392
0.264732  50
0.265424  341
0.265664  268
0.265706  61
0.265823  247
0.266055  321
0.266167  319
0.266217  145
0.266252  385
0.266328  372
0.266536  58
0.266576  167
0.266684  48
0.266959  194
0.267231  358
0.26752  386
0.267566  199
0.267618  107
0.267652  198
0.267858  377
0.267908  152
0.268094  331
0.268216  277
0.26824  382
0.268336  345
0.268609  197
0.268713  324
0.268911  320
0.269011  250
0.269313  388
0.269537  27
0.269599  346
0.269863  69
0.270577  310
0.27092  360
0.271274  8
0.271691  66
0.271915  370
0.272293  307
0.272346  292
0.272491  318
0.272903  397
0.27306  175
0.274331  337
0.274755  75
0.275054  193
0.275218  327
0.275375  118
0.275455  63
0.275545  108
0.276049  365
0.276163  308
0.276307  6
0.276408  76
0.27662  111
0.276661  334
0.276764  0
0.276948  343
0.277417  104
0.277797  317
0.278748  350
0.278808  93
0.279074  109
0.279328  10
0.279876  49
0.280232  101
0.28053  22
0.280565  157
0.281093  303
0.281125  333
0.281167  20
0.281242  375
0.281365  161
0.281696  338
0.281795  84
0.282101  45
0.282331  105
0.282678  371
0.282754  11
0.283046  368
0.283363  257
0.283565  330
0.283645  366
0.284145  147
0.284277  300
0.284403  179
0.284589  12
0.285089  232
0.285218  82
0.285296  180
0.285601  5
0.285713  138
0.285743  131
0.286096  283
0.286189  323
0.286204  296
0.286232  390
0.286305  347
0.286668  272
0.286909  149
0.287269  234
0.287288  244
0.287377  173
0.287549  33
0.287573  291
0.287609  166
0.287863  387
0.288012  15
0.288131  132
0.288225  287
0.288244  129
0.288255  305
0.288258  99
0.28835  379
0.288416  395
0.288605  100
0.288621  316
0.288777  62
0.288857  162
0.288874  3
0.2889  352
0.289005  92
0.289202  28
0.28923  340
0.289256  369
0.289436  399
0.289439  78
0.289553  393
0.289728  31
0.289877  326
0.28989  273
0.290124  378
0.290287  304
0.290801  32
0.290808  42
0.29093  391
0.291073  253
0.291163  134
0.291269  314
0.291553  336
0.292695  117
0.293213  311
0.29322  163
0.29329  301
0.293323  239
0.293624  13
0.293626  339
0.293718  332
0.293733  113
0.293747  353
0.293809  252
0.294189  16
0.294455  266
0.294762  290
0.29483  329
0.294966  284
0.295053  237
0.295115  235
0.29534  110
0.295607  77
0.295823  355
0.29592  383
0.296042  349
0.296147  201
0.296478  186
0.29687  364
0.297102  259
0.297383  374
0.297515  195
0.297778  306
0.297805  47
0.298111  394
0.298126  344
0.298149  392
0.298261  30
0.298639  319
0.29883  245
0.299263  342
0.299659  127
0.299662  121
0.299697  361
0.299725  388
0.300383  320
0.301733  382
0.301744  381
0.301831  367
0.302132  122
0.30239  363
0.302719  376
0.303495  325
0.303856  260
0.304095  8
0.305272  356
0.305525  362
0.306297  285
0.307439  48
0.307635  38
0.308109  102
0.308111  206
0.308173  354
0.308283  226
0.308471  85
0.308479  255
0.308709  327
0.308974  270
0.309156  328
0.309369  275
0.309384  334
0.309425  73
0.309435  299
0.309711  204
0.309944  341
0.310197  389
0.310717  384
0.310807  286
0.311013  380
0.311131  191
0.311368  322
0.311615  348
0.31183  61
0.311977  346
0.312027  295
0.31208  160
0.312153  370
0.312166  321
0.312312  360
0.312447  159
0.312484  130
0.313041  215
0.313215  386
0.313842  308
0.31388  358
0.314078  250
0.314318  335
0.314437  357
0.314734  337
0.315595  207
0.315759  359
0.315918  280
0.316643  34
0.316943  240
0.317652  142
0.317956  345
0.318005  310
0.318033  230
0.318276  396
0.319209  385
0.319286  172
0.319327  309
0.319547  365
0.320344  212
0.320709  307
0.320736  312
0.321063  331
0.32108  298
0.32179  196
0.322055  377
0.322443  79
0.322504  398
0.323139  351
0.323462  372
0.323926  256
0.324468  236
0.325096  53
0.325314  137
0.325585  397
0.325807  251
0.326215  395
0.326383  287
0.326848  158
0.32708  70
0.327226  313
0.327414  315
0.328207  126
0.32912  373
0.329583  44
0.329843  144
0.329957  317
0.330129  106
0.330358  177
0.33041  338
0.330484  393
0.330497  56
0.330899  304
0.330984  145
0.331152  324
0.331808  168
0.332009  228
0.332595  318
0.332922  254
0.332923  6
0.333942  81
0.334135  368
0.334211  375
0.334782  88
0.334932  156
0.334998  353
0.335059  139
0.335139  141
0.335438  90
0.33556  40
0.33557  18
0.335622  218
0.335731  340
0.335932  150
0.336116  24
0.336134  165
0.336327  119
0.336328  274
0.336386  171
0.336517  189
0.336696  219
0.336781  383
0.336951  369
0.337023  392
0.337141  263
0.337189  182
0.337192  378
0.337222  261
0.337226  326
0.337258  123
0.337336  379
0.337535  154
0.337552  316
0.337571  225
0.337668  222
0.337825  68
0.337871  181
0.338258  343
0.338405  60
0.338431  238
0.338448  176
0.338658  185
0.33878  37
0.338861  221
0.339093  94
0.339339  74
0.339359  363
0.33942  57
0.339603  271
0.339685  344
0.339703  107
0.339827  36
0.339857  269
0.340046  194
0.340114  188
0.340128  227
0.340139  252
0.340141  333
0.340237  389
0.340323  352
0.340392  217
0.340425  52
0.340427  2
0.340429  300
0.340514  311
0.340599  41
0.340721  278
0.340825  43
0.340853  399
0.340866  388
0.340896  91
0.340914  305
0.340978  183
0.341331  134
0.341614  67
0.341615  248
0.342186  213
0.342373  387
0.342382  350
0.342499  75
0.342533  301
0.342556  325
0.342672  339
0.342732  51
0.342862  303
0.342936  308
0.343085  294
0.343138  89
0.343146  97
0.343542  349
0.34389  328
0.344043  198
0.344072  14
0.344119  354
0.344442  345
0.344504  366
0.345042  357
0.345303  386
0.345668  367
0.346005  10
0.34612  148
0.346154  314
0.346291  39
0.346836  65
0.346986  306
0.347039  323
0.347203  319
0.348001  334
0.348061  288
0.348644  197
0.34924  258
0.349299  390
0.349427  320
0.349855  114
0.349878  361
0.349968  355
0.350077  133
0.35018  64
0.350487  327
0.350773  359
0.351105  374
0.351737  336
0.35221  50
0.352332  174
0.352373  335
0.35325  391
0.353424  124
0.353637  365
0.354533  384
0.354877  382
0.354889  381
0.355752  54
0.355956  55
0.356376  166
0.356579  211
0.357102  8
0.357289  322
0.357345  99
0.357554  291
0.3578  398
0.357804  332
0.357826  346
0.35822  1
0.358236  364
0.35858  362
0.358769  342
0.359254  192
0.359357  208
0.359593  324
0.360409  270
0.360805  143
0.361216  151
0.361554  310
0.361722  347
0.361841  265
0.361844  118
0.361879  329
0.362209  241
0.362218  330
0.362237  371
0.362265  360
0.36233  279
0.362479  331
0.362544  72
0.362875  187
0.36329  293
0.363689  62
0.363958  231
0.364045  23
0.364197  348
0.364231  273
0.364761  356
0.364784  209
0.364971  142
0.365144  358
0.365251  376
0.365406  7
0.366537  394
0.366604  321
0.36666  232
0.366691  377
0.366887  132
0.366907  380
0.367009  341
0.367145  17
0.367999  35
0.368062  312
0.368107  233
0.368264  0
0.368623  253
0.368976  136
0.369014  25
0.369117  162
0.369176  299
0.369602  397
0.369603  255
0.369639  69
0.369641  108
0.369801  15
0.37012  38
0.370291  116
0.370311  267
0.370616  242
0.370935  179
0.370977  168
0.3711  370
0.371424  240
0.371447  111
0.371655  163
0.371883  175
0.371976  96
0.371991  304
0.372141  385
0.372188  351
0.372369  317
0.372375  164
0.372684  210
0.372717  200
0.37297  396
0.373145  236
0.373409  84
0.373674  297
0.373783  59
0.373889  195
0.374039  140
0.374064  71
0.374119  246
0.374205  172
0.374343  373
0.374382  309
0.374416  337
0.374604  95
0.374826  203
0.374847  21
0.375053  83
0.375053  318
0.375068  205
0.37515  155
0.375188  120
0.37548  201
0.375583  202
0.375807  184
0.37589  296
0.375958  138
0.376158  22
0.37616  375
0.376171  101
0.376209  122
0.376258  2
0.376371  61
0.376413  305
0.376413  354
0.37647  152
0.376543  128
0.376653  161
0.376662  326
0.376828  178
0.376832  262
0.376857  254
0.376942  129
0.3771  177
0.377159  26
0.377197  33
0.377254  257
0.377433  300
0.377503  392
0.377594  307
0.377675  98
0.377744  313
0.377978  214
0.37811  369
0.378198  220
0.378331  306
0.378468  340
0.378564  82
0.378734  387
0.378779  12
0.378954  121
0.379089  349
0.379204  79
0.379238  372
0.379344  47
0.379355  301
0.379426  150
0.380055  223
0.380291  316
0.380331  338
0.380386  52
0.380466  383
0.380511  285
0.380571  45
0.380886  282
0.380942  314
0.381001  320
0.381012  276
0.381047  350
0.381134  325
0.381542  58
0.381633  284
0.381796  97
0.381859  11
0.381912  243
0.382143  63
0.382222  339
0.382233  388
0.382366  173
0.382371  167
0.382374  353
0.382592  264
0.382658  4
0.382729  333
0.382769  363
0.382909  170
0.383074  77
0.383172  56
0.383218  379
0.383283  34
0.383541  171
0.383906  395
0.384384  347
0.384559  344
0.384629  361
0.384705  115
0.38471  368
0.384718  364
0.385299  359
0.385419  389
0.385448  188
0.385462  292
0.385578  381
0.385688  343
0.385938  194
0.386046  324
0.386097  357
0.386291  105
0.386881  280
0.387244  92
0.387346  193
0.387541  131
0.387553  186
0.387796  16
0.38783  323
0.387878  367
0.388048  190
0.388125  378
0.388244  393
0.38825  249
0.388268  371
0.388471  87
0.388761  308
0.389285  303
0.389477  365
0.389575  304
0.390308  358
0.390697  384
0.391129  269
0.391557  330
0.392349  93
0.393481  374
0.393527  310
0.394556  149
0.39507  382
0.395095  245
0.395138  327
0.395176  355
0.395369  281
0.396251  356
0.396251  288
0.396292  248
0.397058  346
0.397458  391
0.398128  334
0.398278  332
0.398502  226
0.399089  362
0.399782  119
0.400105  329
0.400524  366
0.400769  360
0.401074  5
0.402202  335
0.402625  394
0.403097  390
0.403195  125
0.403228  398
0.40373  46
0.404043  399
0.404436  336
0.404565  386
0.404926  298
0.405281  312
0.405808  230
0.406344  250
0.40638  328
0.40649  30
0.406679  73
0.406886  154
0.407431  271
0.408446  322
0.40879  342
0.408861  100
0.409189  345
0.409506  117
0.409711  377
0.409848  258
0.411107  227
0.411567  244
0.412508  237
0.412532  331
0.412998  110
0.413034  233
0.413086  74
0.413087  147
0.413495  270
0.413586  53
0.413651  146
0.414193  315
0.41437  106
0.414481  373
0.414499  294
0.41453  348
0.414746  311
0.415027  216
0.415099  32
0.415106  14
0.415138  392
0.4153  238
0.4156  13
0.415659  224
0.415759  372
0.416061  20
0.416109  31
0.416327  8
0.416422  352
0.416479  251
0.416543  319
0.416611  212
0.416637  199
0.416869  259
0.416875  139
0.416914  48
0.416928  219
0.416933  24
0.416944  124
0.416996  278
0.417053  103
0.417291  290
0.417382  113
0.417463  208
0.417478  130
0.417509  235
0.417561  300
0.417617  305
0.41777  341
0.417825  29
0.417947  260
0.418099  375
0.418256  206
0.418387  376
0.418498  301
0.418624  273
0.418805  62
0.418978  145
0.419002  75
0.419015  306
0.419323  326
0.41948  370
0.419544  67
0.419755  340
0.419849  156
0.419908  275
0.419957  60
0.420046  78
0.420084  231
0.420524  309
0.420553  314
0.420667  317
0.42089  191
0.421099  207
0.421114  321
0.421472  318
0.421497  267
0.421517  70
0.421569  357
0.421995  316
0.422263  364
0.422415  266
0.422558  350
0.422596  395
0.422904  114
0.422942  393
0.423159  160
0.423349  351
0.423845  361
0.424117  28
0.424165  229
0.425057  397
0.425089  388
0.425648  389
0.4261  383
0.426245  333
0.426433  313
0.42653  378
0.426901  166
0.429007  0
0.429529  369
0.429582  94
0.430134  354
0.430308  27
0.430633  344
0.430716  148
0.431043  385
0.431121  347
0.431145  339
0.431216  365
0.43224  371
0.433337  180
0.433516  268
0.435346  337
0.435399  243
0.435438  396
0.435536  102
0.435655  359
0.435789  132
0.435827  43
0.435949  353
0.436964  3
0.437169  330
0.437661  104
0.438206  367
0.438429  55
0.438475  185
0.438484  232
0.439066  49
0.439247  136
0.439518  380
0.439527  215
0.439585  19
0.439706  304
0.439911  379
0.440069  71
0.440671  329
0.441  263
0.441249  228
0.441457  312
0.441467  356
0.44149  332
0.441658  394
0.442093  109
0.44273  80
0.4434  327
0.4437  36
0.443951  68
0.444145  77
0.444273  381
0.444288  308
0.444653  142
0.44482  210
0.44643  134
0.446493  44
0.446785  320
0.446795  220
0.446949  170
0.447168  382
0.447172  107
0.447299  303
0.447361  295
0.447438  284
0.447439  387
0.447542  59
0.447839  384
0.448075  246
0.448084  366
0.448162  349
0.448351  197
0.448385  211
0.448456  283
0.448504  83
0.448719  179
0.448877  163
0.448949  355
0.448994  128
0.449001  277
0.449199  135
0.449563  293
0.449603  116
0.450063  343
0.450211  334
0.450303  310
0.450398  112
0.450813  11
0.450897  51
0.450931  154
0.450987  368
0.451158  209
0.451318  167
0.4516  363
0.451627  325
0.451683  194
0.451878  324
0.451943  1
0.451962  399
0.452023  358
0.452114  89
0.452128  158
0.452284  261
0.452471  345
0.452549  155
0.453016  57
0.453303  217
0.453745  346
0.454012  391
0.454156  241
0.454158  360
0.454176  9
0.454362  390
0.454624  297
0.45465  213
0.454702  174
0.454783  336
0.454868  373
0.454932  323
0.454952  164
0.454987  126
0.455258  41
0.455606  322
0.455716  81
0.455871  92
0.456219  274
0.456291  328
0.456513  307
0.456593  395
0.456615  335
0.456797  196
0.457251  221
0.457476  374
0.4584  255
0.458508  331
0.458557  370
0.458937  171
0.459628  12
0.459696  339
0.459829  42
0.461446  98
0.461474  159
0.461623  357
0.461747  269
0.46196  248
0.462358  285
0.462394  362
0.462539  318
0.46285  340
0.462885  195
0.462927  376
0.463124  289
0.463304  165
0.463784  348
0.463876  121
0.464031  150
0.464705  90
0.464857  338
0.465348  162
0.465463  79
0.465569  239
0.46569  76
0.465943  22
0.465947  300
0.466195  140
0.466232  5
0.466271  341
0.466291  56
0.466456  326
0.466653  101
0.466797  187
0.466907  186
0.466956  88
0.467023  183
0.467131  371
0.467203  204
0.467212  30
0.467236  319
0.467361  225
0.467398  305
0.467471  143
0.467704  189
0.46775  133
0.467821  7
0.467923  314
0.468145  31
0.468278  333
0.468354  383
0.468438  16
0.468685  270
0.468744  23
0.468931  64
0.468932  117
0.468939  125
0.469051  192
0.469091  54
0.469135  350
0.469135  65
0.469161  240
0.469268  193
0.469279  317
0.469487  69
0.469635  151
0.470076  97
0.470099  306
0.47011  28
0.47011  144
0.470133  202
0.470168  173
0.470205  20
0.470266  394
0.47049  375
0.470526  361
0.470534  397
0.470568  316
0.470808  330
0.470951  205
0.470966  386
0.470975  301
0.471008  58
0.471013  172
0.471066  315
0.471678  288
0.471751  47
0.471798  351
0.472087  359
0.472116  279
0.472242  286
0.472316  152
0.472347  271
0.472535  344
0.472539  149
0.472751  398
0.47307  378
0.473698  313
0.473798  201
0.474105  281
0.474309  38
0.474335  364
0.474461  188
0.474763  347
0.475128  392
0.475303  372
0.475753  393
0.47619  181
0.476322  176
0.476503  299
0.476787  385
0.47706  308
0.477078  356
0.47714  230
0.477246  327
0.477656  191
0.478067  108
0.478357  66
0.478551  388
0.478553  309
0.478698  157
0.478768  226
0.478872  169
0.479088  389
0.479099  223
0.479144  352
0.479422  396
0.479468  200
0.479526  106
0.479639  278
0.480149  145
0.480241  321
0.480945  127
0.480953  95
0.481228  354
0.481252  343
0.481258  380
0.481276  244
0.481804  17
0.482287  141
0.482405  265
0.482674  160
0.482837  365
0.482936  18
0.483179  311
0.483307  377
0.483435  130
0.483713  45
0.483795  312
0.484083  113
0.48411  322
0.484162  342
0.48462  304
0.484711  120
0.484801  131
0.485114  360
0.485442  332
0.485617  85
0.485863  60
0.485985  198
0.486361  390
0.486511  349
0.486719  154
0.487091  99
0.487109  362
0.487164  329
0.487365  324
0.487618  379
0.487885  337
0.487914  369
0.488708  100
0.489246  232
0.489544  366
0.490345  320
0.491994  199
0.492043  381
0.492399  257
0.492471  72
0.492551  237
0.493263  146
0.493277  367
0.493373  15
0.493413  358
0.493468  83
0.493664  331
0.493775  110
0.493912  111
0.493932  123
0.494433  260
0.49456  376
0.494913  122
0.495071  355
0.495144  382
0.495201  161
0.495578  238
0.495695  84
0.495828  247
0.496259  82
0.496439  368
0.496613  340
0.496759  25
0.496764  229
0.496769  184
0.496786  395
0.497044  214
0.497197  391
0.497293  55
0.497785  318
0.497799  263
0.49789  334
0.498045  34
0.498118  319
0.498283  166
0.498367  353
0.498707  305
0.498784  345
0.4998  314
0.500128  336
0.5002  29
0.50054  27
0.500619  227
0.500687  399
0.500961  119
0.501184  112
0.502001  303
0.502531  137
0.503139  8
0.503217  177
0.503359  307
0.503588  384
0.503827  333
0.504045  2
0.504274  325
0.505314  374
0.505735  190
0.506055  254
0.506163  313
0.506318  132
0.506544  40
0.507439  234
0.507501  398
0.507513  363
0.507571  210
0.507767  243
0.507955  285
0.507989  32
0.508093  182
0.508241  63
0.509138  383
0.509251  351
0.509332  306
0.509511  158
0.509761  335
0.509837  387
0.50992  373
0.510007  323
0.510051  252
0.510281  397
0.510327  357
0.510754  24
0.510826  36
0.511047  273
0.511175  298
0.511334  341
0.511831  253
0.511917  378
0.512095  371
0.513137  300
0.514326  328
0.514988  393
0.516527  356
0.516608  330
0.516898  290
0.517101  301
0.517262  338
0.517284  233
0.517988  170
0.518506  350
0.518829  20
0.518993  43
0.519002  50
0.519419  339
0.520935  75
0.520955  156
0.520973  394
0.521496  347
0.521634  139
0.521787  219
0.521981  49
0.522035  344
0.522148  185
0.522554  77
0.522639  343
0.522655  352
0.523199  74
0.523273  291
0.523557  264
0.523735  228
0.523812  346
0.523976  262
0.523995  147
0.524508  348
0.524518  359
0.524538  96
0.525265  309
0.525316  207
0.525357  231
0.525519  35
0.52561  386
0.525639  208
0.525679  52
0.525692  196
0.525766  197
0.525798  390
0.52609  258
0.52612  1
0.526253  310
0.526307  44
0.526702  370
0.526956  376
0.527126  91
0.52739  385
0.528264  211
0.528384  174
0.528501  316
0.52883  168
0.528958  250
0.529733  277
0.529762  193
0.529765  183
0.529785  251
0.529804  375
0.529867  324
0.530047  206
0.530352  246
0.530538  275
0.530767  322
0.530797  242
0.530831  70
0.530839  332
0.530897  379
0.531019  98
0.531081  272
0.531136  317
0.531151  377
0.531489  33
0.531504  3
0.531702  311
0.531863  388
0.532005  179
0.532065  380
0.532162  372
0.532302  381
0.532529  368
0.532662  69
0.532716  57
0.532766  87
0.532784  395
0.533085  16
0.533169  41
0.533831  326
0.533924  364
0.533946  118
0.53411  312
0.534152  153
0.534333  142
0.534568  205
0.534616  399
0.535072  392
0.535164  135
0.535737  10
0.535778  389
0.536033  308
0.536413  321
0.536542  151
0.536581  369
0.537081  59
0.537935  361
0.537979  160
0.538247  331
0.538446  215
0.538814  93
0.53892  241
0.53902  294
0.539363  367
0.53948  315
0.539506  266
0.539836  397
0.539901  165
0.540168  362
0.540488  178
0.54062  89
0.540656  65
0.540673  249
0.540703  259
0.540861  349
0.541743  304
0.541947  235
0.542191  292
0.54232  354
0.543411  12
0.54342  387
0.543696  342
0.543993  261
0.544199  221
0.544417  382
0.54446  71
0.544476  314
0.544833  95
0.544956  396
0.54535  360
0.545454  355
0.545618  51
0.546041  99
0.546046  167
0.546428  337
0.547322  351
0.547347  319
0.548406  230
0.549007  248
0.54905  333
0.549115  366
0.549196  307
0.549216  171
0.549263  224
0.549718  129
0.550122  384
0.550514  102
0.550773  0
0.550889  345
0.551334  327
0.55202  61
0.552166  336
0.552533  320
0.552627  371
0.55305  140
0.553398  280
0.553792  393
0.553869  325
0.554889  353
0.555143  313
0.555295  297
0.555941  339
0.556085  163
0.55614  305
0.5567  334
0.557478  113
0.557999  391
0.559752  104
0.560122  318
0.560218  296
0.560239  209
0.560243  130
0.56049  341
0.560934  306
0.560946  66
0.561096  11
0.561154  212
0.561182  159
0.561261  21
0.561325  363
0.561385  303
0.561537  15
0.561561  357
0.562308  54
0.562843  138
0.56316  115
0.563917  335
0.564022  365
0.564038  378
0.564472  340
0.564513  295
0.564621  347
0.564684  271
0.564991  379
0.56515  332
0.565348  125
0.565626  122
0.565751  383
0.565842  47
0.567204  86
0.567341  268
0.567404  398
0.567543  136
0.567549  48
0.568364  203
0.568472  121
0.568536  281
0.568768  300
0.568909  6
0.569002  39
0.56903  81
0.569404  143
0.569479  376
0.569528  245
0.569541  201
0.569632  152
0.569938  301
0.570111  28
0.57022  240
0.570225  94
0.570293  386
0.570443  329
0.570728  80
0.570999  148
0.571036  374
0.571222  124
0.571239  101
0.571294  373
0.571375  150
0.57149  199
0.57156  385
0.571615  144
0.571641  67
0.57165  346
0.571765  370
0.571813  37
0.572058  263
0.572164  9
0.572727  123
0.572737  350
0.572982  317
0.573285  218
0.573538  26
0.573538  265
0.573753  276
0.573992  394
0.574012  7
0.574042  381
0.574063  22
0.574069  364
0.574175  13
0.574335  286
0.574512  237
0.574756  184
0.574901  162
0.574938  108
0.575285  253
0.575285  116
0.575322  186
0.575431  114
0.575549  217
0.575555  267
0.575603  344
0.575708  282
0.575715  112
0.575793  372
0.575846  349
0.576006  214
0.576274  109
0.576361  359
0.576395  191
0.576532  308
0.576638  358
0.576695  43
0.576734  202
0.576748  244
0.576839  189
0.577034  106
0.577091  176
0.577102  274
0.577179  82
0.577181  322
0.577305  395
0.577437  8
0.577711  149
0.577722  260
0.577773  38
0.577868  46
0.577879  283
0.577904  336
0.578096  105
0.578097  311
0.578129  55
0.578448  309
0.578558  328
0.578671  338
0.578686  377
0.578794  79
0.578812  369
0.578824  180
0.579108  348
0.579173  368
0.57919  352
0.579685  324
0.579733  355
0.579739  343
0.579951  30
0.579983  390
0.580099  399
0.580182  321
0.580351  371
0.58038  243
0.580469  330
0.580491  118
0.580742  331
0.580946  289
0.580964  392
0.582542  18
0.582786  97
0.582843  396
0.582861  316
0.582979  315
0.583301  128
0.58332  252
0.583961  375
0.584009  25
0.584578  307
0.585572  60
0.585611  312
0.585623  310
0.586113  397
0.586754  206
0.586818  362
0.587112  238
0.587211  277
0.587983  313
0.588512  250
0.588594  361
0.58867  285
0.589096  187
0.589156  107
0.589397  198
0.589496  210
0.58954  337
0.589799  319
0.590824  356
0.590864  219
0.591064  299
0.591549  354
0.591998  304
0.592978  78
0.593047  388
0.593163  332
0.593464  342
0.593812  380
0.593982  305
0.59402  182
0.594227  137
0.594591  132
0.595045  192
0.595096  363
0.595475  320
0.595577  279
0.595617  5
0.595953  126
0.595985  19
0.596499  353
0.596549  345
0.596646  387
0.597658  339
0.598824  103
0.598954  45
0.599082  298
0.599412  254
0.599614  185
0.599771  351
0.600445  23
0.600451  155
0.600798  167
0.601144  306
0.601184  287
0.601237  391
0.601274  111
0.601568  95
0.601812  378
0.601849  164
0.602049  90
0.602258  156
0.60229  75
0.602562  125
0.603126  379
0.603134  373
0.603203  222
0.603285  24
0.603287  223
0.603426  389
0.603427  181
0.603498  88
0.603538  44
0.603599  288
0.603653  204
0.6038  216
0.603938  226
0.60396  161
0.604075  360
0.604164  393
0.604211  314
0.604278  333
0.604349  257
0.604479  53
0.604643  323
0.604913  96
0.605402  172
0.605503  334
0.605829  174
0.605983  335
0.606098  130
0.606108  49
0.606116  4
0.606195  146
0.606205  395
0.606218  227
0.606244  318
0.606247  233
0.606344  200
0.606691  234
0.606772  325
0.606775  340
0.607079  14
0.60711  160
0.607396  247
0.607443  141
0.607546  2
0.607575  86
0.607604  11
0.607618  341
0.60776  87
0.608067  326
0.608158  366
0.608587  322
0.609114  275
0.60916  147
0.609365  385
0.609556  383
0.609739  127
0.609778  398
0.609993  303
0.610211  179
0.610272  367
0.610658  327
0.61102  269
0.611507  120
0.611761  166
0.612196  392
0.612518  170
0.612752  84
0.612941  317
0.613294  117
0.613618  374
0.613727  368
0.613916  56
0.6142  364
0.614237  83
0.614418  300
0.61442  372
0.614559  31
0.61461  178
0.614688  110
0.61475  370
0.614879  355
0.614988  195
0.615094  362
0.615104  241
0.615283  32
0.615325  384
0.615661  365
0.615755  394
0.61605  10
0.61637  382
0.616439  225
0.616658  188
0.616669  72
0.616876  211
0.61722  313
0.617399  224
0.617445  347
0.617674  386
0.617986  343
0.617988  328
0.618211  346
0.618695  293
0.61885  263
0.618919  36
0.619242  359
0.619492  139
0.619629  324
0.619859  246
0.619974  70
0.621015  338
0.62127  381
0.622526  73
0.622682  352
0.622771  92
0.622824  304
0.622933  281
0.623631  81
0.623769  270
0.623843  74
0.624073  315
0.624128  344
0.624607  308
0.62468  301
0.624841  68
0.625081  256
0.626047  280
0.62646  119
0.626723  371
0.62676  358
0.626796  248
0.626969  20
0.626985  148
0.627325  292
0.627527  64
0.627652  21
0.627678  329
0.627721  129
0.627759  330
0.627953  30
0.627957  397
0.628095  89
0.628364  319
0.628644  376
0.628825  331
0.629384  290
0.629438  377
0.629576  345
0.629779  369
0.630014  187
0.630636  16
0.630801  105
0.631539  387
0.632507  153
0.63276  221
0.632934  123
0.633055  336
0.633347  323
0.633429  131
0.633598  235
0.633659  173
0.6337  198
0.633794  261
0.633813  50
0.633855  396
0.634031  350
0.634498  309
0.63454  145
0.634646  389
0.634806  348
0.634957  272
0.635121  253
0.635273  311
0.635403  390
0.635476  312
0.635817  143
0.636254  52
0.636342  305
0.636453  39
0.636638  388
0.636785  165
0.636789  34
0.637165  349
0.637339  296
0.637832  197
0.637937  316
0.638471  351
0.638819  128
0.639638  3
0.639805  205
0.639858  361
0.640623  266
0.640886  208
0.641205  55
0.641275  294
0.641489  62
0.641541  15
0.641618  228
0.641788  107
0.641881  357
0.642079  213
0.642182  41
0.642231  100
0.642262  310
0.642316  76
0.642333  57
0.642612  102
0.642614  38
0.642697  368
0.643105  203
0.6433  157
0.643331  326
0.643374  12
0.643442  318
0.643479  325
0.643491  354
0.643503  240
0.64358  298
0.643591  320
0.643702  306
0.643732  339
0.644067  332
0.644191  356
0.644907  363
0.645457  80
0.645863  185
0.647042  399
0.647109  215
0.647317  26
0.6482  151
0.648254  374
0.648267  154
0.648432  375
0.648566  46
0.648575  337
0.648831  380
0.649017  367
0.64941  77
0.649752  71
0.649775  25
0.649875  27
0.650361  391
0.650419  85
0.650549  291
0.65069  258
0.650745  321
0.650779  267
0.65111  91
0.651332  242
0.651421  355
0.651563  395
0.651971  379
0.652244  284
0.652373  134
0.652427  265
0.653221  365
0.653264  108
0.653274  115
0.653319  94
0.653343  378
0.653514  79
0.653593  342
0.653658  300
0.653976  65
0.65412  307
0.654147  168
0.654522  51
0.654943  259
0.655486  220
0.65563  340
0.655689  366
0.655761  334
0.655855  314
0.655938  207
0.656208  120
0.656212  393
0.656809  136
0.656864  385
0.657089  236
0.6572  152
0.657392  364
0.657656  328
0.657673  381
0.657854  18
0.658412  353
0.658472  386
0.658736  33
0.658891  359
0.658971  373
0.65939  219
0.659619  237
0.659964  303
0.660596  398
0.660844  308
0.661429  40
0.661481  376
0.66165  370
0.661774  175
0.662053  333
0.662304  341
0.662333  304
0.662661  135
0.662734  338
0.662828  322
0.664684  93
0.665686  335
0.66603  346
0.668075  209
0.668422  324
0.668452  183
0.668584  330
0.668698  192
0.668827  164
0.668945  171
0.669013  327
0.669061  141
0.669228  138
0.669414  250
0.669439  142
0.669722  396
0.67033  360
0.670606  17
0.670709  277
0.670775  255
0.670808  232
0.670839  9
0.671256  285
0.671394  369
0.671411  371
0.671497  229
0.671843  394
0.672035  315
0.672135  392
0.672183  137
0.67225  312
0.672428  5
0.672699  358
0.673078  389
0.673112  331
0.673359  377
0.675322  362
0.676  345
0.676157  262
0.676991  200
0.677444  397
0.677571  199
0.679113  66
0.679184  182
0.679455  350
0.679632  193
0.679716  325
0.679808  218
0.679891  67
0.679992  191
0.680054  177
0.680721  196
0.680759  231
0.680769  382
0.680964  1
0.68101  72
0.681089  273
0.681586  310
0.681632  43
0.681669  343
0.681903  383
0.68206  178
0.682127  22
0.682136  319
0.682205  163
0.682324  313
0.682415  246
0.682431  238
0.682701  47
0.682957  320
0.68306  301
0.683189  140
0.683211  125
0.68353  264
0.683788  174
0.684138  372
0.684158  124
0.684173  35
0.684233  186
0.684481  317
0.684561  170
0.68459  0
0.685255  58
0.685309  211
0.685433  48
0.685561  278
0.685576  311
0.685782  249
0.685972  329
0.686396  36
0.686596  387
0.686612  148
0.68668  101
0.686689  122
0.686722  6
0.686878  344
0.686884  349
0.686897  202
0.687006  104
0.68726  354
0.687511  347
0.687547  121
0.687728  318
0.688227  173
0.68829  133
0.688703  155
0.688797  158
0.688925  42
0.689213  37
0.689368  297
0.689437  89
0.689497  190
0.689824  336
0.6899  188
0.690105  281
0.690314  87
0.690317  323
0.690343  386
0.690414  363
0.690444  384
0.690475  11
0.690544  399
0.690654  149
0.690706  241
0.691025  306
0.69108  326
0.691166  29
0.69137  201
0.691453  263
0.691519  352
0.691999  109
0.692075  374
0.692106  361
0.692215  184
0.692301  391
0.69232  390
0.692496  63
0.692587  300
0.692613  147
0.693002  70
0.694145  351
0.694597  92
0.694725  348
0.695172  10
0.695237  73
0.695344  271
0.695386  356
0.695502  98
0.695574  379
0.695798  172
0.695965  287
0.696123  333
0.69614  305
0.696324  322
0.696577  270
0.69662  90
0.696663  256
0.696867  366
0.697014  203
0.697078  316
0.697123  105
0.697294  321
0.697362  24
0.697566  378
0.697759  337
0.697839  308
0.697884  365
0.698619  227
0.698917  223
0.699668  364
0.699948  205
0.700246  95
0.70042  21
0.700569  206
0.700735  339
0.700963  69
0.700988  353
0.701408  274
0.701558  162
0.701684  340
0.701713  245
0.701778  375
0.702144  367
0.702235  303
0.702252  82
0.7026  385
0.703371  368
0.703405  291
0.703693  276
0.703757  96
0.703872  93
0.703996  3
0.704598  68
0.70467  97
0.704684  30
0.704747  34
0.704804  332
0.704976  380
0.704977  360
0.704988  45
0.704992  283
0.705429  197
0.705493  395
0.70554  314
0.705564  204
0.706081  110
0.706083  331
0.706095  4
0.706385  376
0.706697  159
0.707035  393
0.707251  377
0.707365  327
0.707833  275
0.707941  151
0.708005  298
0.708257  398
0.70842  225
0.708764  194
0.708957  189
0.709045  117
0.70924  370
0.709277  357
0.709392  176
0.709668  257
0.709874  268
0.70999  338
0.710123  324
0.710133  334
0.710351  341
0.710801  381
0.711014  102
0.711083  150
0.711178  389
0.71125  304
0.71138  392
0.711763  233
0.711939  14
0.712379  328
0.712549  345
0.712841  394
0.713507  242
0.713912  251
0.714042  59
0.714542  382
0.714767  39
0.714879  355
0.715866  307
0.715907  371
0.716067  388
0.716863  325
0.717063  296
0.717191  118
0.717208  247
0.717231  286
0.718145  289
0.718546  15
0.718773  343
0.718797  315
0.718885  295
0.71935  312
0.719377  86
0.719757  100
0.719882  222
0.719895  54
0.719967  309
0.720006  396
0.720125  237
0.720189  2
0.720195  156
0.720313  284
0.720815  272
0.721008  362
0.721209  60
0.721418  342
0.722005  57
0.722195  330
0.722535  373
0.72256  255
0.722573  369
0.722634  127
0.722872  152
0.722935  260
0.722958  38
0.723076  13
0.723632  217
0.723809  128
0.723987  84
0.724226  137
0.724386  161
0.724426  243
0.724464  19
0.724552  71
0.724598  335
0.724928  319
0.72499  347
0.725093  232
0.725316  310
0.725321  317
0.725345  301
0.72539  126
0.725522  238
0.725597  167
0.72578  313
0.725784  130
0.726025  53
0.726065  349
0.726067  129
0.726091  138
0.726118  146
0.7263  214
0.726591  358
0.726604  391
0.726621  131
0.726633  77
0.727011  40
0.727122  359
0.727267  346
0.727548  364
0.727605  139
0.727936  213
0.728018  216
0.728173  386
0.728273  41
0.728313  123
0.728594  64
0.728961  180
0.729056  236
0.729112  363
0.729239  279
0.72935  153
0.729596  280
0.730074  299
0.730248  329
0.730345  350
0.730387  145
0.730515  378
0.730586  306
0.731572  114
0.731625  103
0.731717  320
0.731737  383
0.731925  75
0.731998  169
0.732209  7
0.732268  292
0.732298  311
0.732322  356
0.73237  212
0.732375  221
0.732465  263
0.732495  377
0.732533  321
0.732617  303
0.732798  344
0.732914  88
0.732916  52
0.733145  210
0.733153  253
0.73339  80
0.733798  179
0.733964  278
0.734104  372
0.734371  300
0.734525  116
0.734789  241
0.734858  66
0.734948  119
0.735058  269
0.735087  12
0.735194  282
0.73521  258
0.735321  25
0.735358  195
0.735418  165
0.735471  397
0.735606  334
0.735656  336
0.735668  67
0.735688  390
0.735836  316
0.735907  308
0.73592  290
0.736153  376
0.736847  42
0.737137  326
0.737344  185
0.737367  399
0.737435  323
0.737558  219
0.737709  353
0.738  234
0.738123  324
0.73816  354
0.738799  361
0.739319  141
0.73972  132
0.739723  360
0.739994  273
0.740298  254
0.740337  157
0.740391  338
0.74052  91
0.740805  224
0.740871  166
0.740942  387
0.74099  351
0.741005  357
0.741113  368
0.741135  305
0.741209  314
0.741337  207
0.741527  322
0.741853  160
0.742134  298
0.742193  26
0.742197  337
0.742377  374
0.742458  339
0.742739  79
0.742964  367
0.743151  83
0.743258  17
0.74334  120
0.74351  140
0.743881  288
0.743898  352
0.743963  104
0.744279  175
0.744504  341
0.744569  318
0.744743  332
0.74518  384
0.745187  265
0.745223  20
0.745326  223
0.745405  73
0.745449  239
0.745487  228
0.74653  44
0.746582  380
0.746781  327
0.74688  23
0.747269  111
0.748033  246
0.748427  266
0.749001  35
0.749008  392
0.749539  333
0.749617  249
0.749692  49
0.749835  289
0.749847  345
0.749926  379
0.750021  398
0.750087  304
0.750296  112
0.750408  70
0.750425  393
0.750694  340
0.751153  309
0.751427  231
0.751558  99
0.751767  331
0.751899  125
0.752375  342
0.75294  191
0.753241  46
0.753755  220
0.753817  200
0.753906  381
0.75416  113
0.754471  328
0.754489  158
0.754672  192
0.755051  364
0.755347  259
0.755794  293
0.755964  306
0.756581  362
0.756851  151
0.756997  149
0.757005  48
0.757019  375
0.757029  261
0.757182  135
0.757349  358
0.757461  297
0.757613  244
0.757951  382
0.758017  202
0.758049  385
0.758259  395
0.758495  9
0.758581  250
0.758613  307
0.758635  389
0.758682  4
0.758694  295
0.758793  366
0.759106  370
0.759758  325
0.759985  349
0.760033  355
0.760205  348
0.761024  373
0.761287  330
0.761373  245
0.761464  274
0.76221  315
0.762695  310
0.763173  97
0.763337  388
0.764559  321
0.765515  394
0.76615  343
0.767022  378
0.767029  13
0.767196  359
0.768476  121
0.769536  115
0.769942  29
0.770348  226
0.770469  209
0.770527  397
0.770844  372
0.771963  183
0.772208  344
0.772244  329
0.772883  301
0.772916  16
0.773205  63
0.773635  312
0.773653  199
0.77396  174
0.773966  292
0.774077  326
0.774227  76
0.7743  178
0.774351  267
0.774537  177
0.774654  186
0.774749  396
0.774882  51
0.775  196
0.775013  5
0.775144  215
0.775227  107
0.77545  98
0.775561  383
0.775589  317
0.77563  6
0.775769  50
0.775836  313
0.77587  144
0.775914  143
0.776303  305
0.776423  201
0.776807  197
0.776904  319
0.776985  181
0.777011  108
0.777349  10
0.777934  369
0.778062  271
0.778109  377
0.778249  252
0.778271  229
0.77841  57
0.778502  347
0.778629  280
0.7789  283
0.77914  85
0.779366  198
0.779479  386
0.779587  124
0.779766  31
0.779965  0
0.780003  58
0.780019  308
0.780037  55
0.780229  60
0.780364  345
0.780465  36
0.780647  142
0.780675  30
0.780679  303
0.780723  232
0.780744  32
0.780841  368
0.78089  337
0.780941  33
0.780949  350
0.781009  59
0.781132  268
0.781477  281
0.781519  262
0.781781  311
0.781947  318
0.78203  248
0.782276  194
0.782385  208
0.782609  361
0.782701  205
0.782717  182
0.782718  335
0.782797  106
0.783011  399
0.783022  365
0.783028  214
0.783068  22
0.783079  81
0.783168  159
0.78317  256
0.783374  371
0.783488  398
0.783622  316
0.783693  357
0.78372  38
0.784328  164
0.784406  320
0.784617  162
0.784629  332
0.784972  356
0.785021  353
0.785075  45
0.78542  336
0.785628  105
0.786512  370
0.786577  206
0.787368  334
0.787382  390
0.787455  300
0.787822  27
0.788029  363
0.788051  367
0.788442  324
0.788482  346
0.788927  8
0.788933  67
0.789524  392
0.790103  88
0.790292  339
0.790394  94
0.790715  323
0.79073  34
0.790922  393
0.791182  314
0.791277  348
0.791328  352
0.791434  327
0.791908  307
0.79216  354
0.792182  366
0.792192  374
0.79283  157
0.793322  309
0.794038  328
0.794049  163
0.794966  61
0.796201  376
0.796486  134
0.796635  266
0.796804  338
0.796923  384
0.797769  101
0.798652  385
0.798708  122
0.798748  364
0.799145  264
0.799236  340
0.799896  224
0.800785  14
0.801992  136
0.802065  249
0.802148  119
0.802426  47
0.802751  380
0.803228  394
0.803271  216
0.803317  203
0.803331  154
0.80337  100
0.803432  138
0.803536  381
0.803587  86
0.803719  172
0.803945  161
0.804217  247
0.804233  389
0.804426  117
0.804544  62
0.804546  287
0.804688  52
0.804978  333
0.805017  222
0.805052  53
0.805294  362
0.805314  193
0.805397  277
0.805497  349
0.805674  139
0.805733  39
0.805803  78
0.805809  342
0.80585  375
0.805852  360
0.806228  74
0.806898  270
0.807136  395
0.807805  355
0.807829  11
0.808295  358
0.808405  382
0.808479  21
0.808988  190
0.809211  321
0.809224  330
0.809383  379
0.809441  344
0.809475  331
0.809595  40
0.809973  304
0.81027  43
0.810768  341
0.810781  170
0.811913  396
0.812265  387
0.812282  322
0.812923  110
0.812961  137
0.813304  96
0.813473  291
0.813639  71
0.814148  230
0.814362  397
0.814493  301
0.8148  359
0.814962  189
0.815471  64
0.816193  231
0.816572  17
0.816942  378
0.817362  286
0.817565  351
0.817642  65
0.817709  253
0.817781  373
0.817974  383
0.817994  147
0.818333  315
0.818343  313
0.818543  391
0.818729  243
0.819054  54
0.819774  87
0.821095  141
0.821162  171
0.821618  155
0.821755  156
0.821779  238
0.821838  398
0.821938  131
0.82197  28
0.821995  72
0.822018  236
0.82213  325
0.822134  312
0.822293  148
0.822418  306
0.822502  41
0.822549  317
0.82276  9
0.822865  188
0.822901  276
0.822999  3
0.823005  112
0.823014  169
0.823164  158
0.823223  368
0.823436  316
0.823698  56
0.82374  218
0.823935  308
0.82413  233
0.824165  23
0.824303  91
0.824322  343
0.824894  266
0.824927  242
0.825063  1
0.825122  353
0.825171  279
0.825353  15
0.825467  259
0.825619  124
0.825717  310
0.825731  84
0.825956  211
0.8261  300
0.826187  296
0.826361  123
0.826501  388
0.826554  227
0.826586  327
0.826639  299
0.826873  319
0.826883  275
0.827037  187
0.827053  365
0.827183  305
0.827259  102
0.827351  345
0.827558  255
0.827797  66
0.82814  361
0.82819  217
0.828458  346
0.828602  186
0.828643  386
0.828691  73
0.828821  329
0.828887  77
0.828981  376
0.829048  377
0.829207  24
0.829277  192
0.829294  48
0.829362  350
0.830011  309
0.830016  392
0.830123  356
0.83036  337
0.830462  68
0.830513  372
0.830748  37
0.831303  80
0.83155  226
0.83169  399
0.831742  120
0.832197  318
0.83227  90
0.832346  369
0.832402  151
0.832556  167
0.833055  160
0.833968  258
0.833977  103
0.834014  185
0.834279  175
0.834598  63
0.834606  70
0.834814  347
0.834945  363
0.835091  384
0.835143  298
0.835643  374
0.835731  339
0.835878  109
0.835908  354
0.836016  225
0.836095  366
0.836291  311
0.83647  269
0.836626  334
0.836739  35
0.836787  393
0.836862  357
0.838367  149
0.838545  195
0.838561  390
0.838712  335
0.839268  210
0.839294  336
0.839446  303
0.839673  145
0.839764  191
0.840392  332
0.840662  42
0.84068  314
0.84112  364
0.84128  342
0.841321  385
0.841733  348
0.841995  133
0.842531  387
0.844181  320
0.845701  125
0.845715  370
0.846259  283
0.846493  104
0.846587  111
0.846616  359
0.846813  13
0.84689  322
0.847233  16
0.847479  284
0.847649  219
0.847727  82
0.847824  241
0.847951  252
0.848099  324
0.848232  358
0.848233  271
0.848264  181
0.848702  79
0.848755  22
0.848957  340
0.849272  307
0.84931  362
0.849364  352
0.849486  51
0.849771  395
0.849867  293
0.849913  381
0.850246  355
0.85042  117
0.850554  321
0.85196  122
0.852021  128
0.8522  166
0.852222  328
0.85236  382
0.852411  375
0.853063  338
0.853374  294
0.853702  92
0.854004  313
0.854746  71
0.854902  323
0.855929  326
0.856301  367
0.856803  140
0.85683  237
0.856863  6
0.85691  221
0.856952  36
0.857052  287
0.857093  380
0.857439  389
0.857461  349
0.857472  197
0.857501  344
0.857673  371
0.859136  121
0.859232  189
0.859646  333
0.859678  244
0.859712  45
0.859796  146
0.859927  153
0.860121  289
0.860211  398
0.860542  330
0.861526  351
0.86154  278
0.861604  44
0.861664  331
0.861784  281
0.861986  108
0.862157  202
0.862363  49
0.862461  194
0.862577  12
0.862672  132
0.8635  183
0.863526  243
0.863783  46
0.863792  341
0.863871  164
0.863904  388
0.863991  301
0.864235  58
0.864381  7
0.86441  304
0.864712  18
0.864786  251
0.864921  240
0.865  377
0.86506  327
0.865134  200
0.865348  143
0.865573  309
0.86564  394
0.865684  40
0.865836  267
0.865909  116
0.865956  308
0.866071  285
0.866116  223
0.86633  129
0.866344  246
0.866384  360
0.866752  379
0.866864  10
0.867089  209
0.867178  97
0.867222  173
0.867273  268
0.867378  213
0.867903  392
0.868363  315
0.86862  205
0.868656  282
0.868808  67
0.86887  373
0.869497  135
0.869628  250
0.869664  176
0.87  319
0.870037  95
0.870206  93
0.870337  316
0.870407  325
0.870458  303
0.870699  305
0.870899  203
0.871123  383
0.871457  343
0.871462  81
0.871519  85
0.871625  134
0.871673  288
0.872061  334
0.872098  292
0.872719  78
0.872914  345
0.872944  96
0.873108  386
0.873245  55
0.873292  182
0.873361  57
0.873434  317
0.873604  218
0.873612  299
0.873662  199
0.873959  21
0.874017  297
0.874042  220
0.874124  172
0.874133  273
0.874211  178
0.874247  356
0.874254  232
0.8743  118
0.874431  101
0.874445  290
0.874557  337
0.874572  177
0.8746  127
0.874606  391
0.874735  365
0.874856  274
0.874916  86
0.874936  75
0.874991  201
0.875023  198
0.875033  350
0.875156  397
0.87524  335
0.875351  368
0.875406  170
0.875549  113
0.875607  306
0.875733  262
0.875756  76
0.875841  124
0.875965  332
0.876295  318
0.876422  361
0.876467  114
0.87657  354
0.876619  248
0.877093  342
0.877103  28
0.877108  245
0.877274  138
0.877415  348
0.877422  339
0.877587  32
0.877649  235
0.877722  60
0.877785  64
0.877917  261
0.878128  322
0.878289  363
0.878424  89
0.878644  88
0.878752  353
0.878756  152
0.878841  19
0.87886  2
0.879281  384
0.879346  228
0.879504  396
0.879582  336
0.880066  168
0.880069  378
0.88007  346
0.880096  144
0.880536  387
0.880599  62
0.880879  399
0.881184  300
0.881408  362
0.88154  84
0.881638  14
0.881652  381
0.881846  9
0.881898  312
0.882379  99
0.882385  230
0.883213  366
0.883276  311
0.883373  27
0.883485  20
0.883529  193
0.883535  323
0.883612  259
0.883909  374
0.884102  301
0.884282  338
0.884397  355
0.884823  65
0.884864  329
0.885033  385
0.885051  119
0.885354  280
0.885366  390
0.885413  180
0.88645  8
0.886664  174
0.887232  162
0.887419  349
0.887437  263
0.887665  357
0.887671  393
0.888249  13
0.889142  242
0.889176  159
0.889447  126
0.889816  352
0.88995  372
0.890058  277
0.890235  313
0.890423  320
0.890624  314
0.890651  358
0.890678  347
0.89083  380
0.890882  389
0.890937  359
0.891359  215
0.89308  233
0.893218  321
0.893302  11
0.893978  34
0.894033  375
0.894574  309
0.894715  133
0.895118  33
0.895239  43
0.89587  324
0.895989  376
0.89614  289
0.896428  398
0.897017  186
0.89717  340
0.897266  25
0.897445  367
0.898962  331
0.899123  4
0.899149  307
0.899168  310
0.899577  257
0.899975  298
0.900746  100
0.900759  344
0.900879  370
0.901282  328
0.901771  187
0.902362  276
0.902746  79
0.90336  369
0.903456  3
0.903533  260
0.904334  52
0.904352  327
0.905226  249
0.905441  308
0.905777  207
0.90594  392
0.906148  330
0.906288  395
0.906323  371
0.906782  315
0.907059  69
0.90724  165
0.907382  17
0.907814  272
0.90795  326
0.908175  206
0.908446  388
0.908658  265
0.90872  59
0.908805  360
0.909267  30
0.909295  153
0.909925  333
0.910221  341
0.910268  247
0.911427  316
0.911733  266
0.911866  386
0.912016  107
0.912688  197
0.912924  6
0.913029  111
0.913075  354
0.913348  383
0.913405  252
0.913434  217
0.913813  142
0.913953  237
0.914101  47
0.914337  29
0.914481  306
0.914566  102
0.914659  106
0.914949  73
0.915045  282
0.915316  356
0.915531  212
0.915615  213
0.915697  66
0.915756  382
0.915817  87
0.915868  379
0.915885  195
0.916149  377
0.916165  364
0.916351  74
0.91699  337
0.917273  275
0.917343  23
0.917382  68
0.917409  137
0.917453  26
0.917711  35
0.918115  208
0.918211  136
0.918355  181
0.918475  271
0.918611  227
0.918654  270
0.918746  112
0.918764  160
0.918796  319
0.918866  38
0.918867  284
0.918897  256
0.918971  348
0.918973  365
0.919147  269
0.919202  294
0.919235  234
0.919237  98
0.919495  1
0.919564  190
0.919742  236
0.919768  296
0.919782  141
0.919825  24
0.919952  204
0.920085  171
0.920502  44
0.920632  90
0.92067  80
0.920682  37
0.920696  210
0.920792  304
0.920845  188
0.920889  322
0.920915  209
0.920958  151
0.920993  353
0.92116  352
0.921161  70
0.921207  166
0.921264  223
0.92127  221
0.921385  104
0.921424  273
0.921661  211
0.921683  167
0.921767  85
0.921772  254
0.921853  239
0.921857  335
0.921875  39
0.921914  2
0.921916  378
0.921925  373
0.921929  22
0.921938  291
0.921955  184
0.922036  325
0.922054  280
0.922069  397
0.922091  214
0.922126  362
0.922134  301
0.922349  367
0.922436  380
0.922602  303
0.922746  219
0.922898  163
0.922917  123
0.923097  262
0.923197  338
0.923371  243
0.923535  185
0.923561  350
0.923855  311
0.923908  351
0.923935  191
0.924115  387
0.924153  129
0.924342  376
0.924409  390
0.92442  222
0.924534  305
0.924706  293
0.924822  300
0.924965  391
0.924982  396
0.925249  14
0.92526  317
0.925282  120
0.92533  257
0.925497  54
0.925672  381
0.925974  329
0.926035  323
0.926049  310
0.926091  372
0.926494  201
0.92675  342
0.926796  368
0.926907  385
0.927101  84
0.927251  347
0.927565  359
0.927903  345
0.928794  399
0.928918  340
0.929021  135
0.929352  309
0.929399  374
0.929498  110
0.929615  389
0.930075  179
0.930511  394
0.930903  361
0.931066  363
0.931097  349
0.931133  216
0.931936  231
0.932317  332
0.932416  253
0.933834  346
0.933854  318
0.934089  334
0.934137  393
0.934177  392
0.934604  343
0.934705  124
0.935587  307
0.936062  398
0.936663  203
0.937982  315
0.938121  357
0.938632  116
0.938678  333
0.939103  355
0.939236  371
0.939269  358
0.940295  225
0.940528  327
0.940947  299
0.941017  386
0.941678  375
0.941969  192
0.942852  384
0.942882  205
0.944288  320
0.945251  395
0.945774  200
0.945904  15
0.946073  63
0.946559  324
0.946806  18
0.946921  370
0.947111  336
0.947879  255
0.949649  145
0.949695  50
0.949759  321
0.950526  170
0.950679  31
0.95107  328
0.951111  16
0.951169  96
0.951294  53
0.95144  366
0.951486  330
0.951531  150
0.951701  264
0.95179  220
0.952189  93
0.952288  314
0.95237  94
0.952705  5
0.952931  326
0.953001  360
0.953075  313
0.953099  122
0.953236  67
0.953245  196
0.953294  339
0.953346  383
0.953591  156
0.953912  83
0.953969  139
0.954892  354
0.955001  9
0.955301  97
0.955529  277
0.95559  157
0.955806  230
0.956034  344
0.956129  149
0.956138  61
0.956511  169
0.956998  56
0.957533  88
0.957637  138
0.957649  57
0.957702  229
0.957897  108
0.957911  132
0.958321  143
0.958398  130
0.958548  95
0.958589  147
0.958594  388
0.958606  78
0.958688  100
0.958749  81
0.958764  218
0.958776  29
0.95882  194
0.958852  312
0.958881  20
0.959087  106
0.959106  48
0.959135  341
0.95922  41
0.959304  91
0.959307  40
0.959384  125
0.959466  87
0.959476  175
0.959483  187
0.959538  182
0.959569  240
0.959688  174
0.959698  285
0.959797  283
0.959833  148
0.959835  245
0.959868  77
0.959873  140
0.959909  10
0.959911  69
0.960096  279
0.960342  244
0.960429  250
0.960672  351
0.960677  301
0.960715  337
0.960731  42
0.960813  258
0.960887  101
0.961029  372
0.961107  71
0.961127  376
0.961167  158
0.961202  369
0.961205  239
0.961212  266
0.961218  387
0.961235  103
0.961258  390
0.961308  332
0.961341  146
0.961402  89
0.961432  361
0.961635  60
0.961651  27
0.961679  118
0.961683  247
0.961685  378
0.961827  115
0.96184  331
0.961876  99
0.961902  373
0.961919  46
0.962046  19
0.962083  127
0.962087  62
0.962107  317
0.962258  161
0.96235  295
0.962379  162
0.962534  33
0.962834  226
0.962871  8
0.962923  316
0.963024  34
0.963031  186
0.963275  353
0.963276  364
0.96328  133
0.963289  177
0.963391  176
0.963418  380
0.963419  75
0.963444  303
0.963481  238
0.963564  352
0.963631  310
0.963717  348
0.963717  11
0.963722  391
0.963827  356
0.96409  280
0.964098  287
0.96412  282
0.964243  368
0.964284  342
0.964638  144
0.964732  363
0.965041  362
0.96514  297
0.965371  59
0.965708  393
0.966114  300
0.966286  193
0.966355  86
0.966366  30
0.966401  202
0.966526  263
0.966657  357
0.966753  213
0.966929  333
0.967023  55
0.967125  322
0.967436  345
0.96744  359
0.967694  325
0.967712  358
0.967869  233
0.967934  396
0.968046  397
0.968055  49
0.968133  389
0.968156  392
0.968189  58
0.968258  305
0.968405  265
0.968529  307
0.968619  398
0.968655  334
0.968719  346
0.969104  304
0.969182  379
0.969247  381
0.969252  375
0.969445  241
0.969519  318
0.970332  232
0.97058  338
0.970854  367
0.971454  355
0.971525  384
0.971883  230
0.971969  340
0.972474  374
0.972525  395
0.973817  385
0.97391  323
0.974047  343
0.976961  335
0.977087  349
0.978623  399
0.978826  336
0.979454  308
0.980222  181
0.980281  321
0.981012  309
0.982047  306
0.982544  292
0.982765  165
0.983066  350
0.983485  195
0.983684  251
0.983747  327
0.983999  365
0.984169  84
0.984265  167
0.984843  347
0.986618  261
0.986977  319
0.987776  131
0.988754  311
0.988803  382
0.989131  329
0.989686  394
0.990582  370
0.992395  315
0.992991  183
0.994338  4
0.995116  179
0.995304  383
0.995457  246
0.995558  119
0.995695  310
0.996  296
0.996177  85
0.996188  217
0.996252  371
0.996323  248
0.996531  252
0.996564  214
0.996607  341
0.996638  189
0.99709  275
0.997235  82
0.997251  299
0.997288  219
0.997322  120
0.997324  293
0.997341  326
0.997601  328
0.997667  313
0.997912  377
0.998367  25
0.998403  152
0.999116  63
0.999134  366
0.999236  159
0.99966  137
0.999707  324
0.999762  153
0.999861  235
