Data generated at Sun Jun  2 11:52:14 2019


3.62661 5.41763 -3.52627 -2.11861 1000 1000 48 577 0.16 5.77
5.99447 3.90759 -4.24668 -3.97402 1000 1000 161 508 0.536667 5.08
3.43526 5.09074 -1.21161 -4.21121 1000 1000 1948 2123 6.49333 21.23
4.45802 2.91372 -4.69298 -2.26518 1000 1000 2 525 0.00666667 5.25
5.28353 2.03138 -1.01743 -2.65944 1000 1000 9508 3238 31.6933 32.38
3.86296 4.45706 -4.91093 -1.36664 1000 1000 0 641 0 6.41
3.01492 3.82727 -4.44635 -3.26655 1000 1000 60 476 0.2 4.76
3.57345 4.52337 -2.56293 -2.10524 1000 1000 211 790 0.703333 7.9
5.83137 5.7865 -2.7612 -3.64245 1000 1000 409 871 1.36333 8.71
4.25673 3.91449 -2.46912 -1.12752 1000 1000 150 866 0.5 8.66
3.90984 4.57723 -4.45159 -1.63643 1000 1000 37 623 0.123333 6.23
2.31017 2.28515 -3.22171 -4.55897 1000 1000 659 606 2.19667 6.06
4.47814 3.42993 -3.78971 -3.05996 1000 1000 174 573 0.58 5.73
5.71968 3.03644 -1.38318 -1.32765 1000 1000 5802 3297 19.34 32.97
5.80818 2.56773 -1.71967 -2.6932 1000 1000 10651 4637 35.5033 46.37
2.09052 3.29232 -2.60006 -3.08696 1000 1000 445 765 1.48333 7.65
3.9751 2.85703 -2.81136 -3.28354 1000 1000 664 838 2.21333 8.38
4.42067 2.61698 -1.75322 -4.01817 1000 1000 5426 2941 18.0867 29.41
4.76167 4.03244 -4.88692 -3.28104 1000 1000 17 448 0.0566667 4.48
4.89181 2.85845 -3.17485 -1.81792 1000 1000 115 662 0.383333 6.62
2.71017 5.56983 -4.67128 -4.30573 1000 1000 36 406 0.12 4.06
5.39107 5.31185 -2.40471 -2.20021 1000 1000 299 939 0.996667 9.39
5.04024 2.23031 -4.91281 -1.13435 1000 1000 1 670 0.00333333 6.7
4.90645 4.2343 -1.47477 -2.95452 1000 1000 2390 2607 7.96667 26.07
4.01356 2.09226 -1.9871 -1.62646 1000 1000 1171 1298 3.90333 12.98
4.37409 3.8574 -3.82415 -2.38361 1000 1000 54 561 0.18 5.61
4.59575 2.54422 -2.33703 -2.30809 1000 1000 937 1120 3.12333 11.2
4.89558 3.34963 -2.24193 -1.20511 1000 1000 304 987 1.01333 9.87
5.21501 4.85481 -4.96237 -4.92724 1000 1000 99 419 0.33 4.19
5.15414 2.22383 -1.8968 -2.93292 1000 1000 9121 4277 30.4033 42.77
5.46754 5.30313 -4.18794 -3.03346 1000 1000 34 491 0.113333 4.91
4.16273 4.75929 -4.91289 -1.77507 1000 1000 8 576 0.0266667 5.76
4.39186 3.23268 -3.27225 -1.08387 1000 1000 3 696 0.01 6.96
5.80014 3.9114 -2.96822 -1.4982 1000 1000 87 716 0.29 7.16
2.43563 5.67461 -2.54039 -1.65436 1000 1000 80 726 0.266667 7.26
5.70098 3.76991 -1.95922 -3.37865 1000 1000 2463 2278 8.21 22.78
2.87134 4.42722 -1.35577 -2.25006 1000 1000 982 1612 3.27333 16.12
2.51577 2.64763 -3.25128 -3.51333 1000 1000 405 632 1.35 6.32
5.3437 4.63068 -3.79162 -3.00941 1000 1000 106 550 0.353333 5.5
3.93859 4.68541 -3.47776 -4.3482 1000 1000 319 627 1.06333 6.27
3.79125 4.77381 -3.63663 -2.1504 1000 1000 41 559 0.136667 5.59
2.24415 4.64265 -1.7327 -3.7644 1000 1000 715 1039 2.38333 10.39
5.06581 2.84836 -3.92457 -1.34944 1000 1000 12 623 0.04 6.23
3.20939 5.69994 -1.24687 -2.03777 1000 1000 794 1710 2.64667 17.1
3.78646 2.28761 -1.33758 -4.96062 1000 1000 8880 3398 29.6 33.98
2.28966 2.08819 -2.04149 -1.65663 1000 1000 691 992 2.30333 9.92
5.29558 2.28444 -3.80504 -1.06388 1000 1000 11 697 0.0366667 6.97
2.63857 3.53001 -1.48865 -1.20174 1000 1000 753 1438 2.51 14.38
3.74211 2.86766 -2.57775 -4.83881 1000 1000 1378 1002 4.59333 10.02
5.01568 2.92728 -1.61113 -2.76148 1000 1000 5567 3870 18.5567 38.7
2.26015 4.75855 -1.52745 -1.57835 1000 1000 489 1268 1.63 12.68
3.07972 5.72663 -1.31616 -1.08513 1000 1000 488 1549 1.62667 15.49
3.26861 2.99372 -1.99965 -4.66024 1000 1000 1818 1275 6.06 12.75
5.82495 4.02714 -1.5698 -3.50571 1000 1000 7982 4376 26.6067 43.76
4.90612 2.29535 -1.05199 -3.11084 1000 1000 9034 3297 30.1133 32.97
3.47321 3.28806 -1.91512 -4.71689 1000 1000 1774 1342 5.91333 13.42
3.27833 3.66786 -1.60762 -1.02894 1000 1000 542 1355 1.80667 13.55
5.56904 4.63939 -3.65176 -1.18137 1000 1000 9 656 0.03 6.56
4.66433 3.53893 -2.5144 -3.90351 1000 1000 841 960 2.80333 9.6
2.29866 5.11745 -1.23029 -1.45541 1000 1000 666 1635 2.22 16.35
3.15285 4.61567 -2.0718 -1.29232 1000 1000 258 1001 0.86 10.01
3.73639 2.718 -2.34505 -4.94092 1000 1000 2005 1231 6.68333 12.31
2.54965 2.0306 -1.50234 -2.89122 1000 1000 2159 1435 7.19667 14.35
3.94129 2.82288 -4.16698 -2.16973 1000 1000 27 554 0.09 5.54
4.80696 5.02204 -1.53301 -2.0841 1000 1000 1004 1823 3.34667 18.23
5.11382 3.72378 -4.85794 -4.62236 1000 1000 155 456 0.516667 4.56
4.75872 2.85918 -1.38096 -2.12539 1000 1000 4800 2989 16 29.89
2.08048 5.78593 -2.62277 -2.35696 1000 1000 176 764 0.586667 7.64
4.14517 3.19164 -2.42211 -2.07301 1000 1000 359 841 1.19667 8.41
4.67496 4.47051 -2.74212 -1.07234 1000 1000 19 711 0.0633333 7.11
2.4433 5.01072 -1.20979 -4.60562 1000 1000 1600 1711 5.33333 17.11
5.47685 5.84476 -3.7748 -4.26641 1000 1000 219 599 0.73 5.99
2.719 3.39835 -2.02953 -3.86961 1000 1000 886 973 2.95333 9.73
4.71109 3.6777 -1.65972 -4.79174 1000 1000 4897 3203 16.3233 32.03
5.98513 5.81072 -3.46665 -2.00118 1000 1000 59 632 0.196667 6.32
5.32951 2.14853 -3.99154 -3.82679 1000 1000 580 619 1.93333 6.19
3.31424 3.67402 -2.43712 -1.88078 1000 1000 292 837 0.973333 8.37
3.22462 3.7718 -3.91623 -2.2874 1000 1000 27 526 0.09 5.26
3.44889 3.25027 -3.83955 -2.17216 1000 1000 39 537 0.13 5.37
3.39053 4.56524 -4.6092 -3.47746 1000 1000 29 444 0.0966667 4.44
2.8948 3.70464 -3.37945 -3.08992 1000 1000 206 612 0.686667 6.12
2.682 2.10249 -4.41609 -2.30228 1000 1000 9 500 0.03 5
3.55257 5.16586 -3.55555 -1.19569 1000 1000 0 666 0 6.66
5.04071 3.4958 -4.98438 -4.69846 1000 1000 212 466 0.706667 4.66
2.44734 3.45789 -4.82815 -4.51397 1000 1000 129 431 0.43 4.31
5.43568 5.6613 -3.51568 -2.29201 1000 1000 61 585 0.203333 5.85
3.22695 5.70236 -1.37795 -1.43529 1000 1000 545 1518 1.81667 15.18
5.11057 5.97976 -4.86186 -2.8848 1000 1000 13 484 0.0433333 4.84
5.14815 4.24103 -2.05611 -2.5512 1000 1000 698 1188 2.32667 11.88
5.05877 5.72489 -2.61663 -2.19999 1000 1000 210 846 0.7 8.46
5.28458 5.97783 -4.15235 -4.73031 1000 1000 159 511 0.53 5.11
4.29945 5.22361 -4.46264 -3.40488 1000 1000 62 484 0.206667 4.84
4.9328 5.94055 -1.58389 -4.30569 1000 1000 1554 1993 5.18 19.93
4.16831 2.04481 -4.52908 -4.70206 1000 1000 418 479 1.39333 4.79
4.28023 4.19856 -1.1649 -2.0986 1000 1000 2347 2728 7.82333 27.28
4.47597 5.34542 -1.97166 -2.14736 1000 1000 453 1151 1.51 11.51
2.97397 4.03258 -1.96993 -4.78804 1000 1000 981 1022 3.27 10.22
4.68448 5.71558 -1.90594 -1.75967 1000 1000 353 1139 1.17667 11.39
3.97518 3.48254 -3.75342 -4.73341 1000 1000 334 548 1.11333 5.48
5.93334 5.60886 -1.90669 -3.80133 1000 1000 1326 1815 4.42 18.15
2.57499 4.70434 -2.7988 -4.67616 1000 1000 480 739 1.6 7.39
3.88588 3.45034 -2.79688 -2.7116 1000 1000 342 757 1.14 7.57
3.35352 2.27057 -1.34525 -1.70539 1000 1000 2285 2019 7.61667 20.19
2.08405 3.49963 -4.33629 -1.7115 1000 1000 0 591 0 5.91
3.95308 3.39589 -2.7905 -4.75626 1000 1000 898 869 2.99333 8.69
2.02174 4.69989 -1.81301 -2.7003 1000 1000 552 1078 1.84 10.78
2.30693 5.40221 -3.58212 -3.29796 1000 1000 129 578 0.43 5.78
3.84442 3.73166 -4.96549 -1.53441 1000 1000 4 620 0.0133333 6.2
2.42448 2.53684 -4.13191 -3.25327 1000 1000 142 499 0.473333 4.99
4.18354 4.33829 -1.52906 -3.8284 1000 1000 1764 1829 5.88 18.29
3.1638 4.79431 -4.00307 -3.516 1000 1000 117 526 0.39 5.26
2.57584 4.13823 -1.95494 -1.31966 1000 1000 294 1013 0.98 10.13
4.11945 5.4826 -1.00254 -4.4367 1000 1000 4138 4114 13.7933 41.14
3.36031 5.86926 -2.5242 -4.55575 1000 1000 469 835 1.56333 8.35
2.25493 2.19768 -3.40831 -2.02264 1000 1000 50 575 0.166667 5.75
4.7947 5.12478 -4.00379 -4.23088 1000 1000 168 530 0.56 5.3
2.01548 2.25927 -1.14161 -1.967 1000 1000 1784 1610 5.94667 16.1
3.8519 3.34136 -3.50183 -2.13091 1000 1000 74 608 0.246667 6.08
4.13693 3.87729 -2.23285 -2.42851 1000 1000 565 1045 1.88333 10.45
3.22237 5.05674 -3.57069 -2.3069 1000 1000 46 577 0.153333 5.77
2.01354 5.29025 -4.85171 -1.50903 1000 1000 0 614 0 6.14
3.10975 5.35348 -2.84525 -2.09219 1000 1000 115 705 0.383333 7.05
2.77074 4.133 -1.81602 -1.28668 1000 1000 285 1015 0.95 10.15
3.23726 2.7498 -3.69576 -3.70121 1000 1000 305 569 1.01667 5.69
4.42032 3.04368 -1.83594 -1.0623 1000 1000 725 1344 2.41667 13.44
3.66105 4.61091 -1.4771 -1.60348 1000 1000 709 1524 2.36333 15.24
5.88059 4.10616 -2.8178 -2.8872 1000 1000 429 863 1.43 8.63
2.02998 2.59065 -1.02928 -4.04024 1000 1000 2693 1663 8.97667 16.63
3.18055 4.48354 -2.62602 -1.52273 1000 1000 147 795 0.49 7.95
4.55754 4.1573 -2.1336 -1.90635 1000 1000 483 1111 1.61 11.11
5.86507 2.32236 -2.50349 -4.5197 1000 1000 10496 3909 34.9867 39.09
4.00973 5.54249 -4.58344 -1.62432 1000 1000 2 599 0.00666667 5.99
3.43705 3.52455 -1.77077 -4.85442 1000 1000 1739 1352 5.79667 13.52
4.19253 4.58223 -2.26039 -2.55377 1000 1000 394 908 1.31333 9.08
3.31031 4.44552 -2.20805 -3.57804 1000 1000 678 1007 2.26 10.07
5.7921 3.57953 -2.19762 -2.24222 1000 1000 741 1181 2.47 11.81
5.79665 5.22239 -4.07615 -3.22082 1000 1000 88 536 0.293333 5.36
4.03522 2.22809 -1.49281 -2.08497 1000 1000 3560 2510 11.8667 25.1
4.66629 5.76239 -3.77043 -2.7462 1000 1000 74 572 0.246667 5.72
4.3036 4.67636 -4.59157 -1.52745 1000 1000 0 615 0 6.15
4.32651 2.5831 -4.16717 -2.60792 1000 1000 57 521 0.19 5.21
5.65164 2.80288 -4.11454 -2.27069 1000 1000 35 540 0.116667 5.4
3.82886 2.41165 -2.6615 -3.30188 1000 1000 1005 937 3.35 9.37
3.29616 5.57643 -1.93662 -1.99526 1000 1000 330 1041 1.1 10.41
2.74585 2.69305 -4.17928 -3.59466 1000 1000 166 497 0.553333 4.97
3.56183 2.10533 -1.11089 -2.03297 1000 1000 5339 3332 17.7967 33.32
2.27977 4.05569 -4.9598 -1.62829 1000 1000 14 593 0.0466667 5.93
3.9454 5.74377 -1.32784 -4.31944 1000 1000 1810 2189 6.03333 21.89
5.22987 2.16677 -1.99081 -2.40045 1000 1000 5764 3309 19.2133 33.09
4.44563 5.71443 -2.26288 -4.84658 1000 1000 820 1127 2.73333 11.27
4.44442 3.88127 -4.66439 -4.51512 1000 1000 154 449 0.513333 4.49
4.83081 3.06239 -4.55588 -4.69067 1000 1000 265 475 0.883333 4.75
4.16543 3.95727 -1.61046 -4.95808 1000 1000 2960 2166 9.86667 21.66
4.47633 5.25365 -1.34537 -3.79996 1000 1000 2171 2536 7.23667 25.36
2.73121 3.90578 -2.60495 -3.46483 1000 1000 445 779 1.48333 7.79
2.78132 2.54965 -2.13724 -4.97518 1000 1000 1490 967 4.96667 9.67
3.17518 3.58662 -1.5507 -1.04852 1000 1000 583 1349 1.94333 13.49
2.84583 5.01298 -3.26671 -1.04139 1000 1000 7 702 0.0233333 7.02
3.78523 2.19593 -4.0885 -3.86066 1000 1000 294 521 0.98 5.21
5.46525 4.47835 -4.16023 -3.7566 1000 1000 133 527 0.443333 5.27
2.95626 5.53119 -3.05705 -1.93104 1000 1000 86 687 0.286667 6.87
2.61627 5.55898 -2.46189 -4.92585 1000 1000 539 838 1.79667 8.38
4.75398 3.36909 -4.40622 -3.06594 1000 1000 43 480 0.143333 4.8
5.07484 3.70947 -2.27455 -4.24947 1000 1000 1713 1510 5.71 15.1
4.88462 3.16151 -2.60267 -1.84513 1000 1000 310 821 1.03333 8.21
4.6142 4.97336 -2.54526 -4.07145 1000 1000 624 969 2.08 9.69
5.2085 2.74474 -4.02414 -2.10274 1000 1000 28 560 0.0933333 5.6
5.64662 3.51197 -4.84393 -3.53149 1000 1000 43 446 0.143333 4.46
2.58872 3.85852 -4.6317 -4.31704 1000 1000 107 448 0.356667 4.48
5.97826 5.53443 -1.13718 -3.67831 1000 1000 7713 4178 25.71 41.78
3.76604 5.21984 -1.38741 -4.4307 1000 1000 1897 2072 6.32333 20.72
2.26869 5.98132 -4.39804 -4.76426 1000 1000 128 470 0.426667 4.7
5.10023 5.44467 -3.62312 -2.09474 1000 1000 40 599 0.133333 5.99
2.03256 5.48347 -3.32442 -2.91653 1000 1000 99 586 0.33 5.86
4.51118 4.74627 -1.90355 -3.38385 1000 1000 907 1308 3.02333 13.08
3.17032 5.0266 -2.69123 -4.43064 1000 1000 490 798 1.63333 7.98
4.52842 5.73074 -1.10684 -2.42877 1000 1000 1639 2642 5.46333 26.42
4.82314 5.29624 -4.73265 -1.74328 1000 1000 0 587 0 5.87
5.46453 3.9056 -4.53995 -2.89934 1000 1000 0 457 0 4.57
3.37776 3.68939 -2.36832 -1.37161 1000 1000 238 891 0.793333 8.91
3.1309 2.30855 -4.89867 -3.35324 1000 1000 52 444 0.173333 4.44
4.95035 5.02366 -3.2743 -3.66552 1000 1000 272 683 0.906667 6.83
3.16481 3.13238 -4.25947 -3.65451 1000 1000 128 487 0.426667 4.87
5.79488 4.12807 -3.41869 -1.55142 1000 1000 2 619 0.00666667 6.19
3.05185 2.22428 -3.15028 -2.14507 1000 1000 207 647 0.69 6.47
3.29612 3.07374 -3.54717 -3.60958 1000 1000 315 595 1.05 5.95
2.39227 3.07389 -3.05968 -3.83836 1000 1000 421 639 1.40333 6.39
4.91228 2.92078 -2.22169 -3.59308 1000 1000 2242 1697 7.47333 16.97
5.80865 4.82896 -2.22286 -3.55668 1000 1000 985 1346 3.28333 13.46
4.17549 5.11245 -3.01923 -1.80991 1000 1000 93 708 0.31 7.08
5.10966 5.34307 -3.8635 -3.83777 1000 1000 159 562 0.53 5.62
3.98752 4.9689 -2.74752 -4.73008 1000 1000 554 820 1.84667 8.2
2.71363 5.3496 -3.0681 -1.17742 1000 1000 20 708 0.0666667 7.08
5.17777 5.74779 -2.9841 -1.87477 1000 1000 57 645 0.19 6.45
3.87085 2.22457 -3.43245 -3.8275 1000 1000 654 677 2.18 6.77
3.50941 3.75786 -2.90679 -1.16822 1000 1000 50 731 0.166667 7.31
2.50827 3.65567 -2.97907 -2.79349 1000 1000 246 681 0.82 6.81
4.98859 3.23379 -4.64571 -1.3944 1000 1000 2 628 0.00666667 6.28
4.2752 3.44141 -1.99718 -3.02506 1000 1000 1162 1327 3.87333 13.27
3.68245 3.39063 -4.36438 -1.44675 1000 1000 2 618 0.00666667 6.18
3.62661 5.41763 -3.52627 -2.11861 3000 3000 118 1748 0.393333 17.48
5.99447 3.90759 -4.24668 -3.97402 3000 3000 534 1531 1.78 15.31
3.43526 5.09074 -1.21161 -4.21121 3000 3000 7015 6660 23.3833 66.6
4.45802 2.91372 -4.69298 -2.26518 3000 3000 7 1542 0.0233333 15.42
5.28353 2.03138 -1.01743 -2.65944 3000 3000 24089 8241 80.2967 82.41
3.86296 4.45706 -4.91093 -1.36664 3000 3000 6 1842 0.02 18.42
3.01492 3.82727 -4.44635 -3.26655 3000 3000 102 1362 0.34 13.62
3.57345 4.52337 -2.56293 -2.10524 3000 3000 806 2477 2.68667 24.77
5.83137 5.7865 -2.7612 -3.64245 3000 3000 1389 2707 4.63 27.07
4.25673 3.91449 -2.46912 -1.12752 3000 3000 502 2547 1.67333 25.47
3.90984 4.57723 -4.45159 -1.63643 3000 3000 5 1757 0.0166667 17.57
2.31017 2.28515 -3.22171 -4.55897 3000 3000 2088 1869 6.96 18.69
4.47814 3.42993 -3.78971 -3.05996 3000 3000 511 1697 1.70333 16.97
5.71968 3.03644 -1.38318 -1.32765 3000 3000 17863 8664 59.5433 86.64
5.80818 2.56773 -1.71967 -2.6932 3000 3000 22563 9255 75.21 92.55
2.09052 3.29232 -2.60006 -3.08696 3000 3000 1422 2287 4.74 22.87
3.9751 2.85703 -2.81136 -3.28354 3000 3000 2232 2551 7.44 25.51
4.42067 2.61698 -1.75322 -4.01817 3000 3000 15289 7320 50.9633 73.2
4.76167 4.03244 -4.88692 -3.28104 3000 3000 32 1317 0.106667 13.17
4.89181 2.85845 -3.17485 -1.81792 3000 3000 623 2092 2.07667 20.92
2.71017 5.56983 -4.67128 -4.30573 3000 3000 247 1321 0.823333 13.21
5.39107 5.31185 -2.40471 -2.20021 3000 3000 1130 2935 3.76667 29.35
5.04024 2.23031 -4.91281 -1.13435 3000 3000 37 1958 0.123333 19.58
4.90645 4.2343 -1.47477 -2.95452 3000 3000 12139 9450 40.4633 94.5
4.01356 2.09226 -1.9871 -1.62646 3000 3000 4761 4306 15.87 43.06
4.37409 3.8574 -3.82415 -2.38361 3000 3000 147 1625 0.49 16.25
4.59575 2.54422 -2.33703 -2.30809 3000 3000 3612 3631 12.04 36.31
4.89558 3.34963 -2.24193 -1.20511 3000 3000 1271 3148 4.23667 31.48
5.21501 4.85481 -4.96237 -4.92724 3000 3000 386 1313 1.28667 13.13
5.15414 2.22383 -1.8968 -2.93292 3000 3000 19220 8285 64.0667 82.85
5.46754 5.30313 -4.18794 -3.03346 3000 3000 165 1520 0.55 15.2
4.16273 4.75929 -4.91289 -1.77507 3000 3000 7 1714 0.0233333 17.14
4.39186 3.23268 -3.27225 -1.08387 3000 3000 28 2013 0.0933333 20.13
5.80014 3.9114 -2.96822 -1.4982 3000 3000 366 2183 1.22 21.83
2.43563 5.67461 -2.54039 -1.65436 3000 3000 431 2395 1.43667 23.95
5.70098 3.76991 -1.95922 -3.37865 3000 3000 12343 8322 41.1433 83.22
2.87134 4.42722 -1.35577 -2.25006 3000 3000 3212 4692 10.7067 46.92
2.51577 2.64763 -3.25128 -3.51333 3000 3000 1207 1874 4.02333 18.74
5.3437 4.63068 -3.79162 -3.00941 3000 3000 390 1712 1.3 17.12
3.93859 4.68541 -3.47776 -4.3482 3000 3000 958 1869 3.19333 18.69
3.79125 4.77381 -3.63663 -2.1504 3000 3000 76 1660 0.253333 16.6
2.24415 4.64265 -1.7327 -3.7644 3000 3000 2665 3456 8.88333 34.56
5.06581 2.84836 -3.92457 -1.34944 3000 3000 5 1851 0.0166667 18.51
3.20939 5.69994 -1.24687 -2.03777 3000 3000 3064 5525 10.2133 55.25
3.78646 2.28761 -1.33758 -4.96062 3000 3000 17931 6696 59.77 66.96
2.28966 2.08819 -2.04149 -1.65663 3000 3000 1994 2854 6.64667 28.54
5.29558 2.28444 -3.80504 -1.06388 3000 3000 17 2004 0.0566667 20.04
2.63857 3.53001 -1.48865 -1.20174 3000 3000 2371 4201 7.90333 42.01
3.74211 2.86766 -2.57775 -4.83881 3000 3000 4368 3018 14.56 30.18
5.01568 2.92728 -1.61113 -2.76148 3000 3000 16606 8494 55.3533 84.94
2.26015 4.75855 -1.52745 -1.57835 3000 3000 1762 3932 5.87333 39.32
3.07972 5.72663 -1.31616 -1.08513 3000 3000 1873 4884 6.24333 48.84
3.26861 2.99372 -1.99965 -4.66024 3000 3000 5667 3768 18.89 37.68
5.82495 4.02714 -1.5698 -3.50571 3000 3000 18848 9038 62.8267 90.38
4.90612 2.29535 -1.05199 -3.11084 3000 3000 21719 7853 72.3967 78.53
3.47321 3.28806 -1.91512 -4.71689 3000 3000 5949 4124 19.83 41.24
3.27833 3.66786 -1.60762 -1.02894 3000 3000 2050 4150 6.83333 41.5
5.56904 4.63939 -3.65176 -1.18137 3000 3000 181 2036 0.603333 20.36
4.66433 3.53893 -2.5144 -3.90351 3000 3000 3395 3291 11.3167 32.91
2.29866 5.11745 -1.23029 -1.45541 3000 3000 2394 4924 7.98 49.24
3.15285 4.61567 -2.0718 -1.29232 3000 3000 868 3041 2.89333 30.41
3.73639 2.718 -2.34505 -4.94092 3000 3000 6057 3599 20.19 35.99
2.54965 2.0306 -1.50234 -2.89122 3000 3000 6624 4110 22.08 41.1
3.94129 2.82288 -4.16698 -2.16973 3000 3000 8 1545 0.0266667 15.45
4.80696 5.02204 -1.53301 -2.0841 3000 3000 3891 5834 12.97 58.34
5.11382 3.72378 -4.85794 -4.62236 3000 3000 477 1340 1.59 13.4
4.75872 2.85918 -1.38096 -2.12539 3000 3000 17157 9256 57.19 92.56
2.08048 5.78593 -2.62277 -2.35696 3000 3000 579 2290 1.93 22.9
4.14517 3.19164 -2.42211 -2.07301 3000 3000 1675 2882 5.58333 28.82
4.67496 4.47051 -2.74212 -1.07234 3000 3000 233 2298 0.776667 22.98
2.4433 5.01072 -1.20979 -4.60562 3000 3000 5073 5026 16.91 50.26
5.47685 5.84476 -3.7748 -4.26641 3000 3000 639 1755 2.13 17.55
2.719 3.39835 -2.02953 -3.86961 3000 3000 3261 3159 10.87 31.59
4.71109 3.6777 -1.65972 -4.79174 3000 3000 14600 8424 48.6667 84.24
5.98513 5.81072 -3.46665 -2.00118 3000 3000 105 1766 0.35 17.66
5.32951 2.14853 -3.99154 -3.82679 3000 3000 1823 1901 6.07667 19.01
3.31424 3.67402 -2.43712 -1.88078 3000 3000 977 2562 3.25667 25.62
3.22462 3.7718 -3.91623 -2.2874 3000 3000 99 1612 0.33 16.12
3.44889 3.25027 -3.83955 -2.17216 3000 3000 97 1628 0.323333 16.28
3.39053 4.56524 -4.6092 -3.47746 3000 3000 107 1329 0.356667 13.29
2.8948 3.70464 -3.37945 -3.08992 3000 3000 644 1822 2.14667 18.22
2.682 2.10249 -4.41609 -2.30228 3000 3000 13 1523 0.0433333 15.23
3.55257 5.16586 -3.55555 -1.19569 3000 3000 8 1953 0.0266667 19.53
5.04071 3.4958 -4.98438 -4.69846 3000 3000 452 1299 1.50667 12.99
2.44734 3.45789 -4.82815 -4.51397 3000 3000 338 1256 1.12667 12.56
5.43568 5.6613 -3.51568 -2.29201 3000 3000 192 1776 0.64 17.76
3.22695 5.70236 -1.37795 -1.43529 3000 3000 2014 4735 6.71333 47.35
5.11057 5.97976 -4.86186 -2.8848 3000 3000 0 1364 0 13.64
5.14815 4.24103 -2.05611 -2.5512 3000 3000 2849 4042 9.49667 40.42
5.05877 5.72489 -2.61663 -2.19999 3000 3000 741 2554 2.47 25.54
5.28458 5.97783 -4.15235 -4.73031 3000 3000 544 1582 1.81333 15.82
4.29945 5.22361 -4.46264 -3.40488 3000 3000 139 1381 0.463333 13.81
4.9328 5.94055 -1.58389 -4.30569 3000 3000 6139 6668 20.4633 66.68
4.16831 2.04481 -4.52908 -4.70206 3000 3000 1417 1512 4.72333 15.12
4.28023 4.19856 -1.1649 -2.0986 3000 3000 11807 9605 39.3567 96.05
4.47597 5.34542 -1.97166 -2.14736 3000 3000 1693 3639 5.64333 36.39
2.97397 4.03258 -1.96993 -4.78804 3000 3000 3764 3429 12.5467 34.29
4.68448 5.71558 -1.90594 -1.75967 3000 3000 1366 3643 4.55333 36.43
3.97518 3.48254 -3.75342 -4.73341 3000 3000 1291 1777 4.30333 17.77
5.93334 5.60886 -1.90669 -3.80133 3000 3000 5435 6215 18.1167 62.15
2.57499 4.70434 -2.7988 -4.67616 3000 3000 1578 2247 5.26 22.47
3.88588 3.45034 -2.79688 -2.7116 3000 3000 1186 2331 3.95333 23.31
3.35352 2.27057 -1.34525 -1.70539 3000 3000 8122 6029 27.0733 60.29
2.08405 3.49963 -4.33629 -1.7115 3000 3000 0 1729 0 17.29
3.95308 3.39589 -2.7905 -4.75626 3000 3000 2952 2656 9.84 26.56
2.02174 4.69989 -1.81301 -2.7003 3000 3000 1799 3244 5.99667 32.44
2.30693 5.40221 -3.58212 -3.29796 3000 3000 343 1657 1.14333 16.57
3.84442 3.73166 -4.96549 -1.53441 3000 3000 3 1782 0.01 17.82
2.42448 2.53684 -4.13191 -3.25327 3000 3000 342 1457 1.14 14.57
4.18354 4.33829 -1.52906 -3.8284 3000 3000 7231 6377 24.1033 63.77
3.1638 4.79431 -4.00307 -3.516 3000 3000 330 1527 1.1 15.27
2.57584 4.13823 -1.95494 -1.31966 3000 3000 1071 3121 3.57 31.21
4.11945 5.4826 -1.00254 -4.4367 3000 3000 15035 10686 50.1167 106.86
3.36031 5.86926 -2.5242 -4.55575 3000 3000 1532 2574 5.10667 25.74
2.25493 2.19768 -3.40831 -2.02264 3000 3000 279 1773 0.93 17.73
4.7947 5.12478 -4.00379 -4.23088 3000 3000 534 1586 1.78 15.86
2.01548 2.25927 -1.14161 -1.967 3000 3000 5915 4679 19.7167 46.79
3.8519 3.34136 -3.50183 -2.13091 3000 3000 229 1753 0.763333 17.53
4.13693 3.87729 -2.23285 -2.42851 3000 3000 1894 3140 6.31333 31.4
3.22237 5.05674 -3.57069 -2.3069 3000 3000 178 1739 0.593333 17.39
2.01354 5.29025 -4.85171 -1.50903 3000 3000 1 1802 0.00333333 18.02
3.10975 5.35348 -2.84525 -2.09219 3000 3000 446 2172 1.48667 21.72
2.77074 4.133 -1.81602 -1.28668 3000 3000 1338 3438 4.46 34.38
3.23726 2.7498 -3.69576 -3.70121 3000 3000 970 1700 3.23333 17
4.42032 3.04368 -1.83594 -1.0623 3000 3000 2527 4183 8.42333 41.83
3.66105 4.61091 -1.4771 -1.60348 3000 3000 2758 4846 9.19333 48.46
5.88059 4.10616 -2.8178 -2.8872 3000 3000 1628 2770 5.42667 27.7
2.02998 2.59065 -1.02928 -4.04024 3000 3000 8185 4736 27.2833 47.36
3.18055 4.48354 -2.62602 -1.52273 3000 3000 433 2334 1.44333 23.34
4.55754 4.1573 -2.1336 -1.90635 3000 3000 1685 3369 5.61667 33.69
5.86507 2.32236 -2.50349 -4.5197 3000 3000 21870 7921 72.9 79.21
4.00973 5.54249 -4.58344 -1.62432 3000 3000 7 1757 0.0233333 17.57
3.43705 3.52455 -1.77077 -4.85442 3000 3000 6391 4498 21.3033 44.98
4.19253 4.58223 -2.26039 -2.55377 3000 3000 1603 3051 5.34333 30.51
3.31031 4.44552 -2.20805 -3.57804 3000 3000 2033 2936 6.77667 29.36
5.7921 3.57953 -2.19762 -2.24222 3000 3000 3867 4622 12.89 46.22
5.79665 5.22239 -4.07615 -3.22082 3000 3000 216 1538 0.72 15.38
4.03522 2.22809 -1.49281 -2.08497 3000 3000 11721 7157 39.07 71.57
4.66629 5.76239 -3.77043 -2.7462 3000 3000 186 1647 0.62 16.47
4.3036 4.67636 -4.59157 -1.52745 3000 3000 6 1773 0.02 17.73
4.32651 2.5831 -4.16717 -2.60792 3000 3000 153 1509 0.51 15.09
5.65164 2.80288 -4.11454 -2.27069 3000 3000 42 1556 0.14 15.56
3.82886 2.41165 -2.6615 -3.30188 3000 3000 3200 2809 10.6667 28.09
3.29616 5.57643 -1.93662 -1.99526 3000 3000 1260 3315 4.2 33.15
2.74585 2.69305 -4.17928 -3.59466 3000 3000 458 1462 1.52667 14.62
3.56183 2.10533 -1.11089 -2.03297 3000 3000 15247 7788 50.8233 77.88
2.27977 4.05569 -4.9598 -1.62829 3000 3000 9 1730 0.03 17.3
3.9454 5.74377 -1.32784 -4.31944 3000 3000 6150 6484 20.5 64.84
5.22987 2.16677 -1.99081 -2.40045 3000 3000 17986 8314 59.9533 83.14
4.44563 5.71443 -2.26288 -4.84658 3000 3000 2551 3319 8.50333 33.19
4.44442 3.88127 -4.66439 -4.51512 3000 3000 383 1318 1.27667 13.18
4.83081 3.06239 -4.55588 -4.69067 3000 3000 809 1455 2.69667 14.55
4.16543 3.95727 -1.61046 -4.95808 3000 3000 9743 6569 32.4767 65.69
4.47633 5.25365 -1.34537 -3.79996 3000 3000 8613 8187 28.71 81.87
2.73121 3.90578 -2.60495 -3.46483 3000 3000 1549 2407 5.16333 24.07
2.78132 2.54965 -2.13724 -4.97518 3000 3000 5267 3109 17.5567 31.09
3.17518 3.58662 -1.5507 -1.04852 3000 3000 2233 4287 7.44333 42.87
2.84583 5.01298 -3.26671 -1.04139 3000 3000 10 2008 0.0333333 20.08
3.78523 2.19593 -4.0885 -3.86066 3000 3000 948 1550 3.16 15.5
5.46525 4.47835 -4.16023 -3.7566 3000 3000 457 1571 1.52333 15.71
2.95626 5.53119 -3.05705 -1.93104 3000 3000 249 1991 0.83 19.91
2.61627 5.55898 -2.46189 -4.92585 3000 3000 1700 2512 5.66667 25.12
4.75398 3.36909 -4.40622 -3.06594 3000 3000 126 1417 0.42 14.17
5.07484 3.70947 -2.27455 -4.24947 3000 3000 5951 4724 19.8367 47.24
4.88462 3.16151 -2.60267 -1.84513 3000 3000 1309 2725 4.36333 27.25
4.6142 4.97336 -2.54526 -4.07145 3000 3000 2038 2934 6.79333 29.34
5.2085 2.74474 -4.02414 -2.10274 3000 3000 7 1592 0.0233333 15.92
5.64662 3.51197 -4.84393 -3.53149 3000 3000 71 1278 0.236667 12.78
2.58872 3.85852 -4.6317 -4.31704 3000 3000 451 1390 1.50333 13.9
5.97826 5.53443 -1.13718 -3.67831 3000 3000 19526 9612 65.0867 96.12
3.76604 5.21984 -1.38741 -4.4307 3000 3000 6247 6179 20.8233 61.79
2.26869 5.98132 -4.39804 -4.76426 3000 3000 484 1465 1.61333 14.65
5.10023 5.44467 -3.62312 -2.09474 3000 3000 88 1710 0.293333 17.1
2.03256 5.48347 -3.32442 -2.91653 3000 3000 385 1819 1.28333 18.19
4.51118 4.74627 -1.90355 -3.38385 3000 3000 3421 4338 11.4033 43.38
3.17032 5.0266 -2.69123 -4.43064 3000 3000 1518 2371 5.06 23.71
4.52842 5.73074 -1.10684 -2.42877 3000 3000 10688 10556 35.6267 105.56
4.82314 5.29624 -4.73265 -1.74328 3000 3000 0 1710 0 17.1
5.46453 3.9056 -4.53995 -2.89934 3000 3000 87 1421 0.29 14.21
3.37776 3.68939 -2.36832 -1.37161 3000 3000 816 2677 2.72 26.77
3.1309 2.30855 -4.89867 -3.35324 3000 3000 15 1274 0.05 12.74
4.95035 5.02366 -3.2743 -3.66552 3000 3000 888 2067 2.96 20.67
3.16481 3.13238 -4.25947 -3.65451 3000 3000 403 1437 1.34333 14.37
5.79488 4.12807 -3.41869 -1.55142 3000 3000 22 1803 0.0733333 18.03
3.05185 2.22428 -3.15028 -2.14507 3000 3000 714 1972 2.38 19.72
3.29612 3.07374 -3.54717 -3.60958 3000 3000 876 1723 2.92 17.23
2.39227 3.07389 -3.05968 -3.83836 3000 3000 1387 1970 4.62333 19.7
4.91228 2.92078 -2.22169 -3.59308 3000 3000 7462 5177 24.8733 51.77
5.80865 4.82896 -2.22286 -3.55668 3000 3000 3624 4400 12.08 44
4.17549 5.11245 -3.01923 -1.80991 3000 3000 284 2064 0.946667 20.64
5.10966 5.34307 -3.8635 -3.83777 3000 3000 519 1685 1.73 16.85
3.98752 4.9689 -2.74752 -4.73008 3000 3000 1848 2542 6.16 25.42
2.71363 5.3496 -3.0681 -1.17742 3000 3000 67 2039 0.223333 20.39
5.17777 5.74779 -2.9841 -1.87477 3000 3000 325 2137 1.08333 21.37
3.87085 2.22457 -3.43245 -3.8275 3000 3000 1977 2000 6.59 20
3.50941 3.75786 -2.90679 -1.16822 3000 3000 157 2102 0.523333 21.02
2.50827 3.65567 -2.97907 -2.79349 3000 3000 757 1982 2.52333 19.82
4.98859 3.23379 -4.64571 -1.3944 3000 3000 28 1849 0.0933333 18.49
4.2752 3.44141 -1.99718 -3.02506 3000 3000 4354 4279 14.5133 42.79
3.68245 3.39063 -4.36438 -1.44675 3000 3000 1 1832 0.00333333 18.32
3.62661 5.41763 -3.52627 -2.11861 5000 5000 217 2867 0.723333 28.67
5.99447 3.90759 -4.24668 -3.97402 5000 5000 1065 2649 3.55 26.49
3.43526 5.09074 -1.21161 -4.21121 5000 5000 12957 10575 43.19 105.75
4.45802 2.91372 -4.69298 -2.26518 5000 5000 52 2531 0.173333 25.31
5.28353 2.03138 -1.01743 -2.65944 5000 5000 32962 11261 109.873 112.61
3.86296 4.45706 -4.91093 -1.36664 5000 5000 8 2990 0.0266667 29.9
3.01492 3.82727 -4.44635 -3.26655 5000 5000 264 2308 0.88 23.08
3.57345 4.52337 -2.56293 -2.10524 5000 5000 1462 4069 4.87333 40.69
5.83137 5.7865 -2.7612 -3.64245 5000 5000 2600 4661 8.66667 46.61
4.25673 3.91449 -2.46912 -1.12752 5000 5000 1173 4347 3.91 43.47
3.90984 4.57723 -4.45159 -1.63643 5000 5000 16 2840 0.0533333 28.4
2.31017 2.28515 -3.22171 -4.55897 5000 5000 3694 3125 12.3133 31.25
4.47814 3.42993 -3.78971 -3.05996 5000 5000 834 2767 2.78 27.67
5.71968 3.03644 -1.38318 -1.32765 5000 5000 27255 12180 90.85 121.8
5.80818 2.56773 -1.71967 -2.6932 5000 5000 29862 11571 99.54 115.71
2.09052 3.29232 -2.60006 -3.08696 5000 5000 2528 3807 8.42667 38.07
3.9751 2.85703 -2.81136 -3.28354 5000 5000 3957 4218 13.19 42.18
4.42067 2.61698 -1.75322 -4.01817 5000 5000 21509 9738 71.6967 97.38
4.76167 4.03244 -4.88692 -3.28104 5000 5000 73 2163 0.243333 21.63
4.89181 2.85845 -3.17485 -1.81792 5000 5000 906 3348 3.02 33.48
2.71017 5.56983 -4.67128 -4.30573 5000 5000 387 2168 1.29 21.68
5.39107 5.31185 -2.40471 -2.20021 5000 5000 2162 5052 7.20667 50.52
5.04024 2.23031 -4.91281 -1.13435 5000 5000 7 3157 0.0233333 31.57
4.90645 4.2343 -1.47477 -2.95452 5000 5000 20790 12168 69.3 121.68
4.01356 2.09226 -1.9871 -1.62646 5000 5000 9896 7421 32.9867 74.21
4.37409 3.8574 -3.82415 -2.38361 5000 5000 320 2702 1.06667 27.02
4.59575 2.54422 -2.33703 -2.30809 5000 5000 7559 6435 25.1967 64.35
4.89558 3.34963 -2.24193 -1.20511 5000 5000 3007 5641 10.0233 56.41
5.21501 4.85481 -4.96237 -4.92724 5000 5000 634 2162 2.11333 21.62
5.15414 2.22383 -1.8968 -2.93292 5000 5000 26118 10513 87.06 105.13
5.46754 5.30313 -4.18794 -3.03346 5000 5000 247 2469 0.823333 24.69
4.16273 4.75929 -4.91289 -1.77507 5000 5000 20 2782 0.0666667 27.82
4.39186 3.23268 -3.27225 -1.08387 5000 5000 6 3216 0.02 32.16
5.80014 3.9114 -2.96822 -1.4982 5000 5000 635 3569 2.11667 35.69
2.43563 5.67461 -2.54039 -1.65436 5000 5000 891 4001 2.97 40.01
5.70098 3.76991 -1.95922 -3.37865 5000 5000 22220 11896 74.0667 118.96
2.87134 4.42722 -1.35577 -2.25006 5000 5000 6864 8147 22.88 81.47
2.51577 2.64763 -3.25128 -3.51333 5000 5000 2221 3140 7.40333 31.4
5.3437 4.63068 -3.79162 -3.00941 5000 5000 661 2822 2.20333 28.22
3.93859 4.68541 -3.47776 -4.3482 5000 5000 1751 3149 5.83667 31.49
3.79125 4.77381 -3.63663 -2.1504 5000 5000 277 2847 0.923333 28.47
2.24415 4.64265 -1.7327 -3.7644 5000 5000 4857 5717 16.19 57.17
5.06581 2.84836 -3.92457 -1.34944 5000 5000 9 2982 0.03 29.82
3.20939 5.69994 -1.24687 -2.03777 5000 5000 6708 9280 22.36 92.8
3.78646 2.28761 -1.33758 -4.96062 5000 5000 23450 8671 78.1667 86.71
2.28966 2.08819 -2.04149 -1.65663 5000 5000 4258 4916 14.1933 49.16
5.29558 2.28444 -3.80504 -1.06388 5000 5000 25 3215 0.0833333 32.15
2.63857 3.53001 -1.48865 -1.20174 5000 5000 4756 7074 15.8533 70.74
3.74211 2.86766 -2.57775 -4.83881 5000 5000 7461 4943 24.87 49.43
5.01568 2.92728 -1.61113 -2.76148 5000 5000 24716 11786 82.3867 117.86
2.26015 4.75855 -1.52745 -1.57835 5000 5000 3424 6522 11.4133 65.22
3.07972 5.72663 -1.31616 -1.08513 5000 5000 4116 8395 13.72 83.95
3.26861 2.99372 -1.99965 -4.66024 5000 5000 9649 6050 32.1633 60.5
5.82495 4.02714 -1.5698 -3.50571 5000 5000 26826 12520 89.42 125.2
4.90612 2.29535 -1.05199 -3.11084 5000 5000 30641 11203 102.137 112.03
3.47321 3.28806 -1.91512 -4.71689 5000 5000 10282 6703 34.2733 67.03
3.27833 3.66786 -1.60762 -1.02894 5000 5000 4386 7144 14.62 71.44
5.56904 4.63939 -3.65176 -1.18137 5000 5000 15 3155 0.05 31.55
4.66433 3.53893 -2.5144 -3.90351 5000 5000 6609 5814 22.03 58.14
2.29866 5.11745 -1.23029 -1.45541 5000 5000 4894 8112 16.3133 81.12
3.15285 4.61567 -2.0718 -1.29232 5000 5000 1836 5128 6.12 51.28
3.73639 2.718 -2.34505 -4.94092 5000 5000 10461 5834 34.87 58.34
2.54965 2.0306 -1.50234 -2.89122 5000 5000 11481 6510 38.27 65.1
3.94129 2.82288 -4.16698 -2.16973 5000 5000 49 2576 0.163333 25.76
4.80696 5.02204 -1.53301 -2.0841 5000 5000 12480 11526 41.6 115.26
5.11382 3.72378 -4.85794 -4.62236 5000 5000 776 2206 2.58667 22.06
4.75872 2.85918 -1.38096 -2.12539 5000 5000 25224 11868 84.08 118.68
2.08048 5.78593 -2.62277 -2.35696 5000 5000 1084 3813 3.61333 38.13
4.14517 3.19164 -2.42211 -2.07301 5000 5000 3314 4934 11.0467 49.34
4.67496 4.47051 -2.74212 -1.07234 5000 5000 513 3831 1.71 38.31
2.4433 5.01072 -1.20979 -4.60562 5000 5000 9138 8135 30.46 81.35
5.47685 5.84476 -3.7748 -4.26641 5000 5000 1185 2980 3.95 29.8
2.719 3.39835 -2.02953 -3.86961 5000 5000 5770 5242 19.2333 52.42
4.71109 3.6777 -1.65972 -4.79174 5000 5000 21821 11196 72.7367 111.96
5.98513 5.81072 -3.46665 -2.00118 5000 5000 285 3033 0.95 30.33
5.32951 2.14853 -3.99154 -3.82679 5000 5000 3950 3433 13.1667 34.33
3.31424 3.67402 -2.43712 -1.88078 5000 5000 1903 4342 6.34333 43.42
3.22462 3.7718 -3.91623 -2.2874 5000 5000 175 2619 0.583333 26.19
3.44889 3.25027 -3.83955 -2.17216 5000 5000 188 2710 0.626667 27.1
3.39053 4.56524 -4.6092 -3.47746 5000 5000 243 2251 0.81 22.51
2.8948 3.70464 -3.37945 -3.08992 5000 5000 1140 3033 3.8 30.33
2.682 2.10249 -4.41609 -2.30228 5000 5000 28 2495 0.0933333 24.95
3.55257 5.16586 -3.55555 -1.19569 5000 5000 8 3085 0.0266667 30.85
5.04071 3.4958 -4.98438 -4.69846 5000 5000 742 2136 2.47333 21.36
2.44734 3.45789 -4.82815 -4.51397 5000 5000 601 2104 2.00333 21.04
5.43568 5.6613 -3.51568 -2.29201 5000 5000 396 3000 1.32 30
3.22695 5.70236 -1.37795 -1.43529 5000 5000 4214 8098 14.0467 80.98
5.11057 5.97976 -4.86186 -2.8848 5000 5000 14 2264 0.0466667 22.64
5.14815 4.24103 -2.05611 -2.5512 5000 5000 6542 7591 21.8067 75.91
5.05877 5.72489 -2.61663 -2.19999 5000 5000 1360 4250 4.53333 42.5
5.28458 5.97783 -4.15235 -4.73031 5000 5000 973 2628 3.24333 26.28
4.29945 5.22361 -4.46264 -3.40488 5000 5000 258 2326 0.86 23.26
4.9328 5.94055 -1.58389 -4.30569 5000 5000 16265 12064 54.2167 120.64
4.16831 2.04481 -4.52908 -4.70206 5000 5000 2456 2536 8.18667 25.36
4.28023 4.19856 -1.1649 -2.0986 5000 5000 21241 12909 70.8033 129.09
4.47597 5.34542 -1.97166 -2.14736 5000 5000 3170 6130 10.5667 61.3
2.97397 4.03258 -1.96993 -4.78804 5000 5000 6520 5678 21.7333 56.78
4.68448 5.71558 -1.90594 -1.75967 5000 5000 2990 6452 9.96667 64.52
3.97518 3.48254 -3.75342 -4.73341 5000 5000 2248 2984 7.49333 29.84
5.93334 5.60886 -1.90669 -3.80133 5000 5000 17567 12062 58.5567 120.62
2.57499 4.70434 -2.7988 -4.67616 5000 5000 2533 3654 8.44333 36.54
3.88588 3.45034 -2.79688 -2.7116 5000 5000 2362 4009 7.87333 40.09
3.35352 2.27057 -1.34525 -1.70539 5000 5000 14935 9230 49.7833 92.3
2.08405 3.49963 -4.33629 -1.7115 5000 5000 35 2816 0.116667 28.16
3.95308 3.39589 -2.7905 -4.75626 5000 5000 5207 4457 17.3567 44.57
2.02174 4.69989 -1.81301 -2.7003 5000 5000 3305 5417 11.0167 54.17
2.30693 5.40221 -3.58212 -3.29796 5000 5000 706 2833 2.35333 28.33
3.84442 3.73166 -4.96549 -1.53441 5000 5000 56 2929 0.186667 29.29
2.42448 2.53684 -4.13191 -3.25327 5000 5000 645 2427 2.15 24.27
4.18354 4.33829 -1.52906 -3.8284 5000 5000 14709 10436 49.03 104.36
3.1638 4.79431 -4.00307 -3.516 5000 5000 610 2572 2.03333 25.72
2.57584 4.13823 -1.95494 -1.31966 5000 5000 2203 5244 7.34333 52.44
4.11945 5.4826 -1.00254 -4.4367 5000 5000 23051 13218 76.8367 132.18
3.36031 5.86926 -2.5242 -4.55575 5000 5000 2802 4343 9.34 43.43
2.25493 2.19768 -3.40831 -2.02264 5000 5000 621 2936 2.07 29.36
4.7947 5.12478 -4.00379 -4.23088 5000 5000 993 2694 3.31 26.94
2.01548 2.25927 -1.14161 -1.967 5000 5000 10294 7274 34.3133 72.74
3.8519 3.34136 -3.50183 -2.13091 5000 5000 500 2960 1.66667 29.6
4.13693 3.87729 -2.23285 -2.42851 5000 5000 3679 5335 12.2633 53.35
3.22237 5.05674 -3.57069 -2.3069 5000 5000 369 2881 1.23 28.81
2.01354 5.29025 -4.85171 -1.50903 5000 5000 7 2913 0.0233333 29.13
3.10975 5.35348 -2.84525 -2.09219 5000 5000 756 3529 2.52 35.29
2.77074 4.133 -1.81602 -1.28668 5000 5000 2745 5774 9.15 57.74
3.23726 2.7498 -3.69576 -3.70121 5000 5000 1600 2803 5.33333 28.03
4.42032 3.04368 -1.83594 -1.0623 5000 5000 6653 7899 22.1767 78.99
3.66105 4.61091 -1.4771 -1.60348 5000 5000 5988 8405 19.96 84.05
5.88059 4.10616 -2.8178 -2.8872 5000 5000 3021 4723 10.07 47.23
2.02998 2.59065 -1.02928 -4.04024 5000 5000 12932 7144 43.1067 71.44
3.18055 4.48354 -2.62602 -1.52273 5000 5000 949 3945 3.16333 39.45
4.55754 4.1573 -2.1336 -1.90635 5000 5000 3492 5884 11.64 58.84
5.86507 2.32236 -2.50349 -4.5197 5000 5000 27591 9970 91.97 99.7
4.00973 5.54249 -4.58344 -1.62432 5000 5000 12 2820 0.04 28.2
3.43705 3.52455 -1.77077 -4.85442 5000 5000 10967 7250 36.5567 72.5
4.19253 4.58223 -2.26039 -2.55377 5000 5000 2996 5179 9.98667 51.79
3.31031 4.44552 -2.20805 -3.57804 5000 5000 3961 5111 13.2033 51.11
5.7921 3.57953 -2.19762 -2.24222 5000 5000 13925 10013 46.4167 100.13
5.79665 5.22239 -4.07615 -3.22082 5000 5000 456 2616 1.52 26.16
4.03522 2.22809 -1.49281 -2.08497 5000 5000 19198 9808 63.9933 98.08
4.66629 5.76239 -3.77043 -2.7462 5000 5000 403 2770 1.34333 27.7
4.3036 4.67636 -4.59157 -1.52745 5000 5000 0 2898 0 28.98
4.32651 2.5831 -4.16717 -2.60792 5000 5000 224 2499 0.746667 24.99
5.65164 2.80288 -4.11454 -2.27069 5000 5000 135 2583 0.45 25.83
3.82886 2.41165 -2.6615 -3.30188 5000 5000 5994 4777 19.98 47.77
3.29616 5.57643 -1.93662 -1.99526 5000 5000 2481 5605 8.27 56.05
2.74585 2.69305 -4.17928 -3.59466 5000 5000 842 2441 2.80667 24.41
3.56183 2.10533 -1.11089 -2.03297 5000 5000 21828 10263 72.76 102.63
2.27977 4.05569 -4.9598 -1.62829 5000 5000 14 2841 0.0466667 28.41
3.9454 5.74377 -1.32784 -4.31944 5000 5000 13111 11077 43.7033 110.77
5.22987 2.16677 -1.99081 -2.40045 5000 5000 24988 10521 83.2933 105.21
4.44563 5.71443 -2.26288 -4.84658 5000 5000 4757 5677 15.8567 56.77
4.44442 3.88127 -4.66439 -4.51512 5000 5000 734 2243 2.44667 22.43
4.83081 3.06239 -4.55588 -4.69067 5000 5000 1408 2421 4.69333 24.21
4.16543 3.95727 -1.61046 -4.95808 5000 5000 17077 10014 56.9233 100.14
4.47633 5.25365 -1.34537 -3.79996 5000 5000 18215 12732 60.7167 127.32
2.73121 3.90578 -2.60495 -3.46483 5000 5000 2683 4009 8.94333 40.09
2.78132 2.54965 -2.13724 -4.97518 5000 5000 8965 5063 29.8833 50.63
3.17518 3.58662 -1.5507 -1.04852 5000 5000 4803 7382 16.01 73.82
2.84583 5.01298 -3.26671 -1.04139 5000 5000 35 3223 0.116667 32.23
3.78523 2.19593 -4.0885 -3.86066 5000 5000 1816 2655 6.05333 26.55
5.46525 4.47835 -4.16023 -3.7566 5000 5000 753 2604 2.51 26.04
2.95626 5.53119 -3.05705 -1.93104 5000 5000 499 3338 1.66333 33.38
2.61627 5.55898 -2.46189 -4.92585 5000 5000 2974 4201 9.91333 42.01
4.75398 3.36909 -4.40622 -3.06594 5000 5000 302 2382 1.00667 23.82
5.07484 3.70947 -2.27455 -4.24947 5000 5000 11977 8275 39.9233 82.75
4.88462 3.16151 -2.60267 -1.84513 5000 5000 2723 4716 9.07667 47.16
4.6142 4.97336 -2.54526 -4.07145 5000 5000 3726 4973 12.42 49.73
5.2085 2.74474 -4.02414 -2.10274 5000 5000 43 2621 0.143333 26.21
5.64662 3.51197 -4.84393 -3.53149 5000 5000 252 2182 0.84 21.82
2.58872 3.85852 -4.6317 -4.31704 5000 5000 599 2196 1.99667 21.96
5.97826 5.53443 -1.13718 -3.67831 5000 5000 29228 13541 97.4267 135.41
3.76604 5.21984 -1.38741 -4.4307 5000 5000 12135 10120 40.45 101.2
2.26869 5.98132 -4.39804 -4.76426 5000 5000 621 2316 2.07 23.16
5.10023 5.44467 -3.62312 -2.09474 5000 5000 190 2858 0.633333 28.58
2.03256 5.48347 -3.32442 -2.91653 5000 5000 717 3014 2.39 30.14
4.51118 4.74627 -1.90355 -3.38385 5000 5000 7227 7686 24.09 76.86
3.17032 5.0266 -2.69123 -4.43064 5000 5000 2718 4013 9.06 40.13
4.52842 5.73074 -1.10684 -2.42877 5000 5000 19602 13099 65.34 130.99
4.82314 5.29624 -4.73265 -1.74328 5000 5000 10 2768 0.0333333 27.68
5.46453 3.9056 -4.53995 -2.89934 5000 5000 122 2331 0.406667 23.31
3.37776 3.68939 -2.36832 -1.37161 5000 5000 1490 4384 4.96667 43.84
3.1309 2.30855 -4.89867 -3.35324 5000 5000 147 2133 0.49 21.33
4.95035 5.02366 -3.2743 -3.66552 5000 5000 1669 3483 5.56333 34.83
3.16481 3.13238 -4.25947 -3.65451 5000 5000 748 2415 2.49333 24.15
5.79488 4.12807 -3.41869 -1.55142 5000 5000 172 3028 0.573333 30.28
3.05185 2.22428 -3.15028 -2.14507 5000 5000 1471 3294 4.90333 32.94
3.29612 3.07374 -3.54717 -3.60958 5000 5000 1763 2995 5.87667 29.95
2.39227 3.07389 -3.05968 -3.83836 5000 5000 2517 3317 8.39 33.17
4.91228 2.92078 -2.22169 -3.59308 5000 5000 14518 8671 48.3933 86.71
5.80865 4.82896 -2.22286 -3.55668 5000 5000 8454 8393 28.18 83.93
4.17549 5.11245 -3.01923 -1.80991 5000 5000 597 3457 1.99 34.57
5.10966 5.34307 -3.8635 -3.83777 5000 5000 898 2810 2.99333 28.1
3.98752 4.9689 -2.74752 -4.73008 5000 5000 3343 4295 11.1433 42.95
2.71363 5.3496 -3.0681 -1.17742 5000 5000 175 3334 0.583333 33.34
5.17777 5.74779 -2.9841 -1.87477 5000 5000 658 3564 2.19333 35.64
3.87085 2.22457 -3.43245 -3.8275 5000 5000 3860 3452 12.8667 34.52
3.50941 3.75786 -2.90679 -1.16822 5000 5000 439 3537 1.46333 35.37
2.50827 3.65567 -2.97907 -2.79349 5000 5000 1499 3394 4.99667 33.94
4.98859 3.23379 -4.64571 -1.3944 5000 5000 4 2946 0.0133333 29.46
4.2752 3.44141 -1.99718 -3.02506 5000 5000 8526 7381 28.42 73.81
3.68245 3.39063 -4.36438 -1.44675 5000 5000 6 2961 0.02 29.61
