0.038031  251
0.0386519  37
0.0389449  160
0.0392306  360
0.0396483  290
0.0397169  220
0.0397551  180
0.040163  64
0.0404176  243
0.0405161  21
0.0405245  384
0.040636  231
0.0407288  319
0.0408074  328
0.040825  364
0.0410315  334
0.0411257  90
0.0412336  372
0.0415398  374
0.0417433  301
0.0419461  124
0.0420645  212
0.0421037  305
0.0421457  239
0.0421844  379
0.0423291  71
0.0425031  46
0.0428181  79
0.043599  51
0.0436101  223
0.0436339  122
0.0438501  28
0.0444184  342
0.0444209  41
0.0444414  187
0.0445407  199
0.0445689  164
0.0446565  383
0.0446572  321
0.0447201  280
0.0447539  308
0.0447842  53
0.0447869  386
0.0449887  298
0.0450939  198
0.045107  345
0.0452596  338
0.0452931  299
0.0452951  306
0.0453772  50
0.0456304  278
0.0461711  225
0.0461887  367
0.046307  394
0.0463843  240
0.0464194  381
0.0464275  309
0.0464839  29
0.0467114  277
0.046713  361
0.0467216  335
0.0467455  222
0.0469063  58
0.0474129  368
0.0474328  346
0.0474561  300
0.0475456  376
0.0475802  303
0.0477928  44
0.0480221  228
0.0480242  365
0.0480752  356
0.0481851  391
0.0482511  169
0.0485759  31
0.0486482  195
0.0495022  330
0.0495189  12
0.049604  209
0.0497483  144
0.0499172  123
0.049922  331
0.0499787  4
0.0499802  276
0.0499831  324
0.05004  25
0.0501923  395
0.0502798  350
0.0503923  217
0.0504167  304
0.0505041  155
0.0506813  344
0.0506843  312
0.0508933  213
0.0517823  154
0.0521107  349
0.0523919  159
0.0525107  313
0.0525265  333
0.0528407  355
0.0531105  337
0.0532428  13
0.053379  351
0.0536632  161
0.0536746  192
0.0538031  358
0.0540243  357
0.0540673  399
0.0541444  316
0.0541859  153
0.054222  170
0.0544575  385
0.0545377  96
0.0546544  262
0.0550469  389
0.055174  326
0.0559408  2
0.0559569  325
0.0559858  311
0.056132  179
0.0562484  390
0.0564033  327
0.0566348  48
0.0566449  15
0.0567134  322
0.0567137  11
0.0569987  258
0.0570306  106
0.0573647  318
0.0573802  375
0.057475  369
0.0575907  202
0.0577817  172
0.0579189  340
0.0582221  314
0.0584539  343
0.0584622  62
0.0587691  377
0.0589053  387
0.0596689  323
0.0605085  329
0.0614178  66
0.0618767  352
0.0620221  114
0.0622806  302
0.062318  393
0.0630456  363
0.063559  63
0.0636171  370
0.064025  332
0.0641209  287
0.0646207  188
0.0650873  382
0.0651597  171
0.0652176  10
0.0653764  163
0.065495  279
0.0660481  177
0.066049  186
0.0663565  354
0.0663814  317
0.0671418  336
0.0671739  388
0.0672441  307
0.0673019  88
0.0673794  233
0.0675272  310
0.0676178  175
0.0678017  373
0.06798  78
0.068061  380
0.0681847  23
0.0682841  371
0.0686531  297
0.0688565  378
0.0690716  339
0.0694232  397
0.0696059  353
0.071372  347
0.0720223  283
0.0734283  87
0.0734611  127
0.0735354  137
0.0737836  284
0.0739067  272
0.0740903  392
0.0745537  131
0.074634  201
0.0746536  359
0.0748565  271
0.0749774  398
0.0751394  246
0.0755626  348
0.0762418  70
0.0762662  366
0.0766998  85
0.0767422  147
0.0771045  396
0.0771704  263
0.0775437  34
0.0775777  230
0.0776708  196
0.0778276  184
0.0782211  151
0.0783452  362
0.0783568  341
0.0783991  156
0.0786575  9
0.0787745  236
0.0788968  16
0.079335  126
0.0795551  149
0.0796789  145
0.0798709  0
0.0799424  72
0.0800097  281
0.0800454  98
0.0800495  320
0.0802008  282
0.0803827  229
0.0804541  257
0.0804683  43
0.0804972  242
0.0805383  130
0.0805591  84
0.0806275  234
0.0807085  27
0.0807839  17
0.0808216  214
0.080844  115
0.0810029  99
0.0811575  116
0.0811655  168
0.0812179  372
0.0812339  274
0.0812784  141
0.0813145  3
0.0814413  211
0.0814489  190
0.0815264  69
0.0815423  152
0.0815641  76
0.0815906  91
0.0816001  293
0.0816799  315
0.0816946  261
0.0817391  39
0.0817743  162
0.0818215  268
0.0818325  157
0.0819251  7
0.0819614  148
0.0820047  5
0.0821169  89
0.0821247  191
0.0821249  75
0.0821412  110
0.0821521  40
0.0821749  45
0.0822501  102
0.0822937  109
0.0823432  61
0.0823928  266
0.0823944  128
0.0825528  255
0.0825565  285
0.0825966  83
0.0826901  294
0.0827041  132
0.0827755  143
0.0827791  221
0.0828043  342
0.0828556  97
0.0828566  193
0.0829227  60
0.0829544  68
0.0830256  14
0.083055  259
0.0830751  305
0.083078  73
0.0830946  167
0.0831015  26
0.0831078  32
0.0831138  206
0.083141  275
0.0831468  100
0.0832449  379
0.0833002  296
0.0833062  270
0.0833156  203
0.0833387  344
0.0833511  95
0.0833669  245
0.083412  150
0.0834824  36
0.0835107  65
0.0835248  207
0.0835401  252
0.0835519  166
0.0835588  334
0.0835727  80
0.0835992  264
0.0836127  253
0.0836254  210
0.0836371  173
0.0836442  38
0.0836593  356
0.0836813  111
0.0837414  208
0.0838106  269
0.0838196  312
0.0838228  384
0.0838249  204
0.0839056  178
0.083909  20
0.0839702  1
0.083987  265
0.0839978  387
0.08404  118
0.0841049  134
0.0841325  108
0.0841591  256
0.0842044  136
0.0842145  42
0.0842185  394
0.0842548  197
0.084262  365
0.0842995  142
0.0843063  67
0.0843099  300
0.08432  331
0.0843509  19
0.08438  139
0.0843846  363
0.0844211  224
0.0844213  345
0.0845218  250
0.0845487  386
0.0845655  112
0.0845903  360
0.0846032  55
0.0846275  158
0.0846579  346
0.0846597  303
0.0847021  381
0.0847293  357
0.084807  119
0.0849525  23
0.0849979  340
0.0850549  82
0.0850755  146
0.0851352  52
0.0853108  47
0.0853993  304
0.0854129  374
0.0854667  165
0.0854685  57
0.0856045  337
0.0856253  375
0.0856824  219
0.0857033  215
0.0857291  49
0.0857811  338
0.0858453  355
0.0858538  313
0.0858747  330
0.0858783  106
0.0859046  385
0.0860994  277
0.0861196  218
0.0861311  376
0.086202  369
0.0862336  339
0.0862789  335
0.08628  328
0.0863124  333
0.0866064  391
0.0866147  382
0.0866371  238
0.0866881  322
0.086822  295
0.0869058  353
0.0870018  358
0.0870602  350
0.0871945  336
0.0874259  371
0.0878042  364
0.0878484  351
0.0882152  319
0.0883042  308
0.0883193  397
0.0884171  318
0.0884904  127
0.088531  380
0.0887624  260
0.0892922  94
0.0893218  311
0.0895128  343
0.0897402  321
0.0899086  244
0.0902868  399
0.090436  326
0.0907849  59
0.0908979  317
0.0910494  390
0.0912479  200
0.0914903  58
0.0916802  185
0.0918163  367
0.0920751  361
0.0921699  389
0.0922258  370
0.0922547  325
0.0922821  54
0.0923311  323
0.0928136  306
0.093046  8
0.0930848  395
0.093497  81
0.0934986  309
0.0941045  205
0.0945592  324
0.0947047  232
0.0951715  347
0.0952051  302
0.0959876  352
0.0962942  301
0.0967751  354
0.097177  176
0.0973384  297
0.097526  254
0.0975854  133
0.0977147  341
0.097995  180
0.0982325  349
0.0986717  307
0.0988165  332
0.0999449  77
0.100945  368
0.10101  235
0.101059  13
0.101129  217
0.101169  299
0.101353  30
0.101447  194
0.101845  393
0.10205  316
0.10228  310
0.102912  241
0.103363  288
0.103444  366
0.103551  216
0.104011  289
0.104057  377
0.104248  348
0.104421  135
0.104497  237
0.105086  314
0.105213  312
0.105734  339
0.106306  398
0.107568  248
0.107914  383
0.107918  227
0.108164  388
0.108378  101
0.108425  225
0.108431  163
0.108963  249
0.109095  22
0.109556  291
0.109847  340
0.110048  174
0.110057  373
0.110221  292
0.11037  381
0.110595  79
0.110768  138
0.110857  92
0.11161  147
0.111903  90
0.111983  247
0.112537  18
0.112697  337
0.112723  183
0.112811  384
0.112964  103
0.112977  359
0.113146  375
0.113603  192
0.114039  333
0.114272  329
0.114293  279
0.114395  46
0.114697  315
0.114762  258
0.114864  210
0.114971  56
0.115562  369
0.115835  396
0.116075  386
0.116288  308
0.116394  104
0.116745  357
0.116862  328
0.11692  387
0.117305  107
0.118187  273
0.119058  355
0.119256  358
0.120119  351
0.120475  376
0.120497  209
0.121581  360
0.121615  335
0.122099  303
0.12354  338
0.123671  86
0.124637  113
0.124744  382
0.124785  317
0.12511  374
0.125196  63
0.125753  346
0.125853  66
0.126376  353
0.126525  189
0.128949  342
0.129248  392
0.129658  233
0.129688  327
0.129779  182
0.130105  157
0.130276  356
0.130334  199
0.130604  195
0.130875  305
0.130916  399
0.132338  395
0.132614  300
0.132658  391
0.132658  120
0.133009  330
0.133014  304
0.133128  394
0.135408  71
0.135785  238
0.135963  153
0.135992  88
0.136551  169
0.136806  390
0.136832  345
0.137006  117
0.137008  322
0.137221  240
0.137917  379
0.137927  121
0.138006  320
0.138081  114
0.138205  262
0.138763  344
0.140227  266
0.14041  177
0.140852  352
0.140929  389
0.140952  306
0.141179  102
0.141858  336
0.141869  127
0.141945  160
0.142366  343
0.142509  255
0.142898  140
0.143093  313
0.143175  112
0.14329  364
0.143983  268
0.145371  311
0.145591  380
0.145598  96
0.145601  302
0.145985  280
0.14602  50
0.146474  307
0.146538  35
0.146636  281
0.146678  316
0.146852  265
0.146969  397
0.147218  231
0.147329  246
0.147355  331
0.147606  21
0.147791  2
0.148019  385
0.148029  130
0.148242  202
0.148542  341
0.148683  155
0.149644  64
0.149803  393
0.150707  323
0.150824  125
0.150849  226
0.151038  70
0.151091  170
0.151313  122
0.151472  361
0.151561  131
0.151596  164
0.152142  378
0.152245  154
0.152279  318
0.152443  324
0.152532  377
0.152691  301
0.153358  31
0.15336  201
0.15407  272
0.154121  55
0.154413  309
0.154552  124
0.154781  263
0.155193  149
0.156605  367
0.156629  350
0.156691  215
0.156737  329
0.157049  85
0.157059  372
0.157666  176
0.158  371
0.158038  162
0.158097  326
0.158109  129
0.158357  10
0.158506  310
0.15852  224
0.158562  334
0.159023  228
0.159086  349
0.15914  206
0.159644  370
0.16071  368
0.160867  365
0.161089  111
0.161098  34
0.161527  175
0.16161  53
0.162164  328
0.162596  165
0.162886  146
0.163116  314
0.163353  363
0.163358  332
0.163416  184
0.163467  144
0.163522  57
0.163537  357
0.163557  158
0.163654  98
0.163657  16
0.163848  181
0.164176  366
0.164574  3
0.165171  150
0.165226  348
0.165566  93
0.165697  197
0.166001  230
0.166045  396
0.166087  286
0.166312  145
0.166332  67
0.166534  25
0.166579  171
0.166654  48
0.166736  104
0.166834  0
0.167  347
0.167086  321
0.167094  293
0.167256  212
0.167298  312
0.16758  128
0.167629  308
0.167647  217
0.16789  62
0.168399  287
0.168407  87
0.1685  188
0.168697  359
0.168714  369
0.16873  186
0.168853  335
0.168913  338
0.168983  194
0.169027  388
0.169037  325
0.169458  141
0.169596  282
0.169678  382
0.169886  52
0.170422  362
0.170532  381
0.170564  15
0.170875  1
0.171437  356
0.172068  12
0.172274  38
0.172424  398
0.172664  355
0.17283  39
0.172893  276
0.172898  319
0.172899  304
0.173095  252
0.173536  179
0.173582  200
0.173689  376
0.173727  353
0.173796  284
0.174104  58
0.174479  147
0.174697  342
0.174807  315
0.174808  387
0.174876  56
0.174929  68
0.175024  33
0.175024  340
0.175032  19
0.175506  383
0.175626  373
0.17579  375
0.177007  185
0.177029  358
0.177208  305
0.177359  339
0.177362  360
0.177449  167
0.177731  211
0.177818  59
0.177949  300
0.178233  337
0.178505  343
0.178533  32
0.178992  259
0.179046  298
0.17979  333
0.179946  237
0.179976  74
0.180103  384
0.180352  6
0.180521  77
0.181033  327
0.181147  267
0.181231  100
0.181393  71
0.181453  109
0.181677  395
0.181928  257
0.182933  208
0.183057  296
0.18312  379
0.183416  399
0.183741  133
0.183771  391
0.184001  374
0.184146  313
0.184181  49
0.18432  317
0.184396  346
0.185162  250
0.185257  231
0.18558  36
0.185735  330
0.185906  81
0.18623  139
0.186523  345
0.18659  299
0.186646  4
0.186665  351
0.18671  394
0.186808  386
0.187028  397
0.187431  371
0.187915  151
0.188159  159
0.189148  94
0.189158  205
0.189278  364
0.189632  190
0.189847  260
0.190075  278
0.190142  251
0.190333  390
0.190368  354
0.190383  303
0.19081  392
0.191302  271
0.191361  264
0.191606  258
0.191785  326
0.19201  288
0.192417  322
0.192633  156
0.192791  344
0.192968  101
0.193286  123
0.19345  126
0.193496  202
0.193547  389
0.193969  30
0.194065  240
0.194101  24
0.194126  302
0.194225  283
0.194324  253
0.194538  295
0.194722  152
0.194868  385
0.194904  247
0.194977  377
0.194992  116
0.19501  118
0.195021  361
0.195077  54
0.195405  328
0.195812  243
0.195824  219
0.196051  216
0.196069  18
0.19609  248
0.196162  310
0.196334  380
0.196351  307
0.196475  20
0.196541  210
0.19657  199
0.196607  41
0.196839  323
0.196898  187
0.197293  215
0.19734  352
0.197708  180
0.198003  301
0.198108  256
0.198834  331
0.199262  214
0.199341  26
0.19935  357
0.199537  318
0.199545  143
0.20007  198
0.200329  31
0.200542  119
0.200576  172
0.200857  306
0.200927  28
0.200954  321
0.201025  221
0.201073  95
0.201073  92
0.201145  325
0.20117  336
0.201444  347
0.201523  332
0.201708  381
0.201754  367
0.202151  222
0.202236  22
0.20237  309
0.203172  75
0.203374  114
0.203869  51
0.204056  146
0.204155  340
0.20481  121
0.204971  90
0.205111  275
0.205121  5
0.205269  154
0.205277  297
0.205389  8
0.205481  368
0.20566  378
0.205823  11
0.206235  334
0.206294  82
0.206525  277
0.206666  60
0.207011  290
0.207015  196
0.207247  338
0.207424  182
0.207475  149
0.207627  268
0.207705  366
0.207805  320
0.207872  324
0.207895  170
0.207995  316
0.208091  168
0.208127  124
0.208161  110
0.208236  370
0.208474  355
0.208717  47
0.208843  137
0.208916  207
0.208973  341
0.209258  23
0.20929  50
0.209388  9
0.209487  342
0.209741  246
0.209918  388
0.210079  37
0.210248  239
0.210295  348
0.210409  396
0.210696  350
0.210939  223
0.210943  48
0.211027  335
0.211234  333
0.211466  163
0.211548  125
0.211811  13
0.211961  120
0.211963  166
0.212206  360
0.212405  142
0.212656  107
0.212882  327
0.212886  201
0.213152  89
0.213223  329
0.213447  346
0.213519  393
0.213547  383
0.213643  174
0.213758  349
0.21419  311
0.214209  351
0.214554  379
0.215141  189
0.215216  171
0.215219  308
0.215508  398
0.215783  373
0.216  305
0.216334  161
0.216744  353
0.216898  365
0.217095  312
0.217336  304
0.217684  173
0.21814  34
0.218228  122
0.218229  339
0.218843  97
0.219815  88
0.220611  281
0.220658  359
0.220874  225
0.22102  273
0.221033  136
0.221276  108
0.221364  127
0.221411  369
0.221726  106
0.221831  287
0.222002  386
0.222127  362
0.222326  387
0.222375  111
0.22273  254
0.223267  330
0.223816  319
0.223873  115
0.223933  179
0.224033  130
0.224057  14
0.22436  382
0.224506  220
0.224566  192
0.22466  27
0.224671  241
0.224861  363
0.224954  375
0.22502  242
0.225084  285
0.225632  178
0.225684  65
0.225845  45
0.226025  314
0.226386  364
0.226673  394
0.226752  358
0.227363  193
0.227457  135
0.227504  390
0.227516  227
0.227706  337
0.228008  169
0.22818  291
0.228514  244
0.228628  343
0.228757  372
0.229281  249
0.229289  315
0.229507  73
0.229663  204
0.229876  113
0.229917  46
0.230134  356
0.230343  385
0.230468  21
0.230484  29
0.230588  217
0.230693  32
0.23104  307
0.231256  331
0.231691  42
0.231739  317
0.231919  303
0.232281  66
0.232285  384
0.232335  392
0.23238  399
0.2328  300
0.23373  395
0.234062  301
0.234824  261
0.235009  224
0.235696  98
0.235817  237
0.236157  52
0.236476  44
0.236906  200
0.236919  371
0.237011  345
0.2372  79
0.23734  361
0.237356  313
0.23763  117
0.237802  336
0.238184  17
0.238391  150
0.238619  209
0.238708  381
0.238823  321
0.239311  40
0.239393  270
0.239578  62
0.2397  376
0.239806  310
0.239886  238
0.240351  276
0.240814  302
0.241073  140
0.241144  397
0.241328  2
0.24147  78
0.241699  389
0.241829  133
0.242011  68
0.242733  153
0.24275  236
0.242867  164
0.242898  299
0.243075  96
0.243091  172
0.243104  61
0.243568  266
0.243703  175
0.243841  326
0.243975  352
0.244245  86
0.244247  134
0.244371  205
0.244417  188
0.244477  158
0.244689  306
0.244743  183
0.24523  3
0.245254  360
0.245297  265
0.245353  377
0.24546  318
0.245548  235
0.245636  367
0.245637  374
0.245675  129
0.245741  354
0.245927  131
0.24612  102
0.246309  328
0.246325  339
0.246357  67
0.246376  54
0.246785  292
0.246859  25
0.247073  322
0.247169  64
0.247189  176
0.248248  350
0.248281  184
0.249055  398
0.249091  152
0.24913  298
0.249204  116
0.249409  165
0.249455  324
0.249666  341
0.249758  232
0.249763  72
0.249766  63
0.249847  380
0.249855  259
0.249895  383
0.250188  99
0.250508  70
0.250733  334
0.25078  53
0.250834  335
0.251404  191
0.251543  163
0.25163  248
0.251633  155
0.251813  105
0.251824  355
0.251859  323
0.251922  347
0.251951  348
0.252048  74
0.252148  388
0.252442  379
0.252594  255
0.252711  245
0.252963  346
0.252978  85
0.253086  274
0.253194  177
0.253265  160
0.253467  325
0.253672  344
0.253842  378
0.253875  264
0.253925  327
0.254262  18
0.254528  312
0.254697  212
0.254921  353
0.254999  373
0.255217  216
0.25532  110
0.255686  234
0.255738  84
0.256129  370
0.256201  280
0.25668  87
0.256961  231
0.257011  342
0.257038  340
0.257273  186
0.257357  170
0.257555  269
0.257864  349
0.257934  294
0.258006  218
0.258059  214
0.258107  315
0.258117  391
0.258152  10
0.25847  49
0.258816  314
0.258882  69
0.25908  311
0.259085  357
0.259138  329
0.259377  228
0.259779  167
0.259971  316
0.260317  372
0.260554  112
0.260608  386
0.260849  148
0.260925  307
0.261198  0
0.261322  1
0.261439  366
0.261891  320
0.2619  55
0.262643  309
0.262785  393
0.263566  58
0.263605  375
0.263784  333
0.263902  123
0.263908  382
0.263929  36
0.264003  139
0.265224  56
0.265804  195
0.265856  330
0.265868  390
0.265949  141
0.266168  396
0.266185  279
0.266235  332
0.267056  338
0.267267  365
0.267424  303
0.26752  305
0.268532  251
0.269161  356
0.270023  345
0.27011  109
0.270526  258
0.27056  369
0.270853  308
0.270857  263
0.271488  387
0.271773  181
0.271775  226
0.271801  230
0.271864  358
0.272227  317
0.272275  202
0.272504  368
0.272693  190
0.273351  114
0.274203  363
0.274516  208
0.275026  142
0.275303  59
0.275555  76
0.275968  392
0.276106  302
0.276413  376
0.277112  384
0.27729  83
0.277326  145
0.27795  126
0.278002  4
0.278227  331
0.27844  275
0.278478  310
0.278624  286
0.278628  385
0.279219  362
0.279415  211
0.279621  146
0.279747  103
0.280387  144
0.280547  7
0.280551  138
0.28063  71
0.280775  288
0.281046  257
0.281253  173
0.281332  319
0.281687  224
0.281898  350
0.28195  250
0.282026  82
0.28203  75
0.282141  359
0.282285  395
0.282333  394
0.282449  262
0.28255  295
0.282692  321
0.283406  80
0.283421  343
0.283839  253
0.284089  260
0.284255  389
0.284354  154
0.284454  113
0.284479  282
0.284674  313
0.285058  94
0.2853  244
0.285345  256
0.285504  130
0.285632  132
0.285759  192
0.285785  300
0.285922  35
0.286351  104
0.286554  318
0.286569  324
0.286617  161
0.286766  285
0.286922  277
0.287086  187
0.287131  22
0.287171  37
0.287348  361
0.287538  100
0.287624  354
0.287679  397
0.287957  241
0.28818  364
0.288281  15
0.288322  247
0.288327  240
0.28836  326
0.288368  227
0.288489  336
0.288541  311
0.288738  77
0.289081  337
0.289094  272
0.289109  398
0.289258  32
0.289384  222
0.289425  156
0.289677  347
0.289774  58
0.289855  351
0.289885  381
0.289994  198
0.290299  135
0.290316  371
0.29057  16
0.290685  107
0.291051  353
0.291183  304
0.291339  122
0.291463  118
0.291783  213
0.291857  391
0.292014  293
0.292116  206
0.292308  90
0.292982  50
0.293206  339
0.293233  312
0.293349  182
0.293398  352
0.293571  375
0.293617  322
0.293693  143
0.294106  399
0.294358  128
0.294412  48
0.294441  31
0.294579  27
0.295106  204
0.295245  383
0.295262  268
0.295407  342
0.295443  291
0.295915  329
0.296389  372
0.296675  335
0.297066  388
0.297439  127
0.297524  29
0.297606  345
0.297625  57
0.298015  341
0.298039  306
0.298051  355
0.298158  180
0.29834  125
0.298504  137
0.298885  315
0.298914  119
0.299785  309
0.300253  284
0.300516  328
0.300531  314
0.301027  38
0.301991  379
0.30222  370
0.302305  172
0.302512  229
0.302547  267
0.302874  344
0.302978  349
0.303055  233
0.303066  278
0.303098  396
0.303162  367
0.303196  325
0.30332  34
0.303785  346
0.303946  205
0.303951  360
0.304063  139
0.304065  301
0.304273  124
0.304741  159
0.304807  246
0.3054  323
0.305629  374
0.30563  340
0.306109  147
0.306283  307
0.30666  382
0.30795  102
0.309036  386
0.309209  265
0.3094  42
0.309415  91
0.309492  380
0.309612  261
0.310002  47
0.310178  87
0.3105  302
0.310516  368
0.31056  160
0.310806  111
0.310835  51
0.311464  305
0.311579  14
0.311729  299
0.311839  331
0.311862  376
0.311968  356
0.312043  30
0.312135  52
0.312296  243
0.312332  121
0.312345  270
0.312435  62
0.312614  185
0.312736  18
0.31298  225
0.313093  12
0.313303  168
0.313322  63
0.31357  86
0.313594  373
0.313755  330
0.313891  393
0.314059  377
0.314952  316
0.31499  200
0.315026  92
0.31517  68
0.315293  93
0.315389  366
0.315539  290
0.31586  297
0.315933  358
0.316019  300
0.316583  363
0.316986  387
0.31703  317
0.317046  333
0.31746  338
0.317845  334
0.317984  3
0.318071  13
0.318621  303
0.318916  28
0.319783  56
0.319785  308
0.319832  8
0.320119  178
0.320125  46
0.320301  165
0.320455  26
0.320525  332
0.321126  40
0.321229  357
0.321362  348
0.321433  193
0.321497  295
0.321737  350
0.321931  199
0.322239  381
0.322263  327
0.322282  296
0.322367  1
0.322863  17
0.323236  45
0.323588  116
0.323659  72
0.32389  321
0.323916  138
0.324334  310
0.324364  221
0.324473  44
0.324583  320
0.324594  129
0.324681  232
0.324828  280
0.325439  216
0.325608  223
0.325661  96
0.326182  88
0.326272  251
0.326334  390
0.326456  11
0.326776  378
0.326785  53
0.326849  153
0.327132  313
0.327202  254
0.327256  385
0.327377  239
0.327465  394
0.327496  369
0.3276  364
0.327601  39
0.327666  24
0.327706  60
0.327728  108
0.327995  304
0.328213  343
0.32841  110
0.32856  351
0.328566  49
0.328634  228
0.328665  312
0.3293  215
0.32947  245
0.329584  41
0.329928  398
0.330144  163
0.330193  33
0.330656  150
0.330688  231
0.331048  133
0.331061  371
0.331149  365
0.331178  157
0.33126  359
0.331438  281
0.331459  272
0.331486  43
0.331626  222
0.332182  347
0.332248  25
0.332335  362
0.332404  395
0.332823  271
0.332854  183
0.332892  174
0.33322  383
0.333567  217
0.333679  324
0.334057  66
0.334239  95
0.334398  54
0.334669  389
0.334706  34
0.334709  341
0.334823  352
0.334896  323
0.334903  137
0.334998  120
0.33518  337
0.335846  319
0.336002  171
0.336269  340
0.336382  156
0.33641  176
0.336426  99
0.336509  379
0.336532  289
0.336565  50
0.336658  260
0.336913  306
0.336955  397
0.337238  388
0.337545  162
0.337576  315
0.337624  73
0.337671  361
0.33768  311
0.337846  326
0.338003  346
0.338334  286
0.33841  367
0.338669  154
0.338732  250
0.339025  392
0.339946  374
0.340667  238
0.34098  235
0.341183  259
0.341229  339
0.341297  179
0.341735  336
0.341882  225
0.342425  274
0.342969  382
0.343257  173
0.343326  384
0.34401  360
0.34413  202
0.344257  345
0.344447  373
0.344649  283
0.344666  2
0.344922  132
0.344979  69
0.345308  354
0.345427  189
0.345427  353
0.345578  249
0.34573  335
0.345932  196
0.346092  302
0.346114  314
0.34736  106
0.347743  368
0.347889  305
0.348109  140
0.348267  396
0.348406  329
0.348502  158
0.348613  322
0.348844  61
0.348996  376
0.349264  230
0.350378  166
0.351043  307
0.351578  105
0.352382  101
0.352447  391
0.3527  103
0.352754  219
0.352852  19
0.353144  0
0.353196  141
0.353354  10
0.353404  387
0.353577  377
0.353599  84
0.353599  104
0.353662  330
0.353694  151
0.3538  370
0.354037  372
0.35412  328
0.354973  208
0.355302  358
0.355473  301
0.35609  380
0.356123  214
0.356185  349
0.35677  55
0.357013  268
0.357053  309
0.357079  220
0.357127  180
0.357654  318
0.357745  342
0.357986  226
0.358005  344
0.358365  64
0.359055  75
0.3594  386
0.360022  91
0.360157  205
0.360644  67
0.360725  327
0.360963  333
0.361327  198
0.361683  264
0.361853  170
0.362533  123
0.362643  210
0.362715  300
0.362804  31
0.362899  252
0.363133  359
0.363156  316
0.363329  394
0.363487  209
0.363989  375
0.363991  161
0.364077  207
0.36411  363
0.36425  334
0.364275  356
0.364327  325
0.364597  68
0.365491  317
0.36605  287
0.3666  203
0.367174  324
0.367227  48
0.367572  62
0.367953  393
0.368249  5
0.368266  366
0.368524  298
0.368627  348
0.36864  294
0.368989  145
0.369139  288
0.369904  331
0.369922  355
0.370669  80
0.370763  22
0.371232  258
0.371384  131
0.37139  308
0.371499  6
0.371737  275
0.371739  236
0.372136  159
0.372391  338
0.372411  357
0.372429  321
0.372596  341
0.372835  388
0.373608  339
0.374064  134
0.374131  390
0.374187  285
0.374458  168
0.374833  313
0.375062  193
0.375119  164
0.375142  216
0.375237  320
0.375571  242
0.375952  364
0.376019  167
0.376367  352
0.376429  191
0.376606  237
0.377024  125
0.377162  109
0.377358  332
0.377986  303
0.378001  194
0.378184  261
0.378194  149
0.378351  97
0.378443  276
0.379002  269
0.379121  304
0.379366  262
0.379368  385
0.379882  132
0.379893  343
0.379929  76
0.379997  247
0.380203  13
0.380529  112
0.380591  121
0.3807  340
0.380854  229
0.3809  399
0.380917  89
0.380922  312
0.380996  350
0.381079  187
0.381211  21
0.381382  114
0.381452  146
0.381627  378
0.381785  15
0.382168  234
0.382209  311
0.382316  29
0.382467  337
0.382872  248
0.382882  190
0.382987  353
0.383252  315
0.383462  263
0.383628  369
0.38365  376
0.38411  367
0.384215  235
0.384276  83
0.384519  382
0.384607  79
0.384925  383
0.385144  257
0.385148  330
0.385872  323
0.385959  319
0.386144  27
0.386484  347
0.386568  135
0.386604  59
0.386617  213
0.386975  70
0.387188  150
0.387297  362
0.387476  184
0.387752  174
0.388232  326
0.388303  306
0.389199  360
0.389471  305
0.389642  117
0.389713  169
0.38979  249
0.389848  372
0.390179  41
0.390316  334
0.390683  387
0.391398  310
0.391912  307
0.392559  87
0.392998  118
0.393053  122
0.393084  46
0.393348  279
0.393388  78
0.393663  351
0.393722  266
0.393758  398
0.393841  395
0.394093  370
0.394137  368
0.394185  256
0.394297  322
0.394428  47
0.394492  361
0.394658  373
0.394661  212
0.394895  144
0.394982  374
0.39527  14
0.395299  380
0.395333  396
0.39642  371
0.39806  346
0.398323  336
0.398825  377
0.398873  177
0.398908  188
0.399376  314
0.399557  302
0.399702  136
0.400814  389
0.40085  384
0.401043  253
0.401637  397
0.401747  223
0.401966  375
0.403195  344
0.403641  354
0.404523  108
0.404798  230
0.404921  155
0.405387  356
0.405428  179
0.4056  232
0.405691  227
0.405991  333
0.406072  17
0.406138  329
0.406223  110
0.406461  366
0.406608  255
0.406795  71
0.406869  309
0.406875  365
0.407146  392
0.407252  381
0.407553  77
0.408189  147
0.408694  16
0.409604  349
0.410016  195
0.410183  293
0.410221  192
0.410872  359
0.41115  178
0.411219  221
0.4113  201
0.411429  393
0.41156  185
0.411677  386
0.411839  86
0.412039  9
0.412674  290
0.412741  42
0.412854  60
0.41288  299
0.412904  37
0.412918  345
0.413192  259
0.413264  23
0.413322  222
0.413335  98
0.413388  284
0.413617  316
0.413625  363
0.413779  273
0.413832  69
0.413886  119
0.41421  338
0.414267  5
0.414292  7
0.41442  102
0.414533  186
0.414714  328
0.414768  388
0.414843  148
0.4152  277
0.41545  197
0.415466  272
0.415578  352
0.415721  379
0.415794  36
0.415811  301
0.415824  291
0.41613  175
0.416164  106
0.416219  52
0.416233  56
0.416343  156
0.416469  231
0.416706  245
0.416731  8
0.41674  355
0.416747  92
0.416948  30
0.416984  303
0.417151  357
0.417234  335
0.417266  339
0.417294  280
0.417368  172
0.417603  318
0.417967  40
0.418093  67
0.418094  391
0.418174  130
0.418182  0
0.418226  38
0.418374  240
0.418696  10
0.418733  394
0.418842  325
0.418846  35
0.418877  358
0.4194  300
0.419448  308
0.419476  228
0.419814  88
0.419818  126
0.4199  4
0.419987  297
0.420038  73
0.420062  289
0.420743  6
0.420813  200
0.421211  317
0.421233  218
0.421323  196
0.421374  330
0.421588  49
0.421679  399
0.421686  153
0.421797  348
0.421973  128
0.421988  382
0.422432  20
0.422608  143
0.422649  331
0.422862  304
0.423065  351
0.423262  251
0.42329  295
0.423325  2
0.423353  341
0.423382  74
0.423616  131
0.423665  252
0.424041  3
0.424409  203
0.424609  313
0.424674  385
0.425328  182
0.425458  390
0.425535  100
0.425559  183
0.42566  170
0.42594  342
0.42604  321
0.426186  327
0.426205  206
0.426207  324
0.42655  115
0.426573  127
0.426658  142
0.42666  141
0.426762  145
0.427087  312
0.427104  63
0.427447  343
0.427502  332
0.427519  384
0.427527  124
0.427585  380
0.427828  367
0.427881  307
0.427997  398
0.428447  99
0.429102  250
0.429171  151
0.429337  306
0.429565  383
0.429798  397
0.429834  264
0.430129  334
0.430364  353
0.430538  371
0.430769  323
0.431108  116
0.431156  72
0.431367  120
0.431963  33
0.432307  181
0.432471  320
0.432662  236
0.432956  103
0.432999  389
0.433132  326
0.433169  322
0.433324  362
0.433541  94
0.433703  305
0.433706  378
0.434124  64
0.434318  233
0.434381  364
0.434546  350
0.435942  370
0.435967  339
0.436198  315
0.437741  91
0.437922  32
0.438363  376
0.438819  319
0.439003  241
0.439044  292
0.439213  310
0.439258  217
0.439457  359
0.440014  363
0.440025  393
0.440045  346
0.440171  396
0.440514  373
0.440666  44
0.442151  25
0.443391  11
0.443409  381
0.443854  239
0.443951  309
0.444182  90
0.444292  75
0.44459  194
0.444716  392
0.445223  263
0.445485  374
0.445797  366
0.445817  93
0.44599  83
0.446104  1
0.446143  369
0.446177  311
0.446397  82
0.446409  356
0.44682  199
0.447282  243
0.447301  152
0.447558  45
0.447589  377
0.447617  34
0.447627  328
0.447993  347
0.448638  164
0.448769  302
0.449512  368
0.450246  395
0.450797  387
0.450873  361
0.451157  95
0.45201  314
0.452189  26
0.45221  160
0.45241  208
0.452581  365
0.452845  12
0.453362  337
0.453393  202
0.453796  24
0.453942  354
0.45439  349
0.455339  84
0.455976  161
0.45636  171
0.456408  162
0.456516  225
0.456523  372
0.45687  340
0.456956  254
0.456993  298
0.45726  360
0.457749  43
0.45789  101
0.457926  282
0.458391  140
0.45852  244
0.458554  301
0.459368  274
0.459438  50
0.459573  214
0.459597  335
0.459724  58
0.460091  383
0.460343  39
0.46049  109
0.460633  330
0.460646  344
0.460753  266
0.460821  185
0.461065  226
0.461143  180
0.461416  375
0.461445  303
0.46146  329
0.461637  68
0.461734  247
0.461755  388
0.462205  242
0.462257  51
0.462443  246
0.462623  267
0.462699  123
0.462735  114
0.462754  352
0.462887  285
0.463021  212
0.463259  178
0.463465  204
0.463572  394
0.46362  190
0.463765  138
0.463916  105
0.464156  391
0.46422  271
0.464408  163
0.464418  357
0.464555  149
0.464723  265
0.465164  293
0.465172  338
0.46523  210
0.465507  55
0.465696  382
0.465775  296
0.465875  70
0.465902  304
0.466114  66
0.466338  378
0.466403  169
0.466552  107
0.466788  85
0.466989  345
0.467009  278
0.467098  313
0.467108  29
0.467285  65
0.467321  336
0.467325  333
0.467408  35
0.46764  341
0.467647  74
0.467797  201
0.467914  118
0.467936  305
0.468128  238
0.468174  80
0.468223  339
0.468757  132
0.468779  41
0.468811  22
0.468895  334
0.468968  287
0.46903  355
0.46905  52
0.469447  104
0.46954  205
0.469699  348
0.469713  276
0.469719  273
0.469723  260
0.470027  87
0.470061  195
0.470222  71
0.470234  257
0.470287  325
0.470359  379
0.470429  343
0.470596  4
0.470759  113
0.470813  57
0.470845  19
0.471048  110
0.471098  248
0.471169  111
0.471193  168
0.47129  332
0.47138  279
0.471457  229
0.471541  321
0.471741  78
0.471787  367
0.472111  389
0.472143  130
0.472155  269
0.472434  362
0.472472  211
0.472498  203
0.472551  316
0.47282  386
0.472902  315
0.473063  317
0.473114  324
0.473444  323
0.473451  134
0.473686  219
0.473751  359
0.473864  390
0.474131  351
0.474266  396
0.474577  166
0.47474  358
0.474807  125
0.475407  310
0.475679  92
0.475856  371
0.476068  331
0.476088  255
0.47624  288
0.476695  281
0.476954  327
0.477149  385
0.477249  307
0.478288  159
0.478736  308
0.479109  220
0.479656  256
0.479712  346
0.479778  143
0.479881  153
0.480287  234
0.480338  399
0.480346  139
0.480477  48
0.481068  373
0.481142  137
0.48121  322
0.481577  28
0.481933  290
0.48236  63
0.482508  361
0.482554  342
0.482614  88
0.482745  326
0.48278  59
0.48282  209
0.482836  368
0.483004  366
0.483167  98
0.483184  61
0.483278  319
0.483399  374
0.483534  18
0.483979  96
0.483981  318
0.484245  397
0.484574  300
0.48504  320
0.485194  184
0.485404  306
0.485601  312
0.486495  350
0.486738  188
0.487235  309
0.487285  156
0.487807  354
0.487999  261
0.488245  136
0.488512  223
0.488691  286
0.488731  376
0.488933  253
0.489179  133
0.489579  392
0.490038  363
0.490614  328
0.490771  393
0.491775  311
0.491898  387
0.492032  353
0.492955  97
0.493514  53
0.49369  135
0.493931  157
0.494341  313
0.494426  199
0.494494  340
0.494743  179
0.495033  372
0.495376  302
0.495533  232
0.495702  365
0.495942  356
0.496111  381
0.496889  127
0.49713  357
0.497195  347
0.49822  192
0.498489  314
0.498943  109
0.499049  146
0.499134  240
0.499298  398
0.499683  380
0.500614  344
0.500948  384
0.500986  89
0.501391  60
0.50196  370
0.502224  230
0.502247  252
0.502653  141
0.503254  359
0.503867  100
0.504238  38
0.504306  369
0.504502  227
0.504566  23
0.504604  15
0.504811  364
0.505007  123
0.505101  13
0.505225  305
0.505311  249
0.505623  349
0.50566  154
0.505691  383
0.505811  388
0.505871  330
0.506746  301
0.507677  106
0.50889  177
0.50939  375
0.510059  140
0.510275  14
0.510343  360
0.510572  7
0.5109  6
0.510973  200
0.511573  47
0.511811  112
0.512202  316
0.51221  9
0.512432  231
0.512443  50
0.51252  283
0.512758  94
0.513241  270
0.513246  74
0.513314  56
0.513362  258
0.513441  362
0.513737  187
0.513754  27
0.513853  339
0.51392  150
0.514177  303
0.514211  336
0.51432  54
0.514474  292
0.514484  315
0.514622  394
0.5147  224
0.514743  335
0.515023  368
0.515478  377
0.515598  338
0.51579  69
0.516567  46
0.516641  171
0.516989  304
0.517051  337
0.517238  389
0.517311  121
0.517698  396
0.518279  44
0.518416  312
0.518509  300
0.518791  310
0.518832  351
0.51959  395
0.519945  142
0.52022  76
0.520674  277
0.521299  341
0.521476  329
0.521593  345
0.521773  263
0.522303  17
0.524025  321
0.524441  167
0.525048  308
0.525488  387
0.525542  391
0.525599  352
0.525649  160
0.525861  215
0.525922  64
0.525962  325
0.526  198
0.526072  99
0.526294  126
0.526412  367
0.526585  52
0.526689  390
0.526768  262
0.526947  322
0.52699  307
0.527585  268
0.529369  333
0.529426  45
0.529561  193
0.529648  31
0.529804  266
0.529826  189
0.530322  77
0.530441  399
0.530644  164
0.530975  61
0.531097  5
0.531329  272
0.531455  332
0.531592  196
0.531617  191
0.531642  250
0.531668  158
0.531776  221
0.531826  59
0.532342  10
0.532376  131
0.532482  67
0.53252  309
0.532563  318
0.532745  21
0.532749  93
0.53281  245
0.532875  151
0.532875  326
0.532907  385
0.533101  120
0.533428  180
0.533631  246
0.533639  73
0.533646  202
0.533707  207
0.533776  169
0.533836  108
0.533981  378
0.53404  233
0.53411  382
0.534111  124
0.534266  117
0.534284  197
0.534284  248
0.53432  331
0.534329  81
0.53434  275
0.534357  346
0.534475  379
0.534494  49
0.534505  129
0.534566  145
0.534584  334
0.534594  327
0.534597  358
0.534653  203
0.534708  313
0.53471  350
0.534824  214
0.535037  317
0.535365  328
0.535449  311
0.536491  78
0.536982  280
0.537095  175
0.537125  287
0.537313  323
0.537342  374
0.537405  397
0.537415  244
0.53758  182
0.537682  348
0.53771  34
0.537722  320
0.537809  161
0.537948  36
0.538441  66
0.538889  364
0.538958  91
0.53896  71
0.538961  324
0.539079  373
0.539111  349
0.539114  291
0.539116  299
0.539293  393
0.539353  343
0.539375  366
0.539498  357
0.540059  361
0.540797  128
0.540843  342
0.540896  37
0.541044  4
0.541345  222
0.541617  386
0.541963  314
0.542001  371
0.542046  289
0.542052  260
0.54251  315
0.542643  0
0.543182  384
0.543571  226
0.543937  298
0.544148  302
0.544499  381
0.54452  87
0.544593  330
0.544664  103
0.544777  176
0.545085  83
0.545304  16
0.545473  319
0.545832  35
0.546317  264
0.546444  380
0.546686  210
0.547024  360
0.547042  392
0.547085  363
0.547728  173
0.547991  365
0.548022  301
0.548614  376
0.548774  159
0.549932  253
0.550055  396
0.550185  152
0.550263  383
0.550624  398
0.550688  355
0.552102  370
0.552168  183
0.552173  86
0.552252  190
0.552361  372
0.552383  359
0.552583  239
0.552699  306
0.552707  155
0.552965  340
0.553868  247
0.55387  295
0.55392  316
0.554307  354
0.554488  369
0.554518  297
0.554693  166
0.555353  199
0.555554  368
0.556233  273
0.557176  212
0.557185  362
0.557185  89
0.557213  336
0.557355  237
0.557372  148
0.557583  351
0.55775  181
0.558046  163
0.558089  127
0.558578  337
0.558733  130
0.558889  375
0.559229  168
0.559279  192
0.559571  115
0.559883  321
0.560034  388
0.560098  58
0.560118  216
0.560158  218
0.560319  28
0.56045  186
0.560626  255
0.560761  170
0.560768  102
0.560804  153
0.560824  172
0.560849  347
0.56099  30
0.561152  39
0.561154  305
0.561442  132
0.561489  105
0.561543  8
0.561731  116
0.561984  225
0.562032  42
0.56214  51
0.562426  356
0.562537  165
0.562542  389
0.562601  329
0.562791  390
0.562976  367
0.562993  57
0.5631  1
0.563161  300
0.563183  75
0.563383  109
0.563816  344
0.56412  304
0.564344  394
0.564484  217
0.564597  387
0.564627  3
0.564747  9
0.564893  20
0.565607  353
0.565932  157
0.565988  335
0.566961  241
0.567174  281
0.567376  80
0.567707  33
0.567738  84
0.567862  15
0.56787  284
0.567883  339
0.568088  95
0.568318  312
0.568439  139
0.568584  60
0.568679  32
0.569092  7
0.569172  107
0.569372  399
0.569685  90
0.569772  201
0.56988  341
0.569929  149
0.570264  43
0.570405  278
0.570425  325
0.570456  96
0.570908  76
0.570937  238
0.570989  330
0.571268  303
0.571268  113
0.571419  206
0.571639  267
0.571652  331
0.571678  385
0.571682  111
0.571903  208
0.572035  343
0.572114  211
0.572222  352
0.572431  393
0.572479  156
0.5725  357
0.572502  41
0.57257  285
0.57291  310
0.572974  307
0.573211  213
0.573411  104
0.573552  377
0.573685  135
0.574244  27
0.574537  334
0.574657  348
0.574676  188
0.574746  224
0.574765  395
0.575158  232
0.575453  364
0.575875  50
0.575987  26
0.57615  322
0.576338  374
0.576431  379
0.576438  323
0.57671  328
0.576843  296
0.57686  49
0.576987  302
0.57736  340
0.577694  68
0.577702  384
0.577799  193
0.578067  391
0.57807  345
0.578132  332
0.578269  370
0.578284  118
0.57857  294
0.57918  85
0.579388  11
0.579555  333
0.579608  29
0.579738  179
0.580352  313
0.580718  319
0.581523  48
0.58158  55
0.581663  318
0.581823  381
0.581827  301
0.582246  320
0.582438  338
0.583075  178
0.583943  133
0.584175  205
0.584543  392
0.584856  342
0.585074  346
0.58516  12
0.585809  371
0.585838  366
0.585866  373
0.586127  125
0.586488  383
0.586968  147
0.587241  249
0.587382  169
0.587878  288
0.587992  324
0.588417  282
0.588722  265
0.588734  204
0.589017  70
0.5892  72
0.589227  119
0.589495  209
0.589917  326
0.59018  200
0.590188  349
0.590223  315
0.590236  261
0.590309  378
0.590559  271
0.590582  329
0.590687  120
0.590893  38
0.591082  317
0.59156  396
0.591794  376
0.591913  154
0.592482  358
0.59297  174
0.593593  235
0.593802  236
0.593806  327
0.594968  363
0.595233  117
0.595332  254
0.595365  350
0.59542  124
0.595928  316
0.596093  242
0.596116  240
0.596302  314
0.596497  243
0.5966  167
0.596805  257
0.596978  283
0.597137  36
0.597139  19
0.597142  380
0.59718  360
0.597337  308
0.597509  311
0.597593  191
0.597996  79
0.598138  138
0.598221  227
0.598262  228
0.598468  309
0.598864  65
0.599453  397
0.599539  123
0.599604  351
0.599654  137
0.600217  146
0.600372  22
0.600773  13
0.600842  30
0.601022  45
0.601047  98
0.601098  259
0.601193  398
0.601223  276
0.601302  353
0.601492  263
0.601542  382
0.601564  116
0.601726  218
0.601905  4
0.601936  73
0.602121  110
0.60214  304
0.602339  162
0.602423  347
0.602425  40
0.602472  306
0.602822  61
0.602831  24
0.602833  88
0.603202  280
0.603294  269
0.603756  77
0.604006  372
0.604201  344
0.604261  256
0.604421  179
0.604525  345
0.60486  161
0.604927  292
0.604946  356
0.605278  251
0.605297  369
0.605342  25
0.605653  268
0.605964  299
0.605978  310
0.606021  37
0.606043  121
0.606194  108
0.606209  66
0.606362  390
0.606411  53
0.606513  253
0.606552  226
0.606607  387
0.607163  337
0.607266  343
0.607282  389
0.607584  83
0.607639  357
0.607793  184
0.607839  365
0.607936  136
0.608003  331
0.60803  381
0.608083  44
0.60833  377
0.60837  393
0.609012  355
0.609066  367
0.609242  216
0.609349  264
0.60958  368
0.609985  122
0.610008  171
0.610174  336
0.610461  328
0.610654  392
0.610782  143
0.610919  145
0.610969  59
0.611198  334
0.6116  386
0.611782  155
0.611847  375
0.61189  57
0.612459  300
0.613035  34
0.613701  275
0.613711  321
0.614292  313
0.614317  370
0.614523  379
0.615392  354
0.615397  17
0.615444  335
0.616224  318
0.616319  312
0.616397  87
0.616948  384
0.617113  305
0.617695  399
0.617922  14
0.61829  1
0.618441  362
0.619523  348
0.619598  177
0.61986  220
0.6199  2
0.619939  302
0.620577  212
0.620841  339
0.621356  194
0.621473  332
0.621652  248
0.62174  303
0.622717  0
0.622836  260
0.623366  330
0.623597  71
0.623658  262
0.624135  94
0.624728  23
0.624898  359
0.625384  314
0.625462  383
0.62596  385
0.625963  322
0.626018  173
0.626391  197
0.626627  84
0.626642  333
0.626762  391
0.626839  114
0.62688  74
0.627246  315
0.627701  395
0.627795  373
0.628507  100
0.628899  42
0.629006  82
0.629733  16
0.629774  266
0.629851  47
0.630497  388
0.63091  397
0.63094  3
0.630986  185
0.631299  106
0.631421  320
0.631477  346
0.631726  76
0.631979  352
0.632268  112
0.632401  376
0.632471  80
0.632748  103
0.632933  274
0.63315  41
0.633232  214
0.633346  239
0.633361  311
0.633427  281
0.63347  141
0.633481  287
0.633679  229
0.633709  56
0.633787  338
0.633798  284
0.633828  341
0.633865  54
0.634102  8
0.634265  317
0.634357  319
0.634359  169
0.634841  394
0.635058  340
0.635105  325
0.635544  68
0.635579  99
0.635685  234
0.635944  364
0.635968  199
0.636374  396
0.636459  290
0.636532  297
0.636649  165
0.636982  371
0.637298  304
0.637356  91
0.637601  342
0.638001  48
0.638089  93
0.63855  181
0.638592  361
0.638633  140
0.638703  128
0.638857  142
0.639029  215
0.639163  187
0.639286  118
0.639309  270
0.639329  107
0.639559  224
0.639724  293
0.639923  175
0.639964  349
0.639996  186
0.64004  105
0.640193  207
0.640438  329
0.640508  387
0.640758  278
0.640831  350
0.640859  374
0.641056  101
0.641194  380
0.641242  366
0.64143  221
0.641477  233
0.641553  152
0.641715  323
0.641723  166
0.641801  327
0.642053  46
0.6424  230
0.64271  176
0.642737  159
0.642838  64
0.642994  365
0.643206  217
0.643234  198
0.643365  144
0.643443  69
0.64349  7
0.643494  133
0.643556  301
0.643624  296
0.643775  306
0.643907  231
0.643919  21
0.643971  72
0.644026  309
0.644158  134
0.644348  78
0.644637  241
0.64467  223
0.644999  219
0.645119  258
0.645165  5
0.645234  378
0.64527  271
0.64542  62
0.645422  313
0.645694  357
0.645998  300
0.646055  204
0.646061  381
0.646221  372
0.646509  386
0.646693  392
0.646768  344
0.646795  151
0.646808  363
0.646834  368
0.646899  49
0.647058  355
0.647124  310
0.647277  130
0.647413  255
0.647868  96
0.648393  354
0.648398  188
0.6486  347
0.648615  291
0.648882  358
0.64894  245
0.649011  318
0.649589  307
0.649805  210
0.650056  183
0.650156  275
0.65053  337
0.650653  213
0.650798  189
0.650855  160
0.651294  195
0.651588  97
0.651707  379
0.652059  23
0.652184  113
0.652186  316
0.652215  201
0.652223  303
0.652422  336
0.652767  86
0.653131  196
0.653179  333
0.653283  326
0.653334  331
0.653509  227
0.653548  75
0.654284  384
0.654417  102
0.654734  295
0.654841  192
0.655216  328
0.655475  335
0.655668  369
0.656261  282
0.656278  116
0.65633  343
0.656646  135
0.657209  131
0.657215  389
0.657278  398
0.657304  59
0.657409  312
0.657827  51
0.657941  377
0.658066  83
0.65832  132
0.6585  399
0.6586  89
0.658838  65
0.658897  33
0.659216  330
0.659981  150
0.660106  391
0.660201  362
0.660531  315
0.660844  367
0.660879  345
0.661043  180
0.661335  126
0.661486  171
0.661501  222
0.661531  393
0.661871  279
0.662154  125
0.662434  390
0.662869  382
0.663117  321
0.663278  6
0.663478  332
0.663479  193
0.663509  265
0.663719  157
0.663874  67
0.66399  95
0.66409  184
0.664175  36
0.664186  322
0.664314  163
0.664416  43
0.664605  348
0.664698  31
0.664802  238
0.664948  302
0.664961  232
0.665003  320
0.665015  317
0.665135  305
0.66514  360
0.665161  351
0.666617  314
0.667505  178
0.668569  216
0.668608  240
0.668682  254
0.668911  246
0.668913  385
0.66906  66
0.669147  28
0.669161  383
0.669377  19
0.66954  124
0.669589  319
0.669632  77
0.669766  334
0.669973  261
0.67008  339
0.670221  35
0.67057  376
0.671246  353
0.671301  104
0.67138  15
0.671724  340
0.671948  308
0.672087  375
0.672912  324
0.673258  190
0.67376  388
0.673766  52
0.674365  292
0.674474  251
0.67455  244
0.674572  395
0.674848  203
0.675465  99
0.675522  146
0.676237  349
0.676599  289
0.676777  247
0.676812  9
0.677321  283
0.677555  123
0.677574  273
0.677817  338
0.677834  252
0.677885  148
0.678018  220
0.678168  115
0.678221  237
0.678343  208
0.678365  359
0.678448  327
0.678459  120
0.678469  397
0.67848  34
0.67872  110
0.678736  154
0.678738  172
0.678883  342
0.678986  138
0.679027  225
0.679189  269
0.67953  197
0.679564  298
0.679586  88
0.679598  392
0.679598  373
0.67963  277
0.67972  294
0.679723  153
0.679741  374
0.679821  248
0.679824  74
0.680316  63
0.680452  119
0.680458  117
0.680803  366
0.681  250
0.681  209
0.681033  257
0.681118  356
0.681239  396
0.681249  61
0.681351  309
0.681455  170
0.681472  365
0.681777  187
0.681895  352
0.68203  26
0.682156  136
0.682409  304
0.682481  387
0.68266  380
0.682983  129
0.683004  311
0.683186  306
0.68329  85
0.683467  253
0.683891  60
0.684355  355
0.684444  378
0.684565  370
0.684595  350
0.684844  12
0.68503  310
0.685133  329
0.685341  236
0.685536  158
0.686103  346
0.686253  11
0.686383  287
0.686562  90
0.68696  325
0.686972  303
0.686994  313
0.687046  354
0.687463  71
0.687571  381
0.687585  394
0.687751  122
0.688308  205
0.688544  44
0.68888  364
0.688903  300
0.688968  333
0.689067  290
0.689174  30
0.690273  38
0.690299  384
0.690332  226
0.690514  358
0.690549  109
0.690946  371
0.691015  185
0.691492  276
0.691745  259
0.691782  288
0.691799  367
0.692021  27
0.692059  361
0.692154  70
0.692641  363
0.692704  337
0.692715  256
0.692928  344
0.693082  168
0.69313  296
0.69362  32
0.693725  369
0.693802  372
0.69438  0
0.694491  40
0.69458  87
0.6949  263
0.694932  323
0.695031  343
0.695157  379
0.695587  299
0.696426  353
0.696448  33
0.696611  377
0.696751  145
0.696973  301
0.697041  73
0.697563  316
0.697632  177
0.697822  368
0.69804  173
0.698102  114
0.698676  345
0.69872  326
0.698858  302
0.698924  307
0.699067  89
0.699399  376
0.699766  39
0.699831  341
0.699884  360
0.700116  264
0.700232  53
0.700747  314
0.700962  362
0.700973  141
0.702576  336
0.702788  322
0.702882  127
0.703084  18
0.703458  1
0.703618  156
0.703712  398
0.703942  390
0.704492  29
0.704924  241
0.705454  45
0.705741  133
0.705974  86
0.705987  41
0.706066  318
0.706143  317
0.706562  164
0.706641  286
0.706736  328
0.707065  174
0.707121  305
0.707251  389
0.707309  357
0.707365  78
0.70828  213
0.70842  147
0.709196  76
0.709824  167
0.70992  162
0.710303  331
0.710442  65
0.71047  347
0.710633  108
0.710915  284
0.71113  386
0.711164  391
0.711319  243
0.711392  375
0.712174  315
0.712393  267
0.712613  274
0.712712  271
0.713071  144
0.713088  242
0.71343  180
0.713581  62
0.713798  270
0.713807  202
0.713837  206
0.714193  335
0.714482  266
0.714495  385
0.714733  382
0.714753  81
0.715042  8
0.715182  113
0.715246  399
0.715352  24
0.71555  212
0.715721  218
0.715949  176
0.716064  130
0.7161  330
0.716463  351
0.716547  393
0.71655  7
0.716845  82
0.716893  348
0.717167  214
0.717499  312
0.7176  175
0.717784  396
0.718358  171
0.718549  338
0.718689  68
0.718693  383
0.718699  215
0.719238  352
0.719907  98
0.719922  342
0.720021  291
0.720092  235
0.720298  179
0.720887  293
0.720934  47
0.72095  295
0.721013  281
0.721165  367
0.721238  4
0.721322  129
0.721355  107
0.721413  37
0.721522  332
0.721584  395
0.721709  238
0.721973  339
0.722051  234
0.722133  378
0.722156  366
0.722303  96
0.722333  92
0.722923  392
0.722963  355
0.723044  249
0.723157  387
0.723531  356
0.723818  370
0.72409  285
0.724141  106
0.724164  321
0.724251  311
0.724443  57
0.724972  228
0.725347  84
0.725425  194
0.72554  219
0.725656  245
0.725737  23
0.726126  300
0.726172  146
0.726501  381
0.726508  94
0.726784  340
0.726818  17
0.72705  49
0.727126  380
0.727213  303
0.727249  319
0.727342  64
0.727487  137
0.727506  346
0.727556  304
0.727672  365
0.727688  325
0.727709  327
0.727861  13
0.728636  260
0.72873  361
0.728963  359
0.729956  196
0.730543  374
0.730704  118
0.730812  115
0.731037  313
0.731356  199
0.731451  97
0.732112  306
0.73223  58
0.73236  350
0.732506  316
0.732738  296
0.733152  150
0.733316  255
0.733345  354
0.733457  282
0.733705  16
0.734119  341
0.734169  265
0.734171  324
0.734536  305
0.734848  220
0.735032  112
0.735601  388
0.73588  384
0.735907  349
0.736224  344
0.736329  5
0.736535  160
0.736831  372
0.737279  307
0.73748  398
0.737482  75
0.737495  207
0.738377  124
0.738846  236
0.738871  123
0.739001  79
0.739123  30
0.739211  55
0.739331  309
0.739336  254
0.739543  191
0.739725  139
0.739921  333
0.740095  161
0.740123  230
0.740166  93
0.740183  204
0.74057  12
0.740692  373
0.740752  25
0.740855  224
0.740891  262
0.740919  334
0.741121  14
0.741252  151
0.741317  314
0.741421  165
0.741445  320
0.74184  233
0.741934  240
0.741962  397
0.741968  360
0.742001  103
0.742381  358
0.742502  368
0.742508  364
0.74252  51
0.742543  1
0.742627  363
0.74281  192
0.743003  269
0.743219  337
0.743579  10
0.743677  379
0.743686  302
0.743888  323
0.744081  31
0.744088  197
0.744262  132
0.744995  345
0.745025  308
0.745351  389
0.74614  34
0.746147  371
0.746433  322
0.746615  318
0.747734  166
0.748331  42
0.74854  286
0.748931  210
0.749363  193
0.749477  393
0.749492  310
0.749509  275
0.749662  301
0.749891  375
0.749975  222
0.750023  186
0.750092  44
0.75023  216
0.750755  182
0.750784  246
0.751086  277
0.751233  52
0.751377  394
0.751518  272
0.751558  149
0.751619  15
0.751666  63
0.751749  155
0.751931  253
0.751999  353
0.752158  131
0.752211  256
0.752217  20
0.752227  317
0.752326  250
0.752657  362
0.752792  45
0.752858  200
0.752973  329
0.753085  188
0.753114  177
0.75313  189
0.753376  390
0.753413  226
0.753529  369
0.753861  336
0.754165  36
0.754536  19
0.754648  136
0.754716  331
0.755008  386
0.7551  385
0.75514  378
0.755276  357
0.755295  67
0.7555  330
0.755525  33
0.755561  99
0.755582  56
0.755714  229
0.756169  326
0.756384  195
0.756661  343
0.756954  391
0.757603  227
0.757933  356
0.757955  105
0.75804  338
0.758112  300
0.758777  35
0.759246  263
0.759439  0
0.759513  383
0.759548  381
0.7596  377
0.759656  88
0.760121  239
0.76026  159
0.760324  11
0.760999  312
0.761297  342
0.761343  78
0.761367  319
0.761388  169
0.761444  311
0.761489  61
0.761703  328
0.761883  348
0.761986  398
0.762566  351
0.762581  38
0.763118  327
0.763411  376
0.763549  396
0.764229  205
0.764371  325
0.765168  399
0.765321  137
0.765702  395
0.766631  382
0.766802  380
0.767991  339
0.769701  335
0.7702  244
0.770519  321
0.770805  22
0.770936  9
0.771369  144
0.771489  201
0.772269  355
0.772353  185
0.772565  100
0.773188  2
0.773355  148
0.773465  283
0.773796  40
0.773913  372
0.774161  352
0.774321  83
0.774528  392
0.77472  198
0.774782  341
0.774849  247
0.775227  164
0.775457  245
0.775582  366
0.775926  147
0.776154  104
0.776243  85
0.776307  365
0.776375  350
0.77638  135
0.776798  374
0.776823  264
0.776901  102
0.777109  315
0.777197  347
0.77741  387
0.777417  126
0.777471  178
0.777635  379
0.778025  158
0.77817  41
0.77831  324
0.778571  228
0.778614  121
0.778738  271
0.779013  340
0.779901  21
0.77993  248
0.780345  109
0.780606  313
0.780767  358
0.780769  344
0.780792  316
0.780912  110
0.781423  184
0.781523  278
0.781628  232
0.781642  333
0.781704  361
0.781852  304
0.78202  221
0.782026  373
0.782195  89
0.782315  125
0.782496  259
0.782701  354
0.782963  334
0.782996  218
0.78327  66
0.783474  120
0.783648  273
0.783839  6
0.784584  323
0.78482  242
0.784864  309
0.785089  370
0.785478  290
0.785703  337
0.785753  65
0.785807  364
0.785844  59
0.785918  307
0.785954  26
0.786067  305
0.786201  48
0.786475  17
0.786724  143
0.786738  82
0.787133  329
0.787461  8
0.787673  346
0.787747  306
0.787891  367
0.787994  289
0.788273  138
0.788504  53
0.788619  157
0.788945  359
0.789017  133
0.789724  70
0.789818  175
0.789845  357
0.790169  303
0.790235  94
0.790446  389
0.790651  388
0.790862  314
0.790984  234
0.791715  190
0.791905  369
0.792125  172
0.792197  393
0.792379  332
0.792792  299
0.793032  13
0.793051  385
0.793319  390
0.793756  91
0.793871  117
0.794214  318
0.794421  209
0.794492  231
0.79471  73
0.795118  308
0.795709  127
0.795725  220
0.795827  375
0.795924  139
0.796398  223
0.796658  49
0.79684  302
0.796847  168
0.796936  322
0.797054  349
0.797234  27
0.797619  279
0.797758  4
0.79793  86
0.798252  101
0.79841  113
0.798548  62
0.798785  363
0.798902  254
0.799043  297
0.799106  310
0.799239  112
0.799281  330
0.799361  7
0.799411  128
0.799904  176
0.800014  327
0.80027  356
0.800352  60
0.800379  162
0.800501  287
0.800557  381
0.80065  386
0.800687  338
0.800895  380
0.801114  336
0.801636  145
0.801921  72
0.801931  69
0.80249  79
0.802521  360
0.802525  212
0.802791  295
0.802889  331
0.803014  203
0.803907  118
0.804103  353
0.804114  261
0.804121  384
0.804264  183
0.804271  5
0.804327  281
0.804351  52
0.804494  298
0.804529  173
0.804567  46
0.804582  156
0.804786  213
0.805036  187
0.805044  155
0.805204  90
0.805216  377
0.805278  343
0.8055  57
0.805549  270
0.805669  167
0.805817  325
0.805966  395
0.806026  328
0.806033  399
0.806053  324
0.806079  362
0.806092  397
0.806376  319
0.806568  296
0.806575  71
0.806813  92
0.807343  122
0.807361  98
0.807677  68
0.807717  348
0.807788  214
0.807881  150
0.807897  378
0.808211  317
0.808416  11
0.80842  80
0.8088  341
0.808953  371
0.809542  31
0.809668  368
0.809708  312
0.809732  74
0.80981  130
0.810354  37
0.81062  311
0.810659  135
0.810724  394
0.81135  376
0.811524  315
0.811544  137
0.812395  202
0.812481  345
0.812712  276
0.812888  280
0.813033  326
0.813268  258
0.813344  29
0.813372  134
0.813376  285
0.813471  152
0.813696  24
0.813732  76
0.813764  246
0.813846  396
0.813868  288
0.813985  236
0.814154  398
0.814195  373
0.814588  293
0.814651  352
0.814759  55
0.81525  169
0.815517  267
0.815621  197
0.815969  163
0.816205  160
0.816514  211
0.816671  123
0.816678  333
0.816683  229
0.816725  108
0.816726  320
0.816752  119
0.816765  235
0.816792  391
0.816799  225
0.816985  170
0.817057  151
0.817088  387
0.817227  217
0.817358  50
0.817448  313
0.817531  329
0.817639  301
0.817701  95
0.818194  294
0.818251  335
0.818265  304
0.818422  15
0.81882  347
0.818844  357
0.818858  354
0.819229  383
0.819261  107
0.820476  382
0.82071  340
0.82105  30
0.821162  179
0.82177  307
0.82187  351
0.821879  337
0.821907  237
0.822128  308
0.822422  355
0.82245  316
0.822475  390
0.822919  346
0.82301  75
0.823506  196
0.823759  379
0.823786  115
0.824076  365
0.824175  366
0.824639  149
0.824886  309
0.824943  305
0.82528  300
0.826262  207
0.826362  361
0.826658  372
0.826706  388
0.82818  393
0.82863  323
0.828834  67
0.829002  364
0.830168  84
0.831773  350
0.831843  61
0.831987  18
0.832208  192
0.832227  359
0.832425  385
0.832903  165
0.833748  87
0.833795  342
0.833983  182
0.834634  201
0.83485  198
0.835004  302
0.835124  360
0.835386  195
0.835737  233
0.83602  12
0.836101  344
0.836462  105
0.836542  109
0.837082  370
0.837169  275
0.837231  124
0.837464  303
0.838574  1
0.838604  374
0.838876  334
0.839204  367
0.839233  110
0.839351  3
0.839504  28
0.839647  268
0.839752  77
0.839779  290
0.840298  32
0.840379  349
0.841411  164
0.841524  186
0.841622  166
0.841677  16
0.84168  219
0.842027  215
0.842035  256
0.842165  210
0.842309  141
0.842437  282
0.842692  314
0.842774  264
0.843071  223
0.843226  255
0.843257  321
0.843261  252
0.843263  27
0.843287  204
0.84329  62
0.843319  181
0.84332  96
0.843544  42
0.843627  358
0.843669  224
0.843732  194
0.843781  154
0.843792  330
0.843852  318
0.843912  133
0.843928  392
0.843996  140
0.84404  339
0.844075  249
0.844096  6
0.844225  389
0.844343  121
0.844654  82
0.844713  111
0.844785  278
0.844944  363
0.845022  114
0.845241  221
0.845332  386
0.845358  177
0.845422  306
0.845435  106
0.845599  263
0.845903  332
0.84595  184
0.846038  180
0.846064  44
0.846499  362
0.846722  368
0.846734  17
0.847178  97
0.84744  380
0.84759  100
0.847827  22
0.847877  247
0.847884  375
0.847885  147
0.847948  157
0.847965  328
0.848063  286
0.848229  63
0.848282  304
0.848289  239
0.848421  394
0.848691  395
0.84879  248
0.848956  116
0.849276  25
0.849292  262
0.84941  353
0.849502  254
0.850204  131
0.85024  171
0.850377  175
0.850446  338
0.850469  189
0.850513  383
0.850531  396
0.850612  216
0.850704  331
0.850721  274
0.850805  98
0.85086  10
0.850923  310
0.851028  377
0.851135  81
0.851176  20
0.851342  132
0.851408  343
0.8516  240
0.851752  91
0.851761  337
0.851823  399
0.851824  51
0.851982  138
0.852207  300
0.852351  397
0.852493  305
0.852506  319
0.852511  36
0.852685  333
0.852843  379
0.852952  327
0.852964  292
0.853312  301
0.853329  311
0.853507  369
0.85375  308
0.854956  325
0.856038  376
0.856566  382
0.856714  103
0.856828  316
0.856857  348
0.856987  146
0.857298  322
0.857886  205
0.857897  345
0.857992  336
0.858914  206
0.858939  99
0.859356  64
0.859393  329
0.859586  381
0.859936  324
0.86018  384
0.860203  388
0.861037  142
0.861271  320
0.862241  148
0.862573  355
0.863037  390
0.863307  48
0.863729  54
0.864182  234
0.86438  351
0.864661  86
0.865172  360
0.865597  35
0.865773  312
0.865804  357
0.865817  193
0.865949  251
0.866042  232
0.866075  346
0.866084  373
0.866101  40
0.866113  340
0.866218  153
0.8665  34
0.866897  19
0.867724  352
0.867936  341
0.868375  243
0.869263  2
0.870457  302
0.870726  244
0.870728  372
0.871504  202
0.871522  347
0.871752  354
0.871804  364
0.872154  53
0.872432  65
0.872467  335
0.872666  309
0.873737  174
0.873793  229
0.873979  378
0.874046  365
0.874153  150
0.874323  293
0.874514  270
0.874731  113
0.874894  344
0.875237  359
0.876451  307
0.876946  118
0.877438  277
0.877843  93
0.878205  59
0.878228  314
0.878647  74
0.878679  56
0.878695  317
0.878706  387
0.878978  374
0.878984  72
0.87901  230
0.879098  313
0.879135  356
0.879172  385
0.879699  90
0.879878  371
0.880639  145
0.880679  315
0.880946  366
0.881207  326
0.881259  70
0.882495  393
0.882702  168
0.882798  143
0.882819  391
0.882946  361
0.882977  358
0.883403  212
0.884584  173
0.885204  41
0.885698  58
0.885762  7
0.885789  4
0.885863  227
0.885904  12
0.886119  125
0.886136  222
0.88616  265
0.886192  209
0.886233  139
0.886387  127
0.886691  152
0.886709  144
0.886779  66
0.886869  38
0.887051  68
0.887134  350
0.887242  101
0.887267  80
0.887268  233
0.887406  104
0.887523  52
0.887532  39
0.887562  178
0.887723  83
0.887825  43
0.887834  172
0.887857  67
0.887936  122
0.888048  261
0.888079  398
0.888225  27
0.888235  24
0.88844  334
0.888486  228
0.888493  129
0.888606  112
0.888841  332
0.888949  323
0.889244  349
0.889281  327
0.889347  304
0.889498  339
0.889689  325
0.889712  208
0.88983  213
0.889843  167
0.889956  176
0.889969  33
0.890212  245
0.890394  32
0.890411  272
0.89082  318
0.890824  200
0.891111  377
0.891541  242
0.891556  231
0.891698  190
0.891793  386
0.892068  120
0.892241  394
0.892462  182
0.892541  260
0.892671  362
0.892821  257
0.892958  337
0.892995  294
0.892998  61
0.89328  50
0.893308  161
0.893464  31
0.893483  45
0.893599  287
0.893942  8
0.89396  250
0.894103  319
0.894163  306
0.894246  286
0.894551  135
0.894617  5
0.894691  388
0.894698  305
0.894805  383
0.894832  397
0.894906  11
0.894947  169
0.89506  9
0.895105  369
0.895156  328
0.895356  320
0.895415  330
0.895617  37
0.895763  179
0.895975  196
0.896028  296
0.896143  384
0.896243  109
0.896658  49
0.896715  29
0.896838  124
0.896872  92
0.896906  289
0.896941  311
0.89701  185
0.897054  336
0.897359  14
0.897393  396
0.897519  346
0.897587  134
0.897608  353
0.897686  253
0.897897  301
0.898343  333
0.898627  380
0.898738  368
0.899074  355
0.899605  91
0.899707  375
0.899854  329
0.899885  381
0.899976  389
0.899978  390
0.90005  207
0.900207  370
0.9004  399
0.900673  322
0.900725  166
0.901757  160
0.901765  225
0.902193  321
0.902624  340
0.903018  310
0.903358  264
0.903551  392
0.903626  48
0.903769  238
0.903788  87
0.903898  367
0.904284  57
0.904629  357
0.905087  128
0.905319  345
0.905769  395
0.906586  364
0.907173  108
0.907276  26
0.90742  203
0.9079  382
0.908082  342
0.908236  343
0.908248  376
0.908346  373
0.909004  308
0.909306  280
0.910091  303
0.910185  379
0.911279  331
0.912088  123
0.912106  363
0.912371  278
0.912414  130
0.913141  316
0.91319  356
0.913286  75
0.913493  338
0.9135  199
0.913524  309
0.91359  344
0.914097  211
0.914138  84
0.915519  235
0.915624  335
0.915938  351
0.916366  271
0.916499  348
0.917455  324
0.91797  314
0.918279  347
0.918771  365
0.918832  96
0.918892  292
0.919109  217
0.919175  269
0.919229  35
0.919749  252
0.9199  63
0.920162  341
0.920181  360
0.92039  256
0.920923  374
0.921027  30
0.921161  300
0.921335  366
0.921495  359
0.921514  60
0.922164  354
0.922392  197
0.922643  117
0.923098  201
0.923336  312
0.923426  282
0.923491  393
0.925838  148
0.925958  74
0.92636  115
0.926511  184
0.926544  165
0.9266  387
0.926668  307
0.926894  259
0.926945  302
0.927068  241
0.927475  371
0.927584  255
0.927642  89
0.927652  361
0.927655  55
0.927818  313
0.928224  362
0.928299  102
0.928557  226
0.929998  158
0.931126  133
0.931567  284
0.931603  44
0.931764  159
0.931859  349
0.932004  378
0.932461  94
0.932722  113
0.932856  111
0.933028  76
0.93326  317
0.933291  140
0.933392  77
0.933487  288
0.933514  218
0.933584  99
0.933594  385
0.934007  163
0.934088  116
0.93479  268
0.934867  297
0.934875  232
0.935204  21
0.935299  372
0.935339  258
0.93536  237
0.93537  18
0.935417  352
0.935442  192
0.935506  205
0.935543  266
0.935568  136
0.935583  42
0.935821  170
0.935852  88
0.93586  326
0.935887  370
0.935897  375
0.935897  121
0.935907  327
0.936041  73
0.93612  142
0.936186  69
0.936588  155
0.936854  377
0.937044  334
0.937137  149
0.937371  358
0.937561  368
0.937672  319
0.937677  276
0.937734  389
0.938292  306
0.938316  34
0.938458  28
0.938605  248
0.938719  398
0.938886  95
0.938981  350
0.939169  273
0.939579  318
0.940193  85
0.940327  82
0.940469  189
0.9405  162
0.94052  151
0.9408  325
0.940831  36
0.940903  262
0.941086  143
0.941251  339
0.941286  395
0.941371  126
0.941439  187
0.94174  20
0.941793  396
0.941877  305
0.941949  336
0.94211  3
0.94242  46
0.942459  156
0.942586  247
0.942794  328
0.943162  147
0.943191  320
0.943283  188
0.943464  221
0.943681  47
0.943691  177
0.943692  333
0.943782  137
0.943861  316
0.943965  308
0.944161  386
0.944187  337
0.944337  249
0.944386  301
0.944612  210
0.944929  394
0.944935  331
0.945234  390
0.945469  311
0.946091  64
0.946665  50
0.946979  399
0.947112  384
0.947297  314
0.947495  7
0.947883  376
0.948066  43
0.948183  321
0.948303  388
0.948819  310
0.949263  363
0.949287  382
0.949942  351
0.949955  345
0.95044  114
0.950633  138
0.950862  304
0.952659  346
0.953042  260
0.953081  183
0.953082  364
0.953339  214
0.954875  79
0.955192  290
0.955228  154
0.955846  340
0.955904  355
0.956075  381
0.956474  391
0.956596  58
0.957081  242
0.957086  39
0.9572  303
0.957689  367
0.958106  246
0.958524  72
0.959084  330
0.959121  313
0.959147  275
0.959383  206
0.959393  329
0.95942  208
0.959551  263
0.959864  342
0.960712  171
0.960992  344
0.961078  360
0.961087  322
0.961259  198
0.961388  338
0.961943  53
0.962036  369
0.962204  2
0.963121  361
0.963589  332
0.964045  298
0.964634  93
0.964702  270
0.964937  15
0.965185  220
0.965759  348
0.965761  335
0.965831  293
0.965865  267
0.966179  353
0.966364  373
0.966605  10
0.966692  212
0.966712  291
0.966944  383
0.967419  80
0.967644  357
0.967702  380
0.968134  81
0.968135  343
0.96838  269
0.968733  145
0.968798  397
0.969177  347
0.969375  366
0.969443  27
0.97077  300
0.971041  371
0.971291  153
0.971515  279
0.971669  323
0.972252  54
0.97268  129
0.97313  127
0.973311  315
0.973579  393
0.973909  92
0.974396  282
0.974476  398
0.974518  167
0.974535  241
0.975151  317
0.975475  195
0.97562  33
0.97569  22
0.976086  40
0.976436  35
0.976446  285
0.976454  61
0.976617  236
0.976711  71
0.976748  225
0.976816  120
0.976994  356
0.97705  379
0.9771  374
0.977182  272
0.977212  169
0.977225  78
0.977228  283
0.977231  309
0.977274  209
0.977308  341
0.977353  292
0.97744  32
0.977638  259
0.977867  385
0.977953  13
0.977993  122
0.978066  56
0.978099  118
0.978218  238
0.97823  191
0.978266  392
0.978283  108
0.978402  109
0.978569  162
0.978662  368
0.979209  234
0.979428  84
0.979515  83
0.979662  6
0.979825  324
0.980011  277
0.980183  288
0.980215  396
0.980267  372
0.980291  134
0.980471  8
0.980769  185
0.980787  101
0.980864  181
0.980873  17
0.980878  117
0.980884  239
0.980888  375
0.980956  349
0.981045  271
0.981068  378
0.981069  37
0.98117  227
0.98118  217
0.981187  334
0.981279  261
0.981602  97
0.981609  318
0.981798  174
0.981849  219
0.981881  359
0.982063  389
0.982162  52
0.982327  68
0.982496  1
0.982547  320
0.982565  196
0.982603  88
0.982647  326
0.982961  24
0.982974  226
0.982974  124
0.983106  352
0.98315  139
0.983436  319
0.983464  141
0.983509  152
0.983522  25
0.983532  160
0.98369  110
0.983693  316
0.983909  188
0.983981  286
0.984031  311
0.984086  306
0.984367  51
0.984419  144
0.98444  387
0.984454  38
0.984773  350
0.984861  143
0.984886  103
0.985064  301
0.985544  308
0.985591  251
0.985622  146
0.985832  164
0.985953  59
0.98614  197
0.986537  321
0.986601  358
0.986632  295
0.986638  307
0.986771  354
0.986797  345
0.986888  312
0.987016  192
0.987025  4
0.987126  328
0.987173  100
0.987222  281
0.987266  399
0.987348  98
0.987371  194
0.987456  74
0.987463  362
0.987495  199
0.987976  367
0.988042  30
0.988046  166
0.988103  244
0.988422  365
0.989764  193
0.989793  391
0.990016  175
0.990017  11
0.990354  177
0.990445  340
0.990492  332
0.990735  310
0.990813  327
0.990945  189
0.991335  395
0.991373  336
0.991458  337
0.991754  360
0.991845  314
0.992119  187
0.992126  377
0.99237  364
0.992464  294
0.992939  322
0.993451  19
0.993817  170
0.994263  70
0.994266  229
0.994364  339
0.99464  394
0.994649  231
0.995166  31
0.995557  370
0.996171  173
0.996511  297
0.996833  157
0.996901  381
0.997065  331
0.997167  280
0.99723  302
0.997326  351
0.997355  65
0.997489  136
0.997509  243
0.997571  376
0.99767  250
0.997729  355
0.99799  36
0.99809  57
0.998171  257
0.998391  346
0.998586  255
0.998622  388
0.998744  325
0.999598  106
0.999665  276
0.9998  338
