0.0374871  126
0.0380682  156
0.0381214  371
0.0386949  218
0.0388366  368
0.0392537  377
0.0395408  209
0.0399346  71
0.0399559  390
0.039999  328
0.0401243  176
0.0403897  220
0.0404259  207
0.0405825  37
0.0408401  369
0.0408431  222
0.0408474  116
0.0409515  365
0.0410131  340
0.0410282  381
0.0410839  4
0.0410848  190
0.0411496  112
0.0411837  344
0.0413035  128
0.0414683  391
0.041508  294
0.0415326  291
0.0415519  350
0.0417054  87
0.0417056  208
0.0417514  346
0.0417524  279
0.0418275  76
0.0418576  329
0.0419113  389
0.041926  145
0.0419706  266
0.0420901  300
0.0421678  132
0.042181  311
0.0421879  30
0.0421911  233
0.0422106  44
0.0422276  60
0.0422605  1
0.0422964  143
0.0423133  356
0.0423176  315
0.0423618  355
0.0423664  165
0.0424201  7
0.042425  52
0.0424288  235
0.0424293  264
0.0424869  98
0.0424924  200
0.0425066  198
0.042541  282
0.0425759  314
0.0426133  170
0.0426329  239
0.042652  335
0.0427227  79
0.042768  247
0.0427753  43
0.0427906  36
0.042799  316
0.0428102  19
0.0428227  249
0.0428457  3
0.0428536  360
0.0428586  358
0.0428646  317
0.0428883  21
0.042892  349
0.0428978  310
0.0429581  111
0.0429732  175
0.042975  153
0.043013  41
0.0430321  375
0.0430348  201
0.0430383  95
0.0430384  242
0.0430594  54
0.0430656  341
0.0430987  243
0.0431032  366
0.0431111  388
0.0431316  345
0.043163  34
0.0431695  178
0.0431765  351
0.0432027  56
0.0432113  364
0.0432152  227
0.0432167  113
0.0432174  252
0.0432176  290
0.0432343  225
0.0432358  104
0.0432381  211
0.0432515  35
0.0432746  81
0.0432783  397
0.043287  299
0.0432872  274
0.0432939  67
0.0433012  248
0.0433131  296
0.0433342  162
0.043336  64
0.043344  144
0.0433446  384
0.0433661  254
0.0433718  185
0.0433797  352
0.0433798  28
0.0433823  309
0.0433873  331
0.0434063  151
0.0434162  308
0.0434218  105
0.0434251  361
0.043435  343
0.043441  86
0.0434626  193
0.0434656  285
0.0434694  319
0.0434822  57
0.0434939  399
0.0435145  347
0.0435257  305
0.0435283  234
0.0435511  205
0.0435618  348
0.0435647  82
0.0435701  140
0.0435743  253
0.0435834  303
0.0435921  148
0.0435922  106
0.0435933  334
0.0435947  251
0.0436032  160
0.043624  224
0.0436278  304
0.043644  181
0.0436447  318
0.0436646  396
0.0436756  125
0.0436759  387
0.0436773  14
0.0436793  363
0.0436902  59
0.0436954  74
0.0436962  68
0.0437019  183
0.0437063  90
0.0437171  6
0.0437258  221
0.0437456  11
0.0437467  216
0.0437471  301
0.0437472  196
0.043773  212
0.0437737  18
0.0437956  83
0.043796  172
0.0437976  359
0.0438009  10
0.0438185  8
0.0438256  383
0.0438724  42
0.0438875  134
0.0438892  332
0.0438901  141
0.0438906  354
0.0438956  15
0.0438961  29
0.0438985  232
0.043903  92
0.0439041  70
0.0439059  323
0.0439068  342
0.0439189  69
0.0439268  392
0.0439312  298
0.043932  5
0.0439324  192
0.0439393  325
0.0439406  336
0.0439423  283
0.0439429  72
0.0439465  51
0.0439672  272
0.0439809  288
0.0439869  97
0.0440082  374
0.0440099  32
0.0440202  164
0.0440311  122
0.0440318  372
0.0440321  33
0.0440336  327
0.0440441  333
0.0440447  386
0.0440538  152
0.0440677  180
0.04408  49
0.0440875  155
0.0440968  63
0.0441006  322
0.0441029  241
0.0441199  378
0.044123  357
0.0441237  23
0.0441306  257
0.0441306  339
0.0441369  2
0.0441433  184
0.0441479  189
0.0441494  230
0.0441494  330
0.0441527  373
0.0441563  313
0.044159  16
0.0441594  61
0.0441685  161
0.0441699  379
0.0441763  306
0.0441816  115
0.0441852  62
0.044195  324
0.0442  275
0.0442016  395
0.0442095  256
0.0442098  307
0.0442153  197
0.0442154  84
0.0442239  50
0.0442281  367
0.0442287  179
0.0442415  210
0.0442507  202
0.0442621  27
0.0442743  46
0.0442754  55
0.0442831  236
0.0442865  103
0.0442899  261
0.0442938  53
0.044298  58
0.0443003  219
0.0443148  398
0.0443209  293
0.044355  20
0.044384  321
0.0443849  337
0.0444042  194
0.0444058  292
0.044406  237
0.044407  169
0.0444106  214
0.0444298  136
0.0444486  238
0.0444579  146
0.0444584  380
0.0444602  338
0.0444635  89
0.0444893  24
0.0444964  22
0.0445084  382
0.0445404  129
0.0445408  259
0.0445409  278
0.0445415  39
0.0445416  280
0.0445439  137
0.0445443  295
0.0445505  166
0.0445527  157
0.0445713  376
0.0445996  182
0.0446169  25
0.0446336  199
0.0446681  154
0.0446752  75
0.0446893  131
0.0447109  135
0.0447179  245
0.0447354  31
0.0447387  273
0.0447516  393
0.0447522  65
0.0447542  168
0.0447841  362
0.0448066  385
0.0448177  130
0.0448337  191
0.0448469  297
0.0448477  302
0.0448485  96
0.0448513  150
0.0448735  100
0.0448877  102
0.0448898  240
0.0448929  370
0.0449096  174
0.0449131  353
0.044934  124
0.0449681  320
0.0449774  139
0.0449848  120
0.0449988  289
0.0450116  138
0.0450703  229
0.0451033  231
0.0451225  326
0.0451414  265
0.0451699  203
0.0451844  127
0.0451874  147
0.0451921  217
0.0452006  66
0.0452042  167
0.045206  99
0.0452096  47
0.0452179  85
0.0452226  48
0.0452411  267
0.0452473  187
0.0452566  312
0.0452889  91
0.0453349  186
0.0453416  158
0.0453424  223
0.0453712  77
0.0453912  13
0.0454009  163
0.0454133  394
0.0454269  177
0.0454501  40
0.0454597  101
0.045474  78
0.0454743  94
0.0454761  38
0.0454861  213
0.04549  109
0.0454931  206
0.0455214  276
0.0455862  149
0.0455981  284
0.0456052  171
0.0456138  88
0.0456244  195
0.0456496  262
0.0456621  269
0.0456832  73
0.0457089  110
0.0458092  26
0.04585  271
0.045852  287
0.0458589  107
0.0458683  204
0.0458926  159
0.045897  188
0.0458995  255
0.0459561  17
0.046021  45
0.04608  286
0.0460936  108
0.0461454  228
0.0461678  329
0.0461986  123
0.0462008  258
0.0462038  281
0.0462355  142
0.0462666  215
0.0463016  173
0.0464468  277
0.0464697  260
0.0465621  121
0.0466477  270
0.0468431  250
0.0468882  37
0.0468932  226
0.0469218  93
0.0469332  377
0.0469758  268
0.0470061  133
0.047009  368
0.0470279  381
0.0470581  371
0.0470698  117
0.0470967  12
0.0471397  375
0.0472117  9
0.0472165  80
0.0472499  390
0.0473139  340
0.0473215  388
0.0474737  0
0.0474864  119
0.0475604  114
0.0477221  328
0.0477317  118
0.0478158  244
0.0480269  246
0.0480651  336
0.0480726  387
0.0480965  306
0.0482284  76
0.0482384  318
0.0482876  315
0.0483089  41
0.0483201  113
0.0483241  263
0.0483664  5
0.0485119  343
0.0486115  364
0.0486702  279
0.0487339  201
0.049403  331
0.0495622  346
0.0495899  396
0.0496052  311
0.0497032  150
0.049805  367
0.0499593  126
0.0502791  195
0.050366  222
0.0504225  344
0.0506588  56
0.0506879  212
0.0507357  398
0.0508313  372
0.0509888  264
0.0513511  382
0.0514479  309
0.0516547  224
0.0516741  307
0.0516794  303
0.051863  314
0.0520721  362
0.05209  106
0.0521473  256
0.0523468  160
0.052385  153
0.0525402  248
0.0527303  144
0.0530229  175
0.0531467  143
0.0532621  394
0.0532627  273
0.0532915  148
0.0533192  85
0.0533355  50
0.0534644  170
0.0537873  332
0.0540274  278
0.05405  321
0.0543966  7
0.0550955  220
0.0551699  233
0.0552385  88
0.0556171  375
0.0557215  300
0.0560187  355
0.0563769  301
0.057341  391
0.0579151  294
0.0580039  49
0.0580618  118
0.0584898  359
0.0585009  107
0.0586886  75
0.0588821  36
0.0591383  371
0.0594508  319
0.0598043  145
0.0599857  369
0.060347  46
0.0604932  324
0.0614669  31
0.0619928  229
0.0629311  340
0.0629791  356
0.0630223  380
0.0630845  392
0.063947  370
0.0663276  310
0.0678159  8
0.0679349  328
0.0687584  182
0.0688234  39
0.0689481  388
0.0703396  358
0.0706685  326
0.0715257  377
0.0721879  55
0.0729578  338
0.074233  381
0.0745523  207
0.0769006  237
0.077354  346
0.0776667  71
0.0786005  363
0.0787568  368
0.0797851  305
0.0828152  255
0.084234  334
0.0844517  347
0.0847888  329
0.0865501  320
0.0875209  336
0.0875289  116
0.088183  218
0.0896182  316
0.0901446  128
0.0904101  253
0.0906354  345
0.0907029  317
0.0909538  308
0.091161  254
0.0915369  350
0.0919594  327
0.0923481  396
0.09378  37
0.0938573  311
0.0946735  341
0.0954545  322
0.0959002  242
0.0961416  373
0.0972942  303
0.0973465  245
0.09748  323
0.0980415  309
0.0982376  87
0.0999374  395
0.101222  366
0.10136  163
0.101442  185
0.101509  141
0.101665  325
0.101666  286
0.102553  372
0.103458  387
0.103717  213
0.103974  230
0.104234  342
0.104263  94
0.104649  304
0.104716  384
0.105181  147
0.105196  109
0.105572  335
0.10562  19
0.106037  343
0.106051  354
0.10611  360
0.10632  82
0.106413  344
0.106674  397
0.107444  378
0.107465  353
0.107513  275
0.107587  337
0.107884  35
0.108288  399
0.108609  59
0.108783  331
0.109464  312
0.109522  79
0.109706  192
0.110459  142
0.110542  352
0.110779  348
0.111558  393
0.11184  103
0.112071  307
0.112167  223
0.11244  330
0.112592  125
0.112635  200
0.112731  28
0.11316  314
0.113258  91
0.113652  138
0.114174  4
0.114194  179
0.11436  225
0.114384  187
0.114444  134
0.114613  339
0.114944  117
0.115065  84
0.115199  313
0.115426  349
0.115518  367
0.115797  139
0.116193  386
0.116265  90
0.116491  365
0.116512  315
0.116719  319
0.11734  290
0.117454  227
0.117665  167
0.117738  321
0.117868  262
0.118117  210
0.118324  270
0.118929  333
0.118957  120
0.119106  361
0.119312  381
0.119488  332
0.119638  292
0.120088  232
0.120421  265
0.120744  159
0.121344  78
0.121576  374
0.121996  295
0.122081  184
0.122225  158
0.122311  228
0.122663  222
0.12298  86
0.123005  243
0.12301  104
0.123304  358
0.123755  383
0.123984  33
0.124121  356
0.124336  385
0.124554  144
0.124716  306
0.125139  379
0.125447  351
0.125449  83
0.125458  338
0.125693  376
0.125956  181
0.126018  156
0.12641  235
0.126454  95
0.126831  263
0.126858  391
0.127596  359
0.127797  310
0.127994  318
0.127997  197
0.127997  394
0.128228  390
0.128247  216
0.128455  369
0.128779  301
0.129409  136
0.129411  123
0.129423  161
0.129599  389
0.129655  305
0.129803  357
0.12984  362
0.130246  211
0.130507  246
0.130522  202
0.130783  208
0.131329  43
0.131467  355
0.131734  121
0.131953  300
0.132196  317
0.132475  268
0.1326  279
0.132934  77
0.133139  45
0.133192  164
0.133476  21
0.133515  364
0.133533  13
0.13379  346
0.134007  316
0.134482  236
0.134782  188
0.134837  155
0.135068  377
0.135117  65
0.135207  80
0.135465  320
0.135505  271
0.135546  382
0.135572  308
0.135718  326
0.136233  324
0.13627  0
0.136698  176
0.136738  309
0.136965  287
0.136991  191
0.137031  280
0.137284  24
0.137503  392
0.137563  183
0.137606  171
0.138081  311
0.138211  363
0.138392  30
0.138471  398
0.138508  206
0.138533  303
0.138629  396
0.138735  247
0.138815  371
0.138867  34
0.138889  341
0.138978  44
0.13908  57
0.139099  340
0.139223  329
0.139391  327
0.139403  347
0.139525  261
0.139541  60
0.139747  350
0.13975  25
0.139761  98
0.139889  133
0.139914  112
0.140075  399
0.140101  124
0.140275  110
0.140392  250
0.140496  264
0.140571  281
0.140661  196
0.140826  20
0.14086  54
0.140902  174
0.14093  257
0.141057  160
0.141111  221
0.141196  169
0.141233  368
0.141274  325
0.141389  41
0.141473  322
0.141546  304
0.14155  219
0.141585  71
0.141826  375
0.141828  370
0.141961  102
0.142092  302
0.142379  330
0.142496  395
0.142617  73
0.142965  291
0.142981  380
0.143026  99
0.14313  190
0.143303  29
0.143542  6
0.143609  336
0.143668  109
0.143715  337
0.143773  367
0.143846  81
0.143873  328
0.144088  3
0.144096  40
0.144107  397
0.144181  152
0.144454  342
0.144632  194
0.14489  180
0.14496  56
0.145197  148
0.145333  69
0.145546  387
0.14555  345
0.145894  319
0.146015  244
0.146062  154
0.146206  74
0.146317  241
0.14633  93
0.146483  76
0.146575  249
0.14659  96
0.146673  178
0.147069  312
0.147143  233
0.147282  258
0.147361  373
0.147394  388
0.14743  67
0.147565  289
0.147574  9
0.147668  381
0.147672  343
0.147738  352
0.147877  372
0.147974  313
0.14814  163
0.148219  204
0.148422  331
0.148664  348
0.148839  58
0.148853  165
0.149278  214
0.149349  256
0.149431  354
0.149471  266
0.149685  173
0.149751  288
0.149752  335
0.149944  212
0.149947  296
0.150122  50
0.150212  234
0.150288  366
0.150333  18
0.150441  353
0.150736  323
0.150995  116
0.151079  284
0.15124  97
0.151535  306
0.151764  146
0.151897  339
0.151961  314
0.152079  130
0.152127  32
0.152255  321
0.152429  315
0.152442  10
0.152443  114
0.152927  220
0.152989  42
0.153184  378
0.15326  209
0.153296  285
0.153411  384
0.153474  338
0.153496  360
0.153561  260
0.153685  334
0.153709  307
0.154049  332
0.154175  7
0.154224  85
0.154702  239
0.154844  145
0.155036  62
0.155446  47
0.155493  253
0.155607  203
0.15564  333
0.155751  193
0.155811  385
0.155896  283
0.155898  5
0.155989  231
0.156303  272
0.156329  358
0.156601  48
0.156641  269
0.156851  129
0.157046  131
0.157129  383
0.15729  108
0.157292  369
0.157451  318
0.157592  92
0.158201  386
0.158311  147
0.158466  292
0.158657  277
0.158799  357
0.158868  305
0.158869  12
0.158948  205
0.1591  309
0.159328  51
0.159395  317
0.159417  36
0.159426  376
0.159481  316
0.159514  393
0.159804  300
0.159806  182
0.159895  390
0.160202  52
0.160474  248
0.160534  157
0.160593  189
0.160606  377
0.160875  259
0.161155  379
0.161251  113
0.161319  122
0.161384  355
0.161796  61
0.161855  101
0.162124  389
0.162428  46
0.162636  310
0.162729  364
0.163126  344
0.164013  210
0.164094  14
0.164156  100
0.164205  375
0.164258  349
0.164498  276
0.164602  365
0.164902  252
0.166013  361
0.167774  271
0.168843  68
0.168984  27
0.169018  15
0.169221  255
0.169928  111
0.170106  143
0.170123  354
0.170246  224
0.17033  359
0.170354  79
0.170387  347
0.170498  370
0.170509  199
0.171419  397
0.171617  301
0.171666  172
0.171678  325
0.171841  322
0.17202  328
0.17231  297
0.172479  295
0.172585  226
0.172817  106
0.172856  1
0.172959  11
0.17299  374
0.173121  70
0.173414  362
0.173507  394
0.173547  127
0.173649  135
0.173858  356
0.174246  304
0.174478  75
0.174814  395
0.174893  391
0.174947  201
0.174973  311
0.175217  324
0.175301  320
0.175383  341
0.175412  373
0.175492  267
0.175591  83
0.175822  298
0.175865  128
0.175938  227
0.176421  303
0.176598  382
0.176756  245
0.176913  326
0.176952  22
0.177104  19
0.177224  371
0.177484  350
0.177768  392
0.178297  254
0.178519  299
0.178853  64
0.179029  177
0.179282  346
0.179536  302
0.180608  308
0.180679  351
0.180878  151
0.180879  340
0.182038  398
0.185472  166
0.185904  225
0.186681  396
0.18706  367
0.187433  315
0.187842  363
0.188779  290
0.188895  387
0.189418  28
0.189511  388
0.189846  381
0.190183  72
0.191239  216
0.191572  115
0.191715  228
0.192389  256
0.192477  352
0.192629  313
0.193019  335
0.194475  25
0.196079  312
0.197287  200
0.197498  327
0.197714  186
0.197734  274
0.198296  181
0.198524  211
0.198891  60
0.199272  378
0.199394  49
0.199506  319
0.199776  329
0.200015  399
0.200044  384
0.200051  372
0.200692  390
0.200887  195
0.20092  137
0.200968  368
0.200988  306
0.201102  51
0.201782  286
0.201832  82
0.20193  342
0.201951  168
0.202668  218
0.202739  317
0.202987  240
0.202991  323
0.203321  43
0.203902  305
0.204233  237
0.204462  358
0.204529  380
0.204554  242
0.204637  24
0.204652  156
0.204814  197
0.205002  117
0.205084  104
0.205464  30
0.205592  198
0.205717  162
0.206582  187
0.206608  318
0.206777  138
0.206977  330
0.206995  383
0.207206  45
0.207283  353
0.208133  385
0.208186  155
0.20829  142
0.208541  348
0.208611  316
0.208743  55
0.208772  293
0.209037  103
0.20908  275
0.209127  215
0.20919  188
0.209291  125
0.209673  314
0.209793  94
0.209894  282
0.210094  208
0.210259  86
0.210281  266
0.210322  386
0.210357  192
0.210402  307
0.210515  334
0.210763  364
0.210865  175
0.210887  333
0.210892  170
0.211009  337
0.211033  107
0.211238  241
0.211388  207
0.211452  321
0.211464  366
0.21168  37
0.211878  236
0.211898  263
0.211956  7
0.212073  31
0.212177  66
0.212316  150
0.212357  391
0.212479  343
0.212655  154
0.212656  39
0.212741  262
0.21277  345
0.212808  140
0.212826  344
0.213246  311
0.213442  84
0.213689  160
0.213873  176
0.213906  169
0.214227  2
0.214358  338
0.214836  8
0.215031  336
0.215123  35
0.215161  389
0.215326  268
0.215408  50
0.215462  332
0.215692  310
0.215732  153
0.215753  213
0.215951  119
0.21596  376
0.216087  300
0.216147  100
0.216226  78
0.216321  346
0.216326  121
0.216446  341
0.216664  349
0.216708  354
0.216806  113
0.216876  210
0.217106  33
0.217155  269
0.217246  331
0.217506  95
0.217613  272
0.217644  126
0.217683  394
0.217699  320
0.217778  53
0.21782  294
0.217881  71
0.217966  377
0.218017  123
0.218161  190
0.218215  308
0.218318  163
0.218344  65
0.218345  362
0.218378  397
0.218487  10
0.218585  355
0.218592  296
0.218705  34
0.218806  278
0.218811  109
0.218936  259
0.218994  339
0.218997  347
0.219011  382
0.219062  133
0.21908  273
0.219212  202
0.219261  360
0.219545  356
0.219627  291
0.21972  144
0.219773  292
0.219813  396
0.21985  325
0.219869  370
0.219873  357
0.219967  371
0.220194  212
0.220402  174
0.220552  324
0.220605  206
0.220681  359
0.220782  131
0.220795  375
0.220838  304
0.220963  395
0.22099  99
0.221031  365
0.221134  301
0.221224  196
0.22132  387
0.221741  250
0.221815  388
0.22195  309
0.222418  217
0.222452  132
0.222598  234
0.223169  379
0.223207  59
0.223441  393
0.223697  205
0.22378  392
0.2239  135
0.224002  363
0.224355  313
0.224368  6
0.224379  48
0.224451  9
0.224618  69
0.224855  265
0.225009  398
0.225237  361
0.225521  322
0.225678  230
0.2258  312
0.22607  4
0.226643  54
0.226812  340
0.227553  350
0.227646  374
0.227789  85
0.228341  70
0.228546  147
0.22937  221
0.22953  306
0.229844  243
0.229901  369
0.229938  358
0.229948  302
0.231185  164
0.231457  373
0.231548  115
0.232578  238
0.232736  319
0.233133  305
0.233433  32
0.234559  342
0.234716  96
0.23521  15
0.236113  280
0.236142  289
0.236538  225
0.237193  328
0.237308  307
0.237328  80
0.237676  318
0.237932  367
0.238034  81
0.238294  171
0.238914  390
0.240166  195
0.240557  335
0.240692  381
0.241094  329
0.241881  384
0.242123  399
0.242421  368
0.24252  58
0.243547  351
0.244038  93
0.244184  233
0.244626  327
0.244962  348
0.245585  56
0.246709  352
0.247235  112
0.247259  353
0.248388  136
0.248806  235
0.249637  317
0.249919  108
0.250037  63
0.250504  118
0.250868  19
0.250935  178
0.253114  139
0.253209  254
0.253256  57
0.253304  173
0.253315  89
0.253484  295
0.253681  339
0.253688  337
0.254289  298
0.254821  16
0.254979  102
0.255158  311
0.255574  14
0.255605  385
0.255655  332
0.255721  220
0.255771  98
0.255866  0
0.256051  321
0.25615  193
0.256195  303
0.256229  52
0.256242  159
0.256375  380
0.256614  378
0.256676  345
0.256773  18
0.256877  246
0.257012  157
0.257032  274
0.257066  181
0.257128  101
0.257222  316
0.257334  224
0.257381  77
0.257416  372
0.257431  226
0.257501  323
0.257613  151
0.257753  315
0.257758  314
0.257777  354
0.257818  189
0.257945  275
0.258162  248
0.258292  21
0.258392  158
0.258493  383
0.25868  5
0.258722  276
0.258772  38
0.258924  252
0.259014  229
0.259382  191
0.259471  251
0.259485  62
0.259538  391
0.259549  51
0.259635  97
0.259645  126
0.259776  257
0.259787  395
0.260064  3
0.260146  120
0.26015  366
0.260226  271
0.260284  326
0.260446  310
0.260494  253
0.260515  255
0.260607  166
0.260818  26
0.260927  148
0.260944  290
0.260947  202
0.261027  184
0.261029  382
0.261081  349
0.261219  144
0.261234  23
0.261338  219
0.261351  180
0.261361  104
0.261414  288
0.261426  300
0.261443  201
0.261499  244
0.261512  343
0.261679  20
0.26184  346
0.261866  68
0.261888  264
0.261921  12
0.261951  330
0.262037  304
0.262051  338
0.262063  364
0.26218  186
0.262224  76
0.262254  182
0.262286  341
0.26238  60
0.262458  149
0.262524  362
0.262528  172
0.262533  122
0.262573  393
0.262755  397
0.262825  239
0.262878  170
0.262949  357
0.263016  266
0.263076  203
0.263164  211
0.263219  130
0.263305  325
0.263333  167
0.263367  227
0.263386  90
0.263386  333
0.263402  284
0.263413  242
0.26348  313
0.263499  92
0.263583  270
0.263605  207
0.263622  344
0.263722  370
0.263724  75
0.263745  231
0.263782  74
0.263783  44
0.263841  177
0.263872  331
0.26398  322
0.263986  287
0.264037  83
0.264066  64
0.264101  301
0.264117  374
0.264277  365
0.264336  318
0.264386  107
0.264391  121
0.264428  42
0.264454  308
0.264473  371
0.264477  87
0.264489  209
0.264518  319
0.264578  334
0.26463  336
0.26481  376
0.264825  116
0.264861  269
0.26504  396
0.265079  261
0.265098  106
0.265118  161
0.265155  79
0.265255  40
0.265295  302
0.265337  394
0.265418  359
0.265524  350
0.265565  247
0.265573  28
0.265615  197
0.265678  297
0.265699  328
0.265737  369
0.26575  387
0.265755  353
0.265903  137
0.265913  82
0.266141  285
0.266193  381
0.266514  356
0.266515  30
0.266515  363
0.266557  375
0.266594  388
0.266615  256
0.26665  305
0.266873  194
0.266912  263
0.266984  1
0.267066  41
0.267084  347
0.267119  398
0.267166  138
0.267195  114
0.267242  169
0.267271  235
0.267284  320
0.267369  67
0.267435  154
0.267455  31
0.267527  29
0.267559  141
0.267586  355
0.267588  306
0.267606  125
0.26764  312
0.267649  4
0.267677  43
0.267691  39
0.267812  213
0.267864  215
0.267883  17
0.267919  165
0.267945  386
0.267954  358
0.268019  342
0.268088  368
0.268248  360
0.26844  208
0.268502  299
0.268649  175
0.268663  379
0.268737  245
0.268816  282
0.268821  361
0.268879  352
0.268925  399
0.268998  160
0.269222  232
0.269275  216
0.269318  373
0.269318  286
0.269603  212
0.269633  84
0.269775  377
0.26978  389
0.269796  228
0.269996  309
0.270301  307
0.270375  324
0.270438  390
0.270753  110
0.270944  10
0.271088  222
0.271126  113
0.271389  278
0.271527  339
0.271569  293
0.271711  384
0.271889  281
0.272043  117
0.272157  71
0.272238  105
0.272273  168
0.272321  265
0.272447  392
0.272619  267
0.272701  340
0.272853  95
0.273159  346
0.273285  100
0.273305  9
0.273438  61
0.273536  72
0.27371  78
0.273753  367
0.274976  55
0.275139  317
0.27528  335
0.275381  188
0.276414  124
0.276743  32
0.277106  50
0.277692  351
0.278204  249
0.27862  323
0.279015  202
0.27909  88
0.279965  329
0.280312  395
0.280795  94
0.28171  221
0.282002  385
0.282157  49
0.28235  289
0.283281  91
0.283336  330
0.283858  93
0.283888  54
0.284564  354
0.284731  326
0.284953  304
0.28504  348
0.285732  327
0.285747  128
0.286125  155
0.286768  183
0.288062  362
0.288369  296
0.289299  258
0.289433  310
0.289558  350
0.289908  251
0.290149  372
0.291119  226
0.291145  378
0.291357  240
0.291365  313
0.292413  59
0.292583  370
0.292662  243
0.292752  218
0.292972  311
0.293586  316
0.294036  47
0.294081  382
0.294369  69
0.294715  73
0.295066  321
0.295261  357
0.295361  45
0.295743  374
0.295871  273
0.296332  152
0.296949  396
0.297381  146
0.297499  135
0.297707  397
0.297907  15
0.298413  99
0.298693  291
0.298877  162
0.298974  302
0.299101  380
0.299185  227
0.299568  213
0.300136  257
0.300165  127
0.300205  119
0.30075  300
0.30076  48
0.300925  325
0.301494  376
0.301549  179
0.301903  8
0.301921  200
0.302014  56
0.302246  352
0.302552  34
0.302658  223
0.302777  371
0.302777  315
0.302835  262
0.302836  37
0.302921  343
0.303097  341
0.303638  366
0.303796  38
0.304187  143
0.304422  157
0.304653  190
0.304848  103
0.30494  338
0.305246  80
0.305266  145
0.305396  386
0.305445  381
0.306197  393
0.306371  25
0.306512  369
0.306518  359
0.306717  360
0.306798  377
0.307019  250
0.307246  241
0.307258  383
0.307266  308
0.307552  192
0.307584  60
0.307663  13
0.307824  292
0.307911  36
0.307941  294
0.308017  115
0.308054  19
0.308225  33
0.308255  205
0.308366  260
0.308513  111
0.308525  332
0.30855  185
0.308718  176
0.308733  134
0.309088  365
0.309109  355
0.309168  7
0.309223  96
0.309306  394
0.309359  312
0.30969  214
0.309721  375
0.309747  337
0.310031  367
0.310142  306
0.310162  150
0.310166  193
0.310222  303
0.310312  301
0.310477  81
0.310613  349
0.310696  322
0.310714  318
0.311032  344
0.311733  342
0.311914  361
0.31245  358
0.312784  305
0.313146  364
0.313226  356
0.313293  174
0.313437  233
0.313489  237
0.313492  389
0.313607  210
0.313709  148
0.313757  1
0.313787  328
0.313845  70
0.313875  65
0.314146  339
0.31439  147
0.314651  304
0.314693  333
0.314897  388
0.315083  196
0.315126  335
0.315195  324
0.315907  379
0.316024  314
0.316512  123
0.31669  26
0.317051  18
0.317109  289
0.317239  323
0.31748  336
0.317791  309
0.318261  391
0.319138  204
0.320888  140
0.321046  384
0.321385  330
0.321448  51
0.321503  347
0.323468  329
0.323472  340
0.323477  101
0.324233  334
0.324882  399
0.326368  317
0.327633  398
0.329188  98
0.329723  286
0.331091  353
0.331834  327
0.332024  112
0.333937  279
0.334133  345
0.335682  280
0.336019  320
0.336898  354
0.336975  319
0.337982  392
0.338343  120
0.33944  197
0.339778  186
0.340393  302
0.34096  346
0.341333  235
0.341768  105
0.342521  130
0.342533  46
0.34258  390
0.342645  236
0.343208  297
0.343364  372
0.343503  387
0.343839  348
0.344032  368
0.344284  252
0.344656  206
0.344756  264
0.344982  107
0.345021  144
0.345101  313
0.346108  307
0.346415  171
0.346876  321
0.346982  316
0.34719  341
0.347465  164
0.347787  178
0.347948  163
0.348  283
0.34863  234
0.348901  128
0.348908  118
0.34928  298
0.349321  290
0.349344  382
0.350238  167
0.350292  311
0.350385  325
0.350398  63
0.350481  153
0.35051  350
0.350592  35
0.350934  376
0.351415  395
0.3515  282
0.35241  362
0.352412  337
0.352429  338
0.352479  136
0.352914  189
0.353164  363
0.353166  247
0.353458  24
0.353733  139
0.353751  121
0.353874  187
0.353878  301
0.353903  85
0.354029  203
0.354599  122
0.354795  385
0.354856  126
0.355175  172
0.35531  225
0.355465  184
0.355514  380
0.355596  253
0.35563  355
0.355679  370
0.355694  108
0.355736  396
0.355745  378
0.355766  351
0.356005  3
0.356134  55
0.356175  79
0.356489  86
0.356541  275
0.356969  371
0.356973  238
0.357032  30
0.35722  315
0.357457  295
0.357503  243
0.357542  222
0.357587  331
0.357602  199
0.357641  10
0.357717  281
0.357802  103
0.357836  373
0.357957  278
0.357973  300
0.358077  242
0.358122  156
0.35815  383
0.35821  74
0.358315  365
0.358442  129
0.35859  308
0.358616  102
0.358765  175
0.358886  303
0.358994  141
0.359034  211
0.359068  92
0.359354  357
0.359373  194
0.359451  388
0.359543  335
0.359644  146
0.359712  309
0.359773  285
0.359823  15
0.359869  217
0.359937  198
0.359983  360
0.36014  330
0.360195  138
0.360221  2
0.360339  249
0.360423  6
0.360696  132
0.360797  190
0.360935  361
0.360951  322
0.360966  397
0.360983  394
0.361046  212
0.361111  180
0.361124  326
0.361352  52
0.361409  64
0.361461  76
0.361518  359
0.361579  11
0.361599  354
0.361704  304
0.361834  398
0.36187  270
0.36192  381
0.361941  364
0.361942  399
0.362076  305
0.362165  82
0.362191  188
0.362234  215
0.36232  27
0.362332  292
0.36234  318
0.362673  386
0.362817  324
0.362972  9
0.363108  114
0.363218  77
0.363229  310
0.363257  375
0.363326  56
0.363332  14
0.363366  89
0.363387  344
0.363459  343
0.36362  207
0.36365  16
0.363702  84
0.363745  356
0.364001  374
0.364166  389
0.364232  340
0.364283  229
0.364379  377
0.364393  91
0.364518  284
0.364569  342
0.364633  73
0.364719  158
0.364725  334
0.364792  71
0.364906  109
0.364919  358
0.364948  317
0.364953  226
0.365003  261
0.365018  268
0.365143  263
0.365173  87
0.365297  352
0.365416  127
0.365416  391
0.365653  191
0.366031  220
0.366183  393
0.366265  306
0.366329  223
0.366342  333
0.366374  221
0.366387  320
0.36644  219
0.366469  154
0.366488  83
0.366513  272
0.366525  47
0.366569  276
0.366762  312
0.366794  54
0.366814  227
0.366856  332
0.366981  369
0.367168  244
0.367277  32
0.367388  390
0.367465  209
0.367617  349
0.367903  327
0.367932  149
0.367938  392
0.368012  328
0.368214  366
0.36832  339
0.368328  22
0.368387  115
0.368429  20
0.368441  159
0.368519  208
0.368631  182
0.368638  165
0.368711  62
0.368766  78
0.368869  53
0.368886  101
0.369186  181
0.369293  174
0.36938  311
0.369407  353
0.369468  145
0.369508  346
0.369713  314
0.369733  273
0.369734  29
0.369759  368
0.369798  200
0.369805  299
0.370033  224
0.37015  116
0.370445  367
0.370587  372
0.370609  246
0.370652  319
0.370689  88
0.370836  151
0.370924  345
0.371025  23
0.371134  307
0.371265  61
0.371465  336
0.371498  93
0.371549  39
0.371636  17
0.371732  248
0.372135  256
0.372152  387
0.372203  269
0.372418  44
0.37244  111
0.372443  124
0.372622  125
0.37272  379
0.372862  133
0.37297  267
0.37304  376
0.373294  26
0.373388  45
0.373409  231
0.373691  120
0.373709  21
0.373781  193
0.373829  169
0.373953  204
0.374072  271
0.374077  142
0.37409  4
0.374175  351
0.37419  329
0.374379  57
0.374429  59
0.37444  160
0.374522  347
0.374578  177
0.37461  97
0.374976  137
0.37533  384
0.37548  275
0.375702  237
0.37573  313
0.375939  286
0.376021  274
0.37604  362
0.376053  323
0.376195  287
0.376321  255
0.376321  325
0.376525  60
0.376627  266
0.376649  69
0.376682  316
0.376729  302
0.376805  395
0.376938  360
0.376968  13
0.377034  112
0.37716  348
0.377591  350
0.377593  213
0.377664  382
0.377815  150
0.377897  396
0.377976  230
0.378181  385
0.378266  121
0.378311  28
0.378395  202
0.378547  260
0.3788  183
0.37896  139
0.378989  196
0.379159  46
0.379193  117
0.379336  25
0.379466  370
0.379523  254
0.379634  192
0.379955  95
0.380073  288
0.380085  309
0.380134  338
0.380255  341
0.380381  277
0.380505  90
0.380517  355
0.380613  265
0.380931  321
0.381245  335
0.381415  359
0.381551  303
0.381893  304
0.381927  399
0.381971  179
0.382079  67
0.382382  363
0.383045  247
0.383194  186
0.384211  398
0.3843  259
0.384506  155
0.385698  380
0.386029  301
0.387047  291
0.38734  119
0.388084  176
0.388553  143
0.388954  365
0.389025  300
0.389039  315
0.389343  19
0.389366  337
0.389835  330
0.390559  96
0.390615  357
0.39065  63
0.391102  50
0.391178  161
0.391405  170
0.391598  342
0.391792  374
0.391825  250
0.392339  100
0.392541  364
0.393363  388
0.393998  397
0.394185  148
0.394394  7
0.394429  372
0.394627  371
0.395136  178
0.395169  383
0.395189  214
0.395543  194
0.396529  305
0.396833  43
0.396989  222
0.397185  358
0.397209  393
0.397239  394
0.398225  310
0.39896  113
0.399042  373
0.399134  318
0.400609  258
0.400776  317
0.401117  334
0.402985  322
0.404029  307
0.406198  381
0.406477  281
0.406689  333
0.407481  375
0.408352  134
0.408398  294
0.4085  352
0.408656  12
0.409477  346
0.409662  369
0.410487  336
0.410502  327
0.410969  203
0.411078  312
0.41141  118
0.411647  40
0.412281  249
0.412973  324
0.41304  81
0.415793  326
0.416354  1
0.416407  390
0.416796  5
0.416914  240
0.417548  279
0.417631  252
0.417945  386
0.418047  392
0.419489  94
0.419531  389
0.419714  376
0.419755  75
0.419838  292
0.420417  361
0.420469  85
0.420494  347
0.420741  42
0.420908  367
0.420963  236
0.420973  56
0.421141  175
0.421154  378
0.421163  65
0.421404  379
0.421689  356
0.422128  306
0.422194  251
0.422467  238
0.422516  0
0.422566  79
0.422616  355
0.422988  314
0.423005  184
0.42313  331
0.423345  391
0.423404  152
0.423553  37
0.423897  257
0.424122  328
0.424439  58
0.424665  384
0.424669  198
0.424753  205
0.424824  232
0.425247  370
0.42533  55
0.425373  377
0.425467  102
0.425548  31
0.425689  3
0.425768  354
0.426215  344
0.426324  289
0.42635  309
0.426652  351
0.42675  195
0.426923  27
0.426966  280
0.427348  332
0.427448  308
0.427519  199
0.42761  132
0.428041  154
0.428651  329
0.428671  360
0.428853  339
0.42903  29
0.429315  70
0.429349  106
0.429534  340
0.429554  166
0.429646  343
0.430101  48
0.430194  365
0.430266  104
0.430283  228
0.43043  92
0.430504  36
0.430509  162
0.430628  10
0.430645  163
0.430776  311
0.430792  66
0.430913  349
0.431178  348
0.431478  320
0.431514  341
0.432017  49
0.432182  330
0.432264  215
0.432493  387
0.4325  393
0.432736  313
0.433288  109
0.433361  64
0.433531  362
0.433855  82
0.433929  126
0.434076  396
0.434077  201
0.434089  245
0.434105  363
0.434225  366
0.43425  74
0.434255  20
0.434827  359
0.435049  318
0.435209  398
0.435447  302
0.435483  30
0.435832  323
0.435985  147
0.436111  304
0.436281  345
0.436419  107
0.436678  300
0.437206  180
0.437382  225
0.437538  105
0.437685  158
0.438605  264
0.438977  380
0.439263  34
0.439729  268
0.439744  325
0.439774  374
0.440591  335
0.44114  319
0.442  171
0.442003  18
0.44259  382
0.442745  321
0.442852  202
0.442955  350
0.443347  210
0.444071  338
0.444077  342
0.444421  381
0.445581  261
0.445638  399
0.446182  394
0.446328  368
0.446571  167
0.446873  253
0.447428  51
0.447872  397
0.448014  267
0.448266  77
0.448422  244
0.448606  144
0.448893  275
0.449116  395
0.449224  305
0.449585  317
0.450229  226
0.450259  303
0.450289  364
0.450899  385
0.451096  358
0.451232  101
0.451463  316
0.45214  131
0.452148  123
0.452203  260
0.452513  383
0.452751  60
0.452838  140
0.452867  388
0.453366  336
0.454068  353
0.45444  76
0.454634  293
0.455075  371
0.455821  373
0.455901  369
0.456026  392
0.457502  337
0.457644  296
0.459598  218
0.46017  78
0.460329  375
0.46052  357
0.460526  6
0.462228  315
0.462701  307
0.462889  14
0.463072  133
0.4631  361
0.463775  164
0.46388  7
0.464326  284
0.464667  389
0.464995  346
0.465137  333
0.465919  177
0.466011  122
0.46618  138
0.46634  197
0.467227  386
0.467353  266
0.467453  372
0.467664  170
0.468342  72
0.468425  127
0.468633  91
0.468813  39
0.468851  322
0.468905  249
0.46908  15
0.469086  332
0.469113  208
0.469186  239
0.469224  272
0.469489  186
0.469738  137
0.469774  312
0.469793  270
0.4698  283
0.469823  356
0.46984  274
0.470035  329
0.470047  301
0.470208  216
0.47029  327
0.470466  370
0.470652  33
0.470664  298
0.471456  234
0.471586  151
0.471834  52
0.471847  139
0.472073  396
0.47222  114
0.472379  223
0.472703  347
0.473018  254
0.473236  255
0.473448  273
0.473451  128
0.473475  297
0.473617  330
0.4737  231
0.473718  295
0.473758  209
0.473761  355
0.473793  93
0.474197  71
0.474288  290
0.474323  335
0.474349  16
0.47435  100
0.474474  248
0.474481  278
0.474522  112
0.474544  351
0.474574  189
0.474622  287
0.474682  334
0.474688  367
0.474748  310
0.474777  378
0.474802  98
0.475018  13
0.475087  376
0.475128  349
0.475237  352
0.475306  68
0.475318  237
0.475374  88
0.475449  80
0.475451  84
0.475472  61
0.475525  136
0.475525  43
0.475567  103
0.475679  326
0.475755  281
0.475779  235
0.475814  341
0.475857  185
0.475999  366
0.476096  135
0.476121  178
0.476121  90
0.47615  343
0.476176  362
0.476249  174
0.476275  212
0.47632  340
0.47644  73
0.476478  331
0.476552  224
0.476561  104
0.476563  299
0.476744  363
0.476838  108
0.476862  390
0.476867  324
0.476873  394
0.476925  32
0.477008  113
0.477075  120
0.477181  192
0.47728  124
0.477285  94
0.477359  282
0.477373  153
0.477377  188
0.477404  309
0.47741  157
0.477451  325
0.477484  154
0.477494  97
0.477495  365
0.477762  320
0.477845  25
0.477957  292
0.477962  46
0.477981  339
0.478017  38
0.478031  8
0.478059  87
0.478146  385
0.478171  195
0.478256  399
0.478386  169
0.478398  360
0.478418  243
0.478426  17
0.478489  187
0.47849  311
0.478593  384
0.478718  168
0.478725  398
0.478761  342
0.478796  350
0.478946  206
0.478962  148
0.478979  58
0.478979  261
0.479001  193
0.479012  236
0.479036  353
0.47907  63
0.479084  377
0.479122  219
0.479128  379
0.479331  179
0.479455  83
0.479597  279
0.479623  45
0.479649  89
0.479749  348
0.479777  313
0.48002  181
0.480206  338
0.480279  241
0.480284  291
0.48029  391
0.480348  62
0.48038  26
0.480432  304
0.480529  54
0.480584  247
0.480693  306
0.480791  160
0.480888  50
0.481003  242
0.481076  204
0.481134  289
0.481183  337
0.48122  354
0.481227  302
0.481496  318
0.481599  107
0.481662  0
0.481698  382
0.481755  381
0.481877  392
0.481903  102
0.481961  121
0.481962  19
0.482025  395
0.482043  314
0.482085  250
0.482165  86
0.482169  119
0.482181  368
0.482194  251
0.48224  308
0.482242  176
0.482283  130
0.482327  196
0.482426  262
0.482438  57
0.482459  323
0.482491  344
0.482553  357
0.482597  316
0.482668  28
0.482767  359
0.48277  393
0.482935  321
0.482959  388
0.482984  312
0.483049  328
0.483067  165
0.483078  166
0.483363  155
0.483421  182
0.483435  111
0.483787  27
0.483796  319
0.483809  146
0.483833  190
0.483907  20
0.483951  387
0.484058  125
0.484105  315
0.484198  364
0.484223  300
0.484319  263
0.484404  22
0.484475  397
0.484531  371
0.484579  226
0.484726  92
0.48484  259
0.484855  200
0.484962  253
0.485073  322
0.485167  207
0.485362  345
0.485638  271
0.485676  159
0.485759  191
0.485778  383
0.486073  171
0.486122  109
0.486311  110
0.486322  227
0.486337  66
0.486354  307
0.486522  386
0.486601  294
0.48701  298
0.487023  303
0.487128  9
0.487135  370
0.487281  42
0.487495  375
0.487619  380
0.488017  141
0.488308  356
0.48838  334
0.488386  72
0.488522  51
0.488811  389
0.488912  336
0.489049  85
0.48919  317
0.489197  256
0.489648  288
0.489955  244
0.490074  129
0.490198  138
0.490369  301
0.4905  211
0.490686  23
0.491043  265
0.491456  374
0.492076  361
0.492446  352
0.492745  215
0.492754  346
0.493041  150
0.493236  12
0.493267  305
0.493776  202
0.493888  56
0.493915  24
0.494131  365
0.494337  158
0.494795  246
0.494804  369
0.49497  333
0.495104  391
0.495253  326
0.495599  347
0.49563  351
0.495925  194
0.496992  105
0.497007  325
0.497539  340
0.498431  70
0.49848  358
0.500684  240
0.502705  330
0.503106  21
0.503299  394
0.504845  329
0.505811  177
0.508467  373
0.50915  355
0.510256  376
0.511727  233
0.511899  275
0.513942  331
0.514481  362
0.514876  220
0.516608  399
0.516711  44
0.517173  199
0.51741  304
0.518013  321
0.51814  232
0.518263  345
0.518496  229
0.519167  74
0.519181  55
0.519362  349
0.519479  69
0.519629  398
0.520568  145
0.520726  360
0.521077  293
0.521287  324
0.521313  213
0.521326  225
0.52144  156
0.521591  309
0.521879  99
0.52248  173
0.522619  339
0.522647  366
0.523088  363
0.523182  2
0.523448  385
0.523581  77
0.523608  36
0.523859  372
0.523934  320
0.523999  162
0.524094  274
0.525059  262
0.525486  106
0.525872  258
0.525879  31
0.525891  184
0.525955  53
0.525973  377
0.526091  367
0.526251  286
0.526255  268
0.526332  117
0.52635  257
0.526525  381
0.526608  47
0.526698  353
0.526782  239
0.52697  357
0.52698  161
0.527019  214
0.527524  6
0.527544  61
0.527557  81
0.527581  332
0.527915  396
0.52803  342
0.528032  307
0.528324  379
0.528642  15
0.528908  139
0.528958  252
0.528963  313
0.529001  65
0.529167  32
0.529375  41
0.529526  382
0.529625  127
0.52965  149
0.530029  230
0.530047  116
0.53029  338
0.530849  354
0.530929  13
0.531094  318
0.531185  16
0.531266  255
0.531696  208
0.531706  134
0.531798  267
0.531818  276
0.531904  143
0.531953  43
0.532158  40
0.532213  343
0.532319  392
0.53263  238
0.532694  395
0.532843  308
0.532914  217
0.533018  306
0.533215  112
0.533331  378
0.533621  285
0.533654  341
0.534071  206
0.534172  10
0.534333  384
0.534387  48
0.534536  38
0.534641  277
0.534662  96
0.534699  323
0.53477  72
0.534801  264
0.534888  335
0.534906  88
0.534915  164
0.534963  334
0.535092  387
0.535126  337
0.535149  4
0.53527  336
0.535349  397
0.535447  178
0.535455  148
0.535592  218
0.535648  314
0.53569  305
0.535708  316
0.5358  52
0.535811  303
0.535906  327
0.536038  371
0.536231  300
0.536439  333
0.53653  37
0.536563  167
0.537072  302
0.537111  183
0.53743  101
0.537501  272
0.537622  203
0.53766  348
0.53779  204
0.537811  235
0.537848  119
0.537976  394
0.538057  370
0.538224  287
0.538285  50
0.538362  311
0.538515  373
0.53853  359
0.538553  351
0.538566  147
0.538593  390
0.53871  254
0.538839  283
0.539455  18
0.539513  137
0.539612  331
0.539776  322
0.539792  242
0.539948  144
0.539961  388
0.540141  279
0.540228  168
0.540474  248
0.540645  310
0.540749  188
0.54087  95
0.540911  389
0.541029  270
0.541063  312
0.541119  19
0.541146  326
0.541226  315
0.541434  365
0.541456  319
0.541463  60
0.541575  201
0.541629  317
0.541736  289
0.541741  393
0.541753  197
0.541866  133
0.541948  30
0.542038  346
0.542066  361
0.542489  24
0.543144  350
0.543226  152
0.543286  132
0.543329  45
0.543935  380
0.543953  368
0.543968  328
0.544465  171
0.54461  347
0.544665  273
0.545075  131
0.54514  375
0.545421  221
0.545654  251
0.545686  301
0.545728  356
0.545929  391
0.546228  291
0.546518  78
0.546967  349
0.547302  352
0.547361  179
0.547772  383
0.548136  357
0.548619  362
0.548623  151
0.548656  216
0.549183  358
0.549934  198
0.550225  399
0.550227  8
0.550545  309
0.55093  321
0.55116  125
0.55199  17
0.552168  174
0.552186  364
0.552727  360
0.553624  355
0.55408  332
0.554129  339
0.554181  325
0.554286  324
0.556147  64
0.556586  71
0.557117  342
0.557421  369
0.560945  69
0.561158  374
0.561538  79
0.561659  313
0.562025  94
0.562933  344
0.562995  118
0.563033  49
0.5636  222
0.564239  103
0.564724  292
0.565918  163
0.566309  145
0.56678  34
0.567742  86
0.568153  386
0.569069  345
0.569173  271
0.569219  363
0.569562  377
0.570209  84
0.570394  396
0.570522  192
0.571124  376
0.571388  82
0.571395  314
0.571744  54
0.572327  329
0.572407  307
0.572789  372
0.572969  129
0.573023  398
0.573173  340
0.57324  9
0.574065  27
0.575032  117
0.575317  227
0.576788  320
0.577638  124
0.577899  265
0.578302  114
0.578415  330
0.578531  190
0.578601  385
0.578684  150
0.578967  298
0.579007  250
0.579232  189
0.57924  323
0.579393  154
0.579503  246
0.579924  212
0.580309  63
0.580311  194
0.581086  253
0.581138  98
0.581251  135
0.581357  59
0.581397  0
0.581424  104
0.581454  224
0.581564  337
0.581645  180
0.581736  11
0.581851  367
0.581966  120
0.581995  338
0.582087  306
0.582232  392
0.582247  195
0.582519  366
0.582528  33
0.582605  56
0.582662  110
0.5827  157
0.582712  341
0.58273  296
0.582799  126
0.582826  373
0.583036  346
0.583043  335
0.583069  76
0.583398  215
0.583405  223
0.583411  304
0.583521  245
0.583565  393
0.58358  207
0.583601  121
0.583605  301
0.583657  228
0.583822  175
0.584144  229
0.584376  322
0.584437  290
0.584569  315
0.584573  382
0.584599  233
0.584627  343
0.584726  331
0.584761  25
0.584811  20
0.584916  293
0.584928  387
0.585122  358
0.585143  160
0.585345  68
0.585384  353
0.585483  381
0.585527  93
0.585528  21
0.585589  300
0.585685  333
0.586041  308
0.586218  123
0.586273  159
0.586421  305
0.58645  319
0.586853  370
0.587075  187
0.587152  252
0.587252  328
0.587309  365
0.587337  357
0.587522  240
0.587554  275
0.587702  62
0.587703  115
0.587716  153
0.587839  170
0.587864  378
0.58787  371
0.587931  266
0.588047  132
0.588143  208
0.58817  351
0.588359  75
0.588491  359
0.588496  138
0.58852  112
0.588534  130
0.588599  67
0.588765  186
0.588796  74
0.588814  23
0.58919  388
0.589217  354
0.589246  38
0.589304  395
0.589314  111
0.589547  31
0.589598  284
0.589859  144
0.589977  311
0.590042  324
0.590064  384
0.590271  355
0.590288  362
0.590319  318
0.590444  155
0.590457  288
0.590499  113
0.590578  42
0.590598  211
0.590612  297
0.590704  321
0.590892  210
0.590943  280
0.591177  196
0.591199  107
0.591308  149
0.591534  334
0.591597  262
0.591649  80
0.591689  302
0.591713  348
0.591729  389
0.5918  327
0.59183  390
0.591884  1
0.591934  356
0.591935  256
0.592093  158
0.592172  242
0.592321  142
0.592392  364
0.592401  193
0.592647  43
0.592682  203
0.592809  236
0.592954  316
0.593114  386
0.593366  28
0.59357  278
0.593613  57
0.593635  325
0.593748  397
0.593832  226
0.593864  15
0.593865  92
0.594171  140
0.594189  13
0.594238  35
0.594319  303
0.594367  345
0.594433  349
0.594524  368
0.594543  317
0.594612  235
0.59464  6
0.594654  206
0.594662  369
0.594692  191
0.594698  237
0.594718  61
0.59484  90
0.594847  295
0.594943  276
0.594967  374
0.594978  310
0.594997  260
0.595002  336
0.595023  147
0.595072  380
0.595449  309
0.59546  231
0.595486  379
0.595533  83
0.595561  326
0.595582  352
0.595671  307
0.595801  399
0.596227  179
0.59623  383
0.596521  391
0.596744  376
0.597056  375
0.5975  202
0.597536  108
0.597913  398
0.597924  164
0.597941  96
0.597995  363
0.598381  347
0.598408  269
0.598471  100
0.598561  360
0.598847  312
0.598922  214
0.598968  263
0.599066  88
0.59907  342
0.599139  350
0.599253  14
0.600041  394
0.6001  143
0.600235  340
0.600624  314
0.601613  361
0.603041  377
0.603207  26
0.603531  106
0.603781  85
0.604265  102
0.605026  313
0.606291  331
0.608445  89
0.608687  133
0.608791  306
0.61003  353
0.61014  332
0.610175  244
0.613051  282
0.613081  225
0.614  346
0.614276  329
0.614558  66
0.616595  320
0.616635  344
0.617692  105
0.619127  3
0.619629  58
0.620573  39
0.620637  343
0.620859  234
0.621104  156
0.621561  185
0.621691  220
0.6218  322
0.621813  25
0.622396  292
0.624324  116
0.624754  243
0.624864  200
0.624919  113
0.625177  36
0.625313  71
0.625557  87
0.625837  388
0.625995  73
0.62631  199
0.626686  97
0.626827  351
0.626905  52
0.626989  241
0.62707  47
0.627228  323
0.627329  60
0.627388  65
0.627447  339
0.627571  279
0.627608  119
0.627786  197
0.627895  381
0.627904  299
0.627915  291
0.627958  217
0.627987  4
0.628136  368
0.628141  221
0.628199  393
0.628345  176
0.628855  255
0.628997  34
0.629419  50
0.629648  95
0.629705  301
0.629725  274
0.62975  259
0.629808  174
0.629817  136
0.62987  372
0.629901  251
0.629902  367
0.629969  82
0.630146  122
0.630167  341
0.630177  385
0.630231  44
0.630282  366
0.630308  222
0.630332  162
0.63036  135
0.630458  365
0.630631  69
0.630708  177
0.630841  304
0.630897  94
0.630914  152
0.631003  9
0.63101  173
0.631028  328
0.63108  114
0.631284  321
0.631371  228
0.631389  167
0.631408  327
0.631463  181
0.631491  271
0.63154  391
0.631554  51
0.631617  8
0.631669  392
0.631672  361
0.631721  355
0.631721  213
0.631906  2
0.631948  337
0.631957  224
0.631962  349
0.631976  324
0.631995  172
0.632001  383
0.632058  395
0.632169  117
0.632172  157
0.632275  138
0.632292  333
0.63237  310
0.632627  257
0.632664  298
0.63267  46
0.632701  161
0.632846  131
0.632934  384
0.632983  378
0.632985  17
0.632991  319
0.633025  127
0.633057  55
0.633095  53
0.633104  330
0.633134  250
0.633164  81
0.633165  165
0.633178  309
0.633208  79
0.633219  204
0.633221  239
0.633285  141
0.633312  387
0.633414  283
0.633459  6
0.633498  125
0.633505  338
0.633518  334
0.633544  316
0.633581  331
0.633582  13
0.633733  358
0.633735  335
0.633749  160
0.63376  32
0.633798  311
0.633812  352
0.633859  37
0.633908  377
0.633973  268
0.634008  28
0.634022  397
0.634145  356
0.634248  270
0.634252  121
0.634269  201
0.634396  373
0.634429  168
0.634475  354
0.634486  360
0.634505  296
0.634527  308
0.634709  396
0.634803  371
0.634809  369
0.634812  390
0.634847  386
0.634853  182
0.634932  74
0.634943  233
0.634989  129
0.635021  48
0.635148  232
0.635251  190
0.635321  230
0.635381  99
0.635397  394
0.635444  137
0.635602  300
0.635614  348
0.635698  303
0.635725  318
0.635746  379
0.635761  315
0.635894  374
0.635895  216
0.63593  246
0.636137  166
0.636247  325
0.636465  320
0.636477  84
0.636544  41
0.636644  118
0.636833  326
0.636864  382
0.637123  359
0.637212  284
0.637259  370
0.637329  147
0.637376  238
0.63744  110
0.637448  267
0.637642  336
0.637668  184
0.637708  98
0.637831  49
0.637834  19
0.637895  364
0.63811  350
0.638163  285
0.638171  305
0.638312  346
0.638326  302
0.638332  342
0.638532  294
0.638617  151
0.638838  363
0.638961  398
0.639132  312
0.639155  254
0.639186  389
0.63931  111
0.639398  375
0.639534  169
0.639586  399
0.639594  314
0.639628  253
0.639634  357
0.639808  27
0.639882  261
0.639916  21
0.640019  139
0.640171  332
0.640335  150
0.64038  307
0.640735  322
0.64088  380
0.641029  376
0.641164  329
0.641333  80
0.641358  317
0.641377  54
0.641516  362
0.641554  12
0.641691  154
0.641721  186
0.641793  93
0.64211  180
0.642151  155
0.642349  211
0.643321  143
0.644228  345
0.645042  353
0.645617  340
0.645819  75
0.646096  183
0.646356  313
0.646446  247
0.64652  178
0.646555  10
0.647485  196
0.649298  134
0.651493  344
0.65254  15
0.653727  148
0.654103  273
0.658759  200
0.659053  384
0.659855  366
0.660336  235
0.66162  187
0.661812  128
0.662177  227
0.662241  29
0.662563  101
0.662796  347
0.663526  327
0.663533  33
0.663807  86
0.66436  297
0.664433  31
0.664524  383
0.664719  112
0.665227  343
0.665406  306
0.665434  105
0.66552  397
0.665778  275
0.666043  385
0.666228  59
0.666305  328
0.667081  159
0.667378  281
0.667481  67
0.667629  195
0.66784  339
0.667886  7
0.668091  263
0.668342  304
0.668358  76
0.668408  64
0.66847  106
0.668649  66
0.668674  130
0.668755  70
0.668827  323
0.668854  252
0.668908  158
0.669081  355
0.669167  202
0.669293  331
0.669412  132
0.669595  207
0.669664  40
0.66993  89
0.670072  22
0.670204  373
0.670507  321
0.670552  300
0.670707  368
0.671149  225
0.671202  260
0.671386  301
0.671579  214
0.671911  361
0.672003  377
0.672071  145
0.672206  37
0.672285  108
0.67232  104
0.672508  320
0.672685  348
0.672741  391
0.672747  194
0.672854  359
0.67303  289
0.673036  341
0.673087  315
0.673106  120
0.673266  303
0.673294  325
0.673446  393
0.673513  349
0.673524  219
0.673701  264
0.673703  333
0.673721  311
0.674276  369
0.674394  351
0.674411  356
0.67458  380
0.674621  249
0.674773  305
0.674776  310
0.675099  396
0.675261  335
0.675513  334
0.675757  308
0.675991  382
0.676013  17
0.676214  330
0.676356  245
0.676505  0
0.676564  1
0.676675  292
0.676846  266
0.677238  124
0.677275  318
0.67737  342
0.677733  388
0.679588  140
0.679801  277
0.679876  19
0.68  309
0.680098  91
0.680513  278
0.680708  374
0.681002  133
0.681151  371
0.681983  176
0.682113  394
0.682504  338
0.682521  324
0.683237  357
0.683618  352
0.683686  163
0.684981  192
0.685075  379
0.685507  364
0.685594  390
0.685887  198
0.686356  212
0.686493  386
0.687086  375
0.68733  234
0.68735  336
0.688228  190
0.688784  392
0.689216  144
0.689499  116
0.689803  55
0.689874  365
0.689946  183
0.690716  326
0.691173  319
0.692495  149
0.692673  302
0.695596  381
0.695652  114
0.695723  378
0.695745  399
0.696006  204
0.696263  290
0.69627  9
0.696271  372
0.696384  398
0.697426  316
0.700339  268
0.700595  376
0.700919  340
0.701074  136
0.701225  92
0.701263  360
0.7014  366
0.701716  363
0.701884  197
0.702641  337
0.702709  322
0.702891  43
0.703599  142
0.703819  282
0.704235  72
0.704392  389
0.704545  395
0.704811  99
0.70482  317
0.705042  220
0.705447  85
0.705922  283
0.706415  312
0.70645  367
0.706519  189
0.706744  237
0.706745  4
0.707185  79
0.707334  274
0.70751  362
0.707628  347
0.707933  354
0.708154  350
0.708888  271
0.709132  206
0.709146  35
0.709292  344
0.709536  257
0.709781  345
0.710184  160
0.710218  42
0.710597  370
0.710719  243
0.710755  50
0.711135  129
0.711229  61
0.711232  287
0.711827  346
0.712185  44
0.712449  240
0.712977  188
0.713086  332
0.713219  314
0.713364  226
0.713462  56
0.713554  45
0.71382  258
0.713823  103
0.713859  107
0.714217  38
0.714309  170
0.714309  229
0.714704  285
0.714722  377
0.714768  329
0.71505  46
0.715081  295
0.71522  348
0.715243  118
0.715287  20
0.715398  358
0.715582  323
0.715659  126
0.715826  248
0.715939  135
0.71601  355
0.716327  387
0.716413  286
0.716675  177
0.716823  6
0.716889  223
0.717068  11
0.717108  218
0.717251  280
0.717562  361
0.71759  164
0.717609  232
0.71764  51
0.71765  242
0.717652  383
0.717846  153
0.717974  353
0.71801  66
0.718034  14
0.718144  352
0.718182  196
0.718202  272
0.718217  325
0.718236  115
0.718492  110
0.718497  303
0.718525  210
0.718546  65
0.718578  300
0.71859  96
0.718613  259
0.718636  138
0.718677  393
0.718708  313
0.718726  265
0.718808  369
0.718819  80
0.718957  175
0.718987  97
0.719264  28
0.719276  143
0.719286  320
0.719318  333
0.719356  299
0.719357  32
0.719383  185
0.719404  62
0.719593  30
0.719668  36
0.719705  288
0.719809  335
0.719812  306
0.719848  384
0.719886  327
0.720071  373
0.720071  208
0.720099  75
0.72012  391
0.720128  139
0.720224  330
0.720233  359
0.720292  351
0.720294  151
0.720341  18
0.720345  117
0.720535  334
0.7208  396
0.720831  301
0.720918  247
0.720976  109
0.721062  250
0.721083  397
0.721126  256
0.721245  356
0.721453  112
0.721541  304
0.721577  10
0.721587  227
0.721592  284
0.721613  241
0.721668  315
0.72167  207
0.721736  34
0.721767  305
0.721844  224
0.721877  394
0.721935  209
0.722053  328
0.722118  131
0.722124  166
0.722339  386
0.722407  296
0.722423  8
0.722483  102
0.722539  217
0.722541  225
0.722564  58
0.722585  278
0.722594  68
0.722642  311
0.722725  159
0.722737  48
0.722771  326
0.722775  388
0.722782  308
0.722825  390
0.722852  331
0.722853  52
0.722876  203
0.722918  322
0.722931  374
0.722933  168
0.723036  141
0.723081  261
0.723096  372
0.723109  154
0.723115  307
0.723131  310
0.723198  380
0.723199  23
0.723227  83
0.723268  319
0.723278  134
0.723455  357
0.723501  137
0.723526  318
0.723605  81
0.723611  385
0.723812  70
0.723864  216
0.723953  364
0.723994  341
0.724058  144
0.724107  82
0.724135  214
0.724154  316
0.724156  376
0.724187  379
0.724214  368
0.724219  381
0.724227  63
0.724361  90
0.724466  395
0.724468  371
0.724561  264
0.724585  41
0.724587  200
0.724901  27
0.724908  267
0.724934  375
0.724959  293
0.725014  249
0.725126  201
0.725294  171
0.725362  291
0.725389  389
0.725625  172
0.725772  343
0.725823  342
0.725911  349
0.726244  74
0.726307  339
0.726392  43
0.726503  324
0.726524  399
0.726679  276
0.72671  133
0.726773  281
0.72682  54
0.726999  312
0.727057  215
0.72709  317
0.727175  321
0.727265  338
0.727865  252
0.727926  87
0.728668  398
0.728738  2
0.728983  360
0.729011  130
0.729104  21
0.729229  382
0.729261  378
0.729274  100
0.729533  340
0.729539  228
0.729757  148
0.730274  123
0.730457  363
0.730863  186
0.731219  365
0.731395  76
0.731669  302
0.731786  92
0.73218  367
0.732372  275
0.732606  95
0.732628  231
0.732825  113
0.734152  309
0.734608  336
0.734612  77
0.734778  236
0.734845  7
0.73524  366
0.735931  337
0.73596  187
0.735973  392
0.736056  84
0.736706  140
0.738391  345
0.738606  332
0.741282  157
0.742387  146
0.744727  4
0.745039  346
0.746868  246
0.747778  193
0.748022  25
0.748185  370
0.748449  16
0.748591  235
0.749618  254
0.749752  145
0.749884  268
0.749995  344
0.750763  393
0.75118  5
0.751243  287
0.75212  347
0.752797  297
0.752876  355
0.75295  213
0.753524  29
0.754302  377
0.754449  350
0.754461  262
0.755204  394
0.755356  362
0.755804  327
0.755942  88
0.756016  303
0.756549  181
0.75682  59
0.75707  315
0.757862  191
0.757981  325
0.758056  219
0.758137  13
0.758385  239
0.758494  39
0.758778  273
0.759249  114
0.759408  294
0.759576  354
0.75966  89
0.759981  101
0.760259  352
0.760351  223
0.760509  307
0.760516  11
0.76064  26
0.760686  180
0.760692  230
0.760771  250
0.760843  289
0.760849  198
0.760868  383
0.76092  119
0.760925  308
0.761033  142
0.761202  53
0.761473  47
0.761606  359
0.76162  224
0.761701  10
0.761879  390
0.761971  296
0.762062  361
0.762063  353
0.762068  205
0.762239  204
0.762366  366
0.762383  369
0.762392  333
0.762414  358
0.762433  122
0.762494  99
0.762599  311
0.762712  238
0.762725  147
0.762814  320
0.763  257
0.763019  131
0.763089  105
0.763106  121
0.763128  124
0.763211  328
0.763216  24
0.763226  40
0.763306  305
0.76331  266
0.76333  396
0.763427  132
0.763455  94
0.763507  391
0.763599  175
0.763612  397
0.763886  331
0.763922  255
0.764105  79
0.764157  222
0.764242  233
0.764269  279
0.764365  384
0.764463  348
0.764481  129
0.764531  356
0.764675  310
0.76489  118
0.764907  351
0.764914  326
0.76497  3
0.764981  323
0.765108  49
0.765139  37
0.765171  386
0.765321  389
0.765353  173
0.765358  160
0.765441  156
0.76548  261
0.765509  229
0.765593  244
0.765938  329
0.765943  96
0.765952  388
0.766026  373
0.766034  69
0.766071  192
0.766119  339
0.766223  271
0.766233  194
0.766286  200
0.766308  251
0.766354  335
0.766575  300
0.766587  167
0.766875  31
0.766974  51
0.767084  313
0.767424  71
0.767432  243
0.76744  221
0.767463  380
0.76752  178
0.767695  364
0.767745  171
0.767785  28
0.767823  372
0.767887  288
0.76793  19
0.768137  399
0.768147  368
0.76816  330
0.768182  57
0.768193  211
0.768415  106
0.768458  234
0.76852  176
0.768591  314
0.768622  345
0.768697  248
0.768713  33
0.768719  61
0.76882  189
0.76883  210
0.768837  337
0.768993  365
0.769087  280
0.769174  321
0.769288  382
0.769402  322
0.769491  277
0.769503  317
0.769506  183
0.769565  375
0.769732  115
0.769732  133
0.769816  269
0.769833  283
0.769851  165
0.769937  225
0.769973  338
0.770176  163
0.770187  334
0.77023  108
0.770261  18
0.770301  136
0.770307  341
0.770506  1
0.770593  340
0.770624  8
0.770865  182
0.77088  306
0.770912  282
0.770992  58
0.77102  378
0.771154  95
0.77133  304
0.771333  195
0.771554  184
0.771564  85
0.771697  316
0.771743  111
0.771824  318
0.771843  374
0.771859  343
0.77189  35
0.772058  104
0.772101  309
0.772139  312
0.772315  179
0.772606  159
0.772634  319
0.772648  342
0.773027  270
0.773065  137
0.773096  220
0.773111  125
0.773263  212
0.77333  362
0.773367  395
0.773455  387
0.773484  379
0.773493  169
0.773636  103
0.77368  350
0.774178  377
0.774253  100
0.774284  38
0.774301  86
0.774531  367
0.774641  256
0.774655  385
0.774678  154
0.774685  301
0.774851  324
0.774938  332
0.775088  48
0.77514  349
0.77524  381
0.775419  74
0.775789  344
0.776305  398
0.776474  357
0.776668  218
0.77672  303
0.776807  60
0.77681  42
0.778058  376
0.778769  371
0.778864  298
0.778884  394
0.779349  336
0.779537  215
0.781146  65
0.781224  116
0.781389  392
0.78171  73
0.781954  39
0.782747  363
0.78371  360
0.786978  352
0.788828  44
0.78943  83
0.790047  335
0.790291  308
0.790711  355
0.791824  396
0.792079  370
0.79218  172
0.793873  346
0.795631  384
0.795677  177
0.795905  72
0.796533  185
0.796686  120
0.796987  311
0.797114  113
0.797603  302
0.79767  41
0.798658  307
0.798694  110
0.798726  240
0.799715  43
0.799917  123
0.800341  328
0.801118  347
0.801266  22
0.801276  232
0.801406  143
0.801704  390
0.801968  9
0.802029  75
0.80213  162
0.802379  64
0.802553  354
0.802598  272
0.802893  46
0.802922  112
0.803022  217
0.80308  397
0.803137  34
0.803161  361
0.803169  199
0.803294  20
0.803514  305
0.803685  325
0.803756  393
0.803762  351
0.804393  55
0.804433  2
0.804439  295
0.804477  158
0.804556  145
0.804842  380
0.804901  68
0.804982  190
0.805016  80
0.805531  310
0.805647  153
0.805777  135
0.806391  353
0.806846  196
0.807143  366
0.807163  359
0.807192  206
0.807506  17
0.80753  253
0.808398  358
0.808523  391
0.808583  356
0.808768  216
0.808781  23
0.8098  274
0.80996  375
0.810008  134
0.810176  383
0.81024  70
0.810467  338
0.810473  306
0.810578  128
0.810725  144
0.81077  30
0.810983  315
0.811016  267
0.811549  369
0.811908  82
0.812198  331
0.812351  12
0.812381  63
0.812518  126
0.812539  285
0.812888  339
0.81307  316
0.813171  304
0.813402  21
0.813535  201
0.813811  239
0.813973  228
0.814258  202
0.814353  317
0.814384  241
0.814446  273
0.814599  76
0.814741  362
0.814743  98
0.814806  246
0.815196  102
0.815409  382
0.815612  333
0.816184  286
0.816493  330
0.816596  170
0.816656  152
0.816688  300
0.816738  377
0.816745  374
0.816807  84
0.816818  290
0.816832  334
0.816865  209
0.817063  166
0.817162  345
0.817198  292
0.817205  214
0.817315  321
0.817478  138
0.817663  54
0.817958  373
0.818334  97
0.818371  90
0.818402  379
0.818414  188
0.81843  208
0.818513  344
0.818609  32
0.818631  91
0.818774  263
0.818918  180
0.818947  259
0.818969  314
0.818971  340
0.818978  395
0.819286  343
0.819402  291
0.819436  150
0.819518  101
0.819561  156
0.819688  213
0.819835  320
0.819901  326
0.819932  365
0.820032  367
0.820086  260
0.820151  324
0.820195  127
0.820198  360
0.820304  266
0.820374  78
0.820552  329
0.820592  389
0.820635  312
0.820754  399
0.820842  237
0.820953  250
0.820977  109
0.820978  313
0.821049  368
0.821106  27
0.821222  184
0.821306  392
0.821368  332
0.82137  378
0.821414  376
0.82146  169
0.821663  19
0.821678  13
0.821771  342
0.821853  319
0.821887  151
0.821942  323
0.821946  229
0.821955  255
0.821989  99
0.822053  161
0.822112  88
0.822633  371
0.822733  355
0.823272  327
0.823376  139
0.823459  361
0.823519  225
0.823694  247
0.823812  385
0.823856  287
0.823912  81
0.823979  398
0.823995  56
0.824427  74
0.824481  299
0.824487  341
0.824651  336
0.824693  303
0.824884  364
0.824925  349
0.825217  146
0.82569  59
0.825794  174
0.825835  297
0.826062  52
0.826394  381
0.826761  396
0.827283  117
0.827498  301
0.827502  386
0.827569  322
0.827608  309
0.827993  388
0.828042  370
0.828361  387
0.828746  363
0.828949  242
0.829232  121
0.8305  318
0.83066  233
0.830668  308
0.831198  51
0.831928  350
0.832567  129
0.832782  227
0.833134  45
0.833916  4
0.833983  104
0.834614  384
0.835464  307
0.839054  198
0.83925  358
0.839361  348
0.840797  311
0.842565  236
0.843709  220
0.844028  100
0.844074  394
0.844858  310
0.845121  137
0.845445  356
0.845618  249
0.845688  357
0.848357  103
0.848599  92
0.848832  3
0.8491  264
0.849347  302
0.850029  346
0.850202  226
0.850576  393
0.850603  207
0.850984  149
0.851  337
0.851204  83
0.851909  143
0.852158  173
0.852213  380
0.852237  372
0.852334  354
0.852402  224
0.852519  298
0.852529  163
0.853058  153
0.853188  335
0.853198  254
0.853366  24
0.853369  328
0.853398  160
0.853993  119
0.854234  50
0.854297  1
0.854357  331
0.854453  154
0.854558  200
0.854594  362
0.854947  338
0.855069  347
0.855118  87
0.855254  390
0.855321  67
0.855661  132
0.855915  194
0.85592  6
0.855932  159
0.855935  248
0.856111  315
0.85612  288
0.856141  62
0.856346  38
0.856397  195
0.856642  365
0.856845  353
0.856867  305
0.856913  168
0.857122  344
0.857172  325
0.857237  33
0.857291  383
0.857309  304
0.857527  261
0.857832  238
0.857882  369
0.857965  157
0.858038  77
0.858115  172
0.85814  191
0.858198  189
0.858433  55
0.858501  316
0.858517  391
0.858964  71
0.859104  36
0.859355  366
0.859471  278
0.859794  183
0.859859  320
0.859861  262
0.860175  79
0.860191  306
0.860239  215
0.860409  118
0.860416  14
0.860476  359
0.860672  158
0.860672  386
0.86082  382
0.861092  47
0.861164  197
0.861253  396
0.861261  397
0.861402  360
0.861635  332
0.861683  182
0.861758  115
0.861895  333
0.861967  203
0.86203  193
0.862248  44
0.86244  294
0.862479  107
0.862496  392
0.862517  210
0.862564  15
0.862654  57
0.862717  375
0.862793  155
0.862897  378
0.863025  84
0.863319  329
0.863326  175
0.863373  239
0.863409  351
0.863619  5
0.863641  223
0.863728  41
0.863802  343
0.863947  371
0.864082  54
0.864164  68
0.86427  345
0.864276  140
0.864289  312
0.86445  179
0.864654  205
0.864685  21
0.864715  379
0.86475  322
0.864803  330
0.865071  377
0.865094  53
0.865287  31
0.865297  136
0.865332  240
0.865488  230
0.865784  271
0.86591  313
0.865913  166
0.865939  231
0.866024  219
0.86609  317
0.866173  253
0.866315  352
0.866318  367
0.866345  56
0.866358  381
0.866388  110
0.866412  108
0.866421  324
0.86647  399
0.86651  2
0.866557  116
0.866573  374
0.866596  334
0.866606  314
0.866648  373
0.866711  247
0.866855  364
0.866994  296
0.866996  18
0.867051  273
0.867074  211
0.867083  274
0.867155  348
0.867156  124
0.867173  368
0.867375  244
0.867795  86
0.86783  222
0.868065  357
0.868224  184
0.868241  363
0.868361  133
0.868376  311
0.86879  258
0.868791  376
0.868944  30
0.869104  148
0.869188  339
0.869405  285
0.869539  91
0.869645  280
0.869665  220
0.869806  340
0.870011  385
0.870143  7
0.870149  384
0.870159  188
0.870238  85
0.870288  177
0.870393  319
0.870394  178
0.87041  66
0.870412  395
0.870491  243
0.870766  275
0.870861  281
0.870891  358
0.87121  327
0.871365  209
0.871508  0
0.871561  380
0.871588  342
0.871634  65
0.871652  365
0.871962  293
0.872058  326
0.872302  19
0.8724  270
0.872614  176
0.87265  235
0.87278  318
0.872828  114
0.872829  308
0.873496  388
0.873727  165
0.873894  309
0.874037  232
0.874183  355
0.874339  234
0.874555  387
0.874758  20
0.874816  8
0.874901  361
0.874973  301
0.875136  171
0.875395  192
0.875532  263
0.875656  102
0.876225  122
0.876302  300
0.876335  80
0.876635  350
0.876948  336
0.877022  49
0.877058  60
0.877134  120
0.877177  356
0.877224  59
0.877297  323
0.877425  303
0.877851  291
0.878281  11
0.878422  362
0.878823  152
0.878981  349
0.879142  221
0.879216  225
0.879553  337
0.879567  321
0.879628  146
0.879651  302
0.879781  325
0.87982  279
0.880288  212
0.880292  73
0.880541  154
0.880917  180
0.881053  269
0.881068  307
0.881387  394
0.881511  354
0.881582  359
0.881731  370
0.882457  315
0.883126  277
0.883167  267
0.883178  126
0.883475  347
0.883494  259
0.883511  39
0.883589  389
0.884521  105
0.885548  346
0.885632  398
0.886084  200
0.886251  310
0.886405  341
0.886505  142
0.886732  386
0.886842  28
0.886939  372
0.887088  93
0.887092  338
0.887233  369
0.88761  393
0.888083  90
0.888394  35
0.888646  375
0.890517  81
0.893248  383
0.894134  284
0.895377  181
0.896667  94
0.896688  353
0.896755  335
0.897176  382
0.897514  23
0.897973  379
0.898626  256
0.899131  366
0.89952  214
0.899804  377
0.899832  282
0.90041  174
0.901904  130
0.902011  351
0.902142  96
0.902557  397
0.903297  305
0.903433  390
0.903977  162
0.904153  3
0.904561  331
0.904589  170
0.904808  332
0.905155  63
0.90555  289
0.905921  343
0.907973  143
0.908003  29
0.908122  151
0.908126  314
0.908438  76
0.908742  306
0.908915  216
0.909022  27
0.909094  201
0.909213  333
0.90929  265
0.90955  218
0.910531  399
0.910785  113
0.91095  378
0.911312  286
0.911469  324
0.911479  391
0.91198  89
0.912034  9
0.912534  283
0.912784  395
0.913008  125
0.913069  364
0.914058  64
0.914258  204
0.914263  313
0.914644  26
0.914993  92
0.915329  186
0.915351  69
0.915413  112
0.91546  132
0.915622  37
0.915719  394
0.915757  344
0.915804  241
0.915936  19
0.916437  193
0.916477  318
0.916526  352
0.916621  287
0.916669  396
0.916701  381
0.91722  371
0.917525  250
0.917534  373
0.91765  119
0.917663  317
0.917755  358
0.917759  153
0.917766  362
0.917797  141
0.917846  260
0.918027  312
0.918109  376
0.918192  345
0.918205  43
0.918299  385
0.918321  329
0.918475  156
0.91855  150
0.918554  251
0.918616  167
0.918637  98
0.918641  297
0.918732  257
0.918737  328
0.918749  330
0.918866  230
0.918926  237
0.919171  99
0.919343  295
0.919402  149
0.919593  360
0.9197  95
0.919814  334
0.919816  346
0.91994  304
0.919985  129
0.920037  357
0.920393  104
0.9207  276
0.920864  13
0.920911  131
0.921017  367
0.921125  319
0.921304  326
0.92136  303
0.921611  207
0.921751  311
0.92197  255
0.922029  232
0.922047  168
0.922224  12
0.922225  368
0.922352  123
0.922372  208
0.92249  183
0.922491  336
0.922529  31
0.922574  252
0.922602  68
0.922618  24
0.922777  140
0.922895  219
0.922968  74
0.923058  182
0.923222  41
0.923244  44
0.923384  365
0.923388  78
0.923397  101
0.923411  392
0.923437  380
0.923447  374
0.923454  91
0.923484  316
0.923505  236
0.923527  278
0.923638  349
0.923767  322
0.923913  340
0.924008  195
0.924036  233
0.924084  248
0.924253  242
0.924272  327
0.924279  355
0.924325  202
0.924339  222
0.924442  196
0.924489  16
0.924574  187
0.924591  320
0.924652  308
0.924729  300
0.924799  203
0.924838  14
0.924968  342
0.924996  339
0.925027  348
0.92504  128
0.925045  221
0.925064  108
0.925071  361
0.92509  388
0.925297  117
0.925518  389
0.925694  369
0.925741  200
0.925936  359
0.925956  372
0.926148  145
0.926268  239
0.926414  298
0.926417  17
0.926433  135
0.926438  315
0.926469  275
0.926517  351
0.926674  210
0.926985  38
0.927008  106
0.92703  161
0.927058  383
0.928039  302
0.928343  121
0.928532  2
0.928821  285
0.928903  213
0.928913  370
0.929064  227
0.929229  338
0.929233  231
0.929267  387
0.929446  268
0.929505  82
0.929739  393
0.929822  170
0.930184  133
0.930299  75
0.930323  169
0.930506  189
0.93053  109
0.930653  332
0.930654  325
0.930706  384
0.930759  103
0.930791  347
0.931084  5
0.931285  310
0.931401  386
0.93168  4
0.931762  55
0.931833  0
0.931916  50
0.931926  21
0.932068  337
0.932246  379
0.932425  341
0.932546  147
0.932575  238
0.932669  309
0.932995  323
0.93309  356
0.933533  354
0.933558  229
0.933569  40
0.933607  366
0.933644  306
0.933849  157
0.933887  301
0.933929  111
0.93407  110
0.934183  291
0.934621  175
0.93472  363
0.934814  243
0.93482  390
0.93492  234
0.935197  23
0.935454  138
0.935469  397
0.935561  25
0.936055  159
0.936376  122
0.936699  264
0.936748  375
0.937034  305
0.937099  398
0.937294  378
0.937302  144
0.937322  343
0.937335  270
0.937572  53
0.937932  324
0.938601  107
0.938999  284
0.939079  321
0.939776  51
0.940164  307
0.940342  192
0.940647  114
0.940847  335
0.940997  142
0.941055  209
0.94112  331
0.941273  249
0.941673  353
0.94179  395
0.942078  377
0.942132  319
0.942394  59
0.943554  292
0.94376  177
0.944006  358
0.94498  352
0.945019  79
0.945523  345
0.945634  396
0.946206  382
0.946654  313
0.951508  296
0.952058  148
0.952478  244
0.952575  318
0.955227  28
0.956136  350
0.956168  10
0.957423  330
0.958219  66
0.958245  303
0.95831  137
0.958385  362
0.958582  339
0.95914  49
0.959962  173
0.960056  311
0.96019  361
0.960258  380
0.960297  163
0.961027  172
0.962615  312
0.963099  304
0.963278  33
0.963333  258
0.963712  272
0.963713  259
0.964306  198
0.964318  367
0.964556  1
0.964598  399
0.964755  199
0.964824  88
0.965342  100
0.965393  52
0.965604  346
0.965794  83
0.966007  381
0.966128  165
0.96613  215
0.966205  184
0.966284  134
0.966365  391
0.966414  271
0.966546  87
0.966623  328
0.966704  394
0.966921  84
0.966954  247
0.966967  387
0.967044  226
0.967044  34
0.967078  54
0.967271  36
0.967371  317
0.967424  364
0.967711  293
0.967992  286
0.968074  360
0.968077  389
0.968484  308
0.96888  344
0.968904  46
0.968937  279
0.969077  186
0.96919  208
0.969329  105
0.969394  314
0.969511  329
0.969575  327
0.969668  370
0.970256  316
0.970262  99
0.970286  338
0.970385  342
0.970451  385
0.970469  42
0.971051  152
0.971294  372
0.971295  267
0.971302  18
0.971404  182
0.971569  348
0.971809  334
0.971844  340
0.97186  349
0.972029  217
0.972154  320
0.972343  205
0.97251  355
0.972565  81
0.973043  290
0.973598  228
0.973743  61
0.973887  48
0.973934  256
0.974088  9
0.97433  132
0.974389  120
0.974686  336
0.974731  322
0.974777  392
0.974824  139
0.975238  8
0.975407  47
0.975464  126
0.975468  368
0.975562  371
0.975564  180
0.975665  324
0.975721  240
0.97575  164
0.975924  93
0.975989  359
0.976201  188
0.976538  143
0.97658  166
0.976831  294
0.976843  235
0.976864  277
0.976983  67
0.977016  393
0.977086  124
0.977134  373
0.977244  44
0.977513  11
0.977514  301
0.9776  388
0.977663  331
0.977738  357
0.977797  365
0.977834  273
0.978222  58
0.978231  282
0.978232  333
0.978358  191
0.978388  196
0.978571  300
0.978733  347
0.978825  245
0.978855  39
0.978998  104
0.979138  225
0.97928  176
0.979316  386
0.979551  376
0.979622  325
0.979723  356
0.97974  315
0.979915  201
0.98012  158
0.980289  6
0.980439  310
0.980485  251
0.980629  398
0.98103  218
0.981223  206
0.981309  309
0.98142  351
0.981463  302
0.981616  86
0.981714  321
0.981898  12
0.982066  257
0.982078  306
0.982212  223
0.982323  187
0.982361  390
0.982504  90
0.982764  194
0.982782  80
0.983185  369
0.983193  209
0.983248  382
0.983271  323
0.9833  130
0.983342  276
0.983346  89
0.98336  383
0.983458  253
0.983509  299
0.983548  318
0.983665  366
0.983849  326
0.984052  319
0.984155  222
0.984212  379
0.984313  162
0.985024  335
0.985205  305
0.985412  343
0.985682  296
0.985687  79
0.985782  178
0.985916  377
0.985962  354
0.986006  7
0.986049  236
0.986077  361
0.986177  103
0.986695  363
0.98672  337
0.987091  241
0.987133  185
0.98726  339
0.987451  358
0.987611  118
0.987976  38
0.988355  307
0.988563  330
0.988817  397
0.988817  266
0.989187  341
0.990068  395
0.99029  137
0.990588  362
0.991224  154
0.991476  179
0.991554  332
0.991572  303
0.991745  374
0.994996  350
0.995628  384
0.996228  29
0.996241  327
0.996888  399
0.996928  71
0.997469  16
0.998292  345
0.998348  338
0.999349  352
