0.0363904  193
0.037539  270
0.0383758  254
0.0386029  271
0.0387154  355
0.0392586  192
0.0395871  147
0.0399093  113
0.0401409  194
0.0402076  279
0.0402286  292
0.0403746  389
0.0404506  391
0.0405181  104
0.040519  90
0.0405479  338
0.0405909  283
0.0405942  266
0.0405982  143
0.0406893  268
0.0407099  164
0.0408721  272
0.0409563  142
0.0409889  51
0.0410068  349
0.041018  370
0.0410995  218
0.0411551  362
0.0411664  328
0.0411977  151
0.0412159  16
0.0412362  106
0.0412894  49
0.0413439  0
0.0413776  385
0.0414447  223
0.0414645  221
0.0414861  344
0.04153  321
0.0415692  230
0.041635  339
0.0416764  368
0.0416862  301
0.0417538  166
0.041782  214
0.0418172  246
0.0421376  3
0.0422595  20
0.0422712  219
0.0422726  215
0.0423973  384
0.0424102  263
0.0424167  135
0.0424373  399
0.0425293  141
0.0425299  61
0.0425319  299
0.0425738  224
0.0426386  21
0.0426785  317
0.0426864  105
0.0426947  165
0.0427046  300
0.0427277  345
0.0427633  53
0.0427984  110
0.0428759  70
0.0429166  392
0.0429222  371
0.0430397  40
0.0430583  341
0.0430627  158
0.0431184  259
0.0431557  234
0.0431603  366
0.0432067  364
0.0432091  383
0.0433403  63
0.043364  316
0.0434559  303
0.0434961  228
0.0434967  375
0.0435272  302
0.0436003  25
0.0436707  72
0.0436834  322
0.0437735  332
0.0438368  152
0.0439258  211
0.0439468  115
0.043975  202
0.044124  289
0.0441563  381
0.0442227  35
0.0443676  172
0.0443686  340
0.044376  343
0.0444022  199
0.0444577  260
0.0444662  390
0.0445788  312
0.0445959  380
0.044686  231
0.044704  294
0.0447364  365
0.0447703  374
0.0448267  265
0.0448544  336
0.0449182  353
0.0449212  120
0.0450351  325
0.0450591  74
0.045269  12
0.045342  111
0.0453593  350
0.0454453  304
0.0456594  315
0.0461477  330
0.0462649  134
0.0463858  59
0.0466012  175
0.0467727  373
0.046811  320
0.0469274  248
0.0470242  297
0.0471068  379
0.0471291  396
0.0472553  337
0.0473646  85
0.0473699  313
0.0475262  116
0.0476538  10
0.0479638  324
0.0480228  71
0.048077  277
0.0481145  352
0.0481491  359
0.0484503  397
0.0484982  326
0.0488443  318
0.0489662  298
0.0491065  376
0.0493059  348
0.0493342  388
0.0497759  334
0.0498007  161
0.0499553  305
0.0503419  354
0.0506358  308
0.0507809  357
0.0507895  47
0.0510027  153
0.0513558  358
0.0515643  314
0.0519911  245
0.0520818  99
0.0525913  309
0.0529976  369
0.0532314  335
0.0533128  351
0.0538623  55
0.0550624  267
0.0551617  306
0.0556974  377
0.055871  88
0.0560872  226
0.0564743  393
0.0566916  386
0.0569783  159
0.0570271  307
0.0571315  333
0.0571404  319
0.0573691  331
0.0577314  82
0.0579413  311
0.0585645  382
0.0588572  395
0.0598398  261
0.0600063  250
0.0601305  101
0.0603362  167
0.0603768  181
0.0609371  6
0.061106  174
0.0617517  363
0.0623276  310
0.0626584  93
0.0630553  184
0.0632034  360
0.0632081  43
0.0632655  233
0.0633074  394
0.0634309  87
0.063755  329
0.0639489  347
0.0642365  212
0.0645008  361
0.064611  327
0.065043  242
0.066667  346
0.0666857  126
0.0667864  356
0.0669981  83
0.0675702  387
0.0677483  323
0.0698443  19
0.0699616  64
0.0702603  378
0.0706248  293
0.0709361  367
0.070995  67
0.0711677  205
0.0712175  9
0.0713772  222
0.0715859  398
0.0718297  232
0.0719017  195
0.0723227  185
0.0723998  282
0.0724778  281
0.0727174  252
0.0728674  269
0.072889  56
0.0729252  342
0.0730767  114
0.0730827  100
0.0732862  372
0.0733048  57
0.0735808  89
0.0735952  150
0.0736713  183
0.0739417  98
0.0740372  131
0.0740719  139
0.0742042  186
0.074278  208
0.0743198  22
0.074322  160
0.0743225  34
0.074694  197
0.0747048  249
0.0747324  18
0.0748333  4
0.0748595  31
0.0748768  8
0.0750244  155
0.0751798  24
0.0752005  17
0.0752079  52
0.0752752  171
0.0752753  189
0.0753055  236
0.0753758  136
0.075404  45
0.0754319  84
0.0754813  44
0.0754891  129
0.0754994  273
0.0756216  182
0.0756245  76
0.0756462  235
0.0756665  217
0.0756992  54
0.0757097  38
0.0757399  177
0.0757481  241
0.0757975  94
0.0758332  86
0.0758662  118
0.0758981  285
0.0759181  290
0.0759214  130
0.0759419  157
0.0759765  66
0.0760688  220
0.0761227  133
0.0761312  122
0.0761488  178
0.0761649  32
0.0762059  46
0.0762752  117
0.0762861  15
0.0763001  162
0.0763279  138
0.0764493  80
0.0764635  41
0.0764743  239
0.0764847  79
0.0764941  119
0.076576  95
0.0765896  65
0.0765904  204
0.0766347  68
0.0766973  295
0.0767052  13
0.0767581  128
0.0767823  11
0.0768129  73
0.0768476  301
0.0768974  14
0.0769081  92
0.0769148  78
0.0769341  392
0.0769843  284
0.0770342  149
0.077075  334
0.0770978  264
0.0770985  390
0.0771078  227
0.0771415  247
0.0771465  107
0.0771726  203
0.0771838  210
0.0771917  278
0.0771931  125
0.0772  163
0.0772644  345
0.0772652  75
0.0772939  229
0.0773784  196
0.0773817  276
0.0773895  28
0.0774189  33
0.077479  216
0.0775336  253
0.0775409  257
0.0775452  368
0.077586  287
0.0775901  180
0.0776312  270
0.0776592  243
0.077689  1
0.077739  96
0.0777409  225
0.0777631  396
0.0777745  81
0.0777869  30
0.0778142  317
0.0778323  170
0.0778965  69
0.0779224  112
0.0779646  318
0.0779674  381
0.0779808  200
0.0780361  399
0.078048  366
0.0780516  358
0.0780543  330
0.0780588  191
0.0780983  140
0.0781033  255
0.0781894  154
0.078201  121
0.07821  188
0.0782122  156
0.0782175  280
0.0782248  315
0.078225  187
0.0782487  137
0.0782903  2
0.0783213  168
0.0783767  364
0.0783811  344
0.0784159  206
0.0784339  332
0.0784429  319
0.0784706  231
0.0784871  37
0.0785079  316
0.0785182  132
0.0785209  109
0.0785606  379
0.0785891  322
0.0786545  354
0.0786761  324
0.0786963  274
0.07875  384
0.0787576  85
0.0787697  50
0.0787934  16
0.0788001  152
0.0788247  144
0.0788398  321
0.0788689  179
0.0789034  341
0.0789214  348
0.0789479  375
0.0789624  335
0.0789725  307
0.0789769  120
0.0790043  302
0.0790634  244
0.0791251  355
0.0792063  309
0.0792726  127
0.0793099  48
0.0794417  327
0.0795236  198
0.0795676  371
0.0795698  326
0.0795955  380
0.0796225  258
0.0797668  304
0.0797769  352
0.0797842  353
0.0798226  356
0.0798322  393
0.0798756  39
0.0799181  27
0.0799462  362
0.0800012  397
0.0800323  386
0.0802867  337
0.0803129  320
0.0803306  148
0.0804009  238
0.080423  308
0.0804814  351
0.0805125  374
0.080575  207
0.0806675  388
0.0806843  382
0.0807021  91
0.08078  306
0.080786  387
0.0809383  297
0.081002  359
0.0813939  369
0.0815249  108
0.0815396  338
0.0816108  7
0.0816918  312
0.0817766  391
0.0820016  339
0.082065  383
0.0822147  323
0.0823902  395
0.0824268  333
0.0825708  365
0.0825901  376
0.0827621  300
0.0829791  370
0.0831557  329
0.0838306  103
0.0840089  325
0.0854032  377
0.0856539  373
0.0857118  394
0.0861697  350
0.0862733  385
0.0866088  311
0.087362  336
0.0878336  72
0.0879329  213
0.0881764  313
0.0886501  349
0.0891165  357
0.0903124  389
0.0903958  310
0.0905896  172
0.0911735  23
0.0917486  363
0.0919828  58
0.092184  6
0.0922353  340
0.0922924  347
0.0923409  314
0.0926467  53
0.0927887  342
0.0933032  93
0.0937901  331
0.0940191  367
0.095254  360
0.0959015  209
0.095917  305
0.096463  328
0.0990831  303
0.0996731  222
0.0997543  113
0.100843  372
0.102367  346
0.103204  321
0.104066  211
0.104809  262
0.105631  265
0.105716  164
0.106831  60
0.106884  147
0.106951  296
0.107187  398
0.107229  341
0.107482  161
0.10788  240
0.108048  62
0.10814  201
0.108144  275
0.108298  26
0.108426  361
0.108596  159
0.108635  77
0.108996  234
0.109173  322
0.109486  263
0.109709  176
0.1099  169
0.110433  82
0.11064  207
0.110702  202
0.11077  40
0.110835  390
0.111037  167
0.111064  43
0.111193  351
0.11137  330
0.111519  345
0.111555  288
0.111682  320
0.111766  29
0.111785  228
0.111868  251
0.111874  116
0.112235  20
0.112388  70
0.112553  173
0.112563  184
0.112701  145
0.112716  379
0.112784  324
0.113496  194
0.113712  190
0.113817  36
0.113848  237
0.113956  293
0.114107  358
0.114184  16
0.114191  90
0.114252  359
0.11429  302
0.114413  283
0.114681  332
0.114933  312
0.114942  22
0.115013  374
0.115539  353
0.115546  317
0.115724  316
0.116074  192
0.116778  304
0.116787  308
0.116917  335
0.117129  42
0.117399  187
0.117554  289
0.117587  221
0.117664  350
0.117696  193
0.118129  120
0.118491  366
0.119125  51
0.119131  117
0.119168  254
0.119196  397
0.119484  250
0.119787  355
0.119952  352
0.11996  307
0.120378  21
0.120424  365
0.120583  181
0.120757  311
0.12099  313
0.121074  216
0.121217  376
0.122004  356
0.122411  380
0.123066  386
0.124096  388
0.125896  327
0.126157  334
0.126464  348
0.126838  326
0.127056  367
0.127363  300
0.127644  323
0.128077  375
0.128432  393
0.130789  349
0.13085  396
0.13102  215
0.131716  97
0.132448  357
0.134198  259
0.134429  131
0.135303  15
0.135473  310
0.135541  291
0.135584  294
0.135816  382
0.13598  362
0.136143  306
0.136176  319
0.136541  369
0.13664  381
0.136755  337
0.137091  35
0.138927  321
0.139654  223
0.139658  170
0.139887  373
0.14011  257
0.140198  360
0.140239  347
0.140352  309
0.140467  286
0.141196  383
0.141337  395
0.141584  378
0.141633  339
0.141806  8
0.143001  394
0.143071  336
0.143529  136
0.143982  389
0.144881  342
0.145981  333
0.146685  364
0.146926  384
0.147193  391
0.148684  274
0.148812  385
0.150042  315
0.150065  340
0.150089  118
0.151752  325
0.151779  299
0.15183  174
0.15205  399
0.152162  387
0.15393  329
0.154873  11
0.155247  92
0.155594  282
0.155764  127
0.156021  368
0.156377  318
0.156718  301
0.157104  354
0.15716  328
0.157496  55
0.158009  152
0.159465  256
0.16005  163
0.160388  4
0.160674  178
0.160962  111
0.161106  1
0.161288  76
0.161348  5
0.161432  61
0.161467  124
0.16164  343
0.161872  98
0.161977  10
0.16206  168
0.16217  230
0.162276  303
0.162369  156
0.16262  188
0.162659  47
0.162665  89
0.162737  153
0.162775  125
0.162939  371
0.16307  284
0.163082  370
0.163118  290
0.163179  377
0.16318  242
0.163254  18
0.163338  338
0.163392  331
0.163401  96
0.163439  267
0.163536  346
0.163582  353
0.163858  142
0.164825  314
0.164852  363
0.164957  63
0.165061  208
0.16516  265
0.165174  138
0.16542  165
0.165799  13
0.165805  93
0.165859  392
0.165982  255
0.166069  219
0.166074  88
0.166122  260
0.166276  54
0.166407  158
0.166777  372
0.167126  119
0.167139  19
0.167232  151
0.167324  25
0.16736  49
0.167853  240
0.167889  103
0.167987  24
0.168078  359
0.16808  12
0.168081  59
0.16872  396
0.168749  355
0.168874  102
0.169092  113
0.1693  69
0.169433  312
0.169543  356
0.169547  390
0.169652  292
0.169823  319
0.169866  123
0.169895  379
0.170039  244
0.170234  332
0.170399  46
0.17043  398
0.170605  212
0.170662  99
0.170796  134
0.170888  39
0.171085  248
0.171092  397
0.171184  380
0.171444  28
0.171472  302
0.171495  7
0.171536  80
0.171822  200
0.17204  50
0.172305  348
0.172337  104
0.172373  270
0.172634  252
0.172738  108
0.17285  247
0.172918  330
0.173104  162
0.173284  52
0.173318  9
0.173344  344
0.173447  300
0.173449  316
0.173552  110
0.173666  226
0.173717  210
0.173727  203
0.173828  201
0.173929  149
0.173942  231
0.174101  342
0.174209  245
0.174324  313
0.174527  373
0.174528  68
0.174584  106
0.174826  322
0.174853  382
0.174869  374
0.174921  341
0.175064  366
0.175105  132
0.175134  199
0.175136  209
0.175197  109
0.175214  304
0.175557  326
0.175568  175
0.175618  384
0.176118  112
0.176204  157
0.176333  324
0.176601  278
0.176701  189
0.177002  318
0.177137  307
0.177262  184
0.177425  385
0.177473  309
0.177483  375
0.177488  345
0.1775  394
0.177508  160
0.178071  311
0.178148  272
0.178252  352
0.178299  395
0.178302  238
0.178388  83
0.178422  351
0.17849  220
0.178624  206
0.178759  317
0.178961  85
0.179053  336
0.179392  191
0.179667  305
0.179725  30
0.18007  27
0.180854  335
0.180936  367
0.181041  376
0.181389  73
0.181598  369
0.182048  306
0.182057  347
0.182253  146
0.182322  357
0.182376  386
0.182413  301
0.183066  362
0.184916  320
0.185124  120
0.185128  391
0.185463  361
0.185633  323
0.185815  383
0.186463  393
0.18668  310
0.186787  388
0.187489  334
0.189121  365
0.189972  155
0.190788  339
0.191089  358
0.192562  340
0.193393  338
0.193894  308
0.19415  360
0.197179  327
0.197601  58
0.198215  364
0.198308  287
0.198724  31
0.198843  315
0.199214  325
0.200408  281
0.200471  53
0.200519  378
0.200662  207
0.200985  368
0.201041  143
0.201094  150
0.201158  389
0.201195  105
0.201279  297
0.201372  354
0.201632  129
0.202459  349
0.202863  173
0.203449  74
0.20347  328
0.204257  107
0.204375  353
0.204867  333
0.206052  271
0.206276  329
0.206634  64
0.206787  16
0.206947  350
0.207313  381
0.207364  223
0.207727  295
0.20798  399
0.208212  72
0.20828  135
0.20864  216
0.20883  387
0.20891  321
0.209319  183
0.21012  337
0.210296  194
0.210747  77
0.210773  193
0.210927  101
0.211292  224
0.211413  41
0.211624  237
0.211684  257
0.21171  23
0.21182  303
0.211973  172
0.212055  280
0.212382  232
0.212473  294
0.212743  147
0.212757  48
0.212872  359
0.212887  371
0.213574  332
0.213595  185
0.213756  116
0.213959  0
0.213986  6
0.214029  154
0.214046  166
0.21417  70
0.214287  396
0.214314  133
0.214378  273
0.21441  370
0.214469  96
0.214576  164
0.214654  111
0.214929  266
0.214943  343
0.215014  222
0.215319  174
0.215422  269
0.215454  277
0.215486  298
0.215553  311
0.21567  97
0.215682  390
0.215718  331
0.215747  192
0.215811  57
0.215856  75
0.215975  286
0.216018  34
0.216231  250
0.216325  246
0.21641  15
0.216491  264
0.216601  117
0.216616  262
0.216648  306
0.216788  374
0.217067  363
0.217104  170
0.217204  214
0.217306  37
0.217366  140
0.217405  36
0.217531  218
0.217594  32
0.217661  316
0.217801  288
0.217875  330
0.217952  126
0.218081  86
0.218128  8
0.218233  289
0.218274  199
0.218321  319
0.218393  243
0.218564  253
0.218597  318
0.21862  346
0.218661  152
0.218707  217
0.218754  312
0.218758  180
0.218781  202
0.218997  179
0.219108  380
0.219174  376
0.219245  182
0.219277  78
0.219322  79
0.219338  121
0.219419  84
0.219619  17
0.219637  375
0.219659  239
0.219662  397
0.219815  352
0.219851  30
0.219955  274
0.219964  137
0.220078  357
0.220103  365
0.220154  42
0.220169  285
0.220387  141
0.220421  114
0.22053  361
0.220611  392
0.220913  383
0.220957  43
0.221153  47
0.22122  309
0.221343  95
0.221482  268
0.221486  304
0.221517  14
0.221608  82
0.221921  261
0.22199  109
0.222002  167
0.222082  367
0.222168  33
0.222259  372
0.222324  362
0.222333  161
0.222366  56
0.222453  342
0.222456  260
0.222543  301
0.222571  149
0.222799  382
0.222891  177
0.222904  35
0.223008  211
0.223096  67
0.223272  347
0.223658  51
0.223712  258
0.223877  334
0.223883  131
0.223898  110
0.224116  351
0.224245  368
0.22425  379
0.22432  142
0.224362  323
0.224404  344
0.224415  138
0.224727  317
0.224856  314
0.224858  348
0.224915  307
0.224924  341
0.225131  263
0.22531  313
0.2255  300
0.225661  340
0.225771  366
0.225843  236
0.226  91
0.226225  384
0.226363  308
0.226551  389
0.226638  388
0.226682  393
0.227265  92
0.227498  394
0.227749  345
0.228013  395
0.228469  329
0.228755  80
0.228933  335
0.230391  387
0.230496  356
0.230505  229
0.230588  355
0.230602  386
0.231325  321
0.231468  326
0.231545  377
0.231782  196
0.232601  364
0.233384  353
0.234117  26
0.236152  338
0.2368  325
0.236818  305
0.237293  336
0.238324  324
0.238504  322
0.239305  339
0.24005  310
0.24055  159
0.240837  349
0.240848  293
0.242281  197
0.242774  64
0.2442  219
0.245033  81
0.245305  381
0.245346  385
0.245489  320
0.245571  328
0.246096  240
0.246106  27
0.246335  284
0.247862  373
0.249193  71
0.249318  299
0.249328  302
0.249534  254
0.249628  369
0.249759  40
0.250532  55
0.250693  83
0.251119  68
0.251261  204
0.251271  144
0.251273  327
0.251386  39
0.251475  115
0.251495  59
0.251724  259
0.251933  124
0.252228  205
0.252286  231
0.252335  136
0.252536  169
0.252633  160
0.25282  208
0.252848  292
0.252853  128
0.252929  354
0.252936  332
0.252989  129
0.253019  187
0.253083  106
0.253191  212
0.253196  198
0.2532  176
0.253291  156
0.253296  20
0.253323  120
0.253342  228
0.253421  2
0.253554  19
0.253573  315
0.253658  391
0.253776  195
0.253802  188
0.253815  358
0.253948  398
0.254002  215
0.254387  139
0.254441  371
0.254456  38
0.254495  87
0.254533  66
0.254585  171
0.254667  62
0.254673  275
0.254821  357
0.25491  291
0.254946  241
0.255007  31
0.255028  350
0.255439  1
0.255464  130
0.255512  157
0.255587  267
0.255614  238
0.255615  18
0.255627  99
0.25581  123
0.255892  370
0.256009  333
0.256075  15
0.256248  143
0.256254  210
0.256279  220
0.256333  378
0.256517  44
0.256813  399
0.256977  374
0.257257  317
0.257542  396
0.257557  363
0.257639  360
0.257768  257
0.257912  125
0.257929  335
0.257939  361
0.257952  112
0.257971  276
0.258206  331
0.258304  375
0.258411  390
0.258653  21
0.258872  9
0.25902  314
0.260179  301
0.260332  312
0.260419  308
0.260456  365
0.260544  307
0.260676  16
0.260778  162
0.260779  134
0.261171  343
0.261481  248
0.261511  287
0.261707  362
0.261965  330
0.26236  336
0.262953  334
0.263084  337
0.263441  282
0.263909  60
0.264041  306
0.264197  348
0.264217  207
0.266252  313
0.266276  235
0.266488  311
0.266901  380
0.266986  304
0.26725  355
0.267587  382
0.268219  377
0.268597  341
0.268974  279
0.268999  342
0.269038  321
0.269872  387
0.269929  24
0.27017  189
0.270447  323
0.270584  3
0.270877  388
0.27107  300
0.271804  252
0.273088  193
0.273701  367
0.273881  326
0.274062  7
0.274636  190
0.274646  230
0.274742  273
0.274748  349
0.27505  376
0.275251  325
0.275368  305
0.275404  366
0.275978  303
0.276171  89
0.276935  351
0.277924  389
0.279185  280
0.279674  216
0.280062  364
0.28018  347
0.280304  191
0.280667  381
0.281234  122
0.281513  345
0.282038  339
0.282579  168
0.28318  344
0.283349  359
0.283688  395
0.28377  213
0.283825  278
0.284219  309
0.284278  346
0.284339  353
0.286008  394
0.286033  103
0.286853  329
0.287633  393
0.288704  383
0.288859  28
0.288975  234
0.289033  397
0.289358  84
0.290174  150
0.29044  227
0.290764  392
0.291103  372
0.291311  105
0.291503  368
0.291518  253
0.29164  384
0.292055  255
0.29241  286
0.292784  266
0.293081  296
0.293531  155
0.293594  172
0.293678  132
0.29416  221
0.294291  249
0.294637  316
0.294657  385
0.294779  340
0.294833  113
0.294903  53
0.295038  165
0.295123  17
0.295594  386
0.296151  81
0.296657  281
0.296675  251
0.297061  119
0.297122  328
0.29727  178
0.29758  319
0.297908  117
0.298095  320
0.298146  356
0.298202  50
0.298485  33
0.298596  88
0.299199  352
0.299235  379
0.299312  46
0.299486  30
0.29953  247
0.299787  244
0.299862  200
0.29991  45
0.300346  197
0.300414  70
0.300512  85
0.300636  223
0.300643  201
0.300686  202
0.300693  49
0.300903  47
0.300987  258
0.301175  154
0.301288  8
0.301388  90
0.301407  182
0.301646  219
0.301682  318
0.301717  298
0.30172  315
0.301726  148
0.301756  265
0.301833  63
0.301903  310
0.301907  391
0.301986  23
0.302042  245
0.302141  229
0.302321  297
0.302435  277
0.302457  268
0.302595  104
0.302674  94
0.302894  362
0.302898  371
0.302918  100
0.302956  199
0.30296  161
0.303019  137
0.303028  322
0.303031  283
0.30307  18
0.303253  147
0.303355  10
0.303376  78
0.303505  110
0.303528  25
0.303642  91
0.303671  26
0.303731  181
0.303747  300
0.303787  324
0.303832  285
0.303842  118
0.303849  398
0.303862  270
0.304021  290
0.304081  341
0.304136  145
0.304293  209
0.304308  99
0.304317  243
0.304337  173
0.304358  101
0.304398  390
0.304442  42
0.304488  374
0.304548  399
0.304587  333
0.304636  224
0.304657  358
0.304795  153
0.304816  102
0.304948  29
0.305079  143
0.305252  222
0.30534  12
0.305353  232
0.305367  363
0.305399  256
0.305413  242
0.3055  67
0.305581  22
0.305646  127
0.305797  86
0.305868  335
0.305874  327
0.305933  80
0.306134  338
0.306201  331
0.306355  361
0.306361  378
0.306393  365
0.306455  330
0.306551  73
0.306651  140
0.306653  250
0.306664  347
0.306866  40
0.306998  325
0.307179  109
0.30734  163
0.307386  177
0.307545  166
0.307583  357
0.307966  354
0.307983  190
0.308052  65
0.308251  381
0.308309  303
0.308312  44
0.308364  312
0.308368  380
0.308385  142
0.30841  342
0.30844  135
0.308544  382
0.308846  214
0.308993  387
0.308993  377
0.309356  299
0.309358  360
0.309362  313
0.309706  388
0.309802  350
0.309965  373
0.310098  20
0.310132  366
0.310254  302
0.310415  332
0.310726  389
0.310846  364
0.311289  334
0.3114  369
0.312048  311
0.312403  375
0.312416  133
0.312673  376
0.312738  336
0.313096  207
0.31342  74
0.313538  321
0.313545  396
0.313957  317
0.314111  141
0.314284  41
0.314367  261
0.314447  262
0.315093  326
0.315371  345
0.316064  392
0.316262  282
0.317428  314
0.317984  343
0.318135  71
0.318617  237
0.318667  395
0.318827  216
0.319228  304
0.319541  211
0.319745  339
0.320005  337
0.320552  306
0.320701  123
0.320925  301
0.321335  308
0.323008  111
0.323096  344
0.323395  370
0.32379  13
0.324019  367
0.324052  289
0.324475  193
0.324554  187
0.324902  107
0.324935  77
0.325845  353
0.326177  92
0.326244  146
0.326421  307
0.32661  320
0.326774  138
0.326871  170
0.327221  351
0.327474  355
0.32779  348
0.328192  11
0.32864  27
0.328814  383
0.329081  329
0.329371  218
0.329544  184
0.329547  83
0.329928  271
0.330208  205
0.330279  192
0.330568  175
0.330605  152
0.330817  248
0.330919  292
0.331063  89
0.331253  356
0.331464  14
0.331612  397
0.331625  151
0.331696  394
0.331735  158
0.331982  349
0.332758  206
0.332817  359
0.333067  24
0.333152  208
0.333621  374
0.333767  131
0.333769  64
0.333798  319
0.333902  323
0.334068  346
0.334103  195
0.334205  174
0.334215  38
0.334245  204
0.334768  15
0.334922  305
0.335005  79
0.335157  309
0.335207  264
0.335237  352
0.335243  246
0.335367  168
0.335733  52
0.335902  385
0.336031  269
0.336206  121
0.336373  221
0.336637  368
0.336805  233
0.337034  159
0.337055  108
0.337183  32
0.337262  236
0.337431  241
0.337492  5
0.337536  76
0.337564  259
0.337788  126
0.337899  72
0.338003  93
0.338158  35
0.33833  34
0.338626  194
0.3387  254
0.338761  189
0.338802  59
0.338917  328
0.339031  255
0.339283  164
0.339317  238
0.33946  130
0.339468  217
0.339665  139
0.339778  37
0.339784  98
0.339839  84
0.339919  340
0.339989  391
0.339992  0
0.340027  129
0.340061  310
0.340127  273
0.340147  287
0.340363  393
0.340561  317
0.340728  372
0.340753  16
0.340773  325
0.340807  379
0.340924  144
0.340962  7
0.341104  354
0.341154  398
0.341303  342
0.341919  215
0.341919  302
0.341959  315
0.341985  357
0.342023  61
0.342221  21
0.342379  350
0.34238  272
0.34239  54
0.34243  226
0.342717  341
0.342766  387
0.342778  333
0.342843  186
0.342999  313
0.343402  358
0.343832  362
0.344068  371
0.34456  56
0.344675  375
0.344963  43
0.345095  390
0.345177  101
0.34519  39
0.34538  308
0.345547  347
0.345648  361
0.345954  132
0.346175  382
0.346949  4
0.347255  381
0.347407  87
0.347835  321
0.348091  384
0.348503  33
0.348548  332
0.348698  300
0.348758  203
0.348831  249
0.348948  330
0.348996  303
0.349184  196
0.349593  365
0.349996  326
0.350257  363
0.350915  331
0.351619  96
0.353047  392
0.354871  210
0.354977  294
0.355113  336
0.355269  57
0.355323  180
0.355761  318
0.355846  366
0.35626  337
0.35662  396
0.356633  338
0.357981  293
0.358131  376
0.358262  389
0.358333  344
0.358628  395
0.359028  399
0.359244  183
0.359418  335
0.360247  373
0.361043  99
0.361393  351
0.36172  312
0.364084  306
0.364886  327
0.364948  360
0.365703  235
0.367996  274
0.368517  171
0.368535  134
0.368951  267
0.368971  377
0.36971  154
0.370277  352
0.370935  311
0.370997  380
0.371031  364
0.37109  314
0.371285  281
0.371331  369
0.372341  278
0.3724  67
0.372775  145
0.373083  65
0.373263  288
0.373601  107
0.373625  397
0.373858  339
0.374736  309
0.374867  355
0.375322  29
0.375454  324
0.376119  45
0.376248  162
0.37632  316
0.377288  343
0.378211  114
0.378366  276
0.378545  265
0.378785  386
0.37901  82
0.379436  116
0.379453  224
0.379608  14
0.379842  115
0.379897  240
0.380124  388
0.380474  44
0.380566  109
0.380694  329
0.380858  394
0.380883  266
0.380923  81
0.381346  368
0.38151  322
0.38177  304
0.381874  374
0.3822  191
0.382383  156
0.382401  367
0.382794  251
0.382856  250
0.383161  398
0.383476  349
0.383611  135
0.383683  185
0.384304  70
0.384448  385
0.384636  348
0.38464  212
0.384832  23
0.385023  320
0.385864  22
0.386495  207
0.386511  178
0.386616  157
0.386628  133
0.386709  301
0.386793  307
0.386879  74
0.387014  231
0.387205  53
0.387273  283
0.387308  218
0.3874  378
0.38746  75
0.387509  149
0.387572  370
0.387957  334
0.388485  279
0.388668  319
0.388708  104
0.389296  285
0.389374  160
0.389884  356
0.390059  150
0.390734  239
0.390769  69
0.390781  26
0.390811  381
0.390984  383
0.391071  15
0.391104  328
0.391465  350
0.39151  282
0.391531  95
0.391699  310
0.391873  55
0.391878  305
0.391926  105
0.39227  100
0.39238  340
0.392546  228
0.392927  167
0.393202  390
0.393223  3
0.393267  396
0.393611  391
0.393913  158
0.394069  216
0.394264  321
0.394273  19
0.394432  108
0.394507  341
0.394882  117
0.394936  382
0.395076  225
0.395356  359
0.395502  11
0.396052  286
0.396094  387
0.396113  375
0.396143  353
0.396337  303
0.39634  142
0.396478  143
0.397232  222
0.397243  345
0.397744  379
0.398223  60
0.398475  13
0.398491  299
0.398901  392
0.398996  181
0.39927  332
0.399748  197
0.399803  389
0.399808  50
0.400018  326
0.400168  27
0.400174  354
0.40021  323
0.400235  300
0.400342  122
0.400557  290
0.400616  291
0.400855  315
0.401851  68
0.401885  188
0.401956  331
0.402269  366
0.40241  187
0.40294  308
0.403141  227
0.403145  110
0.403277  384
0.403284  357
0.403305  371
0.403487  352
0.403825  17
0.403838  62
0.404034  245
0.404235  397
0.404323  344
0.404639  337
0.406024  247
0.406123  342
0.406338  31
0.406598  358
0.406804  80
0.407096  175
0.407456  361
0.407467  165
0.408078  5
0.408164  317
0.408366  372
0.408482  338
0.408638  388
0.408659  164
0.408663  141
0.408933  124
0.409941  173
0.410069  111
0.410211  51
0.41071  186
0.410767  335
0.41085  376
0.410866  336
0.411122  166
0.411348  362
0.411446  232
0.411547  330
0.411815  360
0.412164  399
0.412612  130
0.412756  78
0.412766  73
0.412796  318
0.413185  302
0.413432  97
0.413536  169
0.413712  56
0.414003  202
0.414278  244
0.414984  252
0.415232  296
0.415306  284
0.415678  313
0.415809  368
0.415898  148
0.416246  339
0.416628  238
0.416655  7
0.41677  314
0.417057  346
0.417102  85
0.417195  1
0.417462  193
0.417465  329
0.417682  304
0.417803  103
0.418199  54
0.41826  209
0.418568  242
0.419003  90
0.419035  365
0.4193  182
0.419524  98
0.419638  76
0.419874  257
0.420007  71
0.420161  18
0.420193  249
0.420297  101
0.420316  364
0.420413  189
0.420501  176
0.420514  369
0.420515  377
0.420654  325
0.42078  136
0.420843  96
0.420992  112
0.421019  268
0.421195  266
0.421342  380
0.421545  343
0.421827  210
0.421834  213
0.421895  333
0.421896  200
0.421962  217
0.422074  255
0.422084  192
0.422212  47
0.422324  125
0.422329  38
0.422485  363
0.422538  113
0.422715  297
0.422725  253
0.422728  311
0.423069  394
0.423075  393
0.423201  312
0.423253  374
0.423403  87
0.423628  211
0.423658  347
0.423714  215
0.423837  145
0.423925  351
0.424572  159
0.424681  32
0.42503  157
0.425036  94
0.425066  327
0.425117  146
0.425149  295
0.425152  373
0.425274  261
0.425388  395
0.425627  155
0.425881  127
0.425886  134
0.425941  391
0.426177  305
0.426214  64
0.426278  396
0.426295  229
0.426365  128
0.427076  220
0.427551  271
0.4276  28
0.427724  334
0.428026  86
0.428161  348
0.428302  378
0.428404  316
0.428439  52
0.428532  88
0.42892  260
0.429015  307
0.429166  323
0.42925  77
0.429464  201
0.429685  354
0.429697  306
0.429761  2
0.429863  177
0.429892  322
0.42998  241
0.430085  138
0.430144  381
0.430268  320
0.430473  370
0.430516  234
0.430643  118
0.430791  168
0.430852  171
0.431005  183
0.431355  35
0.431541  308
0.431651  262
0.431832  309
0.432278  386
0.432359  301
0.432866  342
0.432889  289
0.432983  321
0.433063  359
0.433599  319
0.433912  367
0.434063  303
0.434067  129
0.434669  389
0.434856  398
0.434884  267
0.435014  219
0.435112  21
0.435458  331
0.435659  355
0.436041  132
0.43609  390
0.436299  318
0.436874  147
0.437363  40
0.438386  223
0.438469  199
0.439031  48
0.439252  358
0.439367  349
0.43955  324
0.43956  383
0.439892  233
0.440237  9
0.440527  6
0.440826  270
0.441287  195
0.441406  328
0.441476  33
0.4416  356
0.441712  371
0.442159  36
0.442449  310
0.44247  361
0.442499  102
0.442835  166
0.442936  387
0.443087  382
0.443656  293
0.444216  384
0.44429  337
0.444487  336
0.445485  137
0.446193  294
0.446334  326
0.446945  114
0.447296  345
0.447317  240
0.447629  350
0.448325  362
0.448543  372
0.448639  214
0.44878  332
0.448883  311
0.448892  341
0.449198  91
0.450267  116
0.450388  388
0.450452  353
0.451112  20
0.451224  399
0.452136  153
0.452273  236
0.452813  352
0.453455  375
0.454052  184
0.454058  397
0.454995  67
0.45534  264
0.455549  338
0.4558  151
0.45613  304
0.456169  63
0.456196  74
0.456771  93
0.456976  50
0.457164  34
0.457212  30
0.45746  92
0.457589  330
0.458069  95
0.458211  131
0.458317  59
0.458318  123
0.458539  392
0.458553  79
0.458592  152
0.458613  366
0.458648  89
0.458739  43
0.459271  302
0.45949  265
0.459641  263
0.459651  243
0.459654  172
0.459705  385
0.459754  340
0.459803  8
0.459812  335
0.459959  163
0.460121  158
0.460393  90
0.460414  368
0.460571  329
0.460623  69
0.460641  188
0.461075  313
0.46117  144
0.461309  96
0.461318  181
0.461402  106
0.461505  39
0.461737  198
0.461815  315
0.461911  72
0.462356  83
0.462443  42
0.462565  314
0.462637  305
0.462665  133
0.463052  379
0.463079  109
0.463281  120
0.4635  393
0.463546  327
0.463732  179
0.463997  230
0.464244  395
0.46433  376
0.464357  226
0.464374  180
0.464382  380
0.464469  357
0.464578  277
0.464582  161
0.464584  373
0.464898  66
0.464928  360
0.464939  348
0.465136  135
0.465546  276
0.465744  317
0.466026  339
0.466205  190
0.466376  369
0.466652  174
0.466724  159
0.467318  287
0.467373  254
0.46744  312
0.467492  14
0.467596  0
0.467859  328
0.468235  347
0.468334  391
0.468335  23
0.468825  121
0.468879  394
0.46919  292
0.469256  308
0.46958  374
0.469611  323
0.469709  344
0.469998  65
0.47014  390
0.47015  300
0.471247  107
0.471449  378
0.471708  316
0.471969  351
0.472739  44
0.472789  45
0.473859  346
0.474671  364
0.475472  334
0.47557  205
0.475699  284
0.476118  309
0.476137  12
0.476338  370
0.476445  321
0.476486  333
0.476573  377
0.476641  126
0.477224  24
0.477247  11
0.477265  215
0.477292  359
0.477466  331
0.477794  218
0.477821  365
0.47851  285
0.478774  275
0.478835  78
0.479879  16
0.480071  322
0.480097  82
0.480186  238
0.480884  103
0.481042  58
0.481123  110
0.481197  22
0.481329  342
0.48143  320
0.481688  358
0.481759  221
0.481983  19
0.482352  324
0.482428  301
0.482488  381
0.483235  175
0.483759  194
0.483787  68
0.484527  61
0.484547  176
0.484642  362
0.484864  361
0.485042  207
0.485137  182
0.485237  399
0.485561  383
0.485611  336
0.485657  196
0.486068  239
0.486521  349
0.486561  258
0.486694  37
0.486797  371
0.486828  354
0.487135  234
0.487178  375
0.487203  290
0.487321  389
0.488019  4
0.488542  363
0.48889  343
0.488898  154
0.48918  350
0.489232  259
0.48949  7
0.490399  397
0.490631  307
0.490723  272
0.490758  81
0.490821  10
0.491281  119
0.491292  150
0.491319  332
0.491392  388
0.491395  340
0.491489  279
0.49166  345
0.491776  167
0.492061  237
0.49274  191
0.492867  386
0.493069  326
0.49309  303
0.493466  178
0.493869  355
0.493879  88
0.493958  246
0.494004  55
0.494918  224
0.495522  281
0.495604  170
0.496156  311
0.496256  101
0.496579  187
0.497169  329
0.49742  280
0.497635  32
0.497761  306
0.498224  353
0.498499  3
0.498669  140
0.498758  299
0.498963  325
0.498971  273
0.499045  356
0.499106  108
0.499123  114
0.499163  235
0.499231  396
0.49943  319
0.499497  286
0.499501  9
0.499573  98
0.499864  228
0.500019  165
0.50038  202
0.500798  216
0.500956  379
0.500966  115
0.500988  233
0.501006  318
0.501163  341
0.501327  142
0.502075  382
0.50222  189
0.502448  127
0.502595  367
0.502659  313
0.502819  217
0.502831  315
0.502834  256
0.502907  278
0.502923  130
0.502934  398
0.502938  203
0.503185  310
0.503699  385
0.504357  274
0.504508  338
0.505009  192
0.50526  162
0.505331  352
0.505334  366
0.505783  282
0.505817  392
0.506148  17
0.506377  197
0.506418  384
0.506942  223
0.507374  380
0.508388  323
0.508456  298
0.508695  113
0.508997  316
0.509087  387
0.509108  38
0.509282  335
0.509474  156
0.50975  305
0.509909  212
0.510035  62
0.510038  210
0.510088  222
0.510116  373
0.510481  100
0.51049  269
0.51062  351
0.510681  90
0.510724  97
0.510772  146
0.510866  368
0.51093  209
0.511209  99
0.511286  331
0.511372  105
0.511627  143
0.511632  314
0.511709  330
0.511891  204
0.511999  124
0.512563  117
0.512618  357
0.512626  327
0.512861  76
0.513293  372
0.513499  394
0.513654  131
0.51385  337
0.513935  308
0.514098  348
0.514211  369
0.514825  5
0.515841  378
0.515879  94
0.516413  60
0.516434  31
0.51649  359
0.516582  138
0.516657  376
0.516899  185
0.517121  200
0.517241  251
0.517326  64
0.517434  291
0.517612  312
0.517903  300
0.518208  73
0.51848  340
0.518647  252
0.51894  225
0.518996  347
0.519038  255
0.519233  25
0.519244  333
0.519265  85
0.519431  344
0.520412  370
0.520688  214
0.520856  309
0.521265  148
0.521316  164
0.521327  381
0.521643  296
0.521702  75
0.521867  346
0.521886  304
0.522216  390
0.522431  393
0.5225  360
0.522619  297
0.522739  317
0.523036  383
0.523045  261
0.523293  334
0.523635  361
0.523664  244
0.523772  153
0.524451  328
0.525249  395
0.525411  283
0.526215  364
0.526405  301
0.526752  262
0.526916  371
0.527004  186
0.527161  374
0.527204  245
0.527838  257
0.527962  377
0.528994  133
0.52907  80
0.529727  307
0.530454  52
0.530599  336
0.531119  339
0.531997  6
0.532048  175
0.532112  302
0.532275  227
0.532432  87
0.53271  139
0.532924  354
0.532953  391
0.533053  342
0.533132  144
0.533445  343
0.533503  34
0.53353  332
0.53453  270
0.5348  84
0.536  389
0.536158  388
0.536178  72
0.536744  57
0.537081  322
0.537362  33
0.537758  253
0.537972  303
0.538046  363
0.538093  188
0.538638  399
0.538659  15
0.538809  40
0.538826  92
0.539716  198
0.539981  168
0.539998  121
0.540095  199
0.540362  324
0.540612  28
0.540688  68
0.540736  349
0.54078  86
0.540876  77
0.540938  375
0.54101  22
0.541581  18
0.541672  111
0.541817  232
0.542943  341
0.543041  46
0.543166  173
0.543418  295
0.543564  285
0.543634  271
0.543647  276
0.543647  358
0.543774  169
0.543967  125
0.54399  149
0.544284  23
0.544376  331
0.544387  177
0.54441  109
0.544471  379
0.544507  83
0.544616  396
0.544627  36
0.544896  171
0.544906  313
0.544978  71
0.545062  128
0.545111  54
0.545293  217
0.545321  350
0.545377  45
0.545494  141
0.545502  2
0.545601  229
0.545631  259
0.545641  42
0.54572  321
0.545767  258
0.545885  279
0.545957  123
0.546005  107
0.54601  129
0.546169  397
0.546259  306
0.546455  373
0.546491  91
0.546535  242
0.546699  365
0.546725  356
0.546779  247
0.546901  4
0.546934  122
0.546943  398
0.546995  112
0.547049  249
0.547074  65
0.547161  338
0.547224  240
0.547264  392
0.547527  325
0.54756  318
0.54772  368
0.548189  287
0.548199  113
0.548395  93
0.548433  44
0.54846  386
0.548782  326
0.548904  256
0.549041  311
0.549732  380
0.549889  161
0.549902  53
0.549947  292
0.549972  194
0.549984  221
0.550073  382
0.550117  239
0.550154  7
0.550865  104
0.551065  366
0.551086  335
0.551234  190
0.551237  320
0.551283  310
0.551331  319
0.551486  385
0.551568  329
0.551693  355
0.5517  197
0.551839  364
0.552368  145
0.552412  126
0.552981  174
0.553715  160
0.553827  180
0.553905  3
0.55402  59
0.554249  220
0.554324  114
0.554337  387
0.554792  305
0.554823  333
0.554961  348
0.555155  384
0.55517  314
0.555308  345
0.555589  27
0.555682  148
0.555731  89
0.555766  315
0.556115  272
0.556251  43
0.556288  351
0.556524  1
0.556767  357
0.55682  302
0.556859  309
0.55689  20
0.556913  372
0.556982  388
0.557203  231
0.557415  67
0.557648  106
0.557811  101
0.558016  304
0.558618  147
0.558763  343
0.558767  293
0.559205  137
0.559404  367
0.559502  234
0.559527  205
0.559613  383
0.560684  69
0.560758  24
0.560826  378
0.56093  85
0.561191  275
0.561406  352
0.561528  346
0.561552  369
0.56178  390
0.562002  13
0.562026  323
0.562134  370
0.562267  353
0.562478  327
0.562605  176
0.562994  361
0.563029  316
0.563286  376
0.564893  288
0.566083  195
0.566577  359
0.566643  277
0.567964  268
0.568742  286
0.568922  50
0.56898  322
0.568983  362
0.569193  37
0.569431  90
0.569547  381
0.569554  192
0.569582  35
0.569707  399
0.569796  374
0.570415  116
0.571073  391
0.571168  248
0.571375  342
0.571846  296
0.572116  119
0.572269  78
0.57247  16
0.572717  10
0.572744  301
0.572828  170
0.573183  280
0.573257  371
0.573305  336
0.573409  228
0.573556  300
0.573572  181
0.573593  210
0.573771  334
0.573964  260
0.574201  265
0.574231  330
0.574515  347
0.574621  389
0.574781  363
0.574913  39
0.575076  250
0.57515  230
0.575434  308
0.575447  134
0.575455  241
0.575844  349
0.576076  312
0.576325  8
0.576428  393
0.576457  184
0.576662  189
0.576961  140
0.57741  340
0.577468  394
0.577855  337
0.577966  142
0.578453  138
0.578479  38
0.578775  158
0.578986  290
0.579028  135
0.579184  395
0.579963  266
0.579974  208
0.580209  373
0.580226  289
0.580495  307
0.580562  224
0.581384  360
0.581404  283
0.581521  313
0.582812  236
0.582881  19
0.582905  375
0.583349  219
0.583471  163
0.583601  108
0.583864  203
0.583871  331
0.584473  48
0.584511  167
0.584657  263
0.584795  339
0.584952  185
0.585364  377
0.585383  379
0.585389  332
0.585868  97
0.585983  246
0.586134  311
0.586291  196
0.586464  355
0.586786  397
0.587031  344
0.587364  191
0.587382  49
0.587541  0
0.587713  26
0.587737  146
0.587817  209
0.587869  324
0.587973  132
0.588102  186
0.588763  79
0.589187  321
0.589551  264
0.589559  384
0.589577  267
0.589713  183
0.589735  223
0.589777  226
0.590079  353
0.59016  338
0.590197  320
0.590507  113
0.590584  392
0.590887  365
0.590985  56
0.591168  396
0.591264  202
0.59157  30
0.59181  235
0.592  80
0.592606  105
0.592741  361
0.592859  96
0.593209  310
0.593224  314
0.593245  354
0.593353  352
0.593824  325
0.594136  306
0.5942  328
0.595438  156
0.595671  204
0.595826  153
0.595902  143
0.595904  380
0.596113  117
0.596277  217
0.596632  323
0.596701  386
0.597135  317
0.597595  398
0.597838  175
0.597888  243
0.597902  33
0.598259  370
0.598424  388
0.598898  385
0.599253  366
0.599822  382
0.600102  367
0.600783  281
0.600939  141
0.601226  75
0.601545  47
0.601797  348
0.601945  305
0.603282  23
0.603439  303
0.60345  73
0.603768  12
0.603885  95
0.603926  166
0.604239  270
0.604253  316
0.6044  345
0.604719  278
0.604917  162
0.604928  51
0.605265  120
0.60537  41
0.60547  302
0.605828  383
0.605853  220
0.605916  304
0.606259  94
0.606259  378
0.606371  372
0.606372  368
0.606412  70
0.606492  88
0.606579  213
0.606596  118
0.607619  63
0.607763  369
0.608264  333
0.608396  330
0.608461  211
0.608817  364
0.609225  301
0.60965  15
0.609846  62
0.609923  356
0.60999  335
0.610165  165
0.610242  99
0.610258  84
0.610492  254
0.610616  295
0.61073  351
0.611316  375
0.61134  376
0.611346  309
0.611454  201
0.611892  387
0.612386  371
0.612887  64
0.613417  127
0.613528  327
0.613829  77
0.614145  315
0.614216  346
0.614347  362
0.614423  21
0.614459  329
0.614463  359
0.614816  343
0.615101  150
0.615163  341
0.615769  349
0.615992  347
0.616038  340
0.616562  355
0.617783  319
0.618271  390
0.620885  350
0.621186  155
0.621258  37
0.62188  322
0.624058  326
0.625009  299
0.62542  337
0.625565  342
0.627084  256
0.627453  357
0.628633  3
0.628752  336
0.629278  187
0.629632  381
0.629702  130
0.630013  334
0.630101  373
0.630266  169
0.630474  272
0.630664  237
0.630858  313
0.630989  206
0.631246  11
0.631383  157
0.631394  124
0.63149  110
0.63214  68
0.632695  377
0.632741  168
0.632753  393
0.632871  74
0.633235  22
0.634078  389
0.634751  200
0.63485  151
0.634878  140
0.635299  161
0.635559  82
0.636001  325
0.636086  360
0.636278  5
0.636378  164
0.636449  39
0.63674  245
0.636753  300
0.636758  69
0.636868  293
0.636972  374
0.637018  307
0.637111  294
0.637166  61
0.637401  276
0.637413  197
0.637463  312
0.637532  358
0.637647  81
0.637718  17
0.637849  179
0.637862  54
0.638146  279
0.638286  102
0.638343  216
0.638417  244
0.638777  386
0.638917  36
0.639119  218
0.63912  255
0.639174  331
0.639236  301
0.639313  145
0.639341  131
0.639383  178
0.639479  2
0.639898  198
0.640031  123
0.640098  116
0.640247  269
0.640322  57
0.640448  65
0.640521  133
0.640589  48
0.640877  42
0.640886  76
0.64091  324
0.640915  160
0.640939  50
0.640965  391
0.641044  399
0.641073  182
0.641083  273
0.641089  344
0.641204  310
0.641276  103
0.641332  291
0.641484  58
0.641489  328
0.641603  240
0.64162  55
0.641679  207
0.641713  320
0.641719  87
0.641748  265
0.641795  321
0.641803  308
0.641826  292
0.641893  398
0.642179  24
0.642225  297
0.642306  98
0.642314  383
0.642338  31
0.64236  395
0.642407  305
0.642448  388
0.642601  392
0.642617  4
0.642865  397
0.642983  67
0.64302  114
0.643123  215
0.643166  354
0.643167  363
0.64322  152
0.643297  248
0.643311  318
0.643418  314
0.643468  193
0.643692  353
0.643904  286
0.644341  32
0.644429  306
0.644453  225
0.644526  208
0.644537  396
0.644663  252
0.644847  173
0.645545  176
0.645668  247
0.645735  317
0.646013  251
0.646023  379
0.646297  365
0.646449  85
0.646484  16
0.646618  339
0.646835  338
0.646975  14
0.647089  329
0.647616  361
0.647624  46
0.647707  370
0.648021  234
0.648288  369
0.648444  323
0.648484  212
0.648538  239
0.648564  304
0.648636  174
0.64864  136
0.649461  340
0.649508  382
0.649671  296
0.649738  111
0.649801  129
0.65001  45
0.650099  38
0.650341  356
0.650657  345
0.651008  368
0.651209  319
0.65128  387
0.65138  359
0.651426  249
0.651609  376
0.651783  29
0.652652  66
0.65328  390
0.653301  126
0.653468  282
0.653624  311
0.653842  125
0.654001  302
0.654038  332
0.654063  380
0.654914  335
0.654923  349
0.655072  73
0.655078  348
0.655895  27
0.656076  378
0.656077  385
0.656175  330
0.656308  315
0.656696  93
0.656895  79
0.658396  34
0.659454  35
0.659726  371
0.659921  250
0.660035  148
0.66009  352
0.660271  144
0.660405  92
0.66043  309
0.66049  6
0.660624  394
0.660642  367
0.660729  285
0.660929  384
0.661014  322
0.661097  100
0.661368  9
0.661516  13
0.661619  389
0.661729  362
0.662155  181
0.662354  333
0.662367  341
0.662834  337
0.662982  25
0.663384  347
0.663732  139
0.664094  377
0.664749  316
0.664868  303
0.665167  89
0.665534  153
0.667714  375
0.667903  221
0.668265  185
0.668453  243
0.668985  327
0.669288  307
0.66936  135
0.669369  372
0.669769  325
0.66977  366
0.670385  224
0.670806  108
0.671268  59
0.671323  23
0.671508  262
0.672169  253
0.672188  257
0.672196  355
0.672371  313
0.672837  117
0.672852  357
0.672921  298
0.673142  399
0.673375  134
0.673407  147
0.674009  381
0.674298  180
0.674383  232
0.674511  19
0.674597  300
0.67498  119
0.675141  201
0.675536  288
0.675647  306
0.675752  192
0.675838  128
0.676403  364
0.676643  336
0.676991  374
0.677087  97
0.677285  350
0.677411  263
0.677712  226
0.677824  91
0.677838  284
0.677969  396
0.678216  44
0.678236  106
0.678378  86
0.678384  205
0.67844  8
0.678484  190
0.6785  172
0.678565  343
0.678744  71
0.678745  242
0.678758  83
0.678805  188
0.678894  351
0.67899  115
0.679326  219
0.679348  360
0.679562  158
0.679758  138
0.679775  393
0.679834  342
0.679848  353
0.680026  229
0.680071  271
0.680078  326
0.680176  113
0.680322  398
0.680452  107
0.6807  186
0.680718  195
0.680745  52
0.680914  10
0.680992  28
0.68116  289
0.681177  392
0.681347  346
0.681591  60
0.681738  109
0.681764  183
0.681773  203
0.681897  236
0.682092  122
0.682289  373
0.682392  163
0.68294  166
0.683066  127
0.683133  329
0.683292  318
0.683548  235
0.683555  26
0.683626  12
0.683663  231
0.683767  105
0.683869  237
0.683923  75
0.683942  363
0.68397  142
0.683972  233
0.684069  112
0.68417  20
0.684473  388
0.684517  246
0.684523  61
0.684639  177
0.684659  258
0.684672  283
0.684689  315
0.684749  361
0.684841  391
0.684853  274
0.684908  30
0.684966  321
0.685216  328
0.685246  334
0.685405  338
0.685412  121
0.685471  287
0.685525  154
0.68565  0
0.685854  175
0.685916  80
0.685949  395
0.686009  397
0.686038  358
0.686134  383
0.686152  189
0.686486  88
0.686575  165
0.686917  310
0.68706  241
0.687189  386
0.687358  199
0.687566  370
0.687813  68
0.688298  390
0.688348  143
0.689382  339
0.689441  365
0.689485  40
0.689683  344
0.689932  146
0.690358  70
0.6906  380
0.690979  248
0.691112  256
0.691258  77
0.691384  378
0.691443  155
0.691552  359
0.691609  369
0.691669  118
0.691697  320
0.691744  312
0.691891  309
0.692058  319
0.692061  261
0.692757  305
0.692861  394
0.692868  330
0.692986  302
0.693084  362
0.693132  335
0.693412  345
0.693656  314
0.694462  317
0.694884  171
0.695143  168
0.695147  376
0.695589  337
0.697953  340
0.698692  387
0.698845  384
0.699659  371
0.6999  212
0.700491  349
0.701735  264
0.702656  379
0.703074  103
0.70355  357
0.704357  62
0.704488  104
0.704743  145
0.704753  324
0.70549  41
0.705506  96
0.705605  356
0.705693  333
0.705809  316
0.705919  278
0.706016  149
0.706131  301
0.706172  18
0.706205  389
0.706506  332
0.706699  225
0.706981  266
0.708262  382
0.708893  29
0.709349  206
0.709354  116
0.709668  222
0.70982  375
0.710086  179
0.710112  385
0.710762  191
0.7112  331
0.711205  269
0.711253  325
0.711296  354
0.71162  396
0.711824  43
0.712216  367
0.712237  275
0.712493  223
0.712527  78
0.712624  273
0.713087  99
0.713165  38
0.71327  307
0.713388  322
0.713915  368
0.713922  141
0.713961  156
0.714754  207
0.714784  374
0.714808  228
0.715508  93
0.715589  140
0.715694  57
0.716191  399
0.716524  352
0.716881  110
0.717036  48
0.71736  197
0.717429  313
0.717447  311
0.718159  304
0.718291  323
0.71859  136
0.718991  170
0.719397  341
0.719535  366
0.719774  164
0.720251  102
0.721013  227
0.721104  303
0.721404  55
0.72168  94
0.721757  348
0.722007  381
0.722306  4
0.722803  299
0.722974  259
0.723044  119
0.723283  13
0.723541  309
0.724108  114
0.724139  67
0.724277  377
0.724758  306
0.724769  236
0.724785  308
0.724881  208
0.72572  134
0.725946  56
0.726046  265
0.726072  101
0.726234  199
0.726359  122
0.726473  53
0.726489  111
0.726547  220
0.726638  159
0.726648  58
0.726806  72
0.726936  328
0.726945  217
0.726999  14
0.727017  120
0.727083  373
0.727118  64
0.727139  21
0.727156  277
0.727176  63
0.727218  350
0.727243  347
0.727358  372
0.727643  193
0.727751  66
0.728032  130
0.728053  35
0.728175  148
0.728277  218
0.728371  268
0.72844  37
0.728634  74
0.728714  334
0.728823  7
0.728851  192
0.728966  312
0.7292  380
0.729208  319
0.729224  81
0.729244  274
0.729259  336
0.729274  230
0.729411  95
0.729533  254
0.729558  184
0.729672  365
0.729784  355
0.729882  363
0.730067  397
0.730088  335
0.730305  285
0.730412  157
0.730875  123
0.730982  353
0.731002  85
0.731217  391
0.731351  338
0.731523  360
0.731606  358
0.731684  376
0.73188  326
0.731895  205
0.731912  9
0.732065  163
0.732398  364
0.732527  84
0.73272  345
0.732772  395
0.732995  198
0.73328  125
0.733299  321
0.73362  185
0.733938  300
0.734122  370
0.734602  339
0.734622  320
0.734832  221
0.73515  392
0.735181  32
0.73526  369
0.735378  371
0.736528  361
0.737107  305
0.737255  213
0.737308  388
0.737669  389
0.73776  351
0.737887  188
0.738306  318
0.738358  349
0.738386  330
0.738667  251
0.739613  279
0.740053  315
0.741846  398
0.742045  181
0.742086  302
0.742335  33
0.74251  3
0.742989  124
0.743162  386
0.743187  340
0.744082  316
0.744272  195
0.745169  98
0.745188  209
0.745637  87
0.745789  359
0.745959  6
0.74643  34
0.746701  234
0.746954  132
0.747125  314
0.747214  354
0.747283  327
0.747466  346
0.747572  174
0.748051  17
0.748057  153
0.748252  337
0.748306  270
0.748485  385
0.748813  390
0.74896  317
0.74902  329
0.749097  143
0.749102  324
0.749312  147
0.750265  282
0.75031  276
0.75034  362
0.750392  47
0.750413  196
0.751053  187
0.751117  242
0.751685  194
0.752018  204
0.752341  310
0.752381  256
0.752534  89
0.752555  343
0.752558  39
0.752675  162
0.752725  126
0.752845  356
0.752975  394
0.752987  51
0.753152  368
0.753288  45
0.753354  211
0.753413  154
0.754548  342
0.754626  86
0.75464  46
0.754721  83
0.75491  323
0.755023  303
0.755145  399
0.755312  307
0.755536  105
0.755549  297
0.755754  367
0.755916  15
0.755971  332
0.756046  352
0.756346  8
0.756621  383
0.756985  238
0.757052  393
0.757178  19
0.757372  70
0.757476  341
0.757579  374
0.757657  90
0.757998  384
0.758455  322
0.758693  325
0.759211  168
0.759512  387
0.760284  253
0.760611  272
0.760641  75
0.760867  82
0.760891  357
0.760924  97
0.761026  344
0.762028  309
0.762198  135
0.762576  366
0.76282  292
0.762928  42
0.763107  160
0.763151  301
0.763384  381
0.763963  313
0.764396  107
0.765485  378
0.766066  202
0.766336  348
0.766566  24
0.766855  375
0.766883  165
0.766965  379
0.76711  331
0.768386  108
0.769338  31
0.769386  312
0.769398  61
0.769415  131
0.769715  30
0.770197  224
0.770659  271
0.770754  215
0.770837  80
0.771156  69
0.771164  52
0.771549  248
0.771845  240
0.772136  167
0.772456  11
0.772475  137
0.772591  152
0.772663  171
0.772683  1
0.772688  300
0.772755  252
0.772816  239
0.772875  169
0.772956  223
0.773073  328
0.773094  50
0.773115  249
0.773169  65
0.773364  298
0.773411  258
0.773413  333
0.773432  25
0.773529  347
0.773554  114
0.773727  281
0.773727  54
0.77377  117
0.773797  201
0.773944  91
0.773967  142
0.774026  44
0.774135  127
0.774214  334
0.774227  214
0.774439  79
0.774503  237
0.774511  100
0.774544  155
0.774552  140
0.774622  172
0.774668  396
0.774681  382
0.77469  28
0.774726  10
0.774754  304
0.774756  183
0.7748  345
0.774801  245
0.774849  40
0.77486  377
0.774864  318
0.775007  278
0.775024  395
0.775142  397
0.775408  203
0.775431  398
0.775551  320
0.775618  289
0.775699  372
0.775726  36
0.775768  296
0.775825  233
0.775826  13
0.775858  263
0.775933  287
0.775989  20
0.776045  260
0.776047  392
0.776137  216
0.776442  380
0.776574  244
0.776698  338
0.77676  371
0.776781  231
0.776817  207
0.776831  186
0.777025  376
0.77706  225
0.777069  71
0.777118  363
0.777177  311
0.77719  360
0.77719  144
0.777328  346
0.777405  266
0.777569  138
0.777629  156
0.777633  23
0.777761  350
0.777767  161
0.777815  222
0.777839  329
0.777953  388
0.778102  18
0.77834  73
0.778368  133
0.778385  353
0.778806  358
0.778834  316
0.778976  306
0.779047  149
0.779134  180
0.779336  319
0.77944  206
0.779502  32
0.779595  327
0.780029  393
0.780036  315
0.780178  336
0.7802  150
0.780315  221
0.780387  349
0.780485  305
0.780508  373
0.781051  145
0.781115  26
0.781243  9
0.781374  394
0.78174  243
0.781799  246
0.781896  364
0.782106  355
0.782616  351
0.782888  326
0.783004  330
0.783053  301
0.783058  354
0.783061  324
0.783288  365
0.783385  391
0.783488  178
0.783588  339
0.783609  370
0.784934  188
0.78504  5
0.785417  314
0.786026  361
0.786332  226
0.786707  70
0.786802  359
0.787119  16
0.787143  344
0.787244  269
0.787577  302
0.788073  291
0.788786  241
0.789001  286
0.789417  389
0.789651  323
0.789821  387
0.789854  129
0.790086  308
0.790172  317
0.790302  368
0.790527  335
0.790956  367
0.790981  321
0.791389  362
0.793146  374
0.793932  218
0.794135  303
0.795114  12
0.796004  375
0.796818  309
0.79772  325
0.798271  385
0.799037  342
0.79989  111
0.800873  262
0.801088  337
0.802081  307
0.802707  230
0.803136  112
0.803484  189
0.80372  331
0.803891  352
0.803928  356
0.804344  121
0.804507  46
0.804908  384
0.805077  192
0.805286  158
0.8053  124
0.805581  173
0.805649  6
0.806305  113
0.806445  399
0.806491  34
0.806529  53
0.806661  383
0.806763  340
0.806977  247
0.807152  118
0.807456  313
0.807548  386
0.807603  310
0.80918  200
0.809933  366
0.811801  102
0.811952  229
0.812314  136
0.812377  322
0.812423  369
0.812964  343
0.813204  236
0.81354  48
0.813972  59
0.813985  288
0.814059  328
0.814726  157
0.815054  0
0.815069  378
0.815115  379
0.815141  255
0.815224  210
0.81533  132
0.815417  162
0.81545  198
0.815813  119
0.815835  219
0.815886  32
0.816092  381
0.816344  264
0.816926  368
0.817141  395
0.817181  196
0.817353  63
0.81739  49
0.817526  4
0.817737  256
0.817839  115
0.817914  370
0.818148  304
0.81841  85
0.818477  312
0.818513  220
0.818629  270
0.81869  341
0.818848  144
0.818927  250
0.818982  257
0.819025  208
0.81905  15
0.819122  357
0.819129  179
0.819137  376
0.819208  57
0.819233  166
0.819416  55
0.819471  7
0.819979  319
0.820133  330
0.820154  332
0.820686  280
0.82083  41
0.820861  334
0.820864  38
0.820905  347
0.821307  398
0.821348  320
0.821401  373
0.821455  351
0.821569  390
0.821792  232
0.822103  116
0.822346  318
0.822413  104
0.82299  338
0.823122  193
0.823384  397
0.823403  238
0.823483  2
0.823594  365
0.823607  364
0.823823  268
0.823869  333
0.824302  350
0.824664  217
0.824679  354
0.825313  389
0.825371  317
0.825724  391
0.825878  86
0.826061  176
0.826453  87
0.827127  353
0.827192  275
0.827814  212
0.827948  382
0.828372  349
0.828511  302
0.829152  306
0.829639  336
0.830047  329
0.830601  234
0.831222  199
0.832472  300
0.832481  355
0.832787  125
0.833141  146
0.833431  314
0.83378  94
0.834025  56
0.835001  327
0.835107  177
0.835153  17
0.835516  194
0.835756  167
0.836035  392
0.836423  345
0.836438  358
0.836496  363
0.836524  168
0.836587  75
0.83661  324
0.836736  301
0.836843  388
0.836868  396
0.837894  72
0.838314  305
0.838331  316
0.838632  37
0.838652  161
0.838661  303
0.838745  103
0.838975  385
0.84065  261
0.840753  170
0.840835  181
0.840928  387
0.841121  359
0.841244  360
0.842244  315
0.842698  126
0.843022  326
0.843086  128
0.843371  307
0.843465  309
0.843578  393
0.843881  344
0.843938  337
0.844294  249
0.844878  77
0.844942  372
0.845261  88
0.845459  325
0.846424  159
0.846584  76
0.847105  342
0.847674  297
0.847778  98
0.847995  292
0.84805  153
0.848149  335
0.848294  107
0.848335  93
0.848421  361
0.848613  339
0.849006  191
0.849651  377
0.849728  143
0.850143  348
0.850331  188
0.850406  68
0.850932  369
0.850992  308
0.851026  331
0.851038  356
0.851066  148
0.851165  289
0.851295  160
0.852327  150
0.852466  394
0.85309  279
0.853305  152
0.853399  44
0.853923  97
0.854089  228
0.854297  310
0.855184  10
0.855723  284
0.855871  346
0.855905  242
0.856044  294
0.856194  380
0.856579  60
0.856838  277
0.857031  20
0.857043  274
0.857207  374
0.857487  90
0.857573  368
0.857777  370
0.857844  311
0.858123  92
0.858215  367
0.858345  106
0.858367  362
0.858472  383
0.858801  260
0.859043  6
0.859675  195
0.859869  321
0.860061  213
0.860241  266
0.860619  1
0.860643  285
0.86089  145
0.860968  33
0.861306  61
0.861432  211
0.861508  254
0.861532  50
0.861634  201
0.8617  371
0.861979  379
0.862014  184
0.862051  399
0.862072  182
0.862362  66
0.862457  190
0.862519  35
0.862929  375
0.862936  265
0.862989  162
0.863232  155
0.863291  122
0.863526  95
0.863852  313
0.863859  287
0.864163  244
0.86428  80
0.864303  299
0.864348  235
0.86437  343
0.86463  258
0.864819  67
0.864912  171
0.864919  54
0.865058  130
0.86507  395
0.865128  96
0.865214  231
0.865214  116
0.865366  127
0.865522  9
0.865718  376
0.865722  151
0.865784  3
0.86592  12
0.865934  330
0.866067  352
0.866245  8
0.86625  28
0.866374  46
0.866425  27
0.866512  205
0.866518  306
0.866532  23
0.866549  293
0.866581  366
0.86662  74
0.866774  156
0.86683  43
0.866831  364
0.866876  83
0.866944  323
0.867084  381
0.867331  73
0.867482  206
0.867668  251
0.867718  333
0.867783  172
0.867848  334
0.867973  314
0.868012  397
0.868116  320
0.868267  336
0.86834  25
0.868546  340
0.868696  227
0.868937  29
0.868993  108
0.869017  139
0.86916  237
0.869368  365
0.869656  111
0.86987  267
0.870049  328
0.870104  198
0.870277  304
0.870307  197
0.870498  71
0.870502  47
0.870521  42
0.870527  112
0.870599  269
0.870624  319
0.870692  223
0.870995  129
0.871005  149
0.871069  384
0.871169  341
0.871246  31
0.87129  390
0.871435  315
0.871491  22
0.871542  175
0.871588  245
0.871645  222
0.871705  36
0.871713  221
0.871745  217
0.87177  338
0.871859  354
0.871917  312
0.872044  79
0.872047  135
0.872377  322
0.872388  359
0.872515  391
0.872732  360
0.8728  385
0.873166  332
0.873346  361
0.873914  209
0.873954  387
0.874242  154
0.874863  117
0.874973  224
0.874988  350
0.875226  345
0.875495  355
0.875622  307
0.875645  380
0.875873  39
0.876008  358
0.876323  347
0.876422  327
0.876542  280
0.876659  318
0.876822  357
0.877162  263
0.877194  158
0.877424  302
0.877649  353
0.877939  124
0.877956  140
0.878403  308
0.878435  351
0.878603  378
0.878755  317
0.878831  392
0.87946  342
0.879468  305
0.879501  363
0.879816  331
0.881992  101
0.882189  373
0.882494  301
0.882519  389
0.8833  324
0.883811  24
0.884064  58
0.884899  316
0.88651  186
0.887101  110
0.88811  329
0.888137  393
0.888798  382
0.88909  388
0.889402  349
0.889608  396
0.8897  398
0.890902  372
0.891005  250
0.892452  51
0.89286  169
0.893877  303
0.894219  240
0.894647  282
0.894666  321
0.894716  291
0.895979  138
0.896199  344
0.896399  202
0.896854  13
0.89715  268
0.897164  337
0.897218  34
0.897239  309
0.897385  64
0.897443  386
0.897604  193
0.897637  215
0.89774  81
0.898172  229
0.89818  63
0.898254  346
0.89835  30
0.898361  339
0.898568  289
0.898615  377
0.898946  147
0.899539  326
0.89956  200
0.899596  183
0.899648  134
0.899657  62
0.899769  374
0.90043  300
0.900806  185
0.900836  371
0.901154  144
0.90123  335
0.901476  226
0.902669  281
0.902902  234
0.903016  356
0.903492  38
0.903586  292
0.903644  375
0.904248  310
0.904485  146
0.904525  128
0.904645  247
0.904731  311
0.905021  163
0.905264  173
0.905616  216
0.905859  298
0.906164  107
0.906171  70
0.90636  40
0.906367  174
0.906427  141
0.906525  201
0.906647  194
0.906746  248
0.906757  161
0.906778  168
0.906952  243
0.906993  187
0.907198  334
0.907208  230
0.907347  165
0.907406  89
0.907435  136
0.907542  143
0.907677  45
0.907704  325
0.907709  91
0.907711  376
0.907776  265
0.90779  18
0.907835  283
0.907881  379
0.907915  37
0.907918  336
0.90796  84
0.908044  208
0.908534  68
0.908669  290
0.908799  343
0.908828  78
0.908853  157
0.908878  241
0.908914  207
0.908921  109
0.908958  97
0.909019  220
0.909054  121
0.909099  259
0.909246  180
0.909299  239
0.909382  313
0.909383  184
0.909533  306
0.909548  61
0.909556  176
0.909567  272
0.9096  286
0.909668  261
0.909694  370
0.909845  103
0.90986  331
0.909982  397
0.909987  264
0.91006  315
0.91006  296
0.910064  210
0.910128  55
0.910155  19
0.91018  395
0.910352  323
0.910383  123
0.910386  390
0.910403  41
0.91041  14
0.910463  65
0.910494  359
0.9106  7
0.910627  394
0.910805  260
0.91104  383
0.911126  153
0.911221  333
0.911298  119
0.91135  387
0.911385  256
0.911453  66
0.911478  340
0.911528  48
0.911789  345
0.911879  192
0.911922  361
0.911922  125
0.911962  399
0.912183  355
0.912239  312
0.912386  381
0.912475  22
0.912526  113
0.912766  182
0.912966  231
0.912968  360
0.913074  398
0.913143  116
0.913198  319
0.913575  366
0.913576  115
0.91367  320
0.913798  253
0.913906  307
0.913922  347
0.913924  304
0.914287  330
0.914556  348
0.914586  10
0.914608  332
0.914757  364
0.914981  367
0.916045  142
0.916118  258
0.916287  249
0.916722  380
0.916747  324
0.917233  362
0.917394  352
0.917621  122
0.918096  369
0.918135  328
0.918142  389
0.918628  373
0.919045  378
0.920559  391
0.92098  350
0.921506  305
0.922672  365
0.922688  74
0.923042  327
0.923718  316
0.924176  170
0.92448  17
0.92481  368
0.925129  302
0.92547  322
0.925513  354
0.925884  179
0.927354  329
0.927862  353
0.928873  342
0.929854  154
0.929869  338
0.9301  372
0.930208  219
0.930468  218
0.930512  255
0.931116  160
0.93115  357
0.9312  35
0.931342  98
0.93159  377
0.931712  318
0.932328  363
0.933425  309
0.933472  358
0.933741  238
0.934705  288
0.934741  2
0.93582  303
0.936193  396
0.936665  69
0.937257  199
0.93766  308
0.938011  108
0.938258  374
0.938378  326
0.939134  164
0.939283  172
0.939691  337
0.939935  4
0.93997  49
0.940026  235
0.940176  87
0.940183  385
0.940317  311
0.940547  384
0.940616  32
0.940859  386
0.941043  137
0.941168  197
0.941171  6
0.941648  152
0.941748  99
0.942066  114
0.942445  314
0.94275  205
0.942787  339
0.943207  300
0.943595  246
0.943648  140
0.943689  110
0.94392  388
0.944046  301
0.944293  317
0.944592  129
0.944619  83
0.945081  214
0.945603  321
0.945981  393
0.946125  341
0.94614  56
0.946198  252
0.946463  281
0.947059  5
0.94712  224
0.947147  191
0.947679  29
0.947683  228
0.947929  133
0.948138  382
0.948211  346
0.948372  104
0.948511  351
0.94863  178
0.948689  155
0.948994  39
0.949098  0
0.94927  50
0.949276  213
0.949414  267
0.949449  273
0.949519  77
0.949644  82
0.949848  306
0.949974  46
0.950106  117
0.950348  262
0.950558  279
0.950768  44
0.950777  148
0.950779  36
0.951091  236
0.951158  62
0.951259  390
0.951438  231
0.95145  196
0.951486  42
0.951504  204
0.95152  379
0.951569  270
0.951602  344
0.951692  94
0.951713  52
0.951749  75
0.951831  392
0.951977  167
0.952159  26
0.952196  223
0.952256  237
0.952276  90
0.952285  118
0.952331  360
0.952472  282
0.952587  383
0.952643  334
0.952677  181
0.95269  284
0.952927  399
0.952928  263
0.953063  362
0.953132  31
0.953137  150
0.953285  16
0.953429  319
0.953467  387
0.953499  328
0.953638  187
0.953717  367
0.953868  356
0.954203  188
0.954316  320
0.954434  269
0.954516  376
0.954516  225
0.954819  366
0.954959  331
0.955049  28
0.955148  378
0.955275  86
0.955397  380
0.955804  131
0.955853  371
0.955895  398
0.955941  335
0.955964  312
0.95603  340
0.956366  355
0.956411  347
0.956541  169
0.95669  315
0.956711  53
0.956729  76
0.956852  359
0.9572  80
0.957221  144
0.957232  370
0.957336  389
0.957451  323
0.957536  391
0.958311  127
0.95848  25
0.958562  266
0.958974  215
0.959032  349
0.959182  185
0.959735  343
0.960131  364
0.96016  329
0.960524  256
0.961048  395
0.961119  250
0.961119  96
0.961396  368
0.961477  88
0.961749  241
0.96257  333
0.962795  209
0.963185  120
0.963451  324
0.964218  365
0.964359  330
0.964859  244
0.964899  352
0.965578  226
0.96559  222
0.966055  304
0.966681  72
0.967295  394
0.967323  92
0.967504  200
0.967507  233
0.967707  350
0.967767  251
0.968263  336
0.968293  357
0.968352  313
0.968586  397
0.968988  310
0.969282  309
0.969589  139
0.970168  211
0.970254  342
0.970434  305
0.971988  338
0.971998  363
0.972085  384
0.973652  377
0.974099  325
0.974768  358
0.975259  30
0.975747  373
0.975775  386
0.976204  195
0.977204  274
0.977354  109
0.977375  81
0.978496  307
0.978837  375
0.979452  8
0.979475  345
0.980303  227
0.980518  332
0.980649  316
0.980667  106
0.981239  230
0.981271  374
0.981304  67
0.981496  113
0.981573  361
0.981619  171
0.982264  151
0.98317  327
0.983254  60
0.983779  59
0.983822  58
0.984036  105
0.984097  1
0.984176  311
0.984226  173
0.985027  159
0.985121  301
0.985169  314
0.985296  372
0.985459  12
0.985505  348
0.985576  135
0.985738  126
0.986312  203
0.986376  277
0.986396  302
0.986445  190
0.986566  186
0.98669  91
0.987046  317
0.98719  140
0.987274  303
0.987643  354
0.987771  253
0.987848  259
0.987901  296
0.987903  298
0.988028  341
0.988219  216
0.988287  318
0.988398  189
0.988775  271
0.989201  51
0.989297  85
0.98936  128
0.989501  24
0.989556  101
0.989653  276
0.989695  243
0.989757  396
0.990039  149
0.990158  285
0.990163  49
0.990214  322
0.990297  9
0.99038  221
0.990418  369
0.990472  280
0.990587  32
0.990743  27
0.990749  254
0.990896  300
0.990906  312
0.991084  166
0.991093  6
0.991323  161
0.991443  177
0.991507  297
0.991516  353
0.991655  20
0.991698  63
0.991725  71
0.991923  245
0.991967  239
0.992033  21
0.992035  360
0.992077  79
0.992211  142
0.992216  180
0.992331  179
0.992443  362
0.992455  184
0.992507  306
0.992755  99
0.992883  84
0.992898  150
0.993004  326
0.993109  399
0.993146  193
0.993172  293
0.993308  381
0.993338  78
0.993472  392
0.993515  356
0.993555  339
0.993649  163
0.993672  23
0.993705  74
0.993769  34
0.993773  315
0.993859  122
0.993937  57
0.994066  391
0.994274  206
0.994333  104
0.994494  102
0.994538  335
0.99459  3
0.994627  268
0.994999  321
0.995015  258
0.99518  124
0.995418  388
0.995431  178
0.995653  158
0.995658  134
0.995836  229
0.995846  371
0.996032  43
0.996069  383
0.996102  352
0.996318  65
0.996573  183
0.996692  346
0.99689  107
0.996907  108
0.996929  368
0.996961  125
0.997136  366
0.997198  380
0.997286  378
0.997431  340
0.99764  390
0.997672  357
0.997847  119
0.997918  295
0.997992  337
0.998178  202
0.998291  231
0.998337  240
0.998348  218
0.998356  220
0.998379  115
0.998418  342
0.998509  89
0.998627  13
0.998693  308
0.99875  236
0.998841  111
0.998918  349
0.999119  194
0.999503  398
0.999515  284
0.999552  137
0.999685  376
0.999859  70
