5.88305e-07  0
2.4049e-06  38
3.78184e-05  30
6.55648e-05  24
8.05657e-05  18
8.06934e-05  20
8.57663e-05  2
9.90418e-05  19
0.000113281  39
0.000161415  44
0.000177162  42
0.000196257  58
0.000197584  56
0.000202564  362
0.00020674  28
0.000209019  29
0.000222755  46
0.000223963  40
0.000228494  37
0.000233374  10
0.000240587  13
0.000250119  303
0.000262567  35
0.000264342  304
0.000264858  5
0.000268282  23
0.000294707  21
0.000300217  325
0.000304234  22
0.000309838  12
0.000314591  16
0.000374661  8
0.000380545  48
0.000381798  343
0.0004325  3
0.000441116  25
0.000525207  31
0.000542207  43
0.000570553  27
0.0005871  45
0.000590633  11
0.000647662  32
0.000651077  386
0.000656884  14
0.000678912  47
0.000784536  1
0.000830349  15
0.000885427  373
0.000904222  399
0.000923954  52
0.000938217  7
0.000953837  333
0.00111251  309
0.00133972  379
0.00157383  340
0.00165694  391
0.00201413  382
0.00236652  370
0.00240867  353
0.00279181  383
0.003088  376
0.00378012  346
0.00402091  339
0.00425609  375
0.00437278  337
0.00465382  378
0.00713947  359
0.00736392  389
0.00857734  358
0.00869169  384
0.00875666  55
0.00904077  321
0.00924912  390
0.00951858  344
0.0106224  308
0.0110717  355
0.0116698  34
0.0146481  316
0.0148523  357
0.0159137  349
0.0166185  369
0.0182834  319
0.0198522  365
0.0199516  329
0.0200103  372
0.0211484  356
0.023509  395
0.0237601  351
0.0238991  331
0.0248317  313
0.0254873  360
0.0303005  26
0.0304878  348
0.0307683  315
0.030961  322
0.0312184  396
0.0313476  364
0.0318678  36
0.0330856  380
0.0364596  324
0.0371679  387
0.0396235  345
0.0408124  323
0.0424275  4
0.0431776  320
0.044641  314
0.0448919  9
0.0461501  336
0.0474052  338
0.04745  326
0.0480153  352
0.0482414  394
0.0482955  100
0.0486099  374
0.0486777  342
0.0494934  330
0.0505596  399
0.0506357  377
0.0521236  234
0.0521541  318
0.0530798  306
0.0533332  195
0.0536935  332
0.0537164  72
0.0538261  347
0.0540202  363
0.0541989  310
0.0550304  335
0.0570017  112
0.0589614  6
0.0590397  17
0.0595868  78
0.0604822  88
0.0606416  341
0.0610569  381
0.0616751  54
0.0620067  305
0.0620954  155
0.0625144  354
0.0628749  91
0.062974  371
0.0638998  385
0.0646324  386
0.0653401  311
0.0657772  300
0.0658837  288
0.0668669  397
0.0669962  215
0.0670587  121
0.0673578  361
0.0676498  50
0.0679037  191
0.0679541  186
0.0682659  366
0.0685003  383
0.0688873  388
0.0689872  147
0.0696223  192
0.0703052  34
0.0705022  224
0.0705643  301
0.0707598  268
0.0709282  67
0.0710166  307
0.0710481  346
0.071072  210
0.0711066  270
0.0715131  378
0.0718215  303
0.0719038  393
0.0722474  81
0.0723068  339
0.0724555  356
0.0724804  317
0.0726146  392
0.0727185  90
0.0731682  328
0.0731917  375
0.0732036  280
0.0732248  151
0.0733582  10
0.0734123  94
0.0736451  334
0.0737331  221
0.0739744  304
0.0750549  327
0.0753252  343
0.0754263  370
0.0762889  154
0.0763989  226
0.0769257  337
0.0771767  254
0.0784858  360
0.0801555  382
0.080559  369
0.0810477  362
0.0812624  373
0.0814729  271
0.0818352  357
0.0821131  198
0.0823898  239
0.0823942  86
0.0824418  312
0.0828443  333
0.0831646  391
0.0833499  355
0.0837455  368
0.0837618  150
0.0843932  274
0.0852344  390
0.0852956  353
0.0855365  350
0.0856866  289
0.0857042  340
0.0859272  56
0.0861177  325
0.0870859  389
0.0873901  115
0.0876888  69
0.0885568  380
0.0887101  358
0.0887258  344
0.0895935  65
0.0898176  75
0.0900212  384
0.0909613  179
0.0913614  359
0.0927873  7
0.0933813  398
0.0936246  309
0.0938625  30
0.0938919  200
0.0948043  53
0.0951793  249
0.0955148  263
0.0957655  315
0.0957886  193
0.0958045  291
0.0960147  183
0.0960451  367
0.096213  118
0.0962454  351
0.0963715  120
0.0964704  257
0.0965496  214
0.0965833  256
0.0968436  166
0.0968721  321
0.0969933  202
0.0969999  123
0.0972773  316
0.0974529  209
0.0974707  116
0.0980518  60
0.0981163  187
0.0983452  245
0.0983551  181
0.0983581  128
0.0984054  184
0.0984571  319
0.098541  216
0.0986213  269
0.0986741  159
0.0987384  20
0.0987587  376
0.098812  137
0.0988202  324
0.0989965  322
0.0991564  217
0.0996273  292
0.0997282  114
0.099753  28
0.0998889  387
0.0999784  395
0.0999821  145
0.100046  122
0.100069  211
0.100081  153
0.100101  175
0.100215  372
0.100236  62
0.100256  207
0.100375  37
0.100409  308
0.100442  66
0.100468  364
0.100517  347
0.100821  285
0.100869  58
0.100998  126
0.101002  127
0.101228  131
0.101245  136
0.101419  180
0.101487  277
0.101531  158
0.101536  286
0.101542  21
0.101543  352
0.101685  171
0.101767  138
0.101775  235
0.101781  51
0.101826  267
0.101892  97
0.101947  15
0.102046  365
0.102228  342
0.102341  329
0.10237  61
0.102391  1
0.102472  32
0.102609  31
0.102647  276
0.102656  241
0.102763  197
0.102858  117
0.102888  379
0.102935  331
0.10301  259
0.103013  199
0.103077  348
0.103109  260
0.10314  299
0.10317  396
0.103208  332
0.103226  326
0.103232  165
0.103241  233
0.103262  83
0.103276  16
0.103342  399
0.103397  38
0.103465  346
0.10348  313
0.103523  323
0.10363  374
0.103721  314
0.10379  40
0.103867  139
0.103883  43
0.103999  252
0.104278  185
0.104302  102
0.10433  236
0.104461  262
0.104512  152
0.104658  219
0.104756  49
0.104927  201
0.105017  318
0.10507  68
0.105165  223
0.105188  134
0.105266  397
0.105314  205
0.105372  105
0.10545  273
0.105471  204
0.105483  261
0.105553  345
0.105598  35
0.105663  162
0.105678  29
0.105713  288
0.105714  301
0.105751  77
0.10577  295
0.105792  293
0.105919  104
0.105923  243
0.105955  341
0.105981  282
0.106051  266
0.106171  306
0.106173  394
0.106207  305
0.10625  149
0.106263  111
0.106263  186
0.106287  248
0.106309  281
0.10635  381
0.106369  246
0.106569  3
0.10671  0
0.106768  303
0.106819  363
0.106893  206
0.106942  140
0.106946  80
0.107002  231
0.107069  338
0.107135  113
0.107149  5
0.107156  339
0.107184  250
0.107199  232
0.10721  98
0.107214  388
0.107264  84
0.107272  76
0.107364  196
0.107371  93
0.107422  349
0.107512  382
0.10753  356
0.107588  333
0.107653  335
0.10773  143
0.107733  92
0.107853  383
0.107913  12
0.10795  11
0.108037  108
0.108094  169
0.108135  182
0.108248  167
0.108265  228
0.108275  354
0.108304  340
0.108308  336
0.108318  155
0.108333  119
0.108342  328
0.108367  96
0.108416  393
0.108453  391
0.108702  353
0.108783  47
0.108863  370
0.108898  107
0.108965  320
0.109121  377
0.109289  55
0.10938  106
0.109388  141
0.109518  330
0.109544  385
0.109548  310
0.109561  378
0.109565  334
0.109649  300
0.109766  101
0.109834  156
0.109901  18
0.10996  87
0.110153  366
0.110281  164
0.110467  195
0.110592  151
0.110636  189
0.110653  368
0.110673  369
0.110922  173
0.110985  343
0.111026  317
0.111145  178
0.111181  307
0.111272  70
0.111685  33
0.111755  63
0.111766  371
0.11187  52
0.111956  74
0.112093  337
0.112121  225
0.112262  212
0.112298  389
0.112698  203
0.112987  360
0.113097  325
0.113407  357
0.113529  240
0.113566  316
0.113824  253
0.114379  100
0.114645  361
0.114859  14
0.114976  384
0.115091  344
0.115105  237
0.11511  327
0.115443  251
0.115452  355
0.115649  312
0.116095  50
0.116389  42
0.116499  311
0.116537  112
0.116607  315
0.116627  65
0.116642  390
0.116853  146
0.11732  24
0.117576  27
0.11758  359
0.117714  46
0.117975  150
0.117978  99
0.118139  275
0.118752  386
0.119543  352
0.119676  375
0.120129  176
0.120192  350
0.12065  22
0.120819  91
0.121799  174
0.121939  319
0.122402  358
0.122538  229
0.122816  365
0.12293  322
0.123175  234
0.123245  221
0.123603  380
0.124158  7
0.124299  321
0.124369  395
0.124683  372
0.124893  222
0.124912  394
0.125122  296
0.125242  85
0.125363  26
0.125982  294
0.126238  373
0.126462  392
0.126505  157
0.126544  367
0.126795  25
0.12709  242
0.127839  89
0.12831  364
0.129265  346
0.130415  362
0.130553  168
0.131071  379
0.131242  56
0.131636  247
0.131841  88
0.132381  200
0.132556  9
0.133161  332
0.133248  81
0.133718  145
0.1341  341
0.134109  304
0.134499  213
0.13456  264
0.134848  72
0.135294  351
0.135314  287
0.13545  54
0.135508  57
0.135585  290
0.135646  71
0.135733  192
0.135745  45
0.135781  160
0.135901  36
0.136098  274
0.136119  227
0.136185  90
0.136246  115
0.136275  356
0.136285  110
0.136286  48
0.136472  397
0.136578  142
0.136679  170
0.136704  17
0.136741  2
0.136868  59
0.136872  283
0.137049  64
0.137347  78
0.137453  331
0.13753  103
0.137678  323
0.137857  41
0.137937  343
0.138013  239
0.138489  177
0.138555  342
0.138577  265
0.138629  199
0.138737  329
0.139132  144
0.139352  75
0.139485  336
0.139655  128
0.13972  211
0.139955  125
0.140007  387
0.140132  312
0.140139  314
0.140258  194
0.140398  310
0.140419  347
0.140428  366
0.140432  318
0.140452  132
0.140459  388
0.14049  172
0.1405  345
0.140576  34
0.140668  23
0.140761  94
0.140834  354
0.14099  300
0.141403  376
0.141524  209
0.141715  308
0.141916  272
0.142103  326
0.142121  255
0.142123  102
0.142156  69
0.142622  181
0.142742  339
0.142826  303
0.142894  391
0.142957  327
0.143288  340
0.143616  338
0.143768  381
0.143789  335
0.144031  396
0.14413  108
0.14418  325
0.144382  377
0.144678  86
0.144964  385
0.145037  184
0.145152  151
0.146349  31
0.1468  317
0.146823  370
0.146885  235
0.147163  238
0.147216  19
0.147358  309
0.147779  152
0.148797  399
0.149058  369
0.149231  313
0.149474  316
0.14969  307
0.150111  191
0.150182  301
0.150508  355
0.150586  349
0.150794  44
0.150862  5
0.151205  389
0.153811  393
0.154353  333
0.155429  353
0.156418  163
0.157792  374
0.158037  363
0.158111  276
0.158553  398
0.158999  383
0.159035  237
0.160063  368
0.160422  380
0.16073  305
0.161415  284
0.162246  183
0.162894  278
0.163228  228
0.1633  244
0.163586  161
0.163857  13
0.163955  382
0.164368  360
0.164375  324
0.164475  215
0.164954  233
0.165591  263
0.165707  386
0.165899  337
0.166121  334
0.166302  359
0.166303  320
0.166673  70
0.166676  346
0.167666  8
0.168726  241
0.169197  134
0.169282  195
0.169636  279
0.169791  185
0.169843  51
0.170032  135
0.170066  39
0.170078  371
0.170306  73
0.170528  395
0.171001  67
0.171092  271
0.1712  6
0.171298  167
0.171401  154
0.171448  97
0.171719  149
0.171981  315
0.172031  365
0.172071  289
0.172275  392
0.172548  268
0.172571  76
0.172661  98
0.172712  390
0.172722  254
0.172883  344
0.17293  240
0.172938  348
0.173057  372
0.173062  214
0.173208  196
0.173241  357
0.173314  281
0.173337  122
0.173363  136
0.173377  226
0.173518  92
0.173712  197
0.173761  175
0.173855  147
0.173911  30
0.174104  319
0.174292  62
0.174319  116
0.174474  282
0.17454  138
0.174626  321
0.174692  91
0.174878  33
0.174932  137
0.174942  330
0.175415  129
0.175572  298
0.175576  249
0.175688  208
0.17574  252
0.175753  352
0.175815  148
0.175898  332
0.176158  190
0.176212  124
0.176268  28
0.176285  373
0.176338  93
0.176413  375
0.176686  7
0.1767  322
0.176994  311
0.17714  3
0.177219  256
0.177236  66
0.17742  166
0.177462  80
0.177494  101
0.17765  370
0.177799  362
0.177834  49
0.177854  327
0.177889  384
0.177971  193
0.178064  63
0.178068  257
0.178093  358
0.178166  306
0.178355  329
0.178479  79
0.178638  29
0.178863  361
0.179468  224
0.17978  328
0.179966  326
0.180098  378
0.180362  35
0.180401  295
0.180494  277
0.180524  259
0.180659  323
0.180726  350
0.180849  351
0.180919  394
0.18092  354
0.181091  201
0.18121  15
0.181381  377
0.181452  379
0.181456  343
0.181474  114
0.181875  223
0.182174  210
0.182255  222
0.18243  387
0.183506  55
0.183664  303
0.184443  391
0.184833  266
0.18485  46
0.185398  107
0.185522  314
0.185569  140
0.185604  217
0.185647  396
0.185708  381
0.185757  341
0.185907  265
0.185979  82
0.186045  364
0.1861  399
0.18634  316
0.186509  269
0.186534  397
0.187718  247
0.187743  338
0.188023  331
0.188331  96
0.18835  342
0.188375  318
0.188536  165
0.188928  307
0.189314  1
0.18986  325
0.19032  251
0.190598  308
0.190769  388
0.190838  335
0.191072  385
0.191576  133
0.192357  106
0.192493  198
0.192841  339
0.19302  304
0.193236  356
0.1948  14
0.195242  168
0.195402  309
0.196985  313
0.196991  363
0.197134  367
0.197346  393
0.197433  36
0.197575  345
0.197577  349
0.197814  398
0.197865  109
0.199414  355
0.200017  389
0.20015  173
0.201377  374
0.201684  117
0.201984  368
0.202087  182
0.202175  128
0.202676  380
0.203508  120
0.203584  123
0.203813  301
0.204719  174
0.204852  212
0.205  261
0.20538  317
0.205583  160
0.20596  340
0.206233  336
0.20727  337
0.207343  72
0.207544  264
0.207598  183
0.207641  34
0.207707  53
0.207807  253
0.207896  366
0.20794  353
0.208252  146
0.20829  310
0.208522  18
0.209031  118
0.20923  232
0.210318  203
0.210537  324
0.210736  59
0.210776  47
0.211077  40
0.211141  270
0.211173  359
0.211306  347
0.211608  153
0.211618  248
0.211638  386
0.212105  239
0.212275  395
0.212473  139
0.21264  27
0.212681  161
0.212752  169
0.212856  235
0.213139  94
0.213339  344
0.213359  230
0.213471  382
0.213754  360
0.213775  321
0.213931  126
0.213957  362
0.214113  218
0.214287  384
0.214376  142
0.214643  306
0.21476  358
0.214819  52
0.215296  236
0.215604  163
0.215742  213
0.21576  42
0.215958  184
0.216076  333
0.216243  130
0.216316  267
0.216568  38
0.216696  258
0.216796  209
0.21687  245
0.216985  326
0.2171  171
0.217408  369
0.217459  288
0.217527  291
0.217636  180
0.217677  111
0.217744  105
0.217873  312
0.217886  262
0.217886  350
0.218095  41
0.218221  85
0.218433  234
0.218807  376
0.218952  112
0.21902  305
0.219028  159
0.219065  263
0.21912  323
0.219292  284
0.219299  158
0.21936  314
0.219449  273
0.219714  21
0.219775  354
0.219886  296
0.219976  17
0.220005  125
0.220007  365
0.220013  361
0.220166  16
0.22031  92
0.220334  390
0.220678  32
0.220856  319
0.220958  329
0.220961  287
0.22129  127
0.221358  280
0.221471  202
0.221475  9
0.221502  131
0.221508  141
0.221614  375
0.221701  181
0.221725  328
0.221838  272
0.221864  330
0.221956  189
0.221968  334
0.222045  151
0.22207  61
0.222357  143
0.222473  364
0.222514  346
0.222532  387
0.22259  188
0.222689  84
0.22276  348
0.222797  379
0.222807  75
0.223288  357
0.223393  228
0.223424  24
0.223478  176
0.223537  65
0.223542  77
0.223904  23
0.223916  121
0.223999  399
0.224087  83
0.224161  371
0.224483  316
0.224613  172
0.224665  221
0.224756  311
0.224824  308
0.224859  391
0.224949  327
0.224956  220
0.225433  383
0.225448  343
0.225457  335
0.225511  320
0.225523  55
0.225694  392
0.225768  68
0.226406  373
0.2265  89
0.226585  243
0.226776  292
0.226984  300
0.227368  119
0.228185  345
0.228211  396
0.228752  227
0.228956  170
0.229339  266
0.22941  370
0.230179  322
0.230498  351
0.230612  313
0.231855  385
0.231975  338
0.232139  80
0.232143  380
0.23215  71
0.232549  378
0.232942  282
0.233138  304
0.233536  381
0.234037  205
0.234097  206
0.234474  60
0.23454  309
0.234973  349
0.235362  69
0.235778  325
0.235924  303
0.237272  352
0.237309  397
0.238442  394
0.238475  39
0.238622  363
0.240309  20
0.240821  64
0.240933  355
0.241676  389
0.241805  5
0.242247  186
0.242891  332
0.243329  57
0.243856  162
0.244743  317
0.245121  237
0.24543  310
0.245859  393
0.246017  152
0.246022  342
0.24673  115
0.246746  367
0.246799  99
0.247398  382
0.247696  157
0.247812  193
0.247957  388
0.248419  8
0.248506  369
0.248715  134
0.248888  318
0.24972  238
0.249739  339
0.24979  0
0.250296  242
0.250536  156
0.25101  366
0.251354  377
0.251471  216
0.251642  207
0.251663  315
0.251847  50
0.251992  356
0.25216  147
0.252203  301
0.252347  100
0.25239  44
0.252392  48
0.252528  229
0.252655  268
0.252946  297
0.253473  271
0.253668  132
0.25381  187
0.254105  395
0.254204  340
0.254306  166
0.254503  78
0.254506  86
0.254614  93
0.254628  164
0.254729  231
0.254909  372
0.254911  103
0.254935  259
0.254972  285
0.255194  254
0.255247  12
0.255589  19
0.255615  219
0.25563  398
0.255661  374
0.255748  249
0.255961  104
0.255984  307
0.256127  133
0.256503  294
0.256601  274
0.256728  347
0.256754  223
0.256921  4
0.257103  62
0.257143  95
0.257248  321
0.257673  240
0.257801  306
0.257854  232
0.257967  66
0.25817  76
0.258177  155
0.25835  336
0.258478  145
0.25848  331
0.258489  70
0.258495  91
0.258502  298
0.258518  341
0.258533  108
0.258676  191
0.258685  113
0.258735  11
0.258923  30
0.258979  330
0.259052  123
0.259072  25
0.259237  168
0.259282  334
0.259337  26
0.259362  255
0.259561  49
0.259585  135
0.259608  344
0.259688  165
0.259785  222
0.259971  361
0.259978  337
0.26061  290
0.260614  391
0.260616  87
0.260617  154
0.260957  305
0.260959  326
0.261004  195
0.261072  368
0.261144  251
0.261297  365
0.261316  308
0.261317  358
0.261412  28
0.261435  348
0.261537  210
0.261634  150
0.261664  350
0.261764  192
0.261873  144
0.262233  354
0.262584  73
0.262624  319
0.262634  52
0.262766  376
0.262787  375
0.263018  88
0.263039  179
0.263063  335
0.263502  253
0.263945  27
0.26397  7
0.263981  101
0.264167  352
0.264318  116
0.264342  36
0.264358  148
0.264408  153
0.26448  14
0.264486  351
0.264601  394
0.264609  327
0.264619  353
0.264738  313
0.265014  265
0.265042  399
0.265068  390
0.265071  252
0.265106  396
0.265175  328
0.265306  54
0.265383  58
0.265449  303
0.265535  343
0.265641  345
0.265656  149
0.26597  311
0.265988  74
0.266018  386
0.266195  276
0.266332  138
0.266676  364
0.267484  35
0.26768  360
0.268091  379
0.268497  185
0.268507  140
0.268563  16
0.268729  260
0.26874  175
0.268917  198
0.269041  355
0.269086  370
0.269263  239
0.269296  338
0.269789  281
0.269933  264
0.270062  329
0.270985  292
0.270985  312
0.271104  357
0.27144  314
0.271617  320
0.271688  324
0.271792  373
0.272121  333
0.272198  397
0.272282  325
0.273748  114
0.274047  98
0.274348  383
0.274805  316
0.275837  385
0.275995  389
0.27635  196
0.276396  371
0.276618  205
0.276674  61
0.276707  82
0.276736  322
0.276864  85
0.27761  367
0.277675  309
0.278281  75
0.278984  310
0.27925  378
0.279877  359
0.280171  79
0.280173  233
0.282202  342
0.28283  346
0.282909  304
0.283864  22
0.284957  387
0.286211  349
0.286751  363
0.286773  125
0.28732  51
0.287366  384
0.28775  6
0.288039  317
0.288549  96
0.288717  382
0.288752  393
0.288914  366
0.289405  102
0.289553  332
0.289725  323
0.289789  234
0.290616  197
0.290636  318
0.290652  300
0.291206  262
0.291648  362
0.291671  56
0.291788  377
0.291957  45
0.292655  291
0.292705  199
0.293423  53
0.295084  279
0.295202  356
0.295401  10
0.295782  380
0.296115  388
0.296149  221
0.296183  256
0.296435  241
0.296753  117
0.29762  42
0.297708  43
0.29795  348
0.298009  334
0.298678  178
0.298808  128
0.299196  201
0.299287  105
0.299349  336
0.299464  392
0.299667  340
0.300164  184
0.30063  176
0.300714  3
0.300883  266
0.300898  244
0.300929  97
0.301296  120
0.301314  286
0.301349  381
0.301382  215
0.301402  257
0.301658  261
0.301799  137
0.301987  283
0.302512  313
0.302517  63
0.302729  248
0.302833  13
0.302869  44
0.303102  203
0.303167  230
0.303178  398
0.303196  81
0.303269  18
0.303335  270
0.303435  161
0.303514  296
0.303553  163
0.303745  217
0.303799  226
0.303869  76
0.303911  358
0.303987  277
0.304165  15
0.304208  167
0.304216  31
0.304253  368
0.304293  369
0.304304  182
0.30443  177
0.304725  24
0.305101  190
0.305102  250
0.305141  9
0.305186  58
0.305205  150
0.305403  272
0.305455  222
0.305488  124
0.305564  246
0.305665  136
0.305808  236
0.305852  353
0.305904  360
0.305922  118
0.305923  293
0.305928  395
0.305928  335
0.305953  391
0.30597  29
0.305975  399
0.306109  341
0.306171  390
0.306174  231
0.30619  224
0.306354  379
0.306478  112
0.306595  308
0.306628  33
0.306648  330
0.306664  34
0.306736  331
0.306936  17
0.306976  35
0.307036  158
0.307059  170
0.307059  305
0.307181  106
0.307304  65
0.307413  352
0.307591  337
0.307667  183
0.307741  109
0.307797  240
0.307846  307
0.307898  5
0.30796  324
0.308017  364
0.308103  385
0.308406  397
0.308461  357
0.308471  301
0.308678  273
0.308968  345
0.308989  278
0.309093  376
0.309101  361
0.309132  306
0.309247  155
0.309556  251
0.309647  329
0.309756  315
0.309762  80
0.309766  321
0.30991  309
0.309998  2
0.31023  354
0.310305  378
0.310471  320
0.3105  297
0.310662  394
0.310706  343
0.311246  141
0.31168  339
0.311699  237
0.311869  342
0.312294  209
0.312408  93
0.312429  139
0.312896  8
0.313045  303
0.313681  317
0.3143  386
0.314659  351
0.314702  371
0.315155  384
0.315279  311
0.315512  365
0.315728  389
0.315983  72
0.316009  355
0.316206  370
0.316749  383
0.318653  328
0.318695  327
0.318996  367
0.319387  387
0.319414  318
0.321317  396
0.322535  372
0.322945  314
0.322945  285
0.323965  189
0.324363  275
0.325637  325
0.326597  319
0.327022  344
0.32779  74
0.328401  188
0.328638  326
0.328721  373
0.328732  347
0.328975  140
0.329164  126
0.329323  316
0.329565  269
0.330101  52
0.331442  333
0.333059  336
0.33383  95
0.334019  200
0.334052  300
0.334743  28
0.334892  160
0.334897  49
0.334925  135
0.335119  265
0.335314  38
0.335843  143
0.33593  114
0.335991  349
0.336115  312
0.336198  282
0.336253  322
0.337025  310
0.337222  36
0.337405  101
0.338003  169
0.338271  121
0.338584  359
0.33862  380
0.338664  366
0.338734  375
0.338908  61
0.339049  346
0.339159  332
0.339211  362
0.340163  75
0.340557  104
0.341026  71
0.341049  148
0.341311  276
0.341832  213
0.342135  214
0.342601  41
0.342696  374
0.34275  1
0.342971  16
0.343026  37
0.343116  239
0.343121  290
0.34337  382
0.343401  225
0.343456  313
0.343938  350
0.344016  220
0.34423  130
0.34454  206
0.344786  393
0.344944  172
0.345077  122
0.345118  46
0.345347  308
0.345503  66
0.345514  304
0.345651  127
0.345696  280
0.345829  315
0.345933  232
0.346016  195
0.346028  395
0.346099  144
0.346274  334
0.346519  324
0.346569  64
0.346767  73
0.346778  263
0.346821  194
0.346839  48
0.347141  107
0.347683  381
0.348072  369
0.34828  181
0.34839  348
0.348819  91
0.348833  377
0.348852  238
0.349121  223
0.34914  363
0.349198  204
0.349245  356
0.349574  353
0.349604  299
0.349656  110
0.349985  208
0.350271  367
0.350662  341
0.351078  47
0.351315  357
0.351406  294
0.351923  23
0.352047  249
0.352158  125
0.352215  7
0.35223  338
0.35227  211
0.352282  323
0.352367  111
0.352446  53
0.352612  307
0.352792  235
0.353045  221
0.353051  329
0.35324  146
0.353263  379
0.353305  370
0.353435  335
0.353515  355
0.353679  115
0.353983  378
0.354089  162
0.354154  227
0.354497  85
0.354576  274
0.354979  399
0.355005  331
0.355023  152
0.35505  22
0.355068  321
0.355195  354
0.355301  392
0.355384  202
0.355518  385
0.355692  131
0.355742  260
0.355982  391
0.356232  88
0.356279  320
0.356324  179
0.35639  295
0.356612  292
0.356696  133
0.356706  352
0.356773  390
0.3569  11
0.356986  149
0.357138  361
0.357377  151
0.357389  339
0.357791  344
0.357816  234
0.357854  262
0.35806  345
0.358413  305
0.358443  311
0.358456  317
0.358509  192
0.358593  376
0.358994  77
0.359194  364
0.359223  309
0.359486  123
0.360201  288
0.360696  298
0.361741  83
0.361915  67
0.361921  351
0.361998  40
0.362076  372
0.362189  318
0.36234  273
0.362667  256
0.362708  137
0.362765  328
0.362989  163
0.363019  314
0.363077  164
0.363112  358
0.363178  117
0.36356  19
0.363645  310
0.364149  113
0.364173  303
0.364439  226
0.36517  330
0.365202  185
0.365502  312
0.3656  397
0.365819  168
0.365953  398
0.366175  129
0.366314  57
0.366357  384
0.366574  21
0.36684  396
0.366935  340
0.366989  347
0.366999  343
0.367466  246
0.368093  368
0.369022  301
0.369758  366
0.370065  319
0.371638  180
0.371692  173
0.372078  8
0.372455  394
0.372463  266
0.372559  327
0.372993  380
0.373441  4
0.373464  170
0.374168  333
0.374762  360
0.375045  89
0.375224  337
0.375772  98
0.376829  383
0.377937  322
0.378211  166
0.378337  174
0.378624  371
0.378709  389
0.378897  105
0.379068  50
0.379175  395
0.379364  190
0.379391  205
0.379428  349
0.379707  228
0.380814  215
0.380851  387
0.381282  78
0.381287  342
0.382515  359
0.382539  92
0.382685  300
0.382779  100
0.382788  287
0.384092  72
0.384316  316
0.384579  62
0.385098  109
0.385152  325
0.385239  187
0.385672  386
0.386054  132
0.3861  41
0.386176  388
0.386223  82
0.386225  51
0.386229  240
0.386596  14
0.386667  27
0.386869  365
0.387095  76
0.387225  375
0.387467  308
0.387508  9
0.388355  326
0.38846  39
0.388549  348
0.388831  124
0.388857  141
0.389144  332
0.389388  25
0.389403  286
0.389549  362
0.389569  244
0.389706  341
0.389851  217
0.3899  346
0.390051  253
0.390241  284
0.390581  197
0.390877  153
0.390885  61
0.390917  42
0.390994  29
0.391154  157
0.391828  257
0.391879  212
0.391998  207
0.392117  271
0.392199  350
0.392214  158
0.392346  378
0.392429  177
0.392443  134
0.392503  186
0.39259  390
0.392601  338
0.392701  334
0.392791  201
0.39283  229
0.392872  147
0.39288  385
0.39292  5
0.393172  313
0.39323  230
0.393279  79
0.393419  304
0.393733  33
0.39388  370
0.393911  182
0.394078  218
0.394096  323
0.394116  102
0.394245  54
0.394561  191
0.394646  331
0.394719  188
0.394721  264
0.394745  267
0.394776  373
0.394995  160
0.395047  241
0.395152  356
0.395206  255
0.395391  196
0.3955  183
0.395764  324
0.396194  87
0.396226  233
0.39633  161
0.396443  306
0.396627  254
0.396745  381
0.396818  305
0.396898  13
0.39705  93
0.397091  12
0.397118  68
0.397133  392
0.397161  374
0.397478  52
0.397488  283
0.397495  245
0.397564  248
0.397791  353
0.397869  397
0.39799  309
0.39816  210
0.39821  321
0.398304  242
0.39838  352
0.398443  398
0.398679  18
0.398736  184
0.39877  314
0.398788  285
0.399008  369
0.399089  142
0.399497  162
0.399523  97
0.399635  393
0.39985  96
0.399887  60
0.399927  363
0.399946  357
0.399965  347
0.400182  69
0.400264  343
0.400277  138
0.400358  20
0.400874  315
0.400877  342
0.400915  150
0.400982  382
0.400991  222
0.401028  372
0.401111  154
0.401207  239
0.40135  99
0.401352  366
0.401538  377
0.401568  351
0.40172  65
0.402055  361
0.402456  32
0.402615  127
0.402897  329
0.402923  367
0.403496  336
0.403514  47
0.403822  247
0.403883  319
0.403966  193
0.404018  2
0.404227  84
0.404272  17
0.404338  243
0.404428  15
0.404432  320
0.404822  49
0.404906  333
0.40508  209
0.405097  107
0.405253  358
0.405317  90
0.405351  270
0.405396  312
0.405578  317
0.405677  384
0.405745  310
0.405794  355
0.405967  121
0.406096  396
0.406186  101
0.406453  376
0.406541  198
0.407177  328
0.407276  303
0.409257  399
0.409451  327
0.410642  112
0.411634  58
0.41205  260
0.412763  340
0.412793  220
0.41311  11
0.413127  38
0.413138  330
0.413192  344
0.41375  37
0.413774  394
0.414008  35
0.414058  345
0.41438  268
0.414641  59
0.414688  0
0.41469  379
0.414785  250
0.414956  26
0.415008  307
0.415263  322
0.415265  364
0.415326  165
0.415733  318
0.415814  335
0.416373  316
0.417059  256
0.417326  238
0.418318  48
0.418338  71
0.418341  119
0.418497  354
0.418586  339
0.419039  44
0.419552  387
0.419584  311
0.421347  231
0.42143  24
0.421449  360
0.421702  290
0.421828  332
0.42196  368
0.422069  258
0.422139  179
0.422182  300
0.422418  171
0.422779  167
0.422977  269
0.423068  287
0.424112  110
0.424203  386
0.425134  70
0.425169  128
0.425236  169
0.425303  359
0.425348  272
0.425355  10
0.425874  152
0.426064  66
0.426367  120
0.42639  46
0.426852  34
0.426944  114
0.426956  56
0.427157  224
0.427281  371
0.427357  129
0.427366  202
0.427517  251
0.427633  6
0.427993  226
0.428019  74
0.428037  274
0.428044  216
0.428075  380
0.428078  372
0.428126  282
0.428154  108
0.428288  389
0.428321  383
0.428462  265
0.428507  370
0.4287  390
0.428707  86
0.428713  139
0.428883  391
0.429006  72
0.42903  395
0.429086  277
0.429221  225
0.429289  81
0.429397  278
0.429689  280
0.429746  143
0.429977  80
0.430107  326
0.430113  145
0.430309  388
0.430388  214
0.430391  117
0.43047  61
0.430701  276
0.430811  235
0.430835  170
0.430851  43
0.431271  182
0.431277  118
0.431279  176
0.431346  89
0.431362  23
0.431495  325
0.431795  266
0.431821  279
0.432136  337
0.432141  64
0.432335  195
0.432396  301
0.432445  111
0.432532  308
0.432584  208
0.432635  146
0.432685  95
0.432758  378
0.432766  289
0.432779  174
0.432859  313
0.432878  8
0.432926  259
0.433033  338
0.433332  57
0.433373  393
0.433443  53
0.433445  375
0.433448  166
0.433472  159
0.433523  163
0.433593  317
0.433699  315
0.433724  305
0.433745  199
0.43376  374
0.433802  136
0.433813  240
0.433818  373
0.434086  382
0.434226  333
0.434303  155
0.434429  194
0.434535  334
0.434608  306
0.434932  168
0.435101  357
0.435168  362
0.435194  351
0.435248  348
0.435295  141
0.43553  341
0.435797  262
0.435814  323
0.435897  124
0.436  236
0.436136  310
0.436325  363
0.436792  398
0.436826  133
0.436952  223
0.437252  346
0.437304  321
0.43747  324
0.4375  67
0.437527  376
0.437714  356
0.437728  350
0.437793  397
0.437993  106
0.438259  205
0.438286  19
0.438664  281
0.438877  353
0.439398  392
0.439631  22
0.440285  399
0.440992  366
0.441005  394
0.441218  299
0.441221  367
0.441576  349
0.441846  343
0.44209  192
0.442408  369
0.442784  99
0.442798  358
0.44319  340
0.443223  327
0.443905  88
0.44503  303
0.445979  263
0.445985  365
0.445986  347
0.446803  40
0.447144  361
0.448589  304
0.448695  329
0.448905  384
0.449054  190
0.449391  322
0.449415  94
0.449461  206
0.44966  320
0.4497  331
0.451232  381
0.451441  140
0.452424  42
0.452747  385
0.453506  178
0.453809  229
0.454218  296
0.455275  284
0.455443  75
0.455846  68
0.455884  100
0.455925  16
0.45593  62
0.456283  318
0.456323  253
0.456448  156
0.456697  342
0.456803  71
0.456831  219
0.456933  291
0.457139  76
0.457183  300
0.457459  354
0.45746  79
0.457508  237
0.457602  227
0.457736  377
0.457751  249
0.457784  144
0.457925  316
0.458311  352
0.458422  330
0.458793  85
0.458913  210
0.45899  35
0.459373  130
0.459736  355
0.459824  28
0.459999  248
0.46053  150
0.460701  175
0.461136  339
0.461771  312
0.462043  164
0.462133  364
0.462206  298
0.462262  215
0.462725  387
0.462907  83
0.463154  396
0.463169  121
0.463358  131
0.463847  290
0.46409  307
0.464274  344
0.464291  115
0.464303  379
0.464347  188
0.464429  55
0.464559  332
0.464576  222
0.46466  41
0.464677  197
0.464719  38
0.464757  233
0.464844  221
0.464849  26
0.464899  13
0.46493  319
0.464985  370
0.465086  93
0.465232  54
0.465265  63
0.465298  204
0.465321  335
0.465388  122
0.465931  336
0.465939  157
0.466119  341
0.466235  135
0.466323  186
0.466327  31
0.466342  373
0.46643  345
0.466561  30
0.466694  200
0.466734  314
0.46719  172
0.467282  283
0.467363  45
0.467416  142
0.467652  371
0.467673  116
0.467699  217
0.467776  37
0.467911  17
0.468028  70
0.468044  372
0.468054  211
0.468055  213
0.468124  193
0.468284  311
0.468344  264
0.468444  293
0.468448  181
0.468582  328
0.468586  160
0.468822  69
0.468858  392
0.469094  383
0.469279  270
0.469392  27
0.469464  244
0.469491  201
0.469656  292
0.469769  390
0.469772  275
0.469777  126
0.469814  184
0.469829  61
0.46983  243
0.470013  151
0.470015  77
0.470179  374
0.470213  3
0.470246  96
0.47026  180
0.470536  334
0.470551  47
0.470645  212
0.470719  367
0.470755  177
0.470923  123
0.470985  395
0.471006  369
0.471044  353
0.471199  348
0.471267  228
0.471369  356
0.471371  98
0.471372  380
0.471419  59
0.471451  324
0.471486  321
0.471604  368
0.471619  103
0.471727  359
0.472019  326
0.472041  0
0.472085  73
0.472152  305
0.472245  388
0.472337  288
0.472404  376
0.472444  230
0.472529  196
0.472709  232
0.473239  337
0.473631  32
0.473633  102
0.473849  21
0.473853  80
0.473871  153
0.47393  362
0.474207  398
0.474374  363
0.474448  382
0.474473  125
0.474481  366
0.474548  333
0.474595  375
0.4747  313
0.475022  7
0.475283  391
0.475577  255
0.47572  331
0.475762  343
0.47679  148
0.476947  349
0.477431  394
0.477454  286
0.477674  386
0.477864  114
0.477916  90
0.478016  289
0.478023  361
0.478163  322
0.479199  399
0.479769  57
0.479803  340
0.480208  304
0.480771  384
0.481613  389
0.482018  246
0.482419  325
0.482529  346
0.483693  134
0.483849  36
0.483966  320
0.484038  239
0.48417  351
0.484583  357
0.484673  301
0.484879  327
0.485939  271
0.486282  350
0.486633  254
0.486851  338
0.486923  173
0.487994  315
0.488339  393
0.488544  169
0.488709  6
0.488741  365
0.488806  105
0.48886  360
0.488944  119
0.489192  198
0.489328  207
0.489392  109
0.489535  339
0.489809  318
0.490225  194
0.490527  308
0.491139  60
0.491542  317
0.492302  312
0.492332  8
0.492456  329
0.494033  397
0.494992  316
0.495024  306
0.495307  297
0.495714  352
0.495783  58
0.496175  251
0.496398  280
0.49746  39
0.497603  14
0.498051  247
0.498184  323
0.498318  171
0.498471  358
0.498913  381
0.499383  303
0.499586  342
0.499707  300
0.500438  25
0.500623  112
0.50088  53
0.501196  52
0.501653  176
0.501757  137
0.501785  309
0.501896  311
0.501922  192
0.502181  164
0.5028  141
0.502869  263
0.503037  257
0.503059  91
0.503101  216
0.50324  379
0.503404  218
0.503736  139
0.503811  170
0.504387  294
0.504525  276
0.504548  11
0.504768  104
0.504835  242
0.505012  347
0.505486  143
0.50559  44
0.505618  378
0.505839  108
0.506251  18
0.506288  120
0.506347  295
0.506415  51
0.506485  185
0.506532  299
0.506649  319
0.506658  2
0.506832  387
0.507478  65
0.507502  388
0.507541  273
0.507564  258
0.507705  224
0.507717  330
0.508225  145
0.508347  160
0.508555  390
0.508791  277
0.508966  27
0.508975  369
0.508975  234
0.508987  1
0.509267  348
0.509441  203
0.50955  321
0.509623  310
0.509682  396
0.509739  336
0.509745  146
0.509757  166
0.509782  205
0.509834  372
0.509862  364
0.509914  97
0.509948  354
0.50996  227
0.509963  24
0.510025  95
0.510141  353
0.510229  243
0.510272  189
0.510301  209
0.510364  391
0.510509  191
0.510714  267
0.510823  345
0.510874  370
0.511019  274
0.511114  206
0.511149  131
0.511239  20
0.511398  3
0.5114  33
0.511479  335
0.511556  307
0.51159  385
0.51173  182
0.511898  88
0.511901  313
0.511951  37
0.511979  66
0.512083  50
0.512147  265
0.5123  357
0.512531  344
0.512674  337
0.512692  376
0.512783  395
0.512787  252
0.512959  371
0.513241  76
0.513264  392
0.513295  383
0.513367  355
0.513582  285
0.514061  332
0.514167  377
0.514217  85
0.514327  328
0.514641  256
0.515201  260
0.515317  386
0.51612  367
0.516535  98
0.517003  359
0.517134  368
0.517153  113
0.51771  301
0.518165  111
0.518864  375
0.518906  394
0.519313  42
0.520322  324
0.520999  23
0.521552  398
0.521658  221
0.522209  373
0.522282  343
0.522904  399
0.523406  174
0.523473  308
0.523579  128
0.523898  382
0.523928  279
0.524491  374
0.524897  72
0.525013  31
0.525068  341
0.525122  305
0.525234  334
0.525479  245
0.526114  380
0.526349  304
0.526515  356
0.526522  361
0.527532  318
0.528866  346
0.529577  264
0.5301  358
0.531257  46
0.531388  366
0.531573  214
0.532402  340
0.532461  261
0.533321  333
0.533549  331
0.534567  237
0.534615  363
0.534907  229
0.535249  225
0.53566  236
0.535787  360
0.536024  12
0.536244  384
0.5364  349
0.536783  57
0.53702  147
0.537139  393
0.537194  362
0.537523  327
0.538097  322
0.538668  68
0.539049  5
0.539288  154
0.540649  325
0.541127  326
0.541229  148
0.54165  55
0.542115  190
0.542566  75
0.542946  48
0.543051  102
0.543556  117
0.543665  365
0.543668  186
0.543711  184
0.543743  56
0.543765  329
0.543908  40
0.544414  183
0.544451  300
0.544475  311
0.54475  89
0.544764  240
0.54487  135
0.544912  351
0.545147  198
0.545533  281
0.54577  387
0.546878  339
0.547265  389
0.547656  306
0.547712  208
0.548675  320
0.548829  350
0.548905  287
0.549083  231
0.550359  376
0.550408  106
0.550413  338
0.550936  193
0.551009  330
0.551117  9
0.551517  314
0.551987  397
0.552362  69
0.552656  205
0.552861  133
0.553298  197
0.553454  275
0.553511  316
0.553687  344
0.553717  313
0.553968  312
0.554213  381
0.554472  162
0.554601  303
0.554906  62
0.555033  336
0.555282  94
0.555667  379
0.556294  232
0.55645  92
0.5566  364
0.557048  269
0.557072  375
0.557699  204
0.557798  19
0.557835  323
0.558757  163
0.559408  211
0.559567  168
0.559754  355
0.560373  293
0.560464  352
0.56074  280
0.560932  219
0.56105  17
0.561295  367
0.561364  109
0.561366  71
0.561516  255
0.561633  32
0.561641  390
0.561678  140
0.561754  369
0.561764  337
0.561967  266
0.562144  43
0.562165  199
0.56228  383
0.562524  161
0.562553  292
0.562625  82
0.562718  30
0.562727  220
0.562899  13
0.563088  223
0.563099  78
0.563162  136
0.56319  377
0.563275  84
0.563371  371
0.56352  262
0.563523  361
0.56367  35
0.563751  80
0.56379  342
0.563816  307
0.56383  356
0.563981  38
0.564216  101
0.564257  284
0.5643  121
0.564301  268
0.564382  123
0.564469  4
0.56451  187
0.564522  95
0.564587  385
0.564713  321
0.564755  392
0.564783  239
0.564852  179
0.564923  188
0.56493  353
0.565043  157
0.565224  395
0.565238  378
0.565307  332
0.56533  152
0.565399  202
0.565429  99
0.565544  305
0.565711  396
0.565821  374
0.565917  203
0.56602  315
0.566101  241
0.566105  291
0.566131  195
0.566347  372
0.566637  309
0.56665  347
0.566684  373
0.566806  391
0.566945  308
0.567021  77
0.567206  158
0.567219  10
0.567499  250
0.567548  93
0.56758  251
0.567701  343
0.567962  399
0.568318  164
0.568387  359
0.568577  354
0.569095  349
0.569115  54
0.569882  394
0.570051  90
0.570716  29
0.570754  318
0.571173  119
0.571816  368
0.571844  341
0.571875  207
0.571937  301
0.572293  70
0.572308  215
0.572372  358
0.572684  26
0.572815  357
0.572944  278
0.57296  150
0.573163  180
0.573538  310
0.573935  331
0.574087  103
0.574422  178
0.574627  127
0.574794  274
0.575013  116
0.575326  176
0.575364  110
0.575433  226
0.575515  114
0.575565  91
0.575593  345
0.575931  382
0.576031  191
0.576058  384
0.576377  304
0.576387  283
0.57643  317
0.576808  388
0.576989  328
0.577074  14
0.577165  59
0.578088  319
0.578711  34
0.57893  279
0.578998  270
0.579143  167
0.579231  381
0.579305  177
0.579738  86
0.5799  334
0.580214  370
0.580259  386
0.580452  335
0.580932  360
0.580942  311
0.581177  87
0.581346  16
0.581804  348
0.581843  260
0.581856  362
0.58204  329
0.582181  340
0.582217  107
0.582441  20
0.582732  213
0.582937  15
0.583118  380
0.583179  235
0.583434  61
0.583519  271
0.584336  346
0.584473  389
0.584568  333
0.584608  192
0.584622  128
0.584847  306
0.585015  58
0.585382  245
0.585558  65
0.586044  2
0.586402  8
0.586664  366
0.587101  172
0.587348  324
0.587539  338
0.587575  398
0.588153  339
0.588483  376
0.588726  222
0.589087  209
0.589163  50
0.589735  344
0.589979  273
0.59026  153
0.59084  135
0.591053  254
0.591657  132
0.592142  210
0.592247  96
0.592381  169
0.592406  66
0.5925  350
0.592507  351
0.592569  365
0.592603  122
0.59267  83
0.592717  48
0.592768  393
0.592837  129
0.592895  221
0.592896  272
0.593497  299
0.593676  218
0.593908  105
0.594036  145
0.594108  323
0.594198  314
0.594334  151
0.594536  159
0.594537  326
0.595116  186
0.595149  356
0.595586  181
0.595798  144
0.596037  320
0.596098  397
0.596363  307
0.596451  298
0.596542  237
0.597055  143
0.59725  247
0.597682  377
0.597745  73
0.597798  321
0.597997  233
0.598101  379
0.598328  81
0.598408  387
0.598461  217
0.598653  361
0.598695  244
0.598882  375
0.598904  100
0.5993  113
0.599363  184
0.59946  156
0.599612  394
0.599697  305
0.599919  118
0.599952  47
0.600008  378
0.600343  368
0.600349  300
0.600381  395
0.600462  330
0.600772  112
0.601495  315
0.60176  364
0.601867  337
0.602371  327
0.602635  182
0.602781  264
0.602802  385
0.603459  3
0.603628  293
0.604046  312
0.604061  18
0.604386  373
0.604879  322
0.605074  289
0.605563  141
0.605951  325
0.606317  165
0.606448  21
0.606618  308
0.606896  316
0.606935  335
0.607118  349
0.60733  5
0.608356  75
0.60838  200
0.609247  313
0.609344  257
0.609399  175
0.609482  138
0.60965  33
0.609808  355
0.609896  374
0.61096  194
0.610971  275
0.611876  392
0.611989  36
0.612034  383
0.612189  42
0.612226  115
0.612404  230
0.612404  146
0.61284  347
0.613147  336
0.613256  123
0.613361  359
0.613383  341
0.613497  288
0.61362  131
0.613652  342
0.613698  228
0.613891  106
0.614592  399
0.614937  74
0.61555  371
0.615586  64
0.615806  318
0.616007  177
0.616122  95
0.616133  45
0.616275  220
0.616444  124
0.616787  386
0.616821  352
0.616856  226
0.616966  38
0.617036  27
0.617052  198
0.617066  37
0.61723  372
0.617277  88
0.617304  6
0.617337  246
0.61734  370
0.617438  261
0.617519  376
0.617616  63
0.617665  381
0.617703  363
0.618008  7
0.618044  301
0.618091  19
0.618157  227
0.618283  367
0.618435  46
0.61862  369
0.618864  353
0.618969  25
0.619032  354
0.619296  149
0.619508  319
0.619894  334
0.620118  62
0.620383  121
0.620501  59
0.620744  309
0.620938  362
0.620995  126
0.621295  160
0.621464  351
0.621487  297
0.62184  345
0.622505  332
0.622592  238
0.62265  276
0.622661  358
0.622673  89
0.623227  398
0.623649  206
0.62371  306
0.623926  328
0.62465  340
0.624665  245
0.624794  102
0.625163  389
0.625299  49
0.625481  111
0.62552  286
0.62566  390
0.625796  348
0.625883  103
0.626131  212
0.626449  256
0.626463  119
0.626655  357
0.627215  380
0.627219  56
0.627808  343
0.627957  236
0.628508  108
0.628697  391
0.628718  140
0.629012  396
0.629149  366
0.629252  134
0.629315  60
0.629491  193
0.629532  360
0.629629  185
0.629645  314
0.629655  384
0.629727  382
0.630296  24
0.630717  164
0.630849  53
0.631163  329
0.631179  338
0.631249  0
0.631497  229
0.631543  331
0.631652  346
0.631679  166
0.631884  344
0.632018  388
0.632075  137
0.632631  28
0.632679  196
0.632958  387
0.633057  303
0.633419  252
0.634047  195
0.6352  157
0.635316  240
0.635518  326
0.63607  304
0.63619  67
0.636353  57
0.636803  397
0.637573  361
0.637959  310
0.638046  262
0.638173  284
0.63822  12
0.638469  82
0.6385  224
0.638502  71
0.638566  9
0.638849  378
0.638866  117
0.639012  97
0.639046  152
0.639175  204
0.639215  231
0.639313  17
0.639748  139
0.63977  333
0.640069  181
0.640085  176
0.640233  281
0.640264  31
0.640265  311
0.640451  234
0.640529  249
0.640662  26
0.640702  136
0.640721  201
0.640868  47
0.64095  120
0.641014  323
0.641021  335
0.641171  305
0.641262  174
0.64132  399
0.641505  43
0.641608  393
0.641626  339
0.641689  155
0.641693  125
0.641896  44
0.641985  84
0.642153  290
0.642597  48
0.642612  197
0.642625  150
0.642715  324
0.642799  199
0.642854  359
0.642923  51
0.642926  23
0.643185  283
0.64339  142
0.643407  78
0.6435  94
0.643788  317
0.643945  375
0.644074  316
0.6442  104
0.644312  322
0.644315  11
0.644319  365
0.64445  330
0.644468  211
0.644573  76
0.644575  385
0.644593  114
0.644595  313
0.644652  133
0.644937  35
0.644954  4
0.645278  321
0.645338  337
0.645377  242
0.645459  395
0.645469  296
0.645482  91
0.645566  300
0.645605  369
0.645618  244
0.645661  373
0.645668  79
0.645691  202
0.645822  93
0.645857  259
0.645859  214
0.64597  342
0.646291  377
0.646991  364
0.647322  315
0.647401  379
0.647552  299
0.64767  293
0.647823  221
0.647872  312
0.648117  172
0.648183  32
0.648282  301
0.648317  308
0.648721  327
0.649226  285
0.649236  274
0.649244  168
0.6493  169
0.649561  350
0.649583  325
0.64976  386
0.649952  336
0.650254  147
0.65042  3
0.651279  22
0.651486  392
0.651567  320
0.65167  70
0.651715  314
0.652255  282
0.653026  130
0.653096  356
0.653108  334
0.653211  309
0.653535  394
0.653592  319
0.653957  318
0.653965  307
0.654462  341
0.65516  50
0.65628  129
0.657466  40
0.657738  219
0.658158  380
0.658295  192
0.659385  358
0.659406  389
0.659429  354
0.6595  55
0.659595  14
0.659724  376
0.6598  368
0.660227  170
0.66034  382
0.660384  279
0.66066  273
0.660786  384
0.660868  363
0.661042  278
0.661405  132
0.661545  396
0.66155  80
0.661787  213
0.662035  355
0.662179  233
0.66234  223
0.663015  165
0.663132  381
0.663134  340
0.663461  280
0.663502  203
0.663789  239
0.663943  331
0.664135  161
0.664322  352
0.664332  338
0.665021  345
0.665036  163
0.665501  306
0.665619  277
0.666696  173
0.667176  38
0.667281  158
0.667372  189
0.668001  119
0.668143  184
0.668374  34
0.668587  207
0.668721  194
0.668771  208
0.668962  101
0.66902  367
0.669209  250
0.669307  388
0.669364  353
0.669461  185
0.669492  179
0.669706  258
0.669729  2
0.670166  261
0.670351  362
0.670391  248
0.670853  143
0.670884  398
0.670913  186
0.670929  107
0.670947  209
0.670999  391
0.671092  370
0.671163  349
0.671241  235
0.671264  187
0.671636  371
0.671722  295
0.671753  328
0.67183  188
0.67188  171
0.672378  271
0.672632  36
0.672818  54
0.672821  287
0.672874  154
0.672971  255
0.67339  131
0.673461  59
0.673535  366
0.67366  374
0.673697  69
0.67398  390
0.6742  348
0.674247  256
0.674248  260
0.674337  303
0.674366  180
0.674403  253
0.674491  103
0.674509  61
0.674521  344
0.674582  77
0.67462  383
0.674701  144
0.674819  335
0.67489  360
0.674917  357
0.675073  96
0.675103  115
0.675103  332
0.675566  351
0.675584  294
0.676112  243
0.676266  116
0.676941  364
0.677538  156
0.677685  304
0.677773  63
0.677805  373
0.67784  323
0.677888  387
0.677936  200
0.678053  317
0.678605  329
0.679211  342
0.679305  346
0.679418  324
0.679632  16
0.679775  29
0.680048  245
0.680561  393
0.680966  21
0.681325  0
0.681354  58
0.681585  397
0.68236  105
0.682698  372
0.682758  321
0.68291  337
0.682979  24
0.683207  181
0.683266  312
0.683312  128
0.683314  311
0.683516  268
0.683609  27
0.683663  333
0.683759  205
0.683882  326
0.684009  379
0.684555  314
0.684879  310
0.685282  392
0.686161  313
0.686587  66
0.6867  399
0.688281  138
0.68841  109
0.688988  72
0.689667  73
0.690589  46
0.690683  388
0.69075  377
0.690835  369
0.690893  365
0.690957  339
0.691037  368
0.691139  110
0.692652  227
0.69376  247
0.694075  330
0.694474  90
0.694684  341
0.694693  183
0.695764  42
0.696051  121
0.696332  19
0.696458  133
0.696616  60
0.69667  308
0.696865  325
0.697021  354
0.697036  376
0.697192  251
0.697451  322
0.697719  356
0.697774  270
0.697903  252
0.698034  316
0.698176  343
0.698277  20
0.698441  307
0.698704  334
0.698845  51
0.69905  217
0.699364  395
0.700869  347
0.701217  167
0.701304  315
0.701406  263
0.701531  327
0.701564  359
0.70187  87
0.702042  292
0.702314  345
0.702607  384
0.703366  41
0.703596  100
0.70376  65
0.704034  204
0.704076  108
0.704434  83
0.704567  380
0.70457  232
0.704649  198
0.704732  386
0.704745  306
0.705099  148
0.705125  396
0.705203  10
0.705231  352
0.705325  378
0.705457  225
0.705597  336
0.705975  64
0.706114  4
0.70622  331
0.706273  81
0.706293  358
0.706319  118
0.706392  265
0.706551  375
0.706576  137
0.706867  254
0.706966  382
0.707049  75
0.707176  150
0.707234  136
0.707488  361
0.70755  385
0.707703  221
0.708681  230
0.708753  350
0.708813  381
0.709217  52
0.70934  172
0.709348  320
0.710126  99
0.710196  269
0.710308  218
0.71047  86
0.710518  123
0.710643  362
0.711079  145
0.71139  15
0.711887  191
0.712107  190
0.712118  106
0.712161  85
0.712208  389
0.712216  274
0.712228  164
0.712337  240
0.712509  149
0.712808  98
0.712849  335
0.712951  229
0.713124  355
0.713257  1
0.713319  398
0.713477  226
0.713526  126
0.713943  371
0.714055  374
0.714213  309
0.714248  300
0.714317  220
0.714329  23
0.714352  391
0.714476  338
0.714616  390
0.714621  153
0.714706  28
0.714995  349
0.71506  387
0.71519  318
0.715191  140
0.715327  301
0.715947  323
0.716023  304
0.71611  370
0.716161  275
0.71618  193
0.716211  277
0.716246  333
0.716506  351
0.716635  192
0.717283  39
0.717532  182
0.71817  360
0.718242  305
0.718249  357
0.719521  319
0.720344  394
0.721097  363
0.721464  317
0.722443  364
0.722582  56
0.722944  259
0.72451  293
0.724655  340
0.725323  373
0.728219  196
0.72834  117
0.72872  14
0.729198  74
0.729321  197
0.729418  82
0.729436  68
0.729624  337
0.729748  348
0.729758  97
0.729801  135
0.729879  393
0.730286  79
0.730345  157
0.730601  365
0.730653  322
0.730852  129
0.730854  281
0.731145  328
0.731158  11
0.731312  25
0.731367  288
0.732426  111
0.732556  107
0.732795  399
0.73301  354
0.733118  78
0.733122  377
0.733242  175
0.733456  257
0.733458  276
0.733502  353
0.733535  383
0.733557  312
0.733792  267
0.733798  289
0.733945  308
0.733948  326
0.734047  22
0.734074  321
0.734401  286
0.734434  290
0.734509  62
0.734806  271
0.734932  342
0.735162  303
0.735444  291
0.735598  366
0.735633  199
0.735765  332
0.736002  50
0.736063  361
0.736532  44
0.736651  324
0.736672  392
0.736807  132
0.737111  314
0.737377  13
0.737408  279
0.737794  154
0.737958  206
0.738488  341
0.738706  344
0.739181  152
0.739291  372
0.739713  310
0.740135  311
0.740653  7
0.740946  120
0.741086  46
0.741149  330
0.741177  143
0.74127  45
0.741599  395
0.741711  336
0.741771  346
0.742097  141
0.742326  313
0.74268  315
0.742906  272
0.743584  202
0.743849  84
0.744204  356
0.744427  228
0.74461  384
0.744613  151
0.744804  347
0.744911  146
0.74538  273
0.745752  307
0.746016  339
0.746364  385
0.746619  33
0.746726  343
0.74681  231
0.746832  367
0.747438  235
0.74748  264
0.747836  388
0.748181  284
0.748494  234
0.748666  323
0.748751  345
0.748883  329
0.749175  213
0.749241  47
0.749674  127
0.750204  6
0.750213  368
0.750835  170
0.751164  305
0.751256  331
0.752002  327
0.752235  335
0.752348  212
0.7525  369
0.752884  338
0.752936  298
0.752961  124
0.753036  378
0.753531  325
0.75417  381
0.754247  95
0.754563  160
0.75513  397
0.755472  77
0.756231  334
0.7565  236
0.756504  128
0.756902  103
0.756915  185
0.757238  320
0.757333  1
0.757427  256
0.757912  280
0.758423  300
0.758526  38
0.758554  181
0.75873  156
0.758849  70
0.75887  386
0.758957  244
0.759204  67
0.759241  352
0.759385  8
0.760009  359
0.760247  222
0.760292  137
0.76039  350
0.760757  102
0.761002  32
0.761026  389
0.761096  357
0.761109  49
0.761685  110
0.761906  159
0.762312  53
0.762421  362
0.762445  249
0.762718  390
0.762774  36
0.762951  265
0.763215  112
0.763351  382
0.763422  333
0.764079  287
0.764195  375
0.764207  242
0.764333  376
0.764538  5
0.764561  101
0.764768  306
0.764857  374
0.764918  309
0.765116  69
0.765313  43
0.765324  210
0.765452  373
0.765635  355
0.765649  227
0.765683  391
0.765807  3
0.766037  398
0.766062  304
0.76651  294
0.766588  40
0.76671  162
0.766735  158
0.76748  351
0.767534  278
0.767548  163
0.767896  283
0.767897  379
0.768171  166
0.768365  218
0.768392  318
0.768496  230
0.768616  258
0.768626  65
0.768706  296
0.768868  371
0.768988  266
0.769317  55
0.769431  316
0.769443  93
0.769694  387
0.769819  380
0.769935  223
0.770041  239
0.770143  91
0.77025  211
0.770946  237
0.771154  282
0.771697  326
0.772115  207
0.772158  188
0.772347  83
0.772535  353
0.772639  21
0.77268  337
0.772882  216
0.772895  301
0.772924  393
0.772983  252
0.773444  360
0.773628  200
0.773649  66
0.773725  0
0.773799  363
0.773903  336
0.774117  269
0.774292  396
0.774362  92
0.774609  364
0.774701  64
0.774761  358
0.774922  30
0.775148  61
0.775255  48
0.775824  248
0.775885  312
0.776037  225
0.776219  377
0.776426  220
0.776504  324
0.776513  319
0.776551  314
0.77659  147
0.776761  317
0.776953  315
0.777022  370
0.777119  173
0.77717  394
0.777203  354
0.777258  34
0.777595  41
0.7776  341
0.777713  344
0.779035  332
0.780386  321
0.781152  26
0.781479  310
0.781492  349
0.781522  260
0.781599  340
0.781627  197
0.781637  343
0.781774  138
0.781903  122
0.782134  193
0.782742  365
0.783076  190
0.783175  106
0.783299  180
0.783366  327
0.783611  346
0.783674  191
0.784427  169
0.784938  261
0.785182  29
0.785809  313
0.785854  308
0.785928  57
0.785967  369
0.786345  285
0.78652  51
0.78654  338
0.78658  392
0.786651  367
0.786698  284
0.786786  198
0.786828  356
0.786891  348
0.786997  240
0.787214  330
0.787392  12
0.78748  109
0.787597  251
0.787946  383
0.788139  87
0.788193  68
0.788348  270
0.788519  322
0.788727  130
0.788948  361
0.789145  209
0.789449  329
0.789558  384
0.789579  72
0.789617  11
0.789997  167
0.790157  292
0.790207  305
0.790266  328
0.790703  243
0.790703  73
0.790734  366
0.790857  96
0.790879  339
0.790992  347
0.791877  291
0.792015  94
0.792051  281
0.792218  201
0.792949  381
0.793538  54
0.793678  357
0.794573  142
0.794716  335
0.794881  171
0.79492  378
0.794939  69
0.795169  129
0.795173  178
0.795393  309
0.795432  306
0.795438  140
0.795514  255
0.795764  229
0.79588  399
0.796105  386
0.796415  323
0.796583  203
0.796777  342
0.796933  115
0.796933  149
0.797133  345
0.797136  104
0.797196  359
0.797272  2
0.797281  395
0.797714  385
0.79772  76
0.798063  388
0.798296  16
0.798766  307
0.798871  397
0.799722  168
0.799813  372
0.800011  224
0.800104  88
0.800158  205
0.801081  389
0.801162  368
0.801171  297
0.801278  331
0.80234  311
0.804361  350
0.805062  80
0.805498  15
0.805544  114
0.806962  333
0.807216  71
0.807434  145
0.807489  374
0.8076  352
0.807616  187
0.80764  183
0.807698  186
0.807955  17
0.807955  23
0.808143  360
0.808388  221
0.808784  390
0.80902  150
0.809185  355
0.809308  276
0.809333  175
0.809335  10
0.809532  24
0.809557  320
0.809736  192
0.809845  157
0.809957  382
0.810119  89
0.810203  334
0.810757  161
0.810846  19
0.81131  127
0.811342  113
0.811756  393
0.811913  8
0.811969  241
0.811982  35
0.811991  184
0.812228  177
0.812238  326
0.812267  214
0.812346  118
0.812401  362
0.812477  277
0.812535  293
0.812708  375
0.812713  233
0.812754  371
0.812804  303
0.813059  398
0.813122  199
0.813205  379
0.813395  391
0.813462  373
0.813589  217
0.813692  121
0.813902  14
0.814978  151
0.815223  288
0.815273  246
0.815352  155
0.815662  143
0.815753  353
0.816481  20
0.816488  137
0.816509  9
0.816538  316
0.816756  377
0.816803  387
0.816843  394
0.817131  235
0.817166  301
0.817244  266
0.817487  31
0.817881  116
0.817954  27
0.818155  185
0.819114  46
0.819333  376
0.819549  75
0.81965  318
0.819784  81
0.819928  351
0.820298  327
0.820597  189
0.820612  165
0.820712  319
0.820908  219
0.821061  250
0.821063  344
0.821088  340
0.821218  90
0.822098  141
0.822528  346
0.822882  268
0.822883  204
0.823171  22
0.823186  354
0.823319  262
0.823369  239
0.823386  139
0.823562  304
0.823572  349
0.823829  39
0.82425  348
0.824425  279
0.824516  396
0.824583  43
0.824747  174
0.824955  336
0.825469  100
0.825478  58
0.825532  365
0.825773  305
0.825854  300
0.825916  215
0.825989  342
0.826061  60
0.826105  146
0.82614  322
0.826195  59
0.826392  325
0.826476  364
0.826817  369
0.827179  147
0.827207  308
0.827379  245
0.827674  87
0.827707  314
0.828204  213
0.828291  7
0.828373  123
0.828407  317
0.828694  338
0.82877  271
0.829137  347
0.82946  108
0.829529  63
0.829937  363
0.830009  49
0.83018  332
0.830292  105
0.830471  324
0.830478  399
0.830881  179
0.831045  368
0.83106  195
0.831126  312
0.831228  166
0.831387  313
0.831643  345
0.831684  328
0.831801  385
0.832178  384
0.832481  337
0.833054  152
0.833141  228
0.833221  231
0.833647  366
0.83373  45
0.834109  33
0.836089  350
0.836191  361
0.836516  356
0.836657  236
0.836835  381
0.83693  298
0.836987  386
0.837173  343
0.838038  341
0.839023  253
0.839489  339
0.839784  389
0.839849  370
0.8401  30
0.840259  380
0.840405  323
0.84051  264
0.84095  329
0.841079  259
0.841408  272
0.841473  135
0.843154  315
0.843319  358
0.843474  156
0.843777  367
0.843786  243
0.843843  21
0.844597  357
0.844658  242
0.845136  202
0.846856  191
0.846964  140
0.846984  229
0.847194  355
0.847388  28
0.847713  330
0.847841  307
0.848126  382
0.848161  372
0.848633  254
0.84865  160
0.848766  57
0.849124  392
0.84915  378
0.849675  275
0.849948  131
0.84996  335
0.850271  258
0.850308  120
0.850581  149
0.851241  4
0.851818  73
0.853128  218
0.853133  164
0.853137  299
0.853249  362
0.853295  333
0.85332  196
0.853344  93
0.85342  359
0.85349  311
0.85366  309
0.853742  99
0.853879  144
0.853938  289
0.854661  223
0.855116  181
0.855539  79
0.855573  321
0.855781  117
0.855799  112
0.855853  374
0.855858  395
0.855943  306
0.856225  77
0.856315  119
0.856613  78
0.856997  265
0.857238  326
0.857846  230
0.857914  277
0.858004  310
0.858429  238
0.858622  32
0.858978  193
0.859163  205
0.859324  194
0.859393  331
0.859487  304
0.859526  197
0.859622  344
0.859933  134
0.860357  37
0.861353  334
0.861709  159
0.861898  44
0.862072  41
0.862273  34
0.862273  285
0.8623  260
0.862363  352
0.862389  198
0.862414  324
0.862468  360
0.862474  336
0.862532  379
0.862556  388
0.862557  354
0.862657  203
0.862721  86
0.862787  129
0.8628  95
0.862871  125
0.862954  64
0.863041  107
0.86332  385
0.863339  261
0.863555  162
0.863578  346
0.863584  280
0.863809  153
0.863964  18
0.864065  52
0.864121  303
0.864154  111
0.864226  62
0.864335  1
0.864397  241
0.864526  291
0.864548  396
0.864653  251
0.864709  154
0.86519  391
0.865247  397
0.86525  398
0.865498  296
0.865508  305
0.865625  371
0.865746  82
0.865771  76
0.865955  349
0.866013  201
0.866021  0
0.866043  6
0.866228  273
0.866243  316
0.866355  351
0.866373  36
0.866457  329
0.866623  182
0.866766  353
0.86687  342
0.866915  74
0.866986  128
0.867139  390
0.867398  325
0.867493  375
0.867568  249
0.86811  195
0.868214  13
0.868394  97
0.86865  393
0.868782  387
0.869439  327
0.869883  394
0.870096  377
0.870213  383
0.870325  300
0.870378  320
0.870393  68
0.871055  319
0.871378  169
0.871645  263
0.872242  384
0.872253  234
0.872253  308
0.872513  157
0.87253  337
0.872545  142
0.872772  332
0.873052  328
0.873399  317
0.873541  323
0.874096  232
0.875075  91
0.875105  322
0.875201  127
0.875266  108
0.875439  376
0.876035  373
0.876309  381
0.878164  40
0.878293  16
0.87833  133
0.878748  313
0.878837  380
0.878849  364
0.879474  399
0.879872  318
0.881234  356
0.881406  50
0.881494  103
0.881676  92
0.881939  370
0.88338  365
0.883564  340
0.884972  59
0.885157  98
0.885283  350
0.885305  247
0.885786  312
0.886141  192
0.886198  368
0.886271  366
0.886354  80
0.886392  176
0.886426  256
0.887335  69
0.887783  163
0.887816  255
0.888201  348
0.888224  27
0.888503  237
0.888813  88
0.888886  369
0.889493  185
0.889657  357
0.889802  363
0.889967  386
0.890017  56
0.890132  222
0.890764  330
0.890798  347
0.890866  278
0.891018  389
0.891097  130
0.891154  341
0.891348  345
0.892314  372
0.892404  301
0.893098  338
0.893128  115
0.893442  47
0.8953  83
0.89595  307
0.896076  138
0.896149  170
0.896716  252
0.896752  284
0.896995  225
0.897019  90
0.897395  179
0.897667  226
0.897936  3
0.898755  343
0.898765  219
0.898854  355
0.898935  2
0.898972  361
0.899186  276
0.899609  206
0.899682  188
0.899752  339
0.899757  146
0.899912  367
0.899977  184
0.900065  240
0.900076  288
0.900106  221
0.900215  315
0.900396  7
0.90044  110
0.900496  189
0.900753  48
0.900915  14
0.901226  379
0.901346  267
0.901364  173
0.901495  172
0.90156  218
0.901565  360
0.901569  314
0.901746  198
0.901893  281
0.90193  101
0.902079  75
0.902272  335
0.902278  26
0.902453  374
0.902471  186
0.902486  396
0.902722  61
0.902847  326
0.902879  112
0.902904  17
0.902941  378
0.902967  392
0.902986  113
0.90327  12
0.903347  54
0.903573  362
0.903641  286
0.904017  21
0.904108  71
0.904113  25
0.904149  39
0.904162  132
0.9042  239
0.90425  167
0.904311  358
0.904342  199
0.904486  244
0.904558  375
0.904636  352
0.9047  155
0.904732  215
0.904949  120
0.904972  349
0.904992  333
0.905016  51
0.905243  137
0.905502  236
0.905598  304
0.905683  33
0.905788  327
0.905959  290
0.906046  311
0.906064  177
0.906162  72
0.906415  371
0.906586  329
0.906588  380
0.907678  337
0.907726  385
0.907793  274
0.907834  366
0.907997  161
0.908153  141
0.908228  191
0.908436  233
0.908466  207
0.908814  319
0.908846  317
0.908909  35
0.909186  105
0.909944  303
0.909956  305
0.910115  346
0.91025  9
0.910279  325
0.910453  393
0.910603  124
0.910679  148
0.910693  44
0.910898  66
0.910951  42
0.911002  320
0.911258  264
0.911381  381
0.911477  382
0.91159  165
0.911671  354
0.911917  387
0.911943  344
0.912241  324
0.912348  364
0.912516  77
0.912899  79
0.912944  139
0.912969  210
0.913004  359
0.913061  376
0.913138  383
0.913237  351
0.913675  309
0.91391  82
0.914575  397
0.914806  211
0.915634  16
0.915635  384
0.915761  62
0.915844  332
0.91624  125
0.916395  399
0.916707  313
0.916962  321
0.917044  308
0.917242  318
0.917374  253
0.918064  104
0.918094  53
0.918179  13
0.919133  350
0.9195  316
0.91985  84
0.919993  174
0.920094  342
0.921237  102
0.922326  334
0.923344  65
0.923418  99
0.923594  391
0.923643  390
0.923908  323
0.924001  159
0.924016  254
0.924094  398
0.924114  365
0.924187  11
0.924366  386
0.924472  310
0.92519  292
0.92519  1
0.925252  123
0.925273  285
0.925438  356
0.925478  31
0.925816  55
0.926392  328
0.926774  312
0.928013  336
0.928032  217
0.92844  377
0.929342  152
0.930123  95
0.930349  209
0.93039  353
0.930487  126
0.930654  32
0.93068  369
0.931428  340
0.931485  341
0.931895  200
0.932181  29
0.932455  331
0.932739  347
0.933  129
0.933894  94
0.934168  194
0.934311  247
0.934339  0
0.934788  388
0.934807  260
0.93484  293
0.93489  81
0.93525  300
0.935431  158
0.935551  220
0.935795  106
0.93582  37
0.935879  208
0.93598  89
0.936017  370
0.936308  134
0.936334  8
0.936477  43
0.936558  345
0.936635  119
0.936812  122
0.936834  395
0.936947  330
0.936949  180
0.93723  368
0.937236  121
0.937338  394
0.937394  357
0.937572  373
0.937758  322
0.937881  372
0.938087  294
0.938374  187
0.938663  40
0.938776  212
0.938876  270
0.938877  114
0.938909  338
0.938959  221
0.93896  63
0.938989  306
0.939003  246
0.939098  289
0.939378  348
0.939662  19
0.940055  127
0.940292  60
0.940819  298
0.941024  389
0.941153  223
0.941338  109
0.941431  367
0.941561  185
0.941969  339
0.942111  326
0.942321  135
0.94262  320
0.942698  22
0.942789  301
0.942893  133
0.943014  78
0.943107  307
0.943152  317
0.943429  379
0.943757  355
0.94379  49
0.944187  4
0.944283  272
0.944387  360
0.944612  396
0.944981  149
0.945616  363
0.945616  325
0.945851  314
0.945985  343
0.946548  170
0.948301  333
0.94837  375
0.948685  273
0.948905  50
0.949123  73
0.949149  261
0.949163  201
0.949167  329
0.949522  157
0.95006  335
0.950615  362
0.950688  266
0.95072  96
0.950744  387
0.95107  265
0.951097  291
0.952212  232
0.952284  305
0.952347  118
0.952508  181
0.95254  269
0.952797  168
0.952884  231
0.952911  380
0.952979  23
0.952987  45
0.953095  344
0.953167  287
0.953203  27
0.953321  376
0.953559  327
0.953571  5
0.953636  295
0.95381  366
0.954069  196
0.95408  15
0.954103  352
0.954919  385
0.955219  214
0.95525  371
0.955318  150
0.955592  378
0.955629  47
0.956538  3
0.956697  308
0.956726  245
0.956726  216
0.956746  349
0.956865  397
0.956954  192
0.957676  384
0.95846  93
0.958912  303
0.959259  99
0.959264  166
0.959306  381
0.959404  140
0.959414  117
0.959417  332
0.959483  175
0.959542  76
0.959717  258
0.959912  311
0.959931  229
0.959974  392
0.960033  364
0.960038  374
0.960194  136
0.960198  358
0.960202  304
0.960207  382
0.960306  255
0.960405  236
0.960557  82
0.960577  309
0.96062  346
0.960673  145
0.96086  313
0.960901  72
0.961246  277
0.961248  393
0.961673  315
0.963235  297
0.96331  190
0.964023  391
0.964037  386
0.964235  316
0.964795  164
0.964857  20
0.96503  98
0.965048  351
0.965072  354
0.96513  36
0.965195  68
0.965352  100
0.965407  350
0.965671  361
0.965804  368
0.965988  103
0.966043  359
0.966416  195
0.966671  242
0.967223  278
0.967601  254
0.967712  288
0.96774  324
0.967842  328
0.968608  299
0.968671  204
0.968831  161
0.969004  383
0.969016  250
0.969739  130
0.969994  241
0.9701  86
0.970144  399
0.970376  131
0.970698  377
0.970816  347
0.971007  17
0.97119  336
0.97121  30
0.971322  394
0.971338  240
0.971565  148
0.971713  318
0.972474  80
0.972637  337
0.972841  259
0.972985  264
0.973241  108
0.973414  64
0.97366  331
0.973705  342
0.974103  369
0.974201  153
0.974544  224
0.974881  97
0.97495  116
0.975241  395
0.975247  237
0.975275  388
0.975582  243
0.975923  356
0.976025  321
0.976057  323
0.976317  151
0.976352  91
0.976769  334
0.976964  319
0.977115  310
0.977394  67
0.977697  341
0.978017  345
0.978678  306
0.978751  218
0.97886  279
0.978865  138
0.978991  87
0.979146  357
0.979196  333
0.979455  25
0.980064  379
0.980491  154
0.980583  267
0.980606  317
0.980622  360
0.980689  189
0.980897  248
0.981082  186
0.981289  252
0.981338  177
0.981397  367
0.982356  42
0.982388  66
0.982438  325
0.982677  95
0.983095  389
0.983309  176
0.98362  338
0.983635  256
0.983685  163
0.983686  178
0.983703  61
0.983726  312
0.984352  88
0.984449  124
0.984477  284
0.984511  113
0.984527  137
0.984838  348
0.984896  257
0.985129  172
0.985259  57
0.985273  307
0.985587  343
0.985886  126
0.98602  263
0.986029  372
0.986125  77
0.986369  326
0.986377  12
0.986764  156
0.986919  365
0.987307  79
0.987327  206
0.987366  396
0.987466  213
0.987501  10
0.987537  13
0.987575  340
0.987916  390
0.987959  355
0.988043  275
0.988093  280
0.988181  193
0.988231  322
0.988421  171
0.988491  363
0.988531  205
0.988999  34
0.989431  320
0.98953  353
0.989657  226
0.98988  335
0.990147  56
0.99029  225
0.990348  329
0.990356  146
0.99058  271
0.99074  38
0.990819  203
0.991011  398
0.991012  141
0.991055  228
0.991129  301
0.991142  303
0.99121  373
0.991235  273
0.991408  309
0.991456  44
0.991772  283
0.991869  281
0.992012  300
0.992115  370
0.992127  227
0.992425  380
0.992529  392
0.992572  364
0.992622  62
0.992934  376
0.993069  374
0.993499  314
0.993995  381
0.994053  308
0.994147  167
0.99426  385
0.994669  107
0.994845  378
0.994962  311
0.995085  52
0.995338  111
0.995574  352
0.995945  260
0.996147  22
0.996488  332
0.996518  184
0.996531  104
0.996782  316
0.997093  162
0.997185  387
0.997436  324
0.997652  305
0.998559  393
0.998781  397
