0.037301  287
0.0379777  335
0.0386715  266
0.0386789  165
0.0387598  57
0.039802  374
0.040374  341
0.040521  350
0.0405274  95
0.0405327  145
0.0406983  299
0.0408128  371
0.041144  277
0.0414515  180
0.0417869  68
0.0420042  205
0.0420591  121
0.0420707  369
0.0421118  260
0.0421657  52
0.0421728  248
0.0425342  29
0.0426115  347
0.0426787  182
0.0426787  31
0.0427247  361
0.0427348  171
0.0428453  370
0.0429854  175
0.0429954  224
0.0430823  45
0.0431254  40
0.0431254  21
0.0431769  136
0.0432315  273
0.0433938  303
0.0434738  176
0.0435685  75
0.0435781  357
0.0436014  355
0.0436021  359
0.0436146  173
0.0436668  344
0.0437959  385
0.0438362  1
0.0439198  294
0.0439566  104
0.0439701  315
0.0439884  93
0.0440233  286
0.0440769  323
0.0440893  192
0.0441367  375
0.04414  35
0.044188  130
0.0442857  293
0.0443515  330
0.0443632  270
0.044368  382
0.0443889  378
0.0444166  353
0.0444557  373
0.0444946  324
0.0445093  336
0.0445742  320
0.0445988  90
0.0446657  392
0.0446917  208
0.0449486  351
0.0449771  66
0.0450475  228
0.0451245  342
0.0457786  311
0.0458059  64
0.0459045  0
0.0459774  274
0.0459893  332
0.0461681  381
0.0464671  310
0.0465124  386
0.0465285  231
0.0473987  70
0.047712  234
0.047788  309
0.0479854  396
0.0482064  363
0.0483447  241
0.0483929  339
0.0488003  219
0.0490316  358
0.0490328  379
0.0491226  388
0.0495239  199
0.0495245  135
0.0495454  18
0.0496543  398
0.0497145  187
0.0497701  317
0.0498663  372
0.0499251  73
0.0500216  387
0.0510564  395
0.0510582  329
0.0512271  391
0.0512626  340
0.0520476  301
0.0522366  110
0.0522824  354
0.0525085  218
0.0528981  276
0.0529924  166
0.0535893  331
0.0537194  356
0.0539882  290
0.0540212  312
0.0542508  380
0.0543679  196
0.0547028  360
0.0554405  327
0.0555844  160
0.0558579  223
0.056366  397
0.0565228  319
0.056528  362
0.0567284  163
0.0567648  50
0.0571049  318
0.0584046  308
0.0586045  41
0.0586198  139
0.0587276  316
0.0588834  314
0.058977  138
0.0590156  325
0.0590795  169
0.0593018  394
0.059311  89
0.0601088  390
0.0601581  237
0.060166  348
0.0605352  296
0.0607541  146
0.0608185  383
0.0611846  253
0.0612555  8
0.0614849  389
0.0615116  305
0.0617848  252
0.0619722  137
0.0621291  6
0.0626023  158
0.0627315  377
0.0630892  321
0.0631177  304
0.063188  346
0.0631892  338
0.0632764  221
0.0633785  368
0.0639778  306
0.064313  100
0.0643172  69
0.0643765  328
0.0646374  77
0.0647203  352
0.064829  366
0.0650496  113
0.065127  307
0.0663948  343
0.0664925  384
0.0675735  164
0.0677115  5
0.0678266  111
0.0686808  282
0.0690719  300
0.0690838  85
0.0691605  84
0.0691827  367
0.0692265  197
0.0694168  15
0.0694942  333
0.069697  195
0.0699982  147
0.0700953  161
0.0701258  183
0.0701655  22
0.0703304  365
0.0704189  43
0.0707632  120
0.0711269  13
0.0715533  140
0.071679  322
0.0718934  24
0.0720424  127
0.0720473  142
0.07206  129
0.0720757  122
0.072138  279
0.0722735  92
0.0723343  272
0.0724141  115
0.0725333  364
0.0725476  108
0.0726035  97
0.0726433  376
0.0726437  393
0.0727034  345
0.0727375  202
0.0727416  302
0.072759  198
0.0728565  28
0.0729169  46
0.0730115  9
0.0732377  34
0.0734273  133
0.0734947  337
0.0739764  225
0.0740426  249
0.0741034  152
0.074142  230
0.0741512  334
0.0745115  200
0.0746865  2
0.0748446  27
0.0748559  32
0.0749211  76
0.0750045  251
0.0754026  313
0.0756131  143
0.0756693  186
0.0757837  185
0.0759673  94
0.0760799  71
0.0761196  222
0.0762877  247
0.0762996  326
0.0763077  7
0.07641  91
0.0764183  109
0.076458  330
0.0765118  206
0.0765121  256
0.0765684  246
0.0767043  60
0.0767084  178
0.0768006  16
0.0768385  36
0.0768429  25
0.0769739  144
0.0770057  38
0.0771058  288
0.0771636  79
0.0771687  123
0.0771777  54
0.0771953  262
0.0772615  88
0.0772625  107
0.0772879  62
0.0773121  250
0.0773281  44
0.0773706  177
0.077395  295
0.0774093  55
0.0774647  268
0.0774909  157
0.0774911  203
0.0775127  257
0.0775506  134
0.0776109  399
0.0777019  128
0.0777144  263
0.077716  53
0.0777337  98
0.0777812  242
0.0777963  37
0.0778136  370
0.0778441  23
0.0778535  291
0.0778905  132
0.0779342  194
0.077963  395
0.0780055  232
0.0780205  349
0.078136  275
0.0782069  150
0.0782079  80
0.0782467  48
0.0783205  114
0.0783224  373
0.0783326  244
0.0783487  209
0.0783879  189
0.0784247  226
0.0784462  179
0.0784677  49
0.0784835  125
0.0784859  341
0.0785314  375
0.0785529  156
0.0785563  105
0.0785844  254
0.0786045  344
0.0786106  51
0.0787364  30
0.0787464  240
0.0787782  259
0.0788155  298
0.0788215  353
0.0788417  374
0.0788868  271
0.0790878  211
0.079098  392
0.0791018  315
0.0791353  10
0.0791497  4
0.07916  371
0.079163  167
0.0791636  181
0.0791643  112
0.0791844  58
0.0793944  56
0.079434  174
0.0795006  378
0.0795053  245
0.0795561  239
0.0795768  358
0.0796224  82
0.0796393  359
0.0796451  289
0.0797385  332
0.0797769  96
0.0797908  213
0.0799231  126
0.0799239  258
0.079949  78
0.0801391  309
0.0801574  26
0.0801741  368
0.0802178  102
0.0802415  124
0.0802447  47
0.080272  339
0.0802815  193
0.0802827  212
0.0802908  329
0.0803175  141
0.0803206  351
0.0804647  324
0.0805225  172
0.0805496  336
0.0805556  233
0.0806048  153
0.0806214  303
0.0806597  163
0.0807041  396
0.0807158  312
0.0807464  59
0.0808314  65
0.0808421  292
0.0809143  305
0.0809931  201
0.0810018  382
0.0810635  321
0.0811242  323
0.0812203  319
0.0812545  67
0.0813444  106
0.0813445  42
0.0814814  101
0.0815901  357
0.0816482  103
0.0816499  99
0.0817805  184
0.0817997  397
0.0819819  362
0.082009  223
0.0820884  188
0.0821714  391
0.0821764  151
0.0822073  346
0.082264  229
0.0823732  284
0.0825538  235
0.0827773  308
0.0828231  19
0.0828512  77
0.08292  81
0.083016  390
0.0830453  168
0.083085  33
0.083135  363
0.0831835  236
0.083339  386
0.0834221  343
0.0835231  255
0.0835439  72
0.0836254  381
0.0836636  311
0.0837436  383
0.0838487  380
0.0839706  63
0.0840598  342
0.0841012  384
0.0841434  64
0.0842301  160
0.0842633  354
0.0844393  372
0.0846867  301
0.08514  325
0.0851981  316
0.0852842  338
0.0854137  388
0.0855168  328
0.0858254  347
0.0858535  398
0.0859508  227
0.0860465  304
0.0863193  331
0.0864138  204
0.0865963  83
0.0867742  320
0.0870552  385
0.087386  369
0.087605  8
0.0881003  191
0.0883172  307
0.0883405  360
0.0884471  340
0.0887118  310
0.0888859  238
0.0892115  110
0.0894852  17
0.0896651  220
0.0897579  269
0.0898019  265
0.0899546  333
0.0899608  214
0.0901634  318
0.0903227  154
0.0903299  216
0.0904466  389
0.0905024  367
0.0905167  283
0.0907199  352
0.0907903  117
0.0908035  355
0.0908136  287
0.0908874  348
0.0911126  356
0.091187  234
0.092133  302
0.0921498  313
0.0927454  267
0.0932076  376
0.0932781  379
0.0937461  345
0.093835  293
0.0938654  350
0.0939994  317
0.094069  361
0.0941879  394
0.0950712  370
0.0955411  364
0.0959863  366
0.0965271  387
0.0966646  377
0.0970729  276
0.0977896  217
0.098316  118
0.0995554  159
0.10074  39
0.100979  322
0.101202  205
0.101917  162
0.102118  113
0.102225  93
0.102242  74
0.102284  22
0.102729  23
0.103186  393
0.103204  14
0.103382  351
0.103507  397
0.10364  35
0.10394  341
0.104001  170
0.10416  68
0.104445  86
0.104807  314
0.105176  337
0.106687  127
0.106932  303
0.106965  173
0.107247  285
0.107501  197
0.107659  375
0.107663  176
0.107777  297
0.108185  90
0.108239  116
0.108489  278
0.108854  73
0.109396  243
0.109407  335
0.109435  111
0.109895  264
0.111402  11
0.111723  121
0.111748  75
0.111814  210
0.112026  237
0.112215  190
0.112252  6
0.112274  94
0.11256  253
0.112676  187
0.11294  12
0.113063  100
0.113344  249
0.113618  386
0.113848  119
0.113857  139
0.114082  368
0.114121  398
0.114422  232
0.114605  183
0.11461  215
0.114693  382
0.114803  347
0.11483  231
0.115085  378
0.115172  221
0.115189  155
0.115329  115
0.115468  196
0.115554  169
0.115594  344
0.115621  67
0.115691  311
0.115792  355
0.115799  399
0.115803  286
0.116043  315
0.116284  9
0.116293  388
0.116295  66
0.117047  87
0.117053  392
0.117128  165
0.117238  358
0.117576  336
0.117608  362
0.117812  246
0.117848  320
0.118394  131
0.119051  321
0.119072  157
0.119142  381
0.119183  71
0.119273  342
0.11933  3
0.119345  182
0.119463  255
0.119549  323
0.119584  234
0.119944  330
0.120137  302
0.120185  331
0.120423  383
0.120526  332
0.120882  312
0.120987  338
0.12235  395
0.122774  373
0.123396  333
0.123759  21
0.124051  396
0.124245  371
0.124285  380
0.1244  224
0.125005  123
0.126597  340
0.126894  148
0.127136  77
0.127502  61
0.128307  310
0.128398  300
0.12844  208
0.128647  364
0.128982  324
0.129589  319
0.130112  306
0.131202  301
0.131743  372
0.131889  370
0.132035  354
0.132211  334
0.132566  305
0.1331  367
0.136083  339
0.137199  389
0.13742  359
0.137935  346
0.138458  294
0.138586  390
0.139148  20
0.139782  356
0.139936  391
0.140132  84
0.1406  360
0.141002  309
0.141947  318
0.142302  317
0.144152  327
0.144175  345
0.144316  228
0.145243  322
0.146744  352
0.146876  274
0.147672  179
0.147742  240
0.148412  141
0.148723  313
0.149115  307
0.14915  28
0.149743  384
0.14989  261
0.15012  16
0.150573  250
0.151006  374
0.151018  192
0.151308  65
0.151444  376
0.151546  1
0.151643  314
0.151698  150
0.151849  361
0.152156  209
0.152281  288
0.152444  137
0.152499  158
0.152925  238
0.153078  263
0.153172  34
0.153185  325
0.153202  81
0.153255  178
0.153261  175
0.153546  83
0.153732  349
0.153969  350
0.154065  159
0.154067  89
0.154166  88
0.154204  45
0.154218  63
0.154222  308
0.154545  22
0.155107  290
0.155116  223
0.155188  117
0.155263  304
0.155301  102
0.155439  180
0.155739  268
0.156079  37
0.156095  277
0.156116  303
0.156124  241
0.156297  110
0.156322  70
0.156548  365
0.156601  366
0.156604  106
0.156742  343
0.157274  316
0.157274  387
0.157309  130
0.157511  191
0.157609  85
0.157772  357
0.157913  29
0.158307  328
0.158339  353
0.158519  103
0.158961  393
0.158997  18
0.159067  257
0.15912  258
0.159466  79
0.159527  82
0.159684  335
0.159688  348
0.160155  397
0.160395  125
0.160643  15
0.160667  326
0.160835  369
0.160906  113
0.160917  33
0.16117  341
0.161439  233
0.161777  363
0.161873  104
0.162017  269
0.162025  329
0.162155  229
0.162268  280
0.162491  337
0.162592  134
0.162601  222
0.162746  377
0.162747  385
0.162775  143
0.16377  218
0.163834  13
0.164138  284
0.164294  324
0.164363  40
0.164557  285
0.164648  24
0.164715  375
0.164864  0
0.165059  386
0.165399  95
0.165529  153
0.165606  351
0.165783  390
0.165803  5
0.165839  368
0.16584  197
0.165926  200
0.166204  149
0.166246  399
0.166269  364
0.166323  49
0.166371  378
0.166398  382
0.166592  292
0.16667  146
0.166796  186
0.166838  80
0.166853  57
0.167306  23
0.167333  214
0.167475  281
0.16801  311
0.168062  344
0.168083  189
0.168197  96
0.168273  358
0.168503  126
0.168541  298
0.168743  309
0.168905  267
0.169086  273
0.169129  392
0.169204  148
0.169726  245
0.169757  302
0.16983  380
0.169904  295
0.169935  199
0.169972  30
0.170365  331
0.17086  53
0.170919  58
0.170953  193
0.171251  105
0.17133  247
0.171465  256
0.171498  320
0.171941  346
0.17199  217
0.171996  266
0.172043  388
0.172173  371
0.172584  227
0.172697  163
0.172747  50
0.173007  152
0.173076  138
0.173076  394
0.173513  51
0.173626  235
0.173718  17
0.173788  252
0.174  48
0.17408  396
0.174108  340
0.174175  334
0.174269  201
0.174298  276
0.174354  315
0.174357  356
0.174379  370
0.174391  338
0.174412  321
0.174454  360
0.174603  333
0.174658  154
0.174683  342
0.174945  339
0.175009  362
0.175205  176
0.175602  114
0.175741  74
0.175891  111
0.176473  398
0.176569  317
0.176744  395
0.177081  305
0.177619  39
0.177622  355
0.177654  312
0.17769  336
0.17844  237
0.179355  318
0.179594  55
0.179667  345
0.179687  332
0.180525  381
0.180764  391
0.180957  389
0.181321  316
0.181454  373
0.182429  166
0.182434  122
0.183452  372
0.183599  131
0.183678  330
0.183986  42
0.184205  306
0.184446  204
0.184942  310
0.1852  383
0.18565  132
0.186065  323
0.18617  162
0.186188  244
0.186408  319
0.186443  322
0.186989  300
0.187478  301
0.187744  36
0.188808  156
0.189241  220
0.189356  354
0.190086  379
0.190261  133
0.190357  327
0.190562  202
0.191546  367
0.192853  188
0.192968  353
0.193242  374
0.193667  2
0.194572  112
0.194712  359
0.195213  174
0.19537  213
0.195869  282
0.196387  167
0.196443  109
0.196698  219
0.196802  3
0.196898  207
0.196944  337
0.196972  32
0.197059  283
0.197186  7
0.19752  308
0.197783  393
0.197957  246
0.198383  248
0.198468  350
0.198577  120
0.198863  72
0.198874  172
0.199297  165
0.199366  6
0.199435  139
0.199493  212
0.199508  101
0.19959  62
0.199606  287
0.199711  303
0.199735  141
0.19982  387
0.200018  296
0.200127  102
0.200237  19
0.200296  107
0.200568  347
0.200572  160
0.200683  44
0.20088  314
0.200941  168
0.20095  230
0.201206  27
0.20125  11
0.201329  324
0.20139  117
0.201483  46
0.201578  127
0.201585  364
0.201626  8
0.201949  376
0.201987  349
0.202468  136
0.202476  124
0.202512  181
0.202567  83
0.202773  123
0.202974  286
0.203154  361
0.203155  21
0.203233  343
0.20346  110
0.203481  254
0.203519  69
0.20417  228
0.204459  325
0.204703  397
0.20473  352
0.204845  195
0.205001  216
0.205131  260
0.205214  394
0.205402  299
0.205422  203
0.205496  360
0.205497  224
0.205692  351
0.205704  161
0.205706  257
0.205725  271
0.205751  365
0.205787  370
0.205796  177
0.205865  289
0.205891  142
0.205905  366
0.20594  67
0.206053  99
0.206101  386
0.206179  145
0.206222  335
0.206302  232
0.206458  390
0.206516  43
0.206616  307
0.206616  144
0.206641  328
0.206646  377
0.206674  399
0.206686  52
0.206774  340
0.206821  395
0.206979  320
0.207897  385
0.207915  259
0.207946  249
0.208436  20
0.208595  357
0.208909  275
0.209192  25
0.209404  9
0.209428  355
0.209478  326
0.209546  264
0.209588  341
0.20971  304
0.209713  14
0.210313  64
0.210708  206
0.210994  384
0.211354  208
0.211612  205
0.211649  79
0.211674  369
0.212045  215
0.212134  398
0.212328  378
0.212549  315
0.212685  159
0.212703  291
0.212729  346
0.212758  375
0.212816  56
0.212818  76
0.2129  178
0.212996  301
0.213442  313
0.213646  155
0.21467  31
0.214702  38
0.214814  336
0.215214  239
0.215239  97
0.215282  184
0.215396  333
0.215672  331
0.21577  342
0.215959  285
0.215966  235
0.21597  321
0.216071  334
0.216309  317
0.216546  140
0.217639  316
0.218118  332
0.218298  312
0.21864  15
0.218814  371
0.218887  339
0.219144  392
0.219329  302
0.221157  338
0.221333  344
0.22149  108
0.222442  309
0.222502  383
0.223109  88
0.223221  368
0.223394  196
0.223445  242
0.223958  380
0.225482  198
0.225567  164
0.225575  118
0.225792  105
0.225858  389
0.225985  57
0.225988  262
0.226969  382
0.227041  391
0.22706  158
0.227124  358
0.22718  294
0.227199  330
0.227329  100
0.227899  93
0.228149  35
0.228211  5
0.228382  311
0.22848  354
0.228703  182
0.228952  157
0.229167  300
0.229518  388
0.22964  329
0.229813  322
0.229858  190
0.230014  305
0.230147  147
0.230233  54
0.230684  363
0.231455  373
0.231458  126
0.231699  318
0.231933  348
0.233383  310
0.233766  73
0.234671  226
0.234672  51
0.234905  367
0.23491  362
0.235148  381
0.235954  319
0.236809  284
0.237463  323
0.238147  243
0.238202  325
0.238318  379
0.238594  306
0.239566  179
0.239822  287
0.239921  225
0.239935  65
0.240237  372
0.240418  175
0.240541  364
0.241464  356
0.24166  397
0.242022  396
0.242203  59
0.242232  327
0.242463  245
0.242699  290
0.242715  71
0.242721  337
0.242898  18
0.243162  193
0.243164  4
0.243241  122
0.244227  263
0.244263  171
0.244349  70
0.245103  151
0.245636  355
0.246371  251
0.246586  200
0.246674  345
0.246827  293
0.246967  297
0.247302  112
0.247405  10
0.247584  36
0.247625  96
0.247757  148
0.247886  135
0.247897  143
0.248046  77
0.248181  359
0.248288  280
0.248373  270
0.248441  28
0.248595  90
0.248742  347
0.248743  244
0.248755  214
0.248847  95
0.248851  156
0.248873  210
0.248934  41
0.248995  393
0.249114  365
0.249201  114
0.249203  187
0.24925  119
0.249289  237
0.249929  12
0.250033  308
0.250166  183
0.250434  250
0.250458  279
0.250466  378
0.250526  60
0.250553  150
0.250563  89
0.250575  349
0.250786  43
0.250868  301
0.250937  233
0.25094  361
0.250954  369
0.250988  395
0.251045  82
0.251282  374
0.251369  350
0.251383  261
0.251469  131
0.25156  170
0.251661  357
0.251725  138
0.251899  13
0.251913  353
0.252153  252
0.252409  58
0.252685  223
0.252921  335
0.25296  271
0.252991  98
0.253062  153
0.253211  17
0.253332  321
0.253355  234
0.253385  298
0.253856  211
0.253979  146
0.25401  240
0.254021  315
0.254093  384
0.254114  383
0.254185  149
0.254222  113
0.254233  272
0.254359  274
0.254381  387
0.254438  238
0.254485  324
0.254655  180
0.254682  172
0.25474  104
0.25476  78
0.254763  106
0.254767  346
0.254794  50
0.254812  80
0.254857  392
0.25493  134
0.255  281
0.255036  33
0.255114  386
0.25542  86
0.255425  376
0.255541  288
0.255574  291
0.255607  163
0.255646  29
0.255675  221
0.255681  390
0.255839  394
0.256093  302
0.256293  341
0.25635  49
0.256351  222
0.256369  311
0.25645  192
0.256739  19
0.256864  307
0.257229  20
0.257386  362
0.257448  203
0.257467  328
0.257566  74
0.257574  154
0.257715  338
0.257761  339
0.257776  304
0.257978  130
0.258059  366
0.258306  352
0.25872  399
0.25891  375
0.258927  299
0.259221  152
0.259431  371
0.259636  303
0.260148  326
0.26026  276
0.260658  2
0.260699  398
0.260732  31
0.260807  8
0.260816  333
0.260875  382
0.261201  351
0.261266  23
0.261541  47
0.261602  226
0.261654  340
0.261797  101
0.26183  229
0.261926  331
0.262027  231
0.26263  360
0.262649  255
0.262788  194
0.262822  309
0.262909  1
0.263059  336
0.263112  188
0.263245  314
0.263566  318
0.263854  27
0.264057  370
0.264154  332
0.264269  266
0.26463  354
0.264907  218
0.264909  300
0.265355  380
0.265393  282
0.265623  343
0.2657  363
0.266508  125
0.266557  342
0.267304  388
0.269242  334
0.269323  316
0.269409  355
0.269589  184
0.269965  305
0.270178  385
0.270376  319
0.270816  66
0.27085  377
0.27145  173
0.271454  137
0.271971  313
0.272156  320
0.272498  330
0.273145  75
0.273741  310
0.273835  389
0.27446  129
0.27535  34
0.27578  329
0.276014  195
0.276765  247
0.277119  162
0.277584  283
0.277849  45
0.278045  317
0.278236  165
0.278563  197
0.278582  232
0.278706  379
0.278729  191
0.278846  26
0.278867  306
0.27893  337
0.279111  322
0.27916  325
0.279265  236
0.279499  373
0.281277  124
0.281363  81
0.281432  202
0.281505  174
0.282397  68
0.282761  273
0.282781  48
0.282815  312
0.282859  256
0.282923  344
0.283064  22
0.283129  278
0.283269  16
0.283578  132
0.283684  347
0.283989  394
0.284155  358
0.284163  160
0.284189  40
0.28425  177
0.284482  348
0.284631  37
0.284675  224
0.285025  126
0.28543  207
0.285512  259
0.28564  356
0.285664  242
0.285715  368
0.285868  178
0.285887  357
0.286064  219
0.286139  145
0.286201  110
0.286469  372
0.286492  397
0.286543  159
0.286579  265
0.286606  115
0.286628  201
0.286746  393
0.286753  289
0.287523  251
0.287755  83
0.287851  227
0.287938  264
0.288093  268
0.288288  64
0.288529  391
0.288805  4
0.288991  0
0.289048  55
0.289234  213
0.289326  123
0.289648  235
0.289685  84
0.289739  67
0.290003  399
0.2901  396
0.290221  323
0.290248  327
0.290509  253
0.29057  364
0.290638  350
0.290648  181
0.290722  111
0.290731  121
0.290817  54
0.290971  21
0.291141  345
0.291201  144
0.291423  157
0.291437  361
0.291969  367
0.292128  383
0.292148  69
0.29244  376
0.292486  133
0.292769  304
0.292948  241
0.292956  85
0.293229  332
0.293279  374
0.293749  107
0.293787  76
0.293843  307
0.29412  369
0.295155  39
0.295576  94
0.295726  176
0.295735  97
0.29587  46
0.29613  392
0.296351  53
0.296765  116
0.296801  271
0.296979  295
0.297014  216
0.297027  315
0.297158  277
0.29726  340
0.297617  335
0.298226  61
0.298577  301
0.2986  398
0.298652  88
0.29906  77
0.299119  316
0.2992  360
0.299263  29
0.299295  328
0.299529  303
0.299601  382
0.299801  292
0.299931  314
0.299973  333
0.300177  324
0.30032  309
0.300789  378
0.30085  351
0.301044  339
0.301924  390
0.30277  70
0.302805  7
0.303734  122
0.304044  215
0.304453  294
0.304474  267
0.304715  342
0.304739  248
0.30486  161
0.304874  380
0.304922  285
0.305509  310
0.305588  395
0.305699  341
0.30586  258
0.305928  158
0.305949  269
0.306017  73
0.306051  255
0.306348  302
0.306418  211
0.306668  128
0.306706  117
0.307207  319
0.30736  354
0.307989  221
0.308159  96
0.30827  343
0.30831  93
0.30832  320
0.308368  308
0.308752  365
0.308871  35
0.309091  205
0.309565  359
0.309725  171
0.309804  313
0.309934  366
0.309985  151
0.310031  355
0.310109  381
0.31017  318
0.310271  166
0.310314  384
0.311632  349
0.311713  326
0.311804  352
0.313002  322
0.31322  102
0.314802  311
0.314921  305
0.31497  363
0.31553  346
0.317372  250
0.317554  377
0.317929  389
0.318662  336
0.319245  214
0.319415  330
0.319509  362
0.319738  370
0.320204  385
0.320211  338
0.321982  388
0.323266  254
0.323371  218
0.323505  353
0.323619  189
0.323866  89
0.324109  243
0.324238  331
0.324388  329
0.324522  183
0.324563  317
0.325085  266
0.325109  127
0.325153  155
0.325438  118
0.325482  11
0.325841  139
0.325932  321
0.326128  142
0.32613  312
0.326139  300
0.326143  19
0.326429  371
0.326754  100
0.327284  373
0.327712  38
0.327923  57
0.327956  276
0.328652  52
0.329097  101
0.329154  375
0.329326  191
0.329351  239
0.329933  282
0.33055  99
0.330753  137
0.331127  140
0.331144  387
0.331154  358
0.33121  199
0.331601  72
0.331876  91
0.331937  281
0.332201  150
0.332319  299
0.332927  206
0.333061  386
0.333065  146
0.333199  109
0.33321  244
0.333319  23
0.333576  238
0.333674  286
0.333858  198
0.333871  298
0.333936  344
0.33405  42
0.334267  47
0.334318  368
0.334404  272
0.334492  208
0.334618  44
0.334624  25
0.334649  104
0.334777  82
0.335037  9
0.335183  154
0.33533  392
0.335474  163
0.335544  130
0.335688  187
0.335776  108
0.33581  175
0.335822  225
0.335906  223
0.335952  75
0.335967  212
0.336026  306
0.336096  332
0.33611  234
0.336115  180
0.336164  107
0.336257  125
0.336268  112
0.33629  315
0.336298  364
0.336337  195
0.336457  394
0.336466  134
0.336532  323
0.336716  3
0.336941  334
0.336968  95
0.337005  226
0.33704  301
0.337126  335
0.337135  30
0.337148  27
0.337155  290
0.337368  86
0.33737  62
0.337418  296
0.337444  348
0.337484  217
0.337538  79
0.337646  210
0.337708  376
0.337785  357
0.337792  233
0.337804  360
0.337878  325
0.338252  316
0.338273  304
0.338393  399
0.338747  179
0.339031  379
0.339282  229
0.339387  287
0.339486  328
0.339868  337
0.339892  324
0.34025  6
0.340515  345
0.340625  372
0.34064  361
0.340934  288
0.341177  395
0.341217  90
0.34167  184
0.342293  20
0.34244  308
0.342966  32
0.342997  203
0.343031  374
0.343032  240
0.343563  176
0.343611  230
0.343689  313
0.343787  17
0.343796  136
0.343797  279
0.343866  263
0.343932  196
0.343964  105
0.344149  383
0.344202  147
0.344244  331
0.344286  50
0.344405  307
0.344407  59
0.344627  275
0.344742  340
0.344831  66
0.345085  320
0.345452  326
0.345551  391
0.345649  43
0.345979  314
0.346138  388
0.346256  396
0.346334  232
0.346422  177
0.347063  351
0.347362  322
0.347461  312
0.347501  302
0.348012  338
0.348155  185
0.348332  342
0.349343  51
0.349407  349
0.350042  29
0.350414  381
0.3507  1
0.351116  339
0.351204  149
0.35125  227
0.351487  397
0.351537  367
0.352089  247
0.352368  119
0.352698  220
0.353022  293
0.353556  346
0.353615  336
0.353674  366
0.353708  378
0.353838  21
0.354011  380
0.354045  262
0.354322  355
0.35445  311
0.354834  359
0.354878  350
0.355684  384
0.357115  382
0.3577  341
0.357897  169
0.358001  15
0.35843  64
0.35885  398
0.359551  131
0.35964  318
0.359647  369
0.359886  143
0.359941  354
0.360323  330
0.360346  347
0.360578  98
0.361298  63
0.361974  85
0.362686  327
0.362761  363
0.362919  390
0.363281  365
0.363434  160
0.363594  19
0.363659  329
0.3643  33
0.364851  319
0.365499  261
0.366653  170
0.366676  356
0.367258  389
0.367386  305
0.367442  215
0.368582  74
0.368635  56
0.368706  120
0.368887  204
0.369082  211
0.36914  68
0.369194  321
0.369248  310
0.369266  209
0.369927  309
0.369949  58
0.370011  303
0.370246  393
0.370474  251
0.370733  333
0.370859  249
0.370924  5
0.371284  317
0.37169  186
0.371691  358
0.371922  304
0.372054  103
0.372324  152
0.37248  362
0.372977  106
0.37345  253
0.373469  77
0.373614  370
0.373804  343
0.373898  2
0.375673  165
0.37594  353
0.375989  194
0.376001  301
0.376175  190
0.376692  22
0.376808  352
0.376991  377
0.377123  252
0.377207  257
0.377254  18
0.37752  335
0.377853  219
0.378099  113
0.378136  55
0.378671  300
0.378738  201
0.378766  45
0.378775  283
0.378811  246
0.379417  387
0.379496  48
0.379552  110
0.379555  115
0.379715  92
0.379891  371
0.380094  280
0.3803  46
0.380303  161
0.38031  245
0.380337  197
0.380398  348
0.380407  332
0.380701  334
0.381425  166
0.381684  399
0.381807  10
0.381918  228
0.382021  373
0.382267  376
0.38243  36
0.382492  117
0.382768  37
0.382983  295
0.383018  159
0.383275  172
0.383349  392
0.383498  173
0.383687  325
0.383787  315
0.384156  192
0.384249  73
0.384672  265
0.384777  28
0.384916  231
0.385152  282
0.385157  316
0.385266  181
0.385863  379
0.385896  52
0.38612  111
0.3862  306
0.386212  4
0.386228  308
0.386291  76
0.386305  328
0.386318  394
0.386377  359
0.386627  7
0.386926  14
0.387038  78
0.387191  372
0.387215  360
0.387352  386
0.38742  273
0.387652  193
0.387792  13
0.38787  307
0.388287  395
0.388879  148
0.388966  381
0.389467  331
0.389499  202
0.390397  24
0.390804  138
0.390858  8
0.390861  338
0.391005  374
0.391315  31
0.39137  235
0.391484  364
0.391486  119
0.391976  312
0.392021  144
0.392073  285
0.39216  174
0.392169  264
0.392178  216
0.392302  102
0.392767  380
0.392879  311
0.3932  129
0.39331  150
0.393541  323
0.393607  340
0.393802  342
0.393813  375
0.393834  294
0.393951  391
0.394257  128
0.394297  54
0.39441  344
0.394451  388
0.394583  336
0.394711  314
0.394954  369
0.395014  0
0.396325  383
0.397181  116
0.397417  242
0.39748  350
0.397575  324
0.398798  26
0.399069  378
0.399096  80
0.399198  65
0.3997  53
0.399891  164
0.399894  368
0.399941  326
0.400241  133
0.400319  139
0.400531  358
0.400863  25
0.400898  182
0.400942  250
0.40104  382
0.401099  237
0.401216  153
0.401227  302
0.401414  175
0.402224  168
0.402623  367
0.402836  313
0.402977  191
0.403079  351
0.403513  346
0.403524  93
0.403618  321
0.403663  384
0.40375  60
0.403793  185
0.404014  297
0.404055  270
0.404122  50
0.404382  355
0.404517  154
0.404753  366
0.404975  345
0.40515  320
0.405808  57
0.407018  396
0.407187  290
0.407689  90
0.408022  337
0.4081  178
0.408464  322
0.40856  339
0.408774  390
0.409042  354
0.409126  330
0.409295  156
0.409448  334
0.410091  343
0.410873  183
0.411257  101
0.411343  233
0.411517  365
0.411959  97
0.412044  239
0.41222  327
0.412486  147
0.413345  107
0.413525  397
0.413926  301
0.414153  309
0.414187  385
0.414576  262
0.414851  126
0.41514  255
0.415221  305
0.415671  69
0.416199  395
0.416218  87
0.416222  40
0.416398  361
0.416602  363
0.418508  341
0.418595  356
0.419201  162
0.419612  318
0.419813  11
0.42009  187
0.420385  145
0.420451  220
0.420543  22
0.421045  61
0.421293  393
0.421656  23
0.421821  6
0.421895  42
0.422124  349
0.422282  214
0.422426  124
0.422554  376
0.422593  304
0.422596  212
0.422722  278
0.42301  370
0.423285  140
0.423394  362
0.423766  96
0.424022  226
0.424074  213
0.424198  254
0.424272  329
0.424437  210
0.424537  333
0.424935  372
0.424953  319
0.42503  35
0.425087  353
0.425349  299
0.425415  84
0.425457  137
0.425534  21
0.425843  189
0.425979  371
0.426013  389
0.426071  151
0.426447  357
0.426537  70
0.426625  252
0.426799  387
0.426952  230
0.427156  167
0.427314  398
0.427916  275
0.42808  373
0.428188  49
0.428313  274
0.428602  149
0.428649  269
0.428667  310
0.428702  34
0.42871  328
0.42905  338
0.429121  271
0.429158  291
0.429381  109
0.429567  81
0.42966  276
0.429695  241
0.430279  47
0.430443  359
0.430533  381
0.430789  380
0.430939  348
0.431127  374
0.431254  104
0.431263  316
0.43144  391
0.431886  303
0.432987  18
0.433108  179
0.433247  347
0.433535  118
0.433738  342
0.433825  39
0.433886  314
0.433946  331
0.434575  364
0.434878  15
0.43517  99
0.435511  207
0.435578  399
0.437602  377
0.437615  256
0.438189  225
0.43824  335
0.438258  236
0.438505  221
0.438785  205
0.438958  367
0.439005  317
0.439304  9
0.439428  308
0.439636  248
0.440143  176
0.440188  224
0.440428  352
0.44045  394
0.441358  281
0.441709  337
0.441797  143
0.442314  344
0.442447  172
0.443264  289
0.443288  100
0.443615  134
0.443796  91
0.443839  170
0.443903  83
0.444201  67
0.444315  386
0.44432  95
0.444395  325
0.444497  218
0.444534  397
0.444719  351
0.444807  223
0.44485  292
0.444903  30
0.444968  332
0.444982  7
0.445546  63
0.445648  112
0.445681  396
0.44569  388
0.44577  326
0.445788  123
0.445895  77
0.446064  227
0.446115  336
0.44624  219
0.446756  340
0.447133  163
0.447349  261
0.447381  390
0.447432  161
0.447544  17
0.447651  321
0.447929  312
0.447991  82
0.44841  177
0.448438  141
0.44856  231
0.448592  229
0.448658  247
0.44875  29
0.448769  339
0.44899  324
0.449238  360
0.449325  146
0.449337  383
0.449481  228
0.449537  323
0.449579  341
0.449616  238
0.449813  249
0.450068  72
0.450331  166
0.450362  114
0.450567  369
0.450631  311
0.450765  322
0.450914  204
0.450934  216
0.451035  27
0.45113  192
0.451148  392
0.451338  16
0.451453  202
0.451467  136
0.451819  368
0.451939  330
0.451951  258
0.452279  157
0.452386  38
0.452418  171
0.452747  237
0.452948  354
0.453188  113
0.453232  306
0.45329  86
0.453379  121
0.453483  300
0.453527  268
0.453618  384
0.453734  260
0.453795  165
0.453811  315
0.453873  64
0.454019  305
0.454099  211
0.454345  131
0.454352  115
0.454778  345
0.45481  375
0.454886  28
0.455035  180
0.455201  66
0.455533  320
0.455625  89
0.45563  286
0.455677  188
0.45571  14
0.455862  215
0.455952  43
0.456199  382
0.456224  366
0.456237  319
0.456271  350
0.456311  155
0.456353  160
0.456759  362
0.456868  379
0.456898  173
0.457011  169
0.457215  263
0.457309  307
0.457633  184
0.457676  355
0.457683  87
0.457795  313
0.457803  222
0.458005  296
0.458006  210
0.458406  254
0.458407  395
0.458449  365
0.4585  357
0.458591  385
0.458758  120
0.458774  158
0.458956  31
0.45908  140
0.459212  105
0.459246  55
0.459464  13
0.459601  304
0.459617  327
0.459758  196
0.459865  399
0.460039  372
0.460107  108
0.460119  88
0.460127  62
0.460158  318
0.460481  20
0.46055  193
0.460924  398
0.460979  195
0.461173  25
0.461182  79
0.461248  68
0.461414  343
0.461462  253
0.461465  2
0.461729  164
0.461781  310
0.461923  277
0.461937  346
0.462017  279
0.462047  246
0.462123  393
0.462254  52
0.462359  376
0.462568  241
0.462956  285
0.463049  301
0.463065  361
0.463124  358
0.463154  127
0.463155  10
0.463432  135
0.463561  81
0.463631  293
0.464082  213
0.464132  203
0.464155  259
0.46438  282
0.464862  245
0.464951  351
0.464989  309
0.465151  308
0.465271  302
0.465334  356
0.465352  333
0.4654  280
0.465451  298
0.465503  5
0.465934  380
0.466217  145
0.466447  387
0.466793  381
0.467039  334
0.467064  116
0.467185  240
0.467218  185
0.467481  200
0.467627  297
0.467935  33
0.46816  378
0.468341  284
0.468377  348
0.468709  373
0.468783  328
0.469399  283
0.469451  294
0.469578  321
0.470252  54
0.470431  325
0.470868  389
0.470952  316
0.471039  391
0.47135  130
0.471376  337
0.4714  329
0.471543  338
0.471917  349
0.47207  331
0.472298  59
0.472486  1
0.472641  363
0.472736  339
0.472776  6
0.473321  78
0.474336  69
0.47508  175
0.475127  347
0.47513  367
0.47525  335
0.475503  287
0.475555  368
0.475558  332
0.475663  267
0.476066  257
0.476704  369
0.477715  12
0.478068  58
0.478212  315
0.478748  377
0.478811  336
0.479512  41
0.479536  353
0.480465  26
0.480482  208
0.4806  217
0.480735  102
0.481258  239
0.481268  93
0.481292  132
0.481292  312
0.481405  201
0.481422  97
0.48194  111
0.482007  386
0.482052  303
0.482104  370
0.482125  220
0.482527  142
0.482807  46
0.48328  326
0.483291  396
0.484133  35
0.484373  323
0.484526  92
0.484881  317
0.48491  104
0.485099  44
0.485407  364
0.485435  198
0.485528  305
0.48559  300
0.485964  98
0.485994  232
0.486212  344
0.486758  148
0.487592  243
0.487596  390
0.487694  306
0.487745  374
0.488026  311
0.490723  85
0.490748  229
0.491495  322
0.492541  394
0.492878  382
0.492955  397
0.492974  359
0.493036  151
0.493138  3
0.493248  191
0.493334  214
0.493748  265
0.493803  103
0.49389  341
0.494503  156
0.494537  392
0.494554  314
0.494645  119
0.494723  182
0.494771  342
0.495466  147
0.495537  242
0.495568  330
0.495731  207
0.495986  73
0.496003  133
0.496005  247
0.496048  19
0.496662  371
0.497836  143
0.497904  101
0.497936  53
0.498167  307
0.49829  290
0.498457  178
0.498924  352
0.498934  334
0.499279  36
0.499352  194
0.499403  75
0.499527  47
0.500075  146
0.500081  357
0.500102  327
0.500342  376
0.500429  209
0.500502  154
0.500845  366
0.501014  118
0.501266  348
0.501321  383
0.501377  275
0.502258  96
0.502467  351
0.502488  375
0.502575  61
0.502644  244
0.502736  318
0.503254  395
0.503376  124
0.504218  304
0.504317  301
0.504945  310
0.505053  340
0.505643  57
0.505676  325
0.506128  34
0.50622  385
0.506625  360
0.50665  339
0.506665  71
0.507066  343
0.507082  356
0.507554  272
0.50803  219
0.508257  129
0.509252  49
0.509509  345
0.509555  313
0.51063  262
0.510654  354
0.510866  43
0.510933  50
0.511264  162
0.51138  166
0.511598  159
0.511686  268
0.511814  373
0.511872  331
0.511938  387
0.511979  174
0.512085  260
0.512187  333
0.512204  76
0.512516  273
0.512801  7
0.512864  236
0.513019  212
0.513056  363
0.51318  319
0.513192  80
0.513193  106
0.513246  320
0.513493  150
0.513507  170
0.513549  65
0.514144  389
0.514724  321
0.515289  308
0.5154  377
0.515598  250
0.515919  18
0.516014  365
0.516017  270
0.51619  328
0.51678  11
0.516835  32
0.516932  218
0.517047  393
0.517198  266
0.517495  9
0.517718  358
0.51784  384
0.517933  302
0.518018  251
0.518055  125
0.518407  399
0.518629  48
0.518648  67
0.519732  60
0.520066  362
0.520113  309
0.520126  100
0.520765  249
0.520814  197
0.520968  381
0.521094  264
0.521164  379
0.521305  46
0.521557  74
0.521714  206
0.521724  355
0.521861  246
0.522227  107
0.522295  350
0.522503  91
0.522594  338
0.522686  234
0.522689  391
0.522878  181
0.523171  277
0.523245  128
0.52369  117
0.524031  278
0.524223  82
0.524226  269
0.52432  293
0.524363  288
0.524382  324
0.524467  367
0.524561  152
0.524625  276
0.524719  398
0.524747  372
0.52487  122
0.525017  17
0.525102  369
0.525392  42
0.525506  228
0.525531  346
0.525923  364
0.525992  235
0.526086  126
0.52613  211
0.526271  388
0.526461  298
0.527098  171
0.527436  371
0.527489  312
0.527541  396
0.527586  38
0.527726  157
0.528233  176
0.528304  225
0.528551  248
0.52859  347
0.528605  392
0.528683  329
0.528812  300
0.529055  45
0.529074  77
0.52914  315
0.529445  322
0.529614  4
0.529781  0
0.529897  145
0.529978  386
0.529992  370
0.53032  317
0.530404  51
0.530633  316
0.531094  24
0.531175  255
0.531297  378
0.531577  336
0.531904  380
0.532264  390
0.532333  368
0.532706  120
0.534046  23
0.534046  256
0.534753  303
0.53504  13
0.53512  185
0.535274  14
0.535297  280
0.535631  295
0.535632  245
0.535749  374
0.535809  94
0.53581  299
0.535832  108
0.535873  326
0.535923  179
0.536192  337
0.536248  323
0.536577  349
0.536603  330
0.537027  56
0.537051  55
0.537301  361
0.537578  332
0.537977  382
0.538045  22
0.53805  99
0.538648  306
0.538847  311
0.539098  175
0.539257  192
0.539321  63
0.539535  233
0.539858  258
0.540147  58
0.540302  305
0.540523  342
0.540578  335
0.540635  383
0.54128  284
0.541376  352
0.541763  376
0.542238  68
0.542459  109
0.54281  265
0.543162  232
0.543267  343
0.5434  155
0.543638  138
0.543778  334
0.54383  167
0.543888  169
0.544358  110
0.544445  40
0.544707  366
0.544731  353
0.544736  5
0.544864  221
0.545058  20
0.54513  395
0.545296  327
0.545645  71
0.545759  189
0.545809  161
0.545919  362
0.545926  394
0.546326  310
0.546493  27
0.5467  226
0.546785  227
0.546991  204
0.547054  230
0.547248  360
0.547275  139
0.5473  184
0.547618  198
0.547865  84
0.548051  359
0.54814  160
0.548156  116
0.548172  115
0.548201  314
0.548428  156
0.54904  397
0.549464  387
0.549802  10
0.549959  144
0.550087  195
0.550237  307
0.550261  112
0.550341  356
0.550428  229
0.550462  134
0.550507  283
0.550594  325
0.55077  348
0.551304  341
0.551361  364
0.551372  308
0.551497  281
0.551627  321
0.5517  345
0.552544  318
0.552721  344
0.552823  33
0.552843  183
0.553111  304
0.553745  354
0.554188  393
0.555  87
0.555832  104
0.556068  313
0.556542  7
0.55705  365
0.557476  357
0.557629  389
0.557993  205
0.55803  372
0.558141  358
0.558192  375
0.559431  178
0.560965  163
0.561097  339
0.561588  290
0.561778  201
0.561959  333
0.562005  190
0.562185  377
0.56235  111
0.562501  130
0.562563  312
0.562574  217
0.563116  282
0.563183  286
0.563279  127
0.563289  331
0.563502  210
0.563546  319
0.563708  399
0.563729  50
0.563805  355
0.563977  59
0.564273  72
0.564579  173
0.564616  95
0.564867  60
0.565031  373
0.565408  92
0.565524  121
0.565799  338
0.565933  222
0.565945  301
0.566036  379
0.566162  254
0.566203  289
0.566302  70
0.566565  320
0.566578  101
0.566622  261
0.566663  124
0.566667  131
0.567024  316
0.567264  16
0.56738  140
0.567568  351
0.567902  392
0.568002  363
0.568245  371
0.568337  271
0.56838  114
0.568508  143
0.568746  292
0.569209  135
0.569986  382
0.570037  216
0.570215  123
0.57039  385
0.570693  1
0.571258  39
0.571471  396
0.571746  398
0.572316  187
0.572351  78
0.573035  336
0.573301  349
0.573561  25
0.573667  37
0.573685  215
0.573822  122
0.573926  287
0.573998  73
0.574025  386
0.574038  384
0.574142  263
0.574162  240
0.574697  6
0.574769  391
0.574929  326
0.575125  103
0.575365  180
0.575643  315
0.575666  194
0.575786  340
0.575837  57
0.576084  77
0.576505  64
0.576519  380
0.576849  41
0.57688  119
0.577062  332
0.577234  302
0.578306  193
0.578585  62
0.578625  346
0.578628  30
0.578845  350
0.578925  322
0.57899  154
0.579107  11
0.579194  182
0.579359  317
0.579432  329
0.579623  366
0.579645  370
0.579671  31
0.579681  238
0.579839  224
0.579905  388
0.580044  369
0.580149  126
0.580681  209
0.580885  19
0.580986  203
0.581593  86
0.581658  328
0.581659  324
0.581968  213
0.583032  311
0.583399  279
0.583409  361
0.583516  330
0.583887  347
0.584456  368
0.584606  306
0.584893  305
0.584997  395
0.585167  360
0.585191  359
0.585529  115
0.586452  376
0.587335  394
0.588615  2
0.589455  67
0.589654  378
0.590368  242
0.59039  374
0.590655  132
0.590788  80
0.590791  303
0.591105  335
0.591266  152
0.591479  83
0.591627  309
0.59332  250
0.593366  43
0.593383  164
0.593605  245
0.593655  383
0.593658  98
0.594168  89
0.594185  277
0.594225  96
0.594557  304
0.594891  28
0.594928  93
0.595031  145
0.595173  390
0.595215  241
0.595287  337
0.595323  285
0.59537  231
0.595436  357
0.595623  15
0.59564  206
0.595683  260
0.595742  185
0.595785  323
0.595796  44
0.595881  102
0.596116  149
0.596194  133
0.596311  262
0.596371  381
0.596435  162
0.596507  207
0.596791  294
0.596828  202
0.596837  81
0.597226  166
0.597455  264
0.597458  105
0.59763  397
0.597651  197
0.597668  345
0.59767  147
0.597893  321
0.597923  196
0.597924  179
0.597926  107
0.597958  310
0.598066  327
0.598096  334
0.598114  234
0.59832  325
0.598715  108
0.598849  69
0.598924  342
0.59909  278
0.599111  367
0.599163  66
0.59926  393
0.599412  191
0.599453  232
0.599798  300
0.599893  79
0.600205  259
0.60021  212
0.600229  153
0.600254  318
0.600662  49
0.600702  75
0.600836  275
0.600961  364
0.600963  333
0.601094  372
0.601115  352
0.601507  233
0.601589  355
0.601779  344
0.601853  40
0.601966  47
0.602203  129
0.602309  382
0.602348  159
0.602366  298
0.6024  174
0.602455  29
0.602864  362
0.602881  356
0.602928  365
0.603033  34
0.603225  377
0.6033  270
0.603688  141
0.603768  348
0.603797  161
0.603847  265
0.60417  307
0.604228  375
0.60432  76
0.604346  32
0.604544  24
0.604755  319
0.605102  112
0.60516  313
0.605213  10
0.605363  343
0.605722  53
0.605764  257
0.605973  387
0.606078  136
0.606222  339
0.606698  266
0.606709  353
0.606846  192
0.607758  314
0.607868  354
0.608304  199
0.608554  85
0.608946  380
0.609072  148
0.609307  399
0.609328  389
0.609496  379
0.609567  291
0.609624  312
0.609659  341
0.610027  71
0.610381  295
0.61064  229
0.611002  385
0.611418  308
0.611871  155
0.611896  220
0.612031  301
0.612468  4
0.612576  198
0.612855  267
0.61287  324
0.613036  269
0.613331  273
0.613645  351
0.613861  51
0.614092  26
0.614147  392
0.614373  371
0.614806  113
0.614816  8
0.615033  330
0.615175  146
0.615805  316
0.615819  186
0.615834  320
0.61586  338
0.616118  151
0.617011  268
0.617354  87
0.617393  45
0.617805  391
0.617973  322
0.618412  358
0.618672  350
0.618793  373
0.618816  249
0.618882  378
0.619274  22
0.61955  223
0.619602  366
0.620183  175
0.620328  302
0.620602  306
0.620635  14
0.621314  195
0.62141  370
0.621518  172
0.62183  317
0.621955  258
0.621983  361
0.622003  346
0.622155  52
0.622254  328
0.622449  158
0.622932  33
0.623109  336
0.623328  349
0.623434  246
0.623689  347
0.623776  205
0.624008  305
0.625114  170
0.626062  398
0.626169  369
0.626189  388
0.626376  203
0.626426  20
0.626465  0
0.626512  331
0.626618  243
0.62668  311
0.627071  54
0.627161  315
0.627452  332
0.627947  386
0.628377  163
0.628855  326
0.629097  394
0.629232  12
0.630299  50
0.63083  177
0.630883  237
0.631199  31
0.631538  396
0.631806  310
0.631958  171
0.632031  283
0.632151  236
0.632181  218
0.632195  363
0.632344  340
0.632871  235
0.633451  359
0.633463  82
0.633585  329
0.63373  286
0.634782  120
0.635228  73
0.635463  300
0.635672  117
0.635801  288
0.635869  360
0.635901  103
0.635922  178
0.636081  138
0.636256  280
0.636919  21
0.637139  290
0.637335  303
0.63764  252
0.637732  357
0.637778  65
0.637894  337
0.637922  381
0.638391  256
0.638566  208
0.63859  325
0.638602  137
0.638868  384
0.639013  184
0.639687  374
0.639842  104
0.640013  144
0.640153  323
0.640416  244
0.640428  140
0.640914  115
0.641379  372
0.641564  18
0.641707  204
0.641934  210
0.641943  239
0.642025  376
0.642139  9
0.642273  335
0.642338  289
0.642413  342
0.642536  261
0.642544  98
0.642575  64
0.642659  38
0.642892  309
0.643007  321
0.643084  281
0.643091  368
0.643548  377
0.643707  214
0.644005  157
0.644015  106
0.64423  181
0.64437  91
0.644483  397
0.644975  217
0.644986  387
0.645137  94
0.645151  97
0.645237  88
0.64552  334
0.645547  221
0.645619  293
0.645643  128
0.645789  55
0.646564  313
0.646575  393
0.646711  3
0.646841  17
0.646883  297
0.647016  150
0.647042  27
0.647085  371
0.647174  255
0.647279  365
0.64733  314
0.647629  362
0.647911  90
0.647916  84
0.648208  193
0.648242  125
0.648424  215
0.648666  399
0.648777  379
0.648792  116
0.648895  160
0.649  284
0.649037  224
0.649085  382
0.649199  367
0.649253  318
0.649548  343
0.649956  308
0.650292  143
0.650527  364
0.650839  385
0.651819  101
0.652403  248
0.652413  188
0.652433  254
0.652767  74
0.652772  219
0.6528  182
0.652981  390
0.653277  240
0.653467  344
0.653526  383
0.653562  34
0.653663  46
0.653704  307
0.653774  174
0.653862  211
0.653867  72
0.653986  142
0.654001  341
0.654201  302
0.65432  213
0.654466  304
0.654488  331
0.655235  330
0.655249  327
0.655756  194
0.656118  227
0.656131  133
0.656221  378
0.656252  389
0.656542  352
0.657022  56
0.657661  165
0.658047  169
0.65822  13
0.658637  159
0.65872  70
0.658916  39
0.658993  151
0.659005  355
0.659065  11
0.659135  124
0.659171  166
0.659431  36
0.659581  127
0.659771  129
0.659983  388
0.66022  190
0.660632  292
0.660761  353
0.660806  100
0.660827  263
0.660939  118
0.660989  61
0.661012  265
0.661019  86
0.661109  168
0.661133  319
0.661212  345
0.661303  67
0.661328  92
0.661357  278
0.661462  274
0.661467  301
0.661479  228
0.66152  398
0.661527  110
0.661601  114
0.661623  339
0.661721  285
0.661729  156
0.66183  93
0.661831  375
0.661847  251
0.661908  48
0.661943  394
0.662101  322
0.662106  324
0.662129  370
0.66214  346
0.662145  336
0.662174  68
0.66233  234
0.662595  23
0.662666  66
0.662816  348
0.66308  222
0.663664  312
0.663743  202
0.663836  333
0.663893  391
0.663969  320
0.664021  359
0.664218  123
0.664274  60
0.6643  395
0.664547  357
0.664944  373
0.665185  392
0.665372  149
0.665381  328
0.665435  43
0.665529  35
0.665673  354
0.665934  141
0.666358  167
0.666469  358
0.666519  271
0.666652  131
0.666715  361
0.666722  16
0.666857  350
0.66692  63
0.667239  380
0.667377  356
0.667496  99
0.667497  242
0.667901  309
0.668714  121
0.668794  272
0.668889  300
0.669177  32
0.669193  226
0.669347  363
0.669604  80
0.670518  338
0.670556  103
0.670806  303
0.671286  296
0.671548  351
0.671549  77
0.67177  164
0.671975  306
0.671983  37
0.672043  317
0.672447  41
0.672582  111
0.672689  393
0.672836  323
0.673118  275
0.673505  366
0.673604  347
0.674769  310
0.675399  107
0.675595  7
0.675886  59
0.675956  20
0.67613  217
0.676208  162
0.676349  161
0.676442  349
0.676508  360
0.676763  369
0.676863  329
0.676937  179
0.677066  52
0.677096  187
0.677174  386
0.677554  384
0.677712  126
0.677829  153
0.677865  325
0.677946  298
0.678084  192
0.678219  332
0.678242  305
0.679104  315
0.679127  381
0.679674  173
0.679756  368
0.679784  326
0.68008  209
0.680097  5
0.680239  89
0.680867  1
0.680988  85
0.68109  49
0.68121  311
0.681422  277
0.681477  321
0.682096  154
0.682663  364
0.683278  225
0.683428  316
0.683429  389
0.683707  33
0.684229  15
0.684232  318
0.684883  258
0.685044  377
0.685102  343
0.685371  201
0.685756  382
0.685892  172
0.68612  308
0.686163  78
0.686351  176
0.686405  45
0.686824  42
0.68709  390
0.687102  371
0.687351  58
0.687427  376
0.687775  294
0.688415  399
0.68855  136
0.688601  29
0.688676  241
0.689094  302
0.689242  331
0.689305  344
0.690104  335
0.690564  334
0.690564  25
0.690787  383
0.690835  47
0.690861  108
0.690884  193
0.692175  374
0.692179  359
0.693184  276
0.693307  139
0.693448  245
0.693633  184
0.693705  8
0.694014  9
0.694144  287
0.694217  30
0.694277  158
0.694517  342
0.694694  367
0.694931  10
0.694941  26
0.69536  252
0.695622  397
0.695659  279
0.695789  152
0.695868  229
0.696054  95
0.696475  96
0.696493  21
0.696508  132
0.696609  180
0.696619  387
0.696688  336
0.696975  313
0.697017  341
0.697293  378
0.697392  328
0.697395  293
0.697681  372
0.697861  138
0.698324  196
0.69853  57
0.698785  300
0.699109  352
0.699427  304
0.699544  204
0.699658  237
0.699675  339
0.699782  322
0.700182  147
0.700608  197
0.700844  247
0.700946  189
0.70106  327
0.701198  223
0.701216  274
0.701441  345
0.701475  379
0.701489  365
0.701649  134
0.701721  163
0.701807  105
0.701898  232
0.701968  398
0.702013  227
0.702199  98
0.702506  74
0.702602  337
0.702989  257
0.703087  97
0.703229  307
0.704166  324
0.704312  199
0.704341  356
0.704776  130
0.705177  299
0.705279  205
0.705503  54
0.705671  119
0.705673  317
0.705893  231
0.705903  253
0.70594  102
0.706034  394
0.706108  66
0.706235  243
0.706271  246
0.706563  79
0.706581  144
0.706596  320
0.706799  120
0.706816  75
0.706942  198
0.70704  183
0.707113  301
0.707194  87
0.707415  351
0.707647  203
0.707653  122
0.707878  323
0.708034  361
0.708736  218
0.709004  340
0.709098  316
0.709283  350
0.709339  273
0.709485  143
0.709783  391
0.7098  385
0.709911  235
0.710106  396
0.710486  249
0.710576  267
0.710826  177
0.710978  269
0.711322  375
0.711423  380
0.711568  200
0.711599  148
0.711761  395
0.712021  230
0.712031  62
0.712039  393
0.712215  330
0.712232  314
0.712257  381
0.712363  303
0.712448  368
0.712826  286
0.713035  358
0.713216  28
0.713474  370
0.713639  109
0.714891  259
0.715032  112
0.715462  325
0.715787  348
0.715856  12
0.715886  305
0.715949  191
0.715978  310
0.716004  353
0.716156  115
0.71673  145
0.717087  224
0.717089  4
0.717582  384
0.71765  333
0.718102  347
0.718349  69
0.718612  388
0.719438  60
0.719487  326
0.719881  369
0.719906  346
0.720191  390
0.720277  50
0.720309  81
0.720329  312
0.720536  175
0.720647  220
0.721436  321
0.721858  226
0.72204  91
0.722202  185
0.722277  40
0.722881  241
0.723305  315
0.723427  373
0.723742  285
0.723901  155
0.72394  101
0.724061  319
0.724254  216
0.724284  207
0.724575  165
0.725295  282
0.725399  156
0.726088  329
0.726216  113
0.726247  392
0.726279  127
0.726328  53
0.726779  166
0.726858  362
0.726892  65
0.727224  360
0.727244  338
0.727335  111
0.727387  14
0.727514  335
0.727595  343
0.727686  366
0.728204  354
0.728349  383
0.728381  263
0.728678  71
0.729147  337
0.729387  355
0.73039  291
0.730508  382
0.731031  386
0.731344  170
0.731353  357
0.731725  128
0.731744  389
0.731828  374
0.732252  27
0.732539  262
0.73258  275
0.732816  399
0.733142  318
0.733496  371
0.733542  363
0.734518  307
0.734563  51
0.735142  22
0.735392  334
0.735562  266
0.735817  82
0.736325  260
0.736411  289
0.736438  67
0.736523  332
0.736563  160
0.737099  55
0.737478  6
0.737518  2
0.737617  311
0.737728  302
0.737767  168
0.737798  398
0.737833  182
0.737835  306
0.738445  88
0.738842  118
0.739006  359
0.739062  206
0.739436  184
0.739512  46
0.739632  146
0.739728  256
0.739967  150
0.740123  86
0.74014  250
0.740471  377
0.740635  313
0.740662  26
0.740719  327
0.740815  89
0.740836  29
0.74102  238
0.741194  309
0.741232  136
0.741449  361
0.741517  270
0.741751  264
0.742077  195
0.742383  378
0.742687  5
0.742718  35
0.742724  280
0.742798  364
0.742901  342
0.743054  106
0.743063  349
0.74332  341
0.743889  18
0.744033  324
0.74408  103
0.744403  23
0.744516  292
0.74516  397
0.745347  300
0.745482  72
0.745913  110
0.74596  1
0.745965  248
0.745983  394
0.746276  375
0.746316  212
0.746456  331
0.74659  68
0.747059  344
0.747427  387
0.747876  352
0.747965  201
0.748273  308
0.749107  151
0.749532  116
0.749589  314
0.749597  80
0.74982  135
0.749962  323
0.749969  310
0.750179  350
0.750418  229
0.750433  281
0.751024  293
0.751433  172
0.751979  11
0.752166  320
0.752296  52
0.752414  301
0.752834  209
0.752963  73
0.753008  304
0.753074  268
0.753084  339
0.75319  317
0.753394  83
0.753502  365
0.753704  57
0.753866  32
0.754009  379
0.754304  376
0.754861  367
0.755111  373
0.7552  328
0.755585  59
0.755723  384
0.755861  396
0.756258  25
0.756273  240
0.756298  356
0.756747  98
0.757921  43
0.758029  214
0.758578  94
0.758696  104
0.758754  303
0.758868  345
0.759267  90
0.759372  391
0.759556  395
0.759603  241
0.759649  348
0.760081  393
0.7601  215
0.760212  316
0.760838  380
0.760926  297
0.760935  370
0.76099  211
0.761413  374
0.76178  120
0.762229  353
0.762339  196
0.762391  187
0.763115  100
0.763338  351
0.76337  381
0.764793  388
0.76486  36
0.764982  372
0.765928  70
0.766761  368
0.766849  261
0.76703  326
0.767994  137
0.768041  385
0.768135  340
0.768851  346
0.769233  194
0.769322  330
0.769837  335
0.770483  389
0.770661  347
0.771614  233
0.772043  278
0.772044  171
0.772254  362
0.773385  193
0.773669  333
0.773672  28
0.773932  157
0.774149  254
0.774572  24
0.774702  117
0.774785  311
0.775142  325
0.775268  12
0.775339  74
0.775511  337
0.775752  377
0.776048  305
0.776308  124
0.776384  181
0.776386  294
0.776631  216
0.776702  141
0.776923  202
0.777183  343
0.777442  93
0.778179  8
0.778295  271
0.778342  30
0.778345  272
0.778483  198
0.778648  178
0.778664  199
0.778804  336
0.779041  64
0.779053  221
0.779065  130
0.779076  319
0.779101  230
0.779107  197
0.779134  358
0.779153  77
0.779363  322
0.779392  360
0.779412  366
0.779496  39
0.779517  143
0.779691  167
0.779822  312
0.780932  338
0.781084  302
0.781218  235
0.781421  162
0.781753  383
0.781929  390
0.782109  105
0.782694  76
0.782865  371
0.782913  284
0.783047  208
0.783101  386
0.783184  186
0.783195  9
0.783206  164
0.783479  219
0.783552  283
0.783665  399
0.783727  269
0.783774  357
0.78379  243
0.784443  321
0.784701  378
0.785277  387
0.785377  329
0.785461  56
0.785562  15
0.785599  332
0.785833  220
0.786025  217
0.786107  84
0.786392  285
0.78666  382
0.786714  255
0.786741  138
0.786845  96
0.786894  122
0.787041  133
0.787109  234
0.787222  300
0.787344  119
0.787359  392
0.78781  158
0.787844  267
0.787908  309
0.788079  342
0.78809  10
0.788181  26
0.788508  236
0.788666  295
0.788828  355
0.788831  149
0.788866  369
0.788874  320
0.788906  331
0.789273  359
0.789676  327
0.789721  177
0.789725  365
0.790017  19
0.790579  48
0.790983  92
0.791023  189
0.791056  306
0.791312  288
0.791348  361
0.791572  304
0.791944  324
0.792121  244
0.792426  204
0.792525  101
0.792687  398
0.792855  109
0.79302  341
0.793105  363
0.793109  140
0.793252  391
0.79344  7
0.7936  265
0.793659  373
0.793988  61
0.793988  22
0.794366  139
0.79439  298
0.79449  58
0.7945  175
0.79482  126
0.794845  47
0.795202  375
0.795221  317
0.795238  364
0.795418  41
0.795513  180
0.795702  33
0.795822  292
0.796382  191
0.796401  253
0.796407  334
0.797006  21
0.797172  144
0.797221  45
0.797634  246
0.797853  222
0.798048  307
0.798118  315
0.798122  44
0.798334  299
0.798426  73
0.798555  396
0.798604  301
0.798682  279
0.798723  339
0.798817  354
0.798842  277
0.798843  303
0.79886  118
0.79886  310
0.798889  102
0.798959  352
0.798959  91
0.799111  290
0.799137  323
0.79935  147
0.799355  308
0.79975  260
0.799907  245
0.799928  344
0.800235  326
0.800455  16
0.800568  274
0.800734  163
0.800875  370
0.801002  372
0.801012  367
0.801158  114
0.801616  318
0.801664  313
0.801725  368
0.80209  161
0.802383  379
0.802911  316
0.803863  346
0.80398  218
0.80437  350
0.804565  188
0.804739  335
0.805273  353
0.805282  381
0.805395  349
0.805422  129
0.80704  394
0.807272  393
0.807322  329
0.807747  240
0.807825  380
0.80835  376
0.808377  395
0.808583  125
0.808765  356
0.809741  348
0.81069  273
0.811178  276
0.811795  384
0.812069  123
0.812393  3
0.812489  385
0.812502  322
0.813309  49
0.813956  50
0.814624  166
0.814728  131
0.814793  328
0.815009  34
0.815053  314
0.81582  190
0.816127  159
0.816265  366
0.816342  51
0.816401  397
0.816535  251
0.816595  374
0.816691  343
0.817251  155
0.818018  238
0.818178  309
0.819103  358
0.82074  242
0.821345  289
0.821357  345
0.821505  228
0.821517  63
0.821605  389
0.821629  57
0.821748  65
0.821859  337
0.822483  336
0.822579  264
0.822668  325
0.822938  11
0.823549  71
0.823551  145
0.823676  281
0.823721  371
0.823771  192
0.82384  305
0.824582  150
0.824605  300
0.824733  312
0.824735  270
0.825088  224
0.825178  82
0.825185  351
0.825217  330
0.825768  378
0.826495  156
0.826866  0
0.827218  153
0.827221  321
0.827421  80
0.827551  37
0.827598  165
0.82786  369
0.828031  327
0.828097  62
0.828238  302
0.828249  359
0.828569  263
0.828985  176
0.829127  331
0.829752  107
0.829754  291
0.830111  347
0.830447  387
0.830666  247
0.830731  365
0.831631  338
0.831826  377
0.831842  254
0.831904  14
0.831938  237
0.83257  388
0.833186  212
0.833274  363
0.833534  223
0.833731  69
0.833903  364
0.834101  12
0.834114  24
0.8343  399
0.834921  269
0.835128  390
0.835199  243
0.835347  43
0.836036  46
0.836268  205
0.836305  203
0.836381  97
0.836625  362
0.836635  383
0.836784  333
0.836825  173
0.836995  104
0.837144  250
0.837266  4
0.837474  340
0.837492  249
0.837557  66
0.837576  68
0.837617  32
0.837767  360
0.83792  386
0.838201  79
0.838502  178
0.838567  392
0.838965  108
0.839039  259
0.839107  40
0.839176  75
0.839419  357
0.839654  382
0.839709  239
0.839768  151
0.839964  398
0.840303  95
0.840459  318
0.840889  174
0.84096  185
0.841113  168
0.841167  324
0.841324  110
0.841425  64
0.841456  311
0.841547  372
0.841556  313
0.84156  293
0.841797  206
0.841917  326
0.842089  213
0.842175  354
0.842196  87
0.842258  319
0.842296  209
0.842299  88
0.84245  179
0.842588  226
0.842771  20
0.843178  248
0.843268  275
0.843884  315
0.84389  368
0.844068  396
0.844317  307
0.84437  349
0.844702  241
0.844858  346
0.844909  334
0.845119  25
0.846695  5
0.846774  341
0.846779  13
0.846977  36
0.847044  373
0.847135  344
0.847285  81
0.847403  172
0.847538  355
0.848184  142
0.848492  180
0.84911  85
0.849217  183
0.849272  335
0.84932  285
0.849457  171
0.849517  283
0.849712  308
0.849829  304
0.849982  391
0.850005  184
0.850308  23
0.850722  112
0.850977  385
0.850993  353
0.851166  10
0.851449  288
0.851906  195
0.852026  370
0.852143  381
0.852152  201
0.852276  361
0.852414  196
0.852587  350
0.852588  323
0.852942  356
0.853153  70
0.853786  352
0.854192  317
0.854346  148
0.854542  286
0.854642  53
0.854673  320
0.854761  342
0.855364  376
0.855576  321
0.855608  161
0.856421  379
0.856444  336
0.856823  114
0.857651  339
0.857912  284
0.857991  330
0.859097  234
0.859857  303
0.860104  299
0.86067  310
0.86117  76
0.861238  328
0.862042  86
0.862105  258
0.862411  38
0.862547  33
0.862878  8
0.862942  329
0.862949  182
0.862984  93
0.863308  78
0.863374  301
0.863404  235
0.86362  367
0.863951  366
0.864123  135
0.864641  124
0.864651  144
0.864729  246
0.864868  338
0.864869  77
0.864883  389
0.865212  332
0.865232  345
0.865354  160
0.865811  227
0.865906  122
0.866356  397
0.866602  15
0.86667  28
0.86677  17
0.86684  214
0.867059  67
0.86714  306
0.867167  384
0.867208  343
0.86722  1
0.86742  106
0.86757  316
0.867596  322
0.868031  309
0.868257  325
0.86847  83
0.8687  296
0.868715  194
0.86881  261
0.869168  281
0.86942  375
0.86972  136
0.86981  358
0.869855  290
0.869873  300
0.869991  103
0.870977  257
0.871285  380
0.871349  121
0.871424  348
0.871496  137
0.871707  327
0.871873  365
0.871903  347
0.872391  377
0.872556  394
0.872953  232
0.873093  245
0.873277  164
0.873779  157
0.873921  216
0.873964  56
0.874037  364
0.874536  393
0.874555  396
0.875569  72
0.8756  96
0.875638  59
0.875779  298
0.875807  52
0.876058  142
0.876081  331
0.876188  390
0.876294  326
0.876298  16
0.876393  54
0.876443  314
0.87697  266
0.876986  386
0.877167  44
0.877448  127
0.877616  324
0.87775  387
0.877926  62
0.878221  369
0.878312  318
0.878497  272
0.878571  115
0.878763  351
0.878818  256
0.87956  374
0.879905  9
0.879981  55
0.880085  291
0.880598  169
0.880623  99
0.881322  231
0.881441  349
0.881661  162
0.881727  39
0.881742  359
0.881895  129
0.882041  63
0.88232  305
0.88257  297
0.882571  262
0.882787  378
0.882819  113
0.883001  126
0.883105  312
0.883239  224
0.883562  68
0.883758  98
0.883785  265
0.883996  199
0.884011  395
0.884288  398
0.884335  105
0.884342  341
0.884562  340
0.884567  48
0.884717  21
0.884757  80
0.88499  132
0.885318  346
0.885744  362
0.885904  35
0.886006  360
0.886098  399
0.886201  344
0.886261  371
0.886472  252
0.886665  177
0.886884  11
0.887066  337
0.887171  319
0.887343  302
0.887943  308
0.888287  222
0.888942  154
0.889171  315
0.889678  313
0.890146  79
0.890218  383
0.890546  175
0.890613  139
0.890806  391
0.891038  134
0.891281  267
0.891397  382
0.891404  388
0.891867  102
0.892109  187
0.892184  323
0.893  279
0.893543  192
0.89356  370
0.893596  381
0.893764  311
0.893883  32
0.894326  368
0.894335  100
0.894457  166
0.89492  239
0.895191  363
0.895239  101
0.895856  321
0.895932  317
0.895984  357
0.896442  89
0.896474  354
0.8965  385
0.896505  373
0.896734  376
0.89688  392
0.899782  253
0.899856  389
0.900265  355
0.900808  334
0.901947  90
0.90263  332
0.903062  240
0.903264  379
0.903417  167
0.903439  289
0.903651  361
0.904402  23
0.904576  145
0.905283  353
0.905398  287
0.905509  225
0.906186  156
0.90628  172
0.906357  3
0.906623  131
0.906755  264
0.90702  307
0.907027  119
0.907176  104
0.907179  330
0.90732  198
0.907458  306
0.907557  329
0.907591  397
0.907741  336
0.907859  19
0.908027  343
0.908106  300
0.908224  273
0.908787  22
0.909141  328
0.90926  188
0.909291  348
0.909469  301
0.909791  242
0.910052  333
0.910839  168
0.911144  367
0.911335  185
0.911721  116
0.911758  202
0.911855  350
0.912028  159
0.912057  200
0.912308  147
0.912573  372
0.912968  271
0.913198  74
0.913671  247
0.913791  282
0.913974  138
0.913999  288
0.914163  91
0.91432  303
0.91441  155
0.914471  120
0.914569  243
0.914665  384
0.914704  338
0.914946  176
0.915181  394
0.915234  335
0.915573  210
0.91563  356
0.915726  295
0.916282  241
0.916285  325
0.91631  304
0.917006  375
0.917185  140
0.917491  25
0.917516  280
0.917722  320
0.918339  204
0.918447  2
0.918543  244
0.918572  6
0.918634  31
0.919009  95
0.919096  36
0.919132  221
0.91927  365
0.919378  229
0.919441  215
0.919653  380
0.919663  125
0.919715  118
0.919807  211
0.919892  277
0.919961  165
0.919963  322
0.920075  269
0.920142  128
0.920213  186
0.920235  197
0.92043  390
0.920502  133
0.920511  309
0.920532  251
0.920575  171
0.920584  26
0.920793  112
0.920802  310
0.921125  292
0.921253  207
0.921293  158
0.921358  170
0.921526  378
0.921613  386
0.921764  152
0.921866  18
0.921895  339
0.921947  352
0.921947  293
0.922015  316
0.92208  346
0.922097  5
0.922157  53
0.922188  396
0.922574  223
0.922593  97
0.922843  126
0.923008  359
0.923184  347
0.92344  340
0.923459  51
0.923499  109
0.923947  342
0.924199  208
0.92449  41
0.924695  190
0.924714  0
0.924839  345
0.924872  142
0.925015  366
0.925048  146
0.925212  59
0.925422  385
0.925697  212
0.925795  66
0.925851  191
0.926041  92
0.926253  351
0.92635  391
0.926361  141
0.926418  305
0.926432  45
0.926432  153
0.926471  278
0.92652  334
0.926682  149
0.926796  331
0.926877  360
0.927261  47
0.927316  317
0.927475  49
0.927586  178
0.927675  398
0.928253  362
0.928381  327
0.928434  395
0.928458  357
0.928883  376
0.929557  393
0.929673  371
0.929732  363
0.929945  319
0.93124  392
0.931292  85
0.931713  318
0.932857  88
0.933013  358
0.933495  399
0.933752  114
0.933807  382
0.93403  260
0.934179  326
0.93482  84
0.935286  16
0.935448  387
0.935636  324
0.935988  14
0.936122  302
0.936266  254
0.936587  337
0.936966  368
0.93699  203
0.937328  381
0.937412  321
0.937429  364
0.938171  73
0.938419  312
0.938862  372
0.939208  110
0.939389  294
0.939428  369
0.940114  77
0.940784  181
0.940888  388
0.941689  315
0.942007  250
0.942357  86
0.942378  34
0.94241  235
0.942664  389
0.942758  377
0.942861  276
0.943047  42
0.943534  344
0.944313  107
0.944892  323
0.945375  196
0.945509  349
0.946201  157
0.946473  383
0.946569  217
0.94675  374
0.94695  230
0.947244  81
0.947408  373
0.947429  341
0.94794  106
0.948725  130
0.949058  313
0.949124  301
0.949237  150
0.949527  353
0.949621  50
0.949721  127
0.950046  355
0.950139  70
0.950183  332
0.950408  354
0.950808  206
0.951031  308
0.95173  333
0.952094  39
0.952957  303
0.954106  343
0.954257  255
0.955062  336
0.955104  329
0.955471  361
0.955748  4
0.956566  328
0.956631  135
0.956724  99
0.956793  268
0.95777  310
0.957881  11
0.957885  314
0.95813  281
0.958201  307
0.958239  10
0.958582  154
0.959328  71
0.959561  96
0.959771  265
0.960654  274
0.960922  193
0.961283  189
0.961464  195
0.961602  233
0.961693  116
0.96175  306
0.961863  219
0.961897  397
0.961908  325
0.962288  311
0.962366  22
0.962634  56
0.962679  68
0.962724  259
0.962783  105
0.96291  228
0.963032  148
0.963298  67
0.963392  113
0.963423  330
0.963447  359
0.963493  220
0.963565  320
0.963578  187
0.963647  104
0.963714  55
0.963715  170
0.963739  370
0.963836  138
0.964237  174
0.964261  263
0.964688  231
0.964734  124
0.965044  57
0.965057  322
0.965233  304
0.965247  300
0.965348  290
0.965449  17
0.965483  82
0.965612  379
0.965649  79
0.965654  275
0.965865  90
0.965896  177
0.96595  179
0.966134  180
0.966277  237
0.966311  13
0.966528  298
0.966586  257
0.966626  317
0.966632  123
0.96678  352
0.96686  350
0.967447  29
0.967475  218
0.967591  103
0.967603  305
0.96765  167
0.967734  365
0.96784  121
0.967856  291
0.967864  347
0.967963  271
0.968014  394
0.968024  396
0.968179  283
0.968236  334
0.968256  151
0.968285  65
0.968559  227
0.968661  356
0.968797  83
0.968848  119
0.968921  145
0.968996  9
0.969091  131
0.969193  147
0.969261  387
0.969479  28
0.969519  160
0.969684  144
0.969739  32
0.969749  342
0.969879  399
0.969908  44
0.969909  326
0.970027  38
0.970079  363
0.970151  214
0.970212  286
0.970235  23
0.970274  236
0.970298  27
0.970315  264
0.970474  390
0.970718  296
0.970747  384
0.970801  366
0.970803  216
0.970909  360
0.970931  7
0.971111  136
0.97121  309
0.971287  318
0.971426  381
0.971482  226
0.971489  395
0.971554  129
0.97156  108
0.97163  362
0.971636  285
0.971774  30
0.97178  389
0.971927  348
0.971993  382
0.972067  376
0.972152  339
0.972183  102
0.972195  367
0.972446  393
0.973306  316
0.97359  340
0.973671  232
0.973997  392
0.975077  380
0.975307  282
0.975517  327
0.975662  344
0.975764  297
0.975898  245
0.976189  338
0.976676  349
0.977079  369
0.977275  163
0.977933  324
0.978031  319
0.978408  21
0.97879  346
0.979089  357
0.979521  173
0.979911  261
0.979914  385
0.980774  364
0.981315  58
0.981547  262
0.981819  375
0.98187  253
0.982055  386
0.982075  295
0.982194  368
0.982472  351
0.982757  371
0.983564  86
0.983666  355
0.984215  337
0.984223  266
0.985108  378
0.985567  358
0.986201  203
0.986515  353
0.986575  62
0.987039  182
0.987064  12
0.987352  345
0.987534  343
0.987678  303
0.987727  183
0.988363  377
0.988523  222
0.989044  335
0.989433  341
0.990097  15
0.990961  331
0.990969  308
0.991103  391
0.99122  155
0.991228  213
0.991303  53
0.992191  212
0.992603  52
0.992851  388
0.993016  201
0.993109  254
0.993377  258
0.993745  312
0.994196  198
0.994545  205
0.994611  374
0.995448  89
0.995616  279
0.995802  234
0.995965  323
0.99673  313
0.996832  224
0.9971  110
0.997365  156
0.997451  284
0.99757  248
0.997576  152
0.997705  200
0.997715  270
0.997953  273
0.997953  100
0.998038  333
0.998064  109
0.998423  272
0.998616  133
0.99872  188
0.99875  87
0.998826  302
0.999025  194
0.999095  256
0.999227  354
0.999266  176
0.999288  240
0.999439  329
0.999783  398
0.999909  361
