0.000119189  254
0.000121895  252
0.000122845  304
0.000157284  285
0.000291268  359
0.000814299  6
0.000914487  265
0.0010359  327
0.00108353  382
0.00113948  32
0.00135694  394
0.00152082  354
0.0015873  40
0.00160361  201
0.00161174  93
0.00187717  184
0.00237657  2
0.00253587  220
0.00303229  139
0.00344631  150
0.00369414  153
0.00378305  337
0.00421553  115
0.00443759  224
0.0045777  286
0.00464025  58
0.00492659  364
0.00502324  142
0.00519785  114
0.00530447  207
0.0055029  21
0.00576166  24
0.0058037  280
0.00587716  65
0.00592626  97
0.00597995  213
0.00621087  393
0.006234  149
0.00638493  316
0.00644236  165
0.00647596  83
0.00648799  384
0.00648988  386
0.00671047  389
0.00672089  14
0.00680031  353
0.00699193  191
0.00710075  273
0.00730923  339
0.00740808  319
0.00788444  19
0.00791385  331
0.00796948  315
0.00811111  7
0.00838717  338
0.00846932  340
0.00863577  246
0.00881597  239
0.00920589  357
0.00937652  27
0.0100017  284
0.0103088  217
0.0103565  76
0.0105665  325
0.0106362  272
0.0110343  376
0.0118027  238
0.0118136  341
0.0118155  59
0.0118184  214
0.0120117  161
0.0121022  171
0.0122519  333
0.0125464  99
0.0126056  98
0.0126343  132
0.0126745  251
0.01292  82
0.0130816  390
0.0134006  387
0.0135173  298
0.0136119  108
0.0136197  306
0.0137067  79
0.0137365  372
0.0138751  293
0.0138857  365
0.0140882  229
0.0142665  130
0.0143853  3
0.0144336  241
0.0144738  89
0.0148545  185
0.0148801  334
0.0149336  41
0.014945  28
0.0150915  205
0.0151968  48
0.0152843  54
0.0154189  123
0.0154359  216
0.0155163  51
0.0155437  391
0.0156325  186
0.0156712  68
0.0157465  368
0.0158401  168
0.0161621  103
0.0162796  345
0.016372  320
0.0163724  154
0.0163764  90
0.0164804  63
0.0165744  78
0.0166189  326
0.0166368  102
0.0167619  26
0.0168155  111
0.0169641  322
0.0171959  10
0.0172621  47
0.017388  363
0.0173953  335
0.0175118  288
0.0175471  120
0.017705  202
0.0177638  362
0.0178145  164
0.0178245  369
0.0179497  46
0.0180249  215
0.0180773  253
0.0180912  263
0.0181372  330
0.0182551  36
0.0182567  57
0.018269  378
0.0182952  236
0.0183742  268
0.0184424  377
0.0184764  187
0.0184767  299
0.0187298  128
0.0187502  317
0.0187574  180
0.018766  230
0.0187758  371
0.0188155  270
0.0188276  92
0.0189476  388
0.0189746  343
0.0190077  72
0.0190855  297
0.0192341  175
0.0193431  342
0.0195105  243
0.0196245  311
0.0197109  9
0.0199076  248
0.0201282  385
0.0201857  352
0.02033  189
0.0203808  194
0.0204326  373
0.0205204  336
0.0206459  117
0.0206668  137
0.0207372  360
0.0207712  370
0.0209177  346
0.0209664  397
0.0210885  267
0.0212941  324
0.0213082  380
0.0216464  116
0.0216475  18
0.0219026  351
0.0221496  314
0.0223383  361
0.0226019  55
0.0227567  321
0.0231933  52
0.0234194  383
0.0234912  71
0.0235786  313
0.0245588  358
0.02466  308
0.0248208  260
0.0250063  310
0.0255941  309
0.0256273  344
0.0262002  398
0.0267846  332
0.0270276  305
0.0281578  223
0.0282492  349
0.0284614  12
0.0286868  374
0.0286979  247
0.0287242  347
0.0289259  357
0.029403  257
0.0298146  304
0.0300492  392
0.0302034  231
0.0309389  13
0.0315941  227
0.0327634  331
0.0327829  381
0.0329195  233
0.0329857  23
0.0332736  348
0.0332937  157
0.033466  325
0.0335341  356
0.0339184  364
0.0339913  396
0.0340868  294
0.0349207  375
0.0350761  395
0.0353641  379
0.0361196  386
0.0378173  394
0.0384174  315
0.038517  316
0.0388587  100
0.0390607  38
0.0400173  382
0.040096  95
0.040873  39
0.0413511  302
0.042004  367
0.042407  163
0.0427609  307
0.0428467  350
0.0430952  206
0.0433759  319
0.0433824  226
0.0437598  159
0.0437941  274
0.0443237  366
0.0445464  212
0.0449645  399
0.0456498  329
0.0460139  318
0.046644  355
0.0469519  312
0.0472755  301
0.047958  354
0.0493935  228
0.0504652  151
0.0505307  198
0.0511188  337
0.0511666  188
0.0512351  135
0.0513421  24
0.0514001  121
0.0516533  126
0.0516688  340
0.0517483  323
0.0517493  43
0.0521174  107
0.0523044  328
0.0523081  25
0.0528402  258
0.0529802  245
0.0530367  0
0.0530382  84
0.0530498  35
0.053122  42
0.0531416  244
0.0532525  138
0.0534005  303
0.0535727  144
0.0538441  279
0.0539582  295
0.0540244  390
0.0542863  197
0.0546873  277
0.0547856  181
0.0549231  22
0.0555058  338
0.0555518  8
0.055587  271
0.0556206  250
0.0556307  351
0.0556883  170
0.0559809  353
0.0559971  145
0.0564199  339
0.0564957  79
0.0565319  73
0.0565858  140
0.0568051  300
0.0568819  94
0.0569317  17
0.0569998  320
0.0572187  255
0.0580959  160
0.0581037  234
0.0582012  387
0.0582835  368
0.0583465  359
0.0584345  174
0.0585326  200
0.0588037  393
0.0592108  125
0.059233  70
0.0602533  146
0.0610789  361
0.0611258  162
0.0611674  75
0.0614935  341
0.0615901  124
0.0617226  60
0.06178  20
0.0619804  225
0.0620653  49
0.0622833  210
0.0623163  178
0.0623883  220
0.0623929  317
0.0624529  91
0.0625047  322
0.0628621  334
0.0628621  370
0.0629323  249
0.0629777  283
0.0630137  50
0.0630269  44
0.0632163  129
0.0633668  196
0.0636144  262
0.0636249  326
0.0636294  290
0.0636402  11
0.0637429  388
0.0637574  306
0.0637903  335
0.0638552  33
0.0638596  155
0.0639518  93
0.0640041  195
0.0640157  342
0.0640865  88
0.0642475  369
0.0642729  21
0.0642731  131
0.0643891  176
0.0644162  53
0.0645674  282
0.0645703  167
0.0645781  154
0.0646034  211
0.0646476  380
0.064666  344
0.0646758  156
0.0648337  278
0.064982  104
0.0649984  288
0.0649992  346
0.0650223  37
0.0650323  259
0.065126  330
0.0651557  333
0.0653331  378
0.0653516  106
0.0653819  373
0.0654443  153
0.0654855  364
0.0655261  297
0.0656822  274
0.0658651  209
0.0659916  169
0.0660528  203
0.0661849  365
0.0662515  343
0.0663021  383
0.0663283  352
0.0663865  310
0.0666632  304
0.0667071  134
0.0667707  266
0.0669257  347
0.0671961  308
0.0673951  384
0.067411  327
0.0674925  105
0.0676506  69
0.0677242  87
0.0677453  325
0.0680101  376
0.068475  345
0.06864  395
0.0688816  68
0.0693719  276
0.0699187  311
0.0704497  397
0.0708123  332
0.071003  77
0.0711875  398
0.0713505  331
0.0716047  362
0.0721426  324
0.0729253  109
0.0729903  321
0.0731294  372
0.0734111  375
0.0735476  313
0.0738736  246
0.0746498  76
0.0746594  221
0.0757799  371
0.0759426  273
0.0764947  363
0.0765011  307
0.0766089  218
0.0766309  305
0.0777334  385
0.0779061  394
0.0782769  61
0.0786121  261
0.0786845  264
0.0787345  292
0.0789455  309
0.0792838  16
0.0792884  386
0.0795982  90
0.0804119  1
0.0808749  232
0.0808917  323
0.0809486  389
0.0813732  34
0.0821114  379
0.0825149  357
0.0827578  72
0.0828032  377
0.0830002  360
0.0836068  141
0.0838014  293
0.0838915  171
0.0840695  392
0.0840948  358
0.0851587  108
0.0855664  127
0.0856934  348
0.0858871  298
0.0869613  319
0.087377  314
0.0874131  64
0.0874689  312
0.087669  349
0.0877867  80
0.087982  366
0.0880335  59
0.0882167  55
0.0886341  284
0.0887816  237
0.0889408  391
0.0894046  381
0.089477  396
0.0897931  194
0.0897977  3
0.0904389  86
0.090482  128
0.0906348  338
0.0907914  137
0.091017  316
0.0911447  58
0.091365  122
0.0914249  101
0.0916467  96
0.0917891  318
0.0921309  320
0.0921592  74
0.0930582  165
0.0934453  4
0.0938634  173
0.0940841  252
0.0942067  336
0.0942914  32
0.0943994  356
0.0945718  233
0.0946153  102
0.0948176  340
0.0950406  382
0.0950489  350
0.0951088  48
0.095199  118
0.0952915  361
0.0953177  123
0.0953229  231
0.0960311  272
0.0961347  337
0.0961647  7
0.0963964  387
0.0965336  38
0.0968187  112
0.0969825  300
0.097046  367
0.0974116  143
0.0978723  186
0.0979733  303
0.0981844  353
0.0985019  281
0.0990759  40
0.0990917  62
0.0993442  254
0.099541  269
0.0996967  355
0.0999542  235
0.0999636  368
0.100066  199
0.100087  354
0.100405  180
0.100414  240
0.100466  315
0.100467  212
0.100657  92
0.100762  341
0.10089  150
0.101015  351
0.101045  334
0.101299  308
0.101371  267
0.10161  370
0.101701  373
0.102061  256
0.102563  207
0.102945  322
0.103317  95
0.103626  214
0.104089  390
0.104243  213
0.104341  296
0.104561  359
0.104762  117
0.104901  291
0.105294  301
0.105492  224
0.105603  289
0.105714  343
0.106318  184
0.106428  81
0.106547  275
0.106558  85
0.106916  294
0.107034  5
0.107081  56
0.107398  342
0.107775  388
0.108073  192
0.108344  111
0.108597  395
0.108641  371
0.108681  120
0.10891  302
0.109029  187
0.109029  325
0.109077  399
0.109257  339
0.10928  372
0.109419  41
0.109793  130
0.10993  327
0.110163  222
0.110295  45
0.110318  6
0.110432  29
0.110447  37
0.110646  103
0.111105  345
0.111327  193
0.111576  71
0.111631  54
0.111969  158
0.112064  333
0.112111  347
0.11214  239
0.112147  374
0.11217  67
0.112202  201
0.112263  149
0.112417  376
0.112495  265
0.112509  397
0.112732  329
0.112927  270
0.112973  268
0.112976  223
0.113114  177
0.113145  14
0.113175  242
0.113697  139
0.113735  311
0.113749  65
0.113761  335
0.113777  383
0.113966  138
0.114017  363
0.114046  126
0.114095  253
0.114199  147
0.114287  11
0.114327  136
0.114471  393
0.11472  380
0.114948  202
0.115077  30
0.115145  152
0.115359  228
0.115443  352
0.115487  23
0.115538  386
0.115747  317
0.115833  331
0.115903  230
0.11599  22
0.116095  216
0.116104  349
0.116128  398
0.116196  2
0.116216  378
0.116243  236
0.116505  18
0.117018  306
0.117126  369
0.117141  377
0.117194  394
0.117462  305
0.117586  324
0.117587  328
0.117652  188
0.11775  219
0.118065  135
0.118076  321
0.119126  362
0.119826  391
0.119918  384
0.120276  182
0.120988  364
0.121173  332
0.121528  366
0.121921  185
0.122005  379
0.122152  360
0.122408  98
0.122893  58
0.122952  215
0.123023  385
0.123077  319
0.123397  310
0.124295  381
0.124569  346
0.126867  44
0.127503  344
0.128293  17
0.129133  337
0.12929  322
0.129339  47
0.129509  100
0.129579  28
0.130006  323
0.130007  243
0.130113  375
0.130122  145
0.130596  226
0.130668  167
0.130771  320
0.13083  351
0.13098  10
0.131053  326
0.131235  75
0.131334  208
0.131346  313
0.131758  169
0.131972  389
0.132581  183
0.132635  110
0.132986  106
0.133084  146
0.133188  336
0.133243  279
0.133441  211
0.133516  330
0.13354  190
0.134053  382
0.134225  312
0.13429  179
0.134333  105
0.13444  57
0.134877  304
0.135169  133
0.135692  318
0.135896  365
0.13631  209
0.136491  189
0.13681  307
0.136895  348
0.136947  262
0.136979  288
0.137113  89
0.137695  154
0.137867  115
0.137876  358
0.137907  355
0.137966  345
0.138154  66
0.139053  340
0.139366  309
0.140092  356
0.140243  255
0.140552  234
0.140981  357
0.141  353
0.141507  315
0.141746  204
0.141928  4
0.142084  334
0.142136  231
0.142413  163
0.142596  244
0.142765  314
0.142924  286
0.143032  350
0.143206  119
0.143811  42
0.144349  161
0.144856  63
0.145242  159
0.145782  341
0.145938  302
0.146259  258
0.146327  261
0.146581  246
0.14659  283
0.146664  94
0.146699  132
0.146728  51
0.146833  168
0.146993  245
0.147107  342
0.147204  35
0.147418  252
0.14749  153
0.147493  164
0.14767  52
0.147678  74
0.14771  276
0.147736  298
0.148027  80
0.148122  387
0.148398  15
0.148455  114
0.148622  172
0.148709  292
0.14877  8
0.148828  220
0.148879  144
0.148921  237
0.148949  24
0.148976  104
0.149038  198
0.149099  248
0.149221  354
0.149246  27
0.149329  205
0.149381  316
0.149401  361
0.149444  386
0.149467  227
0.149521  31
0.149785  280
0.14999  72
0.150077  142
0.150118  19
0.150133  393
0.150174  378
0.150206  102
0.150284  251
0.150318  1
0.150388  113
0.150408  300
0.150441  399
0.150519  254
0.150684  125
0.150762  195
0.150918  83
0.150924  370
0.150951  397
0.150981  200
0.151056  377
0.151378  127
0.151383  367
0.151396  332
0.151433  388
0.151444  268
0.151499  374
0.151916  396
0.151931  60
0.15199  134
0.152231  249
0.152299  364
0.152557  274
0.152617  278
0.15292  303
0.152975  343
0.153047  49
0.153062  347
0.153286  373
0.153643  21
0.153689  360
0.153725  380
0.153781  247
0.153873  308
0.154077  391
0.154808  390
0.155255  349
0.155266  92
0.155352  368
0.155848  181
0.156531  36
0.157302  272
0.157399  372
0.157934  359
0.157937  383
0.157987  384
0.158046  323
0.158507  88
0.158766  329
0.159007  338
0.159065  325
0.159205  335
0.159664  310
0.159997  369
0.160502  301
0.160624  311
0.161359  392
0.164664  197
0.16492  319
0.16497  155
0.165612  111
0.165647  33
0.165738  186
0.166355  86
0.16637  394
0.1664  306
0.166426  352
0.16656  351
0.16701  281
0.169227  344
0.169861  331
0.169862  395
0.170925  376
0.170945  313
0.171282  333
0.17191  90
0.171981  231
0.171982  290
0.171991  339
0.172138  305
0.172228  93
0.172511  79
0.172754  382
0.1728  304
0.173004  215
0.173828  398
0.174073  96
0.174601  87
0.174932  371
0.17538  267
0.175644  129
0.175814  328
0.176006  324
0.177073  263
0.17742  257
0.177452  285
0.177578  221
0.177954  337
0.178459  334
0.178999  357
0.17925  381
0.179448  363
0.180529  99
0.18077  314
0.181111  320
0.181594  389
0.182712  173
0.183049  259
0.183829  20
0.183945  322
0.184019  366
0.18414  239
0.184933  260
0.184991  266
0.185078  188
0.185454  327
0.185646  365
0.18596  160
0.186449  22
0.186633  273
0.186756  3
0.186804  7
0.187001  97
0.187138  218
0.187331  16
0.187396  45
0.187533  223
0.187665  358
0.187969  68
0.188014  70
0.188342  321
0.188455  362
0.188532  141
0.18871  297
0.188936  73
0.188962  13
0.188966  66
0.188997  355
0.189112  112
0.189204  336
0.189279  175
0.189326  294
0.189521  40
0.18956  330
0.189667  277
0.189691  317
0.189732  385
0.189795  62
0.190006  270
0.190134  140
0.190336  228
0.190376  326
0.190384  26
0.190762  170
0.191025  91
0.191356  356
0.191464  208
0.191613  82
0.191726  379
0.191839  39
0.192205  284
0.192238  303
0.192268  50
0.192304  354
0.192317  318
0.192329  242
0.192399  41
0.192483  196
0.19336  163
0.193387  378
0.193405  213
0.193759  308
0.193759  346
0.193804  136
0.193906  145
0.193939  309
0.194004  156
0.19406  350
0.194117  81
0.194278  122
0.194497  44
0.194542  345
0.19457  23
0.194626  299
0.194768  189
0.194789  264
0.194804  396
0.194886  316
0.194957  386
0.19512  399
0.195428  42
0.195687  293
0.196308  64
0.196517  19
0.196568  341
0.196621  232
0.197148  166
0.197207  69
0.19738  89
0.197475  209
0.197563  183
0.197583  5
0.197645  342
0.197769  153
0.197774  17
0.197831  169
0.197975  349
0.198007  347
0.198222  78
0.198262  368
0.198551  289
0.198728  353
0.198739  219
0.198798  388
0.1991  359
0.199284  269
0.199363  384
0.19956  291
0.200002  55
0.20004  383
0.20006  241
0.200285  131
0.200292  370
0.200327  187
0.200581  77
0.200708  311
0.200842  194
0.200906  165
0.200954  139
0.201036  393
0.201129  256
0.201228  315
0.201241  397
0.201284  133
0.201587  195
0.201842  203
0.202108  310
0.202386  130
0.202542  37
0.202665  158
0.202688  312
0.202874  306
0.203098  338
0.203466  225
0.203542  53
0.203625  206
0.203702  340
0.203773  103
0.204164  307
0.204285  339
0.2043  46
0.204462  352
0.204466  135
0.20447  229
0.204601  343
0.204939  348
0.205051  329
0.205109  272
0.205283  333
0.205928  71
0.205988  11
0.206112  377
0.206143  361
0.2064  9
0.206415  261
0.206497  372
0.207083  376
0.207203  28
0.207611  29
0.207708  253
0.207791  110
0.208021  127
0.208067  313
0.208134  174
0.208178  24
0.208286  182
0.208375  360
0.208627  222
0.208747  367
0.208762  148
0.208942  235
0.208949  374
0.209043  236
0.209096  391
0.209159  275
0.209378  217
0.209415  398
0.209494  58
0.209508  344
0.209556  300
0.209918  332
0.210034  271
0.210216  85
0.210287  120
0.210438  286
0.210934  394
0.211181  319
0.211392  304
0.211542  395
0.211802  351
0.212167  107
0.212296  14
0.212319  115
0.212655  90
0.212754  305
0.212827  32
0.21377  224
0.213806  369
0.213958  114
0.21411  334
0.214276  324
0.214484  381
0.21473  255
0.215085  371
0.215468  364
0.215498  362
0.215762  373
0.216139  47
0.216178  282
0.216436  36
0.216713  247
0.216956  301
0.216966  302
0.216968  387
0.217506  392
0.217569  109
0.217825  2
0.21971  331
0.220611  375
0.220907  178
0.221982  211
0.22295  262
0.223385  101
0.223391  124
0.223624  43
0.224231  399
0.224539  335
0.224581  160
0.224747  18
0.224879  382
0.22497  74
0.225496  323
0.225629  380
0.225754  35
0.225872  296
0.225916  108
0.226152  295
0.226229  62
0.226279  126
0.226315  190
0.226436  201
0.226442  31
0.226697  162
0.226973  216
0.227001  355
0.227106  321
0.22735  325
0.227455  249
0.227468  370
0.227733  202
0.227804  337
0.228031  106
0.228036  117
0.228063  113
0.228132  134
0.228137  298
0.228308  363
0.228459  320
0.228792  357
0.228846  250
0.228857  154
0.228922  94
0.22895  336
0.229216  146
0.229258  191
0.229303  212
0.229587  149
0.229802  137
0.229921  144
0.229982  270
0.230191  341
0.230341  366
0.230344  76
0.23053  308
0.23082  143
0.230925  328
0.230995  268
0.231028  358
0.231323  128
0.231355  322
0.231561  16
0.231566  147
0.231605  345
0.23164  177
0.231644  314
0.23197  59
0.232082  279
0.232135  378
0.232287  389
0.232334  326
0.232365  65
0.232562  168
0.232725  318
0.233019  390
0.233063  240
0.233103  230
0.233262  95
0.233523  10
0.233693  233
0.233853  204
0.234023  244
0.234086  111
0.234199  63
0.234207  288
0.234212  84
0.234362  353
0.234464  205
0.23454  306
0.234648  207
0.234829  385
0.234929  274
0.235814  347
0.23599  350
0.236052  356
0.236124  330
0.236146  312
0.236147  34
0.236382  20
0.236511  359
0.236924  49
0.237356  329
0.238002  231
0.238041  116
0.238448  155
0.238513  386
0.23886  338
0.23898  396
0.239454  252
0.239481  368
0.239599  254
0.239655  352
0.239995  303
0.241089  98
0.241644  398
0.241675  30
0.241717  388
0.241723  354
0.242011  307
0.24258  377
0.242807  56
0.243105  344
0.243952  364
0.243989  339
0.244467  351
0.244599  327
0.245055  194
0.245306  332
0.245651  196
0.246072  226
0.246571  0
0.247058  22
0.24738  123
0.247456  369
0.248002  170
0.248073  383
0.248656  346
0.248742  141
0.24904  39
0.249228  374
0.249443  384
0.249511  232
0.249771  393
0.249995  394
0.250346  379
0.250665  292
0.251232  40
0.251364  259
0.252117  342
0.252291  47
0.252335  340
0.252703  33
0.252765  373
0.253349  397
0.253356  21
0.253991  316
0.254017  51
0.254055  246
0.254225  294
0.254605  180
0.254755  300
0.254804  92
0.25498  265
0.255604  140
0.255725  12
0.255997  365
0.256348  367
0.256381  100
0.256385  61
0.256586  313
0.257005  157
0.257236  53
0.257971  125
0.258037  237
0.258077  54
0.258201  362
0.25821  334
0.258575  319
0.258636  152
0.258736  273
0.258765  220
0.258842  138
0.258881  391
0.258919  333
0.258995  186
0.259011  280
0.259077  197
0.259187  311
0.259495  102
0.259564  234
0.259572  119
0.259732  317
0.26005  381
0.260081  309
0.260232  305
0.260329  376
0.260336  176
0.260357  200
0.260397  183
0.26059  361
0.260664  360
0.260684  214
0.260725  60
0.260866  96
0.260887  64
0.260888  304
0.260988  287
0.261233  163
0.261568  283
0.262361  322
0.262515  289
0.262752  290
0.262784  348
0.26321  242
0.26348  315
0.264271  210
0.264551  345
0.26476  285
0.264869  277
0.265202  129
0.265333  83
0.265365  331
0.265538  105
0.265653  375
0.265856  371
0.266022  215
0.26613  395
0.267296  75
0.267301  278
0.267412  145
0.267498  80
0.267815  251
0.267978  349
0.268338  306
0.268434  399
0.268466  357
0.268573  301
0.268703  91
0.268826  130
0.269123  156
0.269197  302
0.269435  335
0.269592  324
0.26975  248
0.26996  164
0.27016  325
0.270786  131
0.271226  166
0.271501  320
0.272037  169
0.272433  343
0.272475  172
0.272573  243
0.272601  5
0.272811  326
0.272847  185
0.273012  225
0.273112  139
0.273653  380
0.27378  179
0.273987  27
0.27412  88
0.274392  15
0.274469  82
0.274604  336
0.275106  38
0.275119  310
0.275422  329
0.2758  78
0.276502  307
0.27661  28
0.27706  352
0.27711  351
0.277125  363
0.277178  387
0.277254  368
0.277397  354
0.277437  161
0.277826  133
0.278343  308
0.278653  6
0.278966  79
0.279019  291
0.279242  104
0.279251  359
0.279599  323
0.27961  66
0.280385  396
0.28058  378
0.280908  86
0.281211  8
0.281402  355
0.281663  328
0.281867  275
0.281949  171
0.282132  158
0.28242  338
0.282916  257
0.283477  19
0.283614  72
0.283845  7
0.283952  346
0.28406  266
0.284293  383
0.284337  3
0.284416  370
0.284544  193
0.284545  77
0.285109  316
0.285331  390
0.285682  264
0.286003  9
0.286224  31
0.286643  255
0.286735  372
0.287065  337
0.287373  187
0.287403  68
0.287706  135
0.288208  239
0.288229  90
0.288288  247
0.288323  71
0.288381  318
0.288408  48
0.288639  382
0.288713  389
0.288784  1
0.289022  151
0.289142  347
0.289149  168
0.289163  118
0.289168  392
0.289324  173
0.289329  384
0.289453  57
0.28954  142
0.289701  99
0.289856  341
0.289857  312
0.289873  150
0.289996  344
0.290058  50
0.290251  37
0.290255  132
0.290325  174
0.290413  10
0.290591  358
0.29073  313
0.291019  36
0.291044  342
0.291058  350
0.291141  327
0.291264  377
0.291796  219
0.291907  189
0.292306  261
0.292561  330
0.292565  332
0.292763  209
0.292795  366
0.29285  340
0.29293  394
0.293019  128
0.293201  398
0.293248  379
0.2938  24
0.293937  244
0.294548  42
0.295158  339
0.295267  353
0.296095  97
0.296177  199
0.296586  74
0.296955  122
0.297525  393
0.297766  317
0.297941  238
0.298035  369
0.298208  385
0.29821  52
0.298296  76
0.298313  154
0.298597  196
0.298974  386
0.299121  360
0.299139  303
0.29924  263
0.299254  260
0.299324  321
0.299349  334
0.299521  198
0.299634  190
0.299734  361
0.3001  397
0.300751  302
0.301929  381
0.302304  279
0.302552  388
0.302576  286
0.302707  362
0.302919  293
0.303094  233
0.303277  178
0.303531  18
0.303798  159
0.303947  364
0.304123  322
0.304591  373
0.304591  356
0.304644  333
0.304915  300
0.307574  25
0.307657  391
0.307728  319
0.308908  357
0.309578  203
0.309578  49
0.309597  195
0.309969  177
0.309979  345
0.310611  272
0.31065  304
0.310936  314
0.311086  165
0.311399  348
0.312115  236
0.3128  376
0.313102  221
0.31315  155
0.313156  120
0.313656  167
0.313735  32
0.314831  335
0.315534  271
0.315537  349
0.315678  148
0.3157  62
0.315762  73
0.3158  305
0.315832  315
0.316011  367
0.316031  365
0.316273  310
0.316375  136
0.316987  208
0.317464  395
0.317599  217
0.317864  267
0.318223  17
0.318246  276
0.318303  216
0.318409  297
0.318446  87
0.318511  213
0.318748  309
0.319082  396
0.319546  141
0.319576  53
0.31964  363
0.319827  121
0.320091  153
0.320142  324
0.320433  80
0.320559  292
0.320655  352
0.320842  59
0.320984  226
0.321007  107
0.321303  301
0.321309  299
0.321568  390
0.321571  380
0.321649  144
0.321837  105
0.321862  399
0.321902  44
0.322193  325
0.322389  81
0.322578  21
0.322847  374
0.323155  337
0.323155  320
0.323786  194
0.3239  126
0.324511  125
0.324612  323
0.325122  311
0.325472  375
0.32574  56
0.325771  235
0.325951  394
0.326189  354
0.326289  11
0.326364  29
0.327336  14
0.327408  0
0.327743  353
0.327836  282
0.327837  268
0.327983  343
0.32802  346
0.328171  269
0.328229  338
0.328295  306
0.328528  330
0.32854  171
0.328685  326
0.328741  242
0.329052  371
0.329519  368
0.329727  378
0.32982  41
0.329913  351
0.331238  223
0.332411  108
0.332534  249
0.33285  281
0.333248  382
0.333342  389
0.333453  222
0.333509  366
0.333634  16
0.333645  316
0.333649  117
0.33399  329
0.334024  331
0.334166  387
0.334196  358
0.334394  241
0.335594  58
0.335722  96
0.33577  133
0.336197  113
0.336478  318
0.337064  2
0.337237  39
0.337467  100
0.337522  360
0.337677  313
0.337796  377
0.337813  328
0.337931  284
0.338072  123
0.338271  185
0.3383  298
0.33833  339
0.338423  43
0.338533  229
0.338607  342
0.338631  4
0.338853  370
0.339174  344
0.33933  381
0.340277  327
0.340612  116
0.340734  397
0.340956  355
0.341555  379
0.341725  227
0.341761  10
0.342051  192
0.342157  111
0.342162  258
0.342369  12
0.342385  307
0.342404  65
0.3426  143
0.343647  204
0.343734  332
0.344528  40
0.344538  101
0.344555  34
0.344623  224
0.34482  303
0.345201  336
0.345334  359
0.345396  228
0.345437  184
0.345451  334
0.345597  197
0.345764  300
0.345835  9
0.345956  160
0.346381  98
0.346686  67
0.346989  106
0.347044  280
0.347094  149
0.347436  350
0.34747  175
0.34748  110
0.347576  202
0.347614  23
0.347617  256
0.347703  93
0.347851  391
0.347867  246
0.347926  205
0.347997  161
0.348095  347
0.348153  262
0.348198  180
0.348364  252
0.348435  361
0.34852  64
0.34855  285
0.348618  211
0.348683  89
0.348795  54
0.348836  296
0.34899  295
0.349016  308
0.349186  270
0.349229  118
0.349698  139
0.349765  264
0.349815  162
0.349902  33
0.349964  322
0.350011  385
0.350044  383
0.350199  398
0.350208  8
0.350407  372
0.350496  147
0.350506  170
0.350596  386
0.350704  137
0.350885  94
0.350982  218
0.351044  13
0.351155  84
0.351344  215
0.351396  20
0.351553  266
0.351628  49
0.351635  78
0.351643  30
0.351713  392
0.351791  220
0.351823  164
0.351866  302
0.351975  261
0.352103  369
0.352138  340
0.352184  294
0.352243  212
0.352297  393
0.352302  356
0.3525  289
0.352531  209
0.352588  312
0.352635  348
0.352931  206
0.352933  131
0.352987  287
0.353034  182
0.353092  127
0.353096  325
0.353249  187
0.353272  79
0.353345  341
0.353484  274
0.353584  384
0.353664  132
0.353721  314
0.353748  60
0.35378  319
0.353877  95
0.353897  176
0.354165  3
0.354383  376
0.354398  399
0.354473  374
0.354522  335
0.354723  364
0.355031  124
0.355094  291
0.355166  362
0.355204  352
0.355306  198
0.355347  45
0.355624  146
0.355837  349
0.356108  28
0.356491  373
0.356551  91
0.356697  388
0.356764  169
0.357025  102
0.357626  363
0.357861  375
0.357886  239
0.358035  301
0.358073  309
0.358218  333
0.358287  193
0.358381  183
0.358763  26
0.358964  337
0.359452  68
0.359634  200
0.360078  288
0.360157  358
0.360246  354
0.360269  345
0.36033  387
0.360405  324
0.360441  59
0.360776  323
0.361003  320
0.3613  346
0.361369  357
0.36161  232
0.362346  225
0.362496  368
0.363364  163
0.363697  390
0.363833  315
0.364038  396
0.364242  304
0.36443  181
0.364661  344
0.365219  371
0.365437  7
0.365611  342
0.365969  119
0.366942  351
0.367632  207
0.367972  367
0.368255  57
0.368337  353
0.368376  196
0.36852  394
0.368527  159
0.369376  240
0.36958  329
0.370134  283
0.370347  318
0.370383  18
0.370504  158
0.370679  6
0.37081  92
0.370902  35
0.371121  272
0.371573  278
0.371663  151
0.371683  311
0.371706  316
0.371734  343
0.371761  395
0.372122  326
0.372405  42
0.373267  310
0.373306  63
0.373454  338
0.373602  331
0.373631  381
0.37447  201
0.374583  69
0.374962  38
0.375295  107
0.375351  31
0.375798  370
0.375867  70
0.375903  321
0.375995  380
0.376707  328
0.37683  150
0.377087  80
0.377304  77
0.377571  46
0.378768  161
0.378992  317
0.379031  125
0.379194  112
0.379588  199
0.379726  76
0.379742  306
0.380058  56
0.380067  330
0.380258  37
0.380282  327
0.380605  167
0.380644  365
0.380686  389
0.380853  332
0.380897  378
0.381846  234
0.381973  377
0.382147  86
0.382315  313
0.382328  347
0.384629  307
0.384936  82
0.385024  233
0.385269  382
0.385297  251
0.385352  99
0.385457  203
0.385638  213
0.385908  133
0.38604  36
0.386788  93
0.387137  157
0.387674  303
0.387705  290
0.3879  259
0.388108  61
0.388412  154
0.388478  360
0.388488  75
0.388617  216
0.388807  87
0.38899  66
0.389002  391
0.389047  114
0.389386  121
0.389477  384
0.389884  219
0.389886  25
0.390171  179
0.390203  388
0.390338  1
0.390364  74
0.39039  271
0.390481  273
0.390526  4
0.390626  138
0.390698  392
0.390844  43
0.390936  359
0.39101  305
0.391019  300
0.391111  85
0.39118  366
0.391263  376
0.391319  237
0.391364  385
0.391388  90
0.391503  336
0.391576  103
0.391662  312
0.391669  374
0.391735  81
0.391766  131
0.391875  383
0.391995  249
0.392037  27
0.392945  265
0.393283  243
0.393526  308
0.393642  293
0.394032  379
0.394269  105
0.394665  393
0.395146  314
0.39581  341
0.39634  286
0.396374  130
0.396445  253
0.396649  5
0.39669  194
0.39698  276
0.397146  386
0.397182  375
0.397211  322
0.397241  399
0.39737  302
0.397425  362
0.397467  345
0.398277  284
0.398351  396
0.398371  109
0.39889  340
0.399249  348
0.399417  397
0.399956  361
0.400156  398
0.400174  390
0.400237  0
0.400495  339
0.401081  356
0.402297  349
0.403095  354
0.403203  369
0.403335  346
0.403551  373
0.405821  353
0.407173  395
0.407711  235
0.408549  319
0.409158  320
0.40966  304
0.410102  368
0.412378  113
0.41249  229
0.412505  334
0.41251  344
0.412536  325
0.413375  315
0.413419  309
0.415146  129
0.415287  342
0.416232  73
0.417268  363
0.417421  195
0.418112  372
0.418441  268
0.418729  19
0.418789  214
0.419348  55
0.419677  244
0.419793  11
0.420341  318
0.420356  311
0.420376  12
0.420686  48
0.420779  238
0.420792  189
0.420847  177
0.420927  226
0.420936  24
0.42105  324
0.421207  52
0.42121  352
0.421218  367
0.421234  371
0.421504  180
0.421614  394
0.421634  165
0.421893  51
0.422332  301
0.42269  351
0.42282  387
0.423046  277
0.423074  338
0.423202  299
0.423448  335
0.423868  68
0.423922  50
0.425047  115
0.425135  337
0.425733  355
0.42625  306
0.42626  44
0.426392  358
0.426711  190
0.4269  327
0.426901  364
0.426969  123
0.427607  136
0.427639  326
0.427991  261
0.429269  88
0.429362  382
0.429626  333
0.431177  332
0.431382  307
0.431602  294
0.431695  198
0.431949  279
0.432011  255
0.432305  104
0.432354  380
0.432413  323
0.432945  316
0.433068  100
0.433703  260
0.434262  79
0.434499  178
0.434512  377
0.434878  350
0.435007  151
0.435064  35
0.435365  310
0.435586  140
0.435812  72
0.436199  220
0.436341  269
0.436588  201
0.436834  132
0.436876  171
0.43694  297
0.437146  15
0.437515  210
0.437595  370
0.437795  30
0.437811  156
0.437936  96
0.437945  328
0.437945  222
0.438022  343
0.438046  186
0.438122  241
0.438124  378
0.438126  18
0.438161  65
0.438251  239
0.438437  143
0.438446  62
0.438498  329
0.438562  9
0.438735  148
0.438769  357
0.438892  138
0.438926  163
0.439063  84
0.439132  83
0.439198  365
0.439272  128
0.439273  122
0.439274  322
0.439303  191
0.439383  47
0.439442  232
0.439472  389
0.439525  144
0.439544  388
0.439863  330
0.439889  263
0.439967  300
0.440236  385
0.440249  321
0.440316  125
0.440516  187
0.440633  253
0.440739  76
0.440789  281
0.440933  291
0.441  166
0.441127  59
0.441314  22
0.441369  227
0.441464  53
0.441521  206
0.441596  250
0.441628  159
0.441674  101
0.441688  175
0.441691  336
0.441699  242
0.441775  168
0.441797  285
0.441835  347
0.441879  32
0.441954  71
0.44211  39
0.442134  66
0.442205  10
0.44227  212
0.442325  272
0.442331  396
0.442349  211
0.442361  392
0.442423  184
0.442437  317
0.442619  354
0.44269  37
0.442785  275
0.442838  102
0.442886  313
0.443  231
0.443043  149
0.443074  204
0.44334  145
0.44346  192
0.443513  112
0.44353  391
0.443578  379
0.443656  308
0.443665  196
0.443675  395
0.44381  398
0.44392  342
0.44396  312
0.443969  331
0.444176  384
0.44422  202
0.444228  8
0.444255  375
0.444344  120
0.444398  334
0.44446  374
0.444514  221
0.444674  399
0.444899  17
0.445111  369
0.445229  320
0.445301  348
0.445352  21
0.445655  91
0.445704  41
0.445781  45
0.445923  257
0.44599  38
0.446005  349
0.446058  337
0.446068  116
0.446123  381
0.446266  185
0.446335  188
0.446504  127
0.446551  34
0.446716  98
0.44685  314
0.446889  386
0.447213  248
0.447272  142
0.44761  290
0.447715  218
0.447849  172
0.448082  359
0.448384  376
0.448397  270
0.448516  134
0.448528  373
0.448556  64
0.448645  135
0.448654  296
0.448697  309
0.448883  230
0.448929  393
0.448943  390
0.4491  82
0.449133  160
0.449318  152
0.449371  356
0.449408  199
0.449469  319
0.449604  173
0.449623  303
0.449632  345
0.449799  293
0.449909  341
0.449967  327
0.450001  371
0.450178  6
0.450254  200
0.450535  289
0.45101  223
0.451113  302
0.451219  246
0.451241  383
0.451267  305
0.451305  340
0.451533  366
0.452442  360
0.452476  14
0.452993  361
0.453269  267
0.453525  372
0.453845  339
0.453915  292
0.454544  153
0.454583  245
0.454845  362
0.45485  56
0.454963  240
0.454974  234
0.45529  363
0.455482  219
0.455995  315
0.456202  397
0.456225  394
0.456401  133
0.456749  311
0.456976  81
0.457213  286
0.457325  118
0.457828  325
0.457894  380
0.458393  351
0.458804  295
0.459393  57
0.459823  364
0.460089  338
0.460168  155
0.460356  108
0.460382  344
0.460424  370
0.460763  318
0.460925  26
0.461036  276
0.46132  86
0.461911  33
0.461985  146
0.462289  158
0.462413  16
0.462488  224
0.462519  368
0.462647  301
0.462696  226
0.46278  333
0.462797  258
0.463029  203
0.4631  124
0.463269  353
0.463387  89
0.463703  367
0.464294  167
0.464352  324
0.464511  252
0.464882  378
0.465166  352
0.465306  298
0.465442  164
0.466529  283
0.466529  387
0.466845  346
0.46708  110
0.467402  114
0.467438  233
0.467558  205
0.467762  365
0.46796  2
0.468006  332
0.468271  126
0.468332  48
0.468789  287
0.468803  261
0.468886  306
0.468905  304
0.469027  95
0.469304  217
0.469364  329
0.469427  326
0.470093  316
0.470543  73
0.470617  247
0.471322  197
0.472254  256
0.472436  310
0.472581  388
0.472583  88
0.472631  236
0.472967  209
0.472976  28
0.473211  103
0.473311  161
0.473376  278
0.473408  265
0.4736  389
0.47362  347
0.473948  68
0.473979  121
0.47402  3
0.474189  63
0.474284  273
0.474297  358
0.474348  377
0.474458  104
0.474694  157
0.474805  396
0.47498  17
0.47499  183
0.47536  46
0.475481  328
0.475498  107
0.475501  398
0.475676  321
0.475866  94
0.475993  25
0.47613  77
0.476232  96
0.476371  323
0.476851  395
0.477644  52
0.477649  174
0.477784  42
0.477909  176
0.478035  153
0.478256  390
0.478297  20
0.478739  391
0.478816  162
0.478852  181
0.479343  215
0.479348  249
0.479401  58
0.47945  374
0.479472  147
0.479482  37
0.479485  334
0.47978  123
0.479966  85
0.480021  282
0.480046  119
0.480072  349
0.480435  317
0.480513  169
0.480561  4
0.48059  357
0.480616  308
0.480738  359
0.480778  131
0.481009  254
0.481141  18
0.48121  331
0.481275  375
0.481456  369
0.481462  190
0.481511  320
0.481733  300
0.481765  366
0.481772  335
0.481907  170
0.481989  44
0.482003  0
0.482091  303
0.482152  243
0.48236  385
0.482469  232
0.482534  382
0.48261  307
0.482724  237
0.483235  235
0.483326  293
0.483328  12
0.483415  394
0.483804  371
0.483869  302
0.484235  354
0.484259  384
0.484525  314
0.484559  228
0.485143  342
0.485292  189
0.485669  376
0.485772  13
0.485857  341
0.486333  313
0.487576  343
0.487662  309
0.487777  322
0.488238  50
0.488483  99
0.490286  319
0.490675  392
0.491444  383
0.491824  355
0.492413  348
0.492425  19
0.492714  339
0.493553  370
0.493577  194
0.493905  345
0.493937  360
0.494538  90
0.494671  373
0.49496  93
0.495251  271
0.49602  111
0.496053  305
0.496312  8
0.497314  350
0.497469  399
0.497548  134
0.497723  206
0.498027  325
0.498284  129
0.498487  379
0.498621  315
0.49879  36
0.498842  393
0.499617  340
0.500045  327
0.500179  71
0.500182  98
0.500529  337
0.501455  368
0.502139  381
0.502419  330
0.502576  312
0.502782  311
0.503055  301
0.504893  56
0.505803  253
0.507941  338
0.508551  121
0.50926  336
0.509436  358
0.509679  356
0.509804  117
0.509893  361
0.510374  182
0.510441  106
0.510808  364
0.510827  386
0.51128  244
0.511371  250
0.511473  225
0.511688  289
0.512012  91
0.51204  344
0.512114  132
0.512178  171
0.512219  362
0.513131  329
0.513538  296
0.513625  226
0.51363  196
0.513985  274
0.514039  100
0.514062  130
0.514082  380
0.514094  363
0.514213  365
0.514704  318
0.514784  103
0.515307  279
0.51531  60
0.515366  43
0.515415  333
0.515452  259
0.515514  175
0.515733  72
0.515762  251
0.515954  27
0.515982  150
0.516076  263
0.516201  79
0.516601  227
0.516889  396
0.517813  204
0.517914  191
0.518173  55
0.518661  268
0.518674  122
0.51873  269
0.518842  231
0.518846  92
0.518867  372
0.51888  152
0.519031  200
0.519041  307
0.519055  284
0.5191  213
0.51932  193
0.519465  324
0.5195  246
0.519595  397
0.519672  113
0.51977  310
0.519883  346
0.52023  101
0.520332  212
0.520438  332
0.520522  32
0.520796  306
0.520887  30
0.520924  294
0.521038  314
0.521317  328
0.521469  82
0.521529  238
0.521582  277
0.521608  240
0.521636  23
0.521893  280
0.52194  214
0.522251  218
0.522323  223
0.522367  290
0.522599  378
0.522728  159
0.522816  222
0.522889  62
0.522983  387
0.523068  11
0.523143  316
0.523247  199
0.523365  352
0.523376  59
0.523437  211
0.523486  69
0.523818  195
0.523876  241
0.523882  354
0.523953  61
0.523978  389
0.524085  143
0.524201  304
0.52424  286
0.524241  398
0.524244  156
0.524283  118
0.524327  394
0.524397  198
0.524419  87
0.524443  323
0.524487  136
0.524838  154
0.524872  158
0.524996  353
0.525023  313
0.525283  366
0.525359  367
0.525516  165
0.525576  51
0.525583  262
0.525797  97
0.525883  339
0.525931  326
0.525932  20
0.52608  391
0.526178  369
0.526243  9
0.526269  230
0.526514  382
0.527191  52
0.527854  349
0.52786  377
0.528475  109
0.528599  57
0.528828  297
0.529268  317
0.529611  342
0.529638  207
0.529659  376
0.529875  335
0.530362  217
0.53051  360
0.530536  65
0.531159  180
0.531232  321
0.53137  308
0.531473  320
0.531851  334
0.532018  341
0.532076  66
0.532226  322
0.532431  272
0.532497  343
0.532599  383
0.532678  325
0.532713  128
0.533015  348
0.533073  315
0.533096  267
0.533154  301
0.53331  371
0.534837  177
0.535554  49
0.53625  298
0.536915  41
0.537062  64
0.537225  351
0.537542  395
0.53764  384
0.537654  388
0.537859  71
0.538506  375
0.538506  144
0.538573  111
0.538725  234
0.539029  340
0.539735  35
0.540097  345
0.540326  29
0.540873  197
0.540924  68
0.541155  302
0.541187  242
0.541209  76
0.541346  356
0.541492  350
0.54166  357
0.541994  102
0.543087  381
0.543157  379
0.543392  276
0.543457  47
0.543578  361
0.543732  295
0.543945  1
0.544091  312
0.544157  368
0.544681  370
0.544993  53
0.545014  309
0.545277  104
0.545279  330
0.545395  163
0.545918  385
0.546432  22
0.546496  40
0.54727  78
0.547329  300
0.54752  245
0.547996  0
0.548024  292
0.548089  358
0.548124  359
0.548176  24
0.548241  362
0.54833  311
0.548644  303
0.548954  108
0.549709  329
0.550093  344
0.55052  319
0.550652  94
0.550711  331
0.551523  26
0.551923  318
0.552106  18
0.553407  189
0.553929  390
0.554094  393
0.554127  355
0.554163  399
0.554503  233
0.555015  266
0.555839  374
0.55619  120
0.556963  219
0.557163  91
0.557173  347
0.557393  333
0.558643  190
0.558644  373
0.559047  15
0.559263  264
0.559351  332
0.559447  287
0.559555  380
0.559569  88
0.559766  38
0.559803  235
0.560373  155
0.560391  327
0.560439  281
0.560692  145
0.560742  220
0.560824  336
0.561047  270
0.561064  283
0.561513  146
0.561519  3
0.561532  107
0.562192  337
0.5624  285
0.562661  172
0.562732  171
0.562885  392
0.562968  115
0.56313  305
0.563146  137
0.563179  42
0.563478  6
0.563502  85
0.563536  199
0.5636  77
0.563815  364
0.563923  249
0.563924  253
0.564181  224
0.56421  119
0.564327  236
0.564436  282
0.564479  28
0.564514  105
0.564588  84
0.564669  188
0.564819  307
0.56492  58
0.565144  299
0.565204  246
0.565222  257
0.565235  194
0.565359  50
0.565505  133
0.565518  86
0.565523  79
0.56555  63
0.565591  248
0.565606  74
0.565655  116
0.56584  366
0.565901  346
0.566024  181
0.566046  17
0.566097  338
0.566165  365
0.566167  353
0.566224  323
0.566296  255
0.566312  293
0.566343  216
0.566416  304
0.566478  386
0.566484  75
0.566516  153
0.566548  167
0.566684  280
0.566695  89
0.566789  11
0.566817  343
0.566887  179
0.566894  391
0.566925  126
0.566933  389
0.56714  313
0.567163  110
0.567284  187
0.567573  185
0.567576  121
0.567604  328
0.567636  209
0.567793  210
0.567815  160
0.567971  73
0.56828  367
0.56833  141
0.568457  99
0.568522  289
0.568691  12
0.5689  134
0.568987  168
0.569046  275
0.569049  354
0.56918  192
0.569348  150
0.569451  291
0.569481  261
0.569507  394
0.569511  396
0.569513  124
0.569613  382
0.569791  306
0.569843  161
0.569884  205
0.570006  372
0.570071  316
0.570077  31
0.570121  80
0.570204  229
0.570257  149
0.570389  341
0.570414  183
0.570459  39
0.570511  363
0.570602  7
0.570644  57
0.570645  324
0.570949  387
0.571269  221
0.57127  398
0.571427  314
0.571448  310
0.571481  252
0.571539  378
0.571606  301
0.571764  20
0.571802  70
0.571807  325
0.571893  218
0.571909  339
0.57202  54
0.572053  196
0.5721  34
0.572225  170
0.572397  377
0.572474  342
0.572606  335
0.572623  184
0.57319  321
0.573391  397
0.573418  43
0.573459  83
0.573649  14
0.573693  302
0.573788  21
0.57382  334
0.574166  166
0.574178  148
0.574519  395
0.574764  362
0.574957  326
0.574969  319
0.574981  359
0.57505  258
0.575292  214
0.575403  384
0.575546  278
0.575669  174
0.576165  44
0.576331  143
0.576346  300
0.576462  135
0.57662  315
0.576682  370
0.576945  308
0.576981  349
0.57726  360
0.577558  383
0.577614  381
0.57784  371
0.577845  311
0.578052  162
0.578093  152
0.578144  355
0.578151  379
0.57846  19
0.578521  303
0.578741  376
0.579016  138
0.579328  357
0.580121  356
0.580285  208
0.580326  374
0.580433  350
0.58078  312
0.581075  33
0.581086  318
0.582539  333
0.583287  340
0.583322  375
0.583637  329
0.583681  348
0.584907  331
0.585823  399
0.588438  230
0.590681  345
0.591218  16
0.592155  393
0.592455  309
0.592571  344
0.593434  322
0.595367  256
0.595573  390
0.595594  320
0.595832  2
0.596589  92
0.59679  337
0.5976  358
0.597875  317
0.597879  10
0.598574  71
0.59864  297
0.599007  388
0.599047  130
0.599262  93
0.599452  224
0.599526  351
0.600077  228
0.600804  338
0.600844  361
0.600918  323
0.600942  27
0.601166  298
0.601365  95
0.601376  332
0.601411  178
0.60231  247
0.602586  369
0.602705  385
0.602942  352
0.603733  204
0.604653  151
0.605255  62
0.605923  314
0.606423  296
0.606462  284
0.606881  118
0.607532  330
0.607566  250
0.607967  392
0.608399  268
0.608573  96
0.608699  175
0.608961  41
0.609445  220
0.609461  9
0.609696  37
0.609757  202
0.609789  201
0.609959  240
0.61011  24
0.610143  186
0.61017  45
0.610172  90
0.610201  263
0.610321  366
0.610336  265
0.610445  164
0.610543  72
0.610573  69
0.610651  173
0.610895  380
0.610911  368
0.610994  217
0.611121  142
0.611499  169
0.611599  117
0.611631  52
0.611654  225
0.611821  305
0.611841  123
0.612097  125
0.612335  26
0.61241  36
0.612477  365
0.612545  394
0.612552  4
0.612644  373
0.612688  310
0.612932  197
0.613017  70
0.613027  132
0.613186  13
0.613456  273
0.61346  386
0.613568  325
0.613697  78
0.613708  371
0.613736  328
0.614027  191
0.61404  182
0.614073  254
0.614192  367
0.614201  307
0.614301  65
0.614303  193
0.614478  244
0.61482  267
0.614847  288
0.615086  251
0.615363  342
0.615395  341
0.615696  353
0.615822  343
0.615839  75
0.61589  283
0.615896  336
0.615903  349
0.616041  189
0.616453  379
0.616645  347
0.616704  397
0.616944  226
0.617055  356
0.617237  348
0.617306  82
0.617602  312
0.617771  286
0.618132  387
0.618551  238
0.618688  326
0.618809  359
0.619165  362
0.619852  167
0.620252  384
0.620262  396
0.620342  321
0.620963  398
0.621065  370
0.621234  148
0.621309  48
0.621499  177
0.621744  383
0.622052  260
0.622061  144
0.622102  271
0.622481  364
0.622655  231
0.622765  237
0.623134  340
0.623798  301
0.624019  30
0.624034  378
0.624087  279
0.624371  302
0.624435  300
0.62459  303
0.62465  315
0.624687  346
0.625  22
0.625726  140
0.625789  274
0.62598  355
0.626078  100
0.626148  334
0.626356  128
0.627452  354
0.627587  294
0.62782  372
0.627908  391
0.62823  122
0.629084  318
0.629281  311
0.629706  266
0.629763  113
0.630239  357
0.630426  304
0.630736  14
0.630794  138
0.63144  333
0.631976  243
0.63239  393
0.632463  106
0.632859  97
0.632913  259
0.632919  308
0.633113  309
0.633361  363
0.633445  350
0.63355  10
0.633582  59
0.633731  32
0.634054  111
0.635698  0
0.636198  39
0.636255  163
0.636665  276
0.636929  322
0.636942  108
0.637307  381
0.637428  339
0.637509  156
0.637627  374
0.637775  290
0.637842  376
0.637858  68
0.637863  399
0.638007  49
0.638572  295
0.638634  313
0.638827  218
0.638962  389
0.639062  232
0.639267  337
0.639367  139
0.639378  239
0.639566  335
0.640083  74
0.640288  246
0.640722  5
0.640732  102
0.64084  319
0.640905  242
0.641224  377
0.641874  161
0.641909  375
0.642659  306
0.642822  17
0.642856  282
0.642886  316
0.64296  129
0.643192  320
0.64341  33
0.64365  222
0.643769  241
0.643965  155
0.644129  64
0.644157  20
0.644283  53
0.64441  382
0.644552  351
0.644615  183
0.644622  392
0.644747  213
0.644819  157
0.644896  285
0.645159  327
0.64534  219
0.645373  332
0.64539  291
0.645582  307
0.645748  107
0.646011  150
0.646394  344
0.646464  174
0.646558  147
0.646576  395
0.646587  252
0.646718  358
0.646775  172
0.646881  388
0.646884  330
0.647006  1
0.64739  361
0.647415  385
0.647862  338
0.647907  127
0.648005  331
0.649186  42
0.649248  188
0.649737  154
0.649821  60
0.649933  171
0.650006  203
0.650097  121
0.650147  120
0.65031  269
0.651042  227
0.651103  112
0.651349  7
0.651362  235
0.651669  198
0.651831  166
0.651983  61
0.652253  233
0.65235  34
0.652396  215
0.652397  101
0.6524  390
0.652403  360
0.652441  345
0.652444  170
0.652468  23
0.6526  312
0.65307  234
0.653081  207
0.653136  281
0.653236  114
0.653243  287
0.653267  131
0.653279  362
0.653352  25
0.65338  352
0.653588  168
0.653652  373
0.653687  47
0.653792  2
0.653831  185
0.653841  366
0.653854  329
0.65393  317
0.654073  135
0.654125  342
0.654354  184
0.654695  386
0.654854  123
0.65486  328
0.655003  310
0.65517  343
0.655322  223
0.65546  196
0.655709  324
0.655803  40
0.65581  370
0.655835  115
0.655887  15
0.656174  341
0.656298  81
0.656442  368
0.656723  325
0.656731  160
0.65676  348
0.657004  57
0.657176  357
0.657203  255
0.65739  98
0.658188  104
0.658336  359
0.658527  87
0.658534  367
0.658622  6
0.658625  396
0.658827  308
0.658868  136
0.658908  364
0.659045  119
0.659205  314
0.659223  94
0.659434  4
0.659464  292
0.65956  347
0.659732  397
0.66006  394
0.660099  384
0.66022  31
0.660299  353
0.660452  365
0.660705  55
0.66072  216
0.660891  130
0.66175  372
0.661797  300
0.662407  294
0.662703  76
0.66289  339
0.662914  189
0.66306  253
0.663103  398
0.66325  99
0.663406  77
0.665016  321
0.665224  248
0.665321  305
0.665654  380
0.665767  299
0.666001  18
0.666465  334
0.666502  205
0.666761  318
0.666802  303
0.666915  391
0.667108  336
0.667437  378
0.667488  229
0.667998  11
0.668357  340
0.66862  383
0.669146  333
0.670886  309
0.671393  152
0.671399  387
0.671987  326
0.672366  88
0.672946  27
0.672954  19
0.673383  350
0.673459  67
0.675749  323
0.675816  371
0.675862  260
0.675911  344
0.675973  51
0.675979  22
0.676004  346
0.677101  379
0.677141  355
0.67717  395
0.678291  279
0.678901  165
0.680352  221
0.680548  337
0.680739  301
0.680773  146
0.680812  30
0.680827  262
0.681458  354
0.681732  181
0.68203  392
0.682061  399
0.682358  38
0.68251  95
0.682533  249
0.682541  109
0.682576  349
0.682728  382
0.68276  134
0.682874  393
0.68292  201
0.682979  41
0.683418  69
0.683573  251
0.683677  271
0.683761  79
0.68418  315
0.684823  137
0.684873  113
0.684915  222
0.685123  375
0.685134  66
0.685242  284
0.685359  376
0.68563  200
0.685735  132
0.685775  389
0.685808  358
0.68622  311
0.686278  369
0.686566  85
0.686745  159
0.6868  374
0.686832  103
0.686932  335
0.686932  338
0.687625  187
0.687724  145
0.687819  212
0.68804  143
0.688134  302
0.688182  35
0.68851  153
0.688959  385
0.689161  320
0.6895  82
0.68976  147
0.689914  193
0.689983  388
0.690275  56
0.690326  384
0.690742  118
0.691056  142
0.691142  363
0.691593  390
0.691678  381
0.691696  356
0.691726  158
0.691849  16
0.69186  29
0.691875  167
0.691968  240
0.691993  351
0.69258  209
0.692629  150
0.692653  322
0.693118  140
0.693224  316
0.693477  164
0.693507  298
0.693813  289
0.694321  91
0.694555  286
0.694631  54
0.694647  377
0.694767  304
0.695118  224
0.695412  0
0.696301  331
0.696308  352
0.696546  373
0.696552  206
0.696599  327
0.696673  225
0.69688  177
0.696938  50
0.697186  272
0.6972  180
0.697691  277
0.697745  48
0.69775  397
0.697773  257
0.698123  396
0.698241  83
0.698281  183
0.698328  312
0.69835  78
0.698465  332
0.698727  63
0.698862  141
0.698922  343
0.698961  220
0.699062  365
0.699073  307
0.699181  341
0.699285  231
0.699554  313
0.69956  310
0.699571  124
0.699997  366
0.700264  391
0.700383  325
0.700737  105
0.701374  166
0.701547  169
0.701925  372
0.70238  329
0.702651  196
0.702688  20
0.7027  280
0.702772  36
0.703225  70
0.703599  96
0.703966  53
0.704207  43
0.704483  100
0.704621  324
0.704808  314
0.704811  306
0.704904  333
0.704926  8
0.704991  32
0.705448  364
0.705607  387
0.705616  26
0.705628  94
0.706029  347
0.706269  2
0.706386  45
0.706486  319
0.706564  340
0.706633  394
0.706904  230
0.707002  367
0.707221  350
0.707364  287
0.707683  362
0.7081  293
0.708143  192
0.708284  244
0.708305  228
0.708386  163
0.708528  345
0.708838  171
0.708959  330
0.709263  155
0.709286  357
0.709338  204
0.70949  208
0.709743  116
0.70987  44
0.710239  89
0.710312  213
0.710654  328
0.710659  37
0.710676  275
0.710768  380
0.71106  321
0.711106  75
0.711256  13
0.711283  245
0.711359  308
0.711477  361
0.711619  273
0.711649  342
0.711734  360
0.711803  14
0.712002  264
0.712591  348
0.71286  12
0.713108  176
0.713333  334
0.713396  368
0.71364  117
0.713756  256
0.71385  386
0.714042  197
0.714103  371
0.714118  154
0.714183  354
0.714208  198
0.714916  64
0.714992  359
0.715131  378
0.715187  305
0.71519  323
0.71536  1
0.715416  300
0.715622  65
0.716508  318
0.716632  315
0.717047  344
0.717304  71
0.717998  311
0.718269  370
0.720034  317
0.720108  149
0.720584  296
0.720668  303
0.720895  338
0.721243  393
0.721454  398
0.722099  301
0.722387  355
0.722585  210
0.723231  120
0.723467  199
0.723488  326
0.72364  374
0.723895  130
0.724455  383
0.725023  379
0.726354  226
0.726651  270
0.726693  102
0.726757  57
0.726933  23
0.727107  74
0.727222  382
0.727334  399
0.727878  131
0.728175  349
0.728193  190
0.728285  112
0.728742  363
0.728821  173
0.728905  385
0.729165  119
0.729444  21
0.729787  188
0.73014  259
0.730937  309
0.731371  339
0.731392  395
0.731444  139
0.731655  24
0.731732  335
0.731792  336
0.731865  62
0.731967  170
0.732037  281
0.732079  195
0.732427  238
0.732638  214
0.732896  322
0.733074  391
0.733249  297
0.733524  31
0.733692  5
0.733716  211
0.73375  132
0.733849  389
0.733911  39
0.734412  353
0.734669  223
0.734727  253
0.734983  288
0.735062  358
0.735103  217
0.735395  186
0.7355  375
0.735562  392
0.735595  97
0.735692  239
0.736606  272
0.736675  292
0.736944  46
0.736969  151
0.737073  67
0.737369  274
0.737419  127
0.737548  285
0.737599  397
0.737699  376
0.737782  156
0.737858  276
0.737887  237
0.737938  103
0.738127  73
0.73813  11
0.738236  72
0.7385  337
0.738563  316
0.738598  320
0.738646  384
0.738856  312
0.738896  178
0.73891  216
0.739148  194
0.739149  365
0.739328  233
0.739928  333
0.740013  390
0.740406  267
0.740641  243
0.740675  263
0.741052  366
0.741147  351
0.741276  302
0.741302  236
0.741351  101
0.741849  63
0.741871  84
0.741947  4
0.742056  381
0.742227  162
0.742371  319
0.742503  179
0.742507  396
0.742597  3
0.742626  251
0.743061  18
0.743664  254
0.743682  346
0.743954  327
0.743956  332
0.744032  342
0.74426  189
0.744723  108
0.744989  25
0.745125  295
0.745157  40
0.745178  356
0.74521  367
0.745507  175
0.745829  323
0.746162  7
0.746362  388
0.746514  278
0.746565  324
0.746608  250
0.746692  215
0.746758  331
0.746897  387
0.746913  258
0.747073  359
0.747127  314
0.74725  286
0.747294  252
0.747354  377
0.74839  184
0.748555  347
0.74882  34
0.749135  341
0.749314  369
0.749682  313
0.750694  79
0.750802  370
0.750854  125
0.750944  329
0.75123  330
0.751793  124
0.751858  9
0.752782  105
0.752829  371
0.752988  343
0.753297  299
0.75373  121
0.754079  345
0.754125  310
0.754196  49
0.754206  334
0.754347  325
0.754648  352
0.754859  357
0.755455  361
0.756236  344
0.7563  382
0.758135  88
0.758161  308
0.758318  373
0.758389  202
0.760014  200
0.760127  321
0.760392  138
0.760902  42
0.7611  113
0.761184  368
0.761606  181
0.762149  95
0.762489  209
0.762629  303
0.763777  10
0.763781  269
0.764046  283
0.764266  350
0.764353  348
0.764393  305
0.764537  311
0.76476  372
0.764768  89
0.766022  165
0.766117  317
0.766228  360
0.767191  304
0.767689  277
0.768027  85
0.768073  158
0.768178  27
0.768507  362
0.768529  220
0.769263  159
0.769268  364
0.769355  92
0.769482  185
0.769587  306
0.769613  301
0.769908  231
0.769929  261
0.77015  93
0.770452  355
0.770597  134
0.770649  300
0.770652  354
0.770939  315
0.771207  56
0.77121  57
0.771308  110
0.771602  229
0.771886  338
0.771954  8
0.772238  155
0.772376  55
0.773061  307
0.773246  309
0.773323  391
0.773421  33
0.773744  399
0.773836  22
0.774072  86
0.774274  58
0.774367  15
0.774392  363
0.774532  386
0.774695  378
0.774701  117
0.774875  335
0.775133  235
0.775578  287
0.775612  111
0.775721  353
0.776062  394
0.776597  81
0.776641  149
0.776692  374
0.776848  328
0.777544  271
0.777683  379
0.777734  60
0.777773  380
0.777973  192
0.778009  339
0.778698  160
0.778989  249
0.779189  78
0.780393  221
0.780906  167
0.781083  316
0.781112  366
0.781369  182
0.781482  318
0.781546  388
0.781709  375
0.7819  180
0.781974  376
0.782008  383
0.782907  322
0.78304  116
0.783851  12
0.783916  82
0.784546  234
0.78462  193
0.784872  128
0.785011  141
0.78548  312
0.785875  397
0.78615  398
0.786161  70
0.786362  248
0.786453  332
0.787372  371
0.787394  94
0.787627  133
0.787937  377
0.788034  144
0.788088  279
0.788224  281
0.788354  118
0.788442  29
0.788777  369
0.789209  323
0.789263  218
0.789278  333
0.7893  76
0.789333  54
0.789611  340
0.789697  39
0.789829  246
0.790088  302
0.790137  91
0.790263  382
0.79048  356
0.79086  48
0.79091  385
0.790955  14
0.790986  247
0.791433  336
0.791635  104
0.791711  115
0.792134  136
0.79227  87
0.792359  68
0.792801  30
0.792831  38
0.792939  244
0.793059  152
0.793537  150
0.793609  297
0.793832  314
0.793934  227
0.794066  98
0.794073  123
0.794136  191
0.794499  75
0.794523  176
0.794569  329
0.794672  140
0.794768  69
0.794997  219
0.795104  358
0.79535  350
0.795388  153
0.795402  252
0.795428  65
0.795446  17
0.795544  291
0.795567  255
0.79567  114
0.795711  344
0.79584  284
0.795871  90
0.795911  20
0.795969  396
0.795992  351
0.795999  52
0.796027  143
0.796071  384
0.796475  313
0.796479  61
0.796495  324
0.796591  132
0.796599  294
0.796679  37
0.796811  373
0.796882  342
0.796954  392
0.796954  330
0.797075  131
0.797228  361
0.797371  359
0.797384  107
0.79753  372
0.79756  43
0.797657  205
0.797761  36
0.797789  109
0.797893  303
0.797909  310
0.797927  183
0.798134  80
0.798595  32
0.798856  45
0.798932  327
0.798995  268
0.799005  381
0.799027  66
0.799031  225
0.799101  242
0.79916  47
0.799361  320
0.799519  387
0.799552  264
0.799771  260
0.800024  391
0.800034  278
0.800068  389
0.800079  362
0.800148  393
0.80046  390
0.800472  53
0.800595  146
0.800665  168
0.800799  139
0.800821  243
0.800921  370
0.801211  325
0.801317  186
0.801905  206
0.801975  274
0.802067  319
0.802138  395
0.80226  347
0.802409  349
0.802519  346
0.802963  296
0.803036  337
0.803273  367
0.803298  258
0.803691  270
0.804218  64
0.80423  240
0.804487  6
0.804654  236
0.804687  331
0.80482  341
0.805014  365
0.80559  88
0.805739  364
0.806287  363
0.806851  253
0.806967  357
0.807435  355
0.808255  326
0.808256  213
0.808414  311
0.808709  212
0.809519  315
0.809587  28
0.810032  376
0.811202  237
0.811213  378
0.811388  308
0.811539  125
0.811733  386
0.811995  328
0.812135  187
0.812293  374
0.813827  9
0.813863  321
0.813865  101
0.814459  348
0.814769  99
0.81519  172
0.815484  159
0.815484  388
0.815497  338
0.815948  343
0.815996  300
0.81618  148
0.8166  353
0.817035  345
0.817958  316
0.817959  105
0.818018  318
0.818341  208
0.818465  233
0.818593  290
0.819712  394
0.81974  266
0.820063  354
0.820075  239
0.820224  16
0.820614  44
0.820931  304
0.820941  380
0.821353  305
0.821577  230
0.82159  195
0.821887  368
0.822109  1
0.822292  21
0.822366  375
0.823189  371
0.823256  309
0.823415  398
0.82348  31
0.823664  273
0.82399  26
0.824237  288
0.824439  190
0.824818  301
0.824907  306
0.82493  339
0.825165  209
0.82565  352
0.82676  121
0.827838  211
0.828444  334
0.828582  135
0.828618  220
0.828673  7
0.829012  356
0.8294  130
0.829494  317
0.829858  322
0.829932  106
0.830945  385
0.830974  399
0.831007  41
0.832305  336
0.832333  332
0.832879  383
0.833042  360
0.833225  280
0.833761  126
0.833762  323
0.83381  77
0.834044  333
0.834272  379
0.834294  72
0.834885  102
0.835146  207
0.835241  199
0.835637  124
0.835658  119
0.836143  103
0.836429  5
0.836497  175
0.837079  307
0.837165  73
0.83727  347
0.837324  314
0.837361  63
0.837364  214
0.837421  35
0.838102  194
0.838212  120
0.838816  201
0.839247  49
0.839308  8
0.839331  97
0.839411  10
0.839418  303
0.839678  203
0.83969  50
0.839728  156
0.839789  361
0.839801  293
0.839858  198
0.8401  232
0.840287  289
0.840452  335
0.84064  24
0.840792  25
0.84086  277
0.840924  78
0.841045  324
0.841078  147
0.841188  350
0.841296  19
0.841311  37
0.841352  228
0.841364  325
0.841431  162
0.841448  11
0.841755  369
0.841769  79
0.842056  188
0.842233  313
0.842296  89
0.842353  292
0.842357  331
0.842376  95
0.842396  222
0.842423  359
0.842449  226
0.842543  372
0.842558  362
0.8428  249
0.84298  0
0.843148  275
0.843335  59
0.843409  283
0.843541  310
0.843545  210
0.843549  245
0.84363  330
0.843645  381
0.843652  32
0.8437  397
0.843775  391
0.843873  312
0.843928  161
0.844017  377
0.844118  70
0.844294  67
0.844575  298
0.844681  327
0.844686  84
0.844808  302
0.845198  251
0.845331  164
0.845511  177
0.84558  384
0.845973  374
0.84655  12
0.846735  160
0.846876  145
0.847233  366
0.847389  193
0.847428  396
0.847572  373
0.847615  151
0.847678  390
0.847748  340
0.847756  388
0.847829  319
0.847982  185
0.848015  114
0.848067  128
0.848225  387
0.848855  353
0.848877  355
0.849028  357
0.849128  154
0.849327  216
0.849365  71
0.849994  93
0.850289  137
0.850428  62
0.850916  94
0.850995  3
0.851114  370
0.851309  286
0.851468  250
0.851469  81
0.851507  200
0.851788  326
0.851874  224
0.852158  2
0.8523  329
0.852539  320
0.852543  358
0.852662  392
0.852696  60
0.853198  181
0.853315  268
0.853665  389
0.854126  308
0.854206  278
0.854357  272
0.854395  382
0.854513  23
0.854706  171
0.854772  349
0.854828  231
0.854843  276
0.855128  144
0.855251  378
0.855272  260
0.855345  295
0.855448  354
0.855477  238
0.855659  202
0.855835  393
0.855855  41
0.856193  141
0.856244  351
0.856487  311
0.856649  38
0.856686  247
0.856737  380
0.85678  40
0.857071  367
0.857082  321
0.857234  142
0.857346  100
0.857591  342
0.85765  318
0.857656  111
0.857777  218
0.857861  363
0.857892  182
0.858052  150
0.858665  338
0.858774  395
0.85905  346
0.859052  263
0.859296  309
0.859348  80
0.859927  87
0.860399  365
0.860807  343
0.861066  300
0.861123  96
0.861242  256
0.861676  344
0.86168  386
0.861721  166
0.861762  55
0.862758  270
0.862835  368
0.862836  244
0.86311  301
0.863296  376
0.863769  345
0.86419  364
0.865447  4
0.8656  155
0.865752  328
0.8659  282
0.866381  42
0.866403  267
0.866534  57
0.866646  265
0.866758  119
0.867004  234
0.867079  30
0.867144  348
0.867409  92
0.867527  127
0.867609  28
0.867736  322
0.86775  51
0.867779  352
0.867808  99
0.867949  333
0.867965  304
0.868014  264
0.868032  305
0.86811  285
0.868162  341
0.868183  169
0.868254  113
0.868258  34
0.868441  257
0.868486  192
0.868552  375
0.868658  179
0.868747  22
0.868801  339
0.86888  371
0.869101  385
0.869103  397
0.869411  399
0.869517  323
0.869771  44
0.870514  337
0.870629  98
0.871633  109
0.871881  1
0.872007  307
0.872112  398
0.872188  336
0.872218  269
0.872726  208
0.872868  47
0.873272  213
0.873349  369
0.873498  350
0.873996  316
0.874262  168
0.874386  242
0.874398  104
0.875139  105
0.87536  273
0.87561  198
0.875891  174
0.875986  332
0.876067  85
0.876172  306
0.876224  252
0.876229  27
0.87636  377
0.876585  215
0.876745  91
0.876822  138
0.876905  64
0.876968  356
0.87712  325
0.877692  13
0.878004  83
0.878447  359
0.878622  302
0.879073  315
0.87916  313
0.879183  327
0.87936  254
0.879498  122
0.879975  394
0.880055  189
0.880069  140
0.880156  317
0.880193  180
0.880198  129
0.880243  335
0.880578  284
0.880994  319
0.881257  266
0.881259  330
0.881403  362
0.882027  17
0.882066  262
0.882302  384
0.883015  258
0.883221  15
0.883457  82
0.883903  334
0.883957  153
0.884354  221
0.884581  360
0.884808  361
0.884968  176
0.885108  279
0.885325  274
0.88609  381
0.886251  163
0.886711  173
0.887203  314
0.887233  290
0.887271  184
0.887292  66
0.887402  387
0.887552  331
0.887693  303
0.887799  383
0.887844  121
0.887864  382
0.887901  167
0.888481  280
0.888625  370
0.888979  281
0.889142  53
0.88948  372
0.889506  321
0.889958  237
0.89062  21
0.890628  355
0.890659  259
0.891069  74
0.891564  223
0.891691  380
0.892262  311
0.892642  196
0.892804  340
0.89343  26
0.893477  261
0.893842  143
0.893933  33
0.893938  357
0.893941  110
0.893968  97
0.893999  293
0.894  300
0.894254  318
0.894531  326
0.894699  52
0.895042  186
0.895211  310
0.895254  245
0.895361  148
0.895382  86
0.895652  299
0.89567  374
0.896145  365
0.896253  312
0.896367  216
0.89647  61
0.896669  366
0.89672  235
0.896821  347
0.897216  354
0.89738  373
0.89752  395
0.89777  271
0.897779  275
0.898169  288
0.898509  353
0.898797  63
0.899116  392
0.899532  60
0.899771  139
0.89999  56
0.900248  115
0.90035  243
0.900814  187
0.900839  131
0.900935  227
0.901258  390
0.901258  341
0.90132  246
0.901321  391
0.901443  308
0.901809  132
0.902014  322
0.902025  191
0.902032  116
0.902224  346
0.902242  386
0.902367  48
0.90262  358
0.902712  77
0.902822  178
0.902855  328
0.903235  371
0.903328  36
0.903556  343
0.903875  209
0.903948  351
0.904007  268
0.904171  389
0.904309  298
0.904423  75
0.904451  192
0.904937  183
0.905821  324
0.905853  29
0.905865  393
0.906387  385
0.907413  397
0.907558  348
0.907734  45
0.907987  112
0.908069  108
0.90808  305
0.908218  320
0.908261  123
0.908448  158
0.908624  214
0.908709  349
0.908895  236
0.90891  313
0.909347  338
0.909533  339
0.909969  222
0.91038  363
0.910461  309
0.910487  207
0.910554  323
0.910563  199
0.910581  39
0.911151  359
0.911741  306
0.911819  344
0.912168  301
0.913083  32
0.913242  6
0.913595  20
0.914126  162
0.914466  399
0.914762  49
0.915137  379
0.91517  90
0.915637  114
0.91582  388
0.915952  307
0.915994  200
0.917116  40
0.917188  336
0.917706  295
0.917756  329
0.917814  352
0.91833  333
0.918463  62
0.918553  16
0.918702  368
0.918941  248
0.919323  46
0.919528  345
0.919697  247
0.919836  256
0.919889  212
0.919904  317
0.919949  98
0.92015  219
0.920411  378
0.920977  291
0.921185  54
0.921558  239
0.921714  396
0.922227  376
0.92232  100
0.92253  242
0.922552  161
0.922726  92
0.922804  331
0.922865  69
0.922916  278
0.922944  88
0.923187  337
0.923954  7
0.923995  316
0.924043  362
0.924147  302
0.924195  270
0.924244  95
0.924379  195
0.924634  197
0.924812  335
0.924871  130
0.925095  43
0.925106  64
0.925323  367
0.92534  118
0.925352  370
0.925607  253
0.925634  342
0.925654  330
0.925727  170
0.92584  44
0.926094  284
0.926122  72
0.926168  276
0.926254  229
0.926337  292
0.926377  327
0.926751  287
0.926818  241
0.926943  332
0.92704  398
0.927057  230
0.927278  154
0.927332  381
0.927433  202
0.927442  355
0.9277  356
0.928033  319
0.928225  382
0.928245  314
0.928347  350
0.928498  364
0.929201  126
0.929272  125
0.929351  325
0.929807  120
0.929899  296
0.930429  377
0.931118  257
0.931491  188
0.93186  147
0.932026  68
0.932376  365
0.932454  369
0.933007  18
0.933195  384
0.933203  304
0.933396  340
0.933605  104
0.933672  357
0.933731  300
0.934032  73
0.934398  361
0.934504  59
0.934608  228
0.934857  387
0.93644  101
0.937492  238
0.938028  372
0.938707  315
0.939057  360
0.939066  135
0.939517  37
0.93956  375
0.940119  194
0.940985  80
0.941064  146
0.941152  30
0.941209  322
0.941821  351
0.941847  85
0.94191  138
0.942295  45
0.942545  390
0.942574  127
0.942666  269
0.942818  35
0.943168  308
0.943279  310
0.94331  81
0.943353  173
0.943803  341
0.943948  374
0.943973  165
0.944107  137
0.944119  224
0.944206  251
0.944244  176
0.944259  395
0.944302  206
0.94459  312
0.944654  349
0.944878  385
0.944928  14
0.945174  227
0.945725  347
0.945826  363
0.945858  233
0.946305  354
0.946519  149
0.947038  50
0.947113  145
0.94714  28
0.947218  272
0.94724  294
0.947413  252
0.947433  155
0.947625  213
0.947744  65
0.947813  140
0.94801  392
0.948199  201
0.94824  266
0.948268  326
0.948291  273
0.948307  320
0.948385  211
0.94839  259
0.948876  41
0.94892  167
0.949135  393
0.949157  169
0.949189  366
0.949195  190
0.949267  134
0.949284  159
0.94946  198
0.949491  164
0.949514  172
0.949535  348
0.949614  124
0.949654  321
0.949669  334
0.949728  391
0.949851  346
0.949935  70
0.949945  111
0.950045  103
0.950145  102
0.950225  31
0.950247  285
0.950395  313
0.950426  175
0.950481  353
0.950725  359
0.950796  383
0.950941  311
0.950962  261
0.951069  181
0.951119  67
0.951463  189
0.951818  55
0.95184  338
0.951842  264
0.951886  22
0.951929  301
0.952148  323
0.952397  51
0.952434  371
0.95255  389
0.952922  244
0.953138  380
0.953149  394
0.953295  386
0.953403  223
0.953462  208
0.953505  185
0.953517  180
0.953553  373
0.953605  204
0.954237  262
0.954282  324
0.954334  87
0.95448  367
0.954513  205
0.954616  388
0.954665  355
0.95483  298
0.954861  144
0.954926  358
0.954964  345
0.954972  337
0.955196  398
0.955507  344
0.955558  307
0.956223  379
0.958403  91
0.959329  53
0.959332  27
0.959398  260
0.959501  263
0.959685  237
0.959806  362
0.959923  277
0.960139  121
0.960197  317
0.961328  221
0.961433  235
0.961938  3
0.961974  100
0.962026  336
0.962306  282
0.962707  327
0.962922  183
0.962939  58
0.96299  352
0.963049  110
0.963063  306
0.963091  17
0.963104  302
0.96325  89
0.96342  350
0.963558  76
0.963659  343
0.963906  220
0.964077  9
0.964384  339
0.964435  39
0.964505  333
0.964605  330
0.964825  0
0.964842  396
0.965211  171
0.965505  275
0.966074  119
0.966279  305
0.967171  106
0.967251  42
0.967471  318
0.967479  69
0.96759  365
0.967651  364
0.967982  249
0.968184  397
0.968195  325
0.968331  209
0.968583  179
0.96862  332
0.968742  378
0.969093  246
0.969491  322
0.969577  79
0.969745  316
0.969772  34
0.970026  105
0.970093  109
0.970798  24
0.971227  136
0.971328  329
0.971479  274
0.971599  290
0.971837  309
0.971863  331
0.971914  372
0.972032  96
0.972039  370
0.972058  328
0.972756  342
0.97279  303
0.973192  369
0.973196  25
0.973477  335
0.973774  122
0.974012  139
0.974852  376
0.974947  295
0.975193  384
0.975304  71
0.975864  299
0.975925  120
0.976  368
0.976143  281
0.976321  288
0.976689  361
0.977482  217
0.9775  12
0.97789  319
0.978053  304
0.978189  74
0.978446  399
0.978553  381
0.978642  38
0.978668  390
0.978752  174
0.978753  357
0.979025  157
0.979383  374
0.980038  200
0.980038  239
0.9807  286
0.980888  210
0.98094  93
0.98159  143
0.981734  314
0.981846  66
0.982113  44
0.98221  346
0.982221  218
0.982314  113
0.982339  215
0.982451  382
0.982647  19
0.982664  341
0.982768  203
0.983274  131
0.983425  315
0.983742  73
0.98378  395
0.983807  297
0.984072  2
0.984127  312
0.98465  240
0.985081  148
0.985208  367
0.985256  36
0.985629  380
0.986249  115
0.986836  293
0.986957  387
0.987003  383
0.987028  15
0.987256  182
0.987431  168
0.987451  349
0.987476  351
0.987481  340
0.987621  150
0.987659  254
0.987707  186
0.988026  40
0.988116  194
0.988196  16
0.988238  231
0.988242  78
0.988276  242
0.988407  118
0.988416  56
0.988653  77
0.988839  170
0.989013  84
0.989169  358
0.989257  152
0.989269  258
0.989309  300
0.989398  392
0.989614  245
0.989628  33
0.989824  123
0.989914  54
0.990029  255
0.990121  356
0.990151  311
0.990301  324
0.990348  334
0.99044  236
0.990445  135
0.990546  271
0.990626  394
0.990629  141
0.990745  352
0.990853  371
0.990938  214
0.991024  216
0.991046  46
0.991191  92
0.991454  323
0.991515  389
0.991539  386
0.992231  234
0.992319  8
0.992425  366
0.992474  310
0.992555  107
0.992905  326
0.993264  212
0.993424  29
0.993602  377
0.993628  62
0.993721  250
0.993725  308
0.994008  292
0.994014  388
0.994353  61
0.994366  354
0.994572  355
0.994596  26
0.994798  385
0.994918  126
0.99536  391
0.995604  247
0.995758  359
0.995873  20
0.995922  337
0.996061  243
0.996084  313
0.996327  202
0.996378  158
0.996722  301
0.997291  347
0.997475  363
0.997486  365
0.997819  302
0.998248  296
0.998504  99
0.998552  353
0.998721  375
0.999602  6
0.999679  307
0.999771  305
