0.0354009  102
0.037261  391
0.0374656  351
0.0380494  119
0.0383918  387
0.0384706  37
0.0385232  118
0.0388521  114
0.0395969  311
0.0397328  169
0.0399467  193
0.040539  33
0.0405455  142
0.0406221  216
0.0406822  380
0.0407223  220
0.0407628  240
0.0408001  295
0.0409404  250
0.0410407  248
0.0411517  132
0.0412907  56
0.0412938  365
0.0413785  269
0.0415014  318
0.0416171  354
0.041678  24
0.0417013  202
0.0417065  159
0.0417292  157
0.0417706  359
0.0417984  90
0.0418131  370
0.0419262  10
0.041931  329
0.04195  274
0.0419578  343
0.0419662  386
0.0419858  45
0.0420041  116
0.0420866  361
0.0421416  312
0.0421721  109
0.0421834  334
0.0422312  186
0.0423061  147
0.0423145  304
0.0423393  5
0.0423397  300
0.0423528  168
0.0423773  307
0.0424256  89
0.0424337  337
0.0425089  165
0.0425188  320
0.0425219  126
0.0425631  94
0.0425798  310
0.0425813  207
0.0427015  228
0.0427154  383
0.0427231  181
0.0428338  356
0.0428925  72
0.0429009  120
0.042909  271
0.042935  289
0.0429448  355
0.0429891  146
0.043014  392
0.0430507  184
0.0430765  388
0.0430799  28
0.0431379  27
0.043199  319
0.0432565  255
0.0432569  223
0.0433374  79
0.0433494  385
0.0433508  190
0.0434356  368
0.0434498  352
0.0434738  80
0.0434919  280
0.0435672  338
0.0435812  270
0.0435968  379
0.0436476  308
0.0436675  180
0.0436873  278
0.0437182  347
0.0437731  331
0.0437797  167
0.0438246  305
0.0438702  234
0.0439703  141
0.0439942  172
0.0440385  330
0.0440502  247
0.0441444  75
0.0441571  317
0.0441616  145
0.044223  110
0.0442979  315
0.0444297  394
0.0444807  3
0.0445743  104
0.0446065  237
0.0446287  335
0.0446601  372
0.0448171  339
0.0448351  375
0.0448936  393
0.0449323  364
0.0453499  349
0.0455026  155
0.045623  209
0.0456741  344
0.0457472  389
0.0457834  225
0.0457898  332
0.0458384  303
0.045881  374
0.0460871  321
0.046152  236
0.046168  148
0.0462183  336
0.0462482  325
0.0465115  362
0.0465196  222
0.0465209  322
0.0465592  384
0.0466388  281
0.0467799  328
0.0468309  6
0.046934  266
0.0470482  397
0.0470572  156
0.047149  88
0.0473134  358
0.0473329  306
0.0475129  105
0.0476443  366
0.0476787  360
0.0478818  367
0.0481536  226
0.0487444  152
0.0488219  382
0.0489099  85
0.0489907  135
0.0493365  399
0.0493555  316
0.0500323  340
0.050245  377
0.050408  342
0.0505279  187
0.051147  277
0.0511844  345
0.0517532  324
0.0517825  26
0.0519166  313
0.051937  301
0.0525985  398
0.0529207  57
0.0529367  396
0.0536241  309
0.0549379  373
0.0551586  283
0.0552455  50
0.05539  348
0.0555361  341
0.0560386  113
0.0565427  333
0.0569527  326
0.0575053  124
0.0577338  224
0.0580133  323
0.0584912  284
0.0600504  378
0.0603788  357
0.0617248  211
0.0623211  369
0.0625853  282
0.0627627  371
0.062925  298
0.0635268  350
0.0639485  166
0.0643008  376
0.0644448  327
0.065335  267
0.06683  302
0.0668652  395
0.0671458  353
0.0673254  29
0.0680414  39
0.0682116  205
0.0695816  87
0.0696226  314
0.0696526  136
0.0700036  231
0.0704339  91
0.0713757  363
0.0716912  2
0.0723422  199
0.0723472  46
0.0725607  183
0.0728495  64
0.0729683  287
0.0729774  286
0.0730547  163
0.0732327  98
0.0733171  351
0.0733332  294
0.0735994  108
0.0738331  63
0.0740064  217
0.074089  18
0.0741499  390
0.0745786  13
0.0746636  128
0.0749549  346
0.0751182  1
0.0754082  74
0.0755629  214
0.075627  0
0.075641  73
0.0756921  19
0.0759518  139
0.0760178  66
0.0761282  42
0.0761409  41
0.076167  292
0.0762584  204
0.0763366  176
0.076348  213
0.0764091  100
0.0768754  162
0.0768833  30
0.0769074  95
0.0769826  349
0.0770254  208
0.0770274  76
0.0770368  107
0.0770503  58
0.0770505  175
0.0770688  68
0.0770744  23
0.0771041  36
0.077125  242
0.0771338  15
0.0771459  252
0.0771899  149
0.0772888  279
0.077309  359
0.0773492  125
0.0773786  200
0.0774076  49
0.0774128  391
0.077427  48
0.0776207  285
0.0778654  171
0.0779435  4
0.07795  330
0.078013  259
0.0780191  160
0.0780295  150
0.0780888  276
0.0781109  230
0.0781236  338
0.0781577  170
0.0781852  381
0.0782249  321
0.0782949  61
0.0784337  34
0.078444  206
0.0784442  382
0.0784476  194
0.0784665  9
0.0784948  123
0.078499  198
0.0785611  137
0.0785787  92
0.0785825  81
0.0785948  161
0.0787095  7
0.0787493  65
0.0788107  97
0.0788277  254
0.0788465  387
0.0788684  273
0.078917  227
0.0789535  306
0.0789632  17
0.078989  215
0.0790414  158
0.0790797  133
0.0791135  59
0.0791207  258
0.0791996  134
0.0792079  62
0.0792232  218
0.0792651  185
0.0793727  263
0.0793743  60
0.0793906  249
0.0795345  182
0.079604  173
0.0796379  210
0.0796659  361
0.0796864  300
0.0796925  243
0.0797007  77
0.0797427  165
0.079744  307
0.0798269  151
0.0798437  304
0.079848  129
0.0798542  67
0.0798674  31
0.0798709  370
0.079893  308
0.0799552  86
0.0799712  241
0.0800388  310
0.0800796  55
0.0801278  290
0.0801338  360
0.080136  305
0.080142  112
0.0801669  388
0.0801817  192
0.0801875  261
0.0801976  356
0.0801998  201
0.0802394  70
0.0802492  115
0.0802664  257
0.0802683  348
0.0802716  83
0.0802746  396
0.0802792  358
0.080351  340
0.080354  384
0.0803945  334
0.0804286  322
0.0804717  372
0.0805128  106
0.0805144  385
0.0805359  380
0.0805683  24
0.0806493  238
0.0807317  303
0.0809011  362
0.0809019  317
0.0809411  373
0.0809509  47
0.08098  40
0.0810277  25
0.08103  352
0.0811234  343
0.0811594  318
0.0811997  69
0.0812316  386
0.0812374  54
0.0813556  316
0.0814366  320
0.0814653  272
0.0815878  374
0.0815919  20
0.081642  332
0.0816715  195
0.0818029  319
0.0818732  140
0.0820107  84
0.0820121  377
0.0820203  336
0.082069  392
0.0823283  38
0.0823776  389
0.0823783  378
0.0823835  379
0.0826481  302
0.0826829  32
0.0827408  339
0.0828688  325
0.082871  331
0.0831254  344
0.0831758  299
0.0835201  244
0.0835329  394
0.0835636  326
0.0836806  355
0.083806  347
0.0838454  383
0.0839003  312
0.0845488  398
0.084666  44
0.0851874  324
0.0857081  364
0.0858206  335
0.0858789  239
0.0859886  393
0.0860915  365
0.0864847  395
0.086862  367
0.0869168  188
0.0871473  329
0.0872473  301
0.0877725  264
0.0884323  366
0.088526  111
0.0886529  309
0.0893029  333
0.089537  21
0.0897466  375
0.0897909  179
0.0900368  311
0.0904308  288
0.0918819  328
0.091904  357
0.0926022  250
0.093025  369
0.0932914  197
0.0933928  245
0.0936541  337
0.0938248  342
0.0955282  251
0.0959173  399
0.0959372  345
0.096352  341
0.0966218  354
0.0979766  219
0.0980431  397
0.099639  269
0.100084  315
0.100978  275
0.101208  164
0.101505  146
0.101897  22
0.102201  246
0.102278  313
0.102914  323
0.103595  174
0.103734  16
0.103752  297
0.10471  130
0.10539  209
0.105614  363
0.105707  291
0.105707  11
0.105717  5
0.105828  221
0.105835  3
0.106764  368
0.107027  274
0.107179  135
0.107812  122
0.108048  102
0.108134  390
0.10902  381
0.109228  378
0.10972  305
0.109783  53
0.110108  43
0.110507  225
0.110529  181
0.110705  371
0.111488  359
0.111493  187
0.111702  131
0.111923  353
0.111939  191
0.112005  52
0.112262  374
0.112444  144
0.112803  388
0.11302  370
0.11304  268
0.113061  308
0.114139  322
0.114159  373
0.114226  114
0.114972  56
0.115579  226
0.115799  314
0.115988  339
0.116068  147
0.116215  351
0.116993  121
0.117107  110
0.117157  267
0.117845  318
0.118039  103
0.118833  255
0.11899  398
0.11904  260
0.11907  168
0.119246  14
0.119608  96
0.119786  6
0.11982  302
0.119898  265
0.119972  377
0.12011  304
0.120238  350
0.120451  117
0.120608  379
0.121797  348
0.121848  385
0.121957  10
0.122442  216
0.122576  277
0.122924  352
0.123052  393
0.123449  310
0.12393  79
0.124253  384
0.124312  17
0.124323  396
0.124355  99
0.124575  332
0.124674  18
0.125095  284
0.125111  94
0.125351  205
0.125399  12
0.125464  372
0.125842  177
0.125925  248
0.125994  88
0.126032  44
0.126106  325
0.12686  357
0.127194  190
0.127202  335
0.127212  389
0.127267  383
0.127272  344
0.127273  232
0.12743  392
0.127943  183
0.12802  321
0.12815  347
0.128218  300
0.128391  270
0.128604  365
0.12922  306
0.129384  380
0.129987  319
0.13004  54
0.130352  309
0.130438  375
0.130768  328
0.130823  236
0.130919  356
0.13136  151
0.132036  360
0.13397  82
0.13402  333
0.134437  364
0.134765  358
0.135456  387
0.135855  30
0.136871  382
0.137296  155
0.138229  93
0.138473  237
0.138972  303
0.139062  326
0.140096  361
0.140234  362
0.140491  337
0.140907  50
0.141399  295
0.142448  285
0.142813  178
0.142966  397
0.143206  180
0.143556  345
0.143873  154
0.144141  63
0.14484  336
0.144863  329
0.144947  394
0.145337  60
0.145447  294
0.145609  84
0.145756  316
0.146269  317
0.146931  391
0.1471  369
0.14735  307
0.147372  118
0.147881  139
0.148637  366
0.148831  386
0.148977  355
0.149218  346
0.149303  289
0.149541  162
0.149948  59
0.149982  194
0.150298  338
0.150916  320
0.150971  323
0.150996  171
0.151093  334
0.15158  107
0.151924  354
0.15223  256
0.152333  128
0.1524  330
0.153018  148
0.15334  367
0.153632  145
0.153639  341
0.154926  136
0.155358  123
0.15555  223
0.155622  224
0.155748  251
0.155775  324
0.156016  153
0.156529  47
0.156678  229
0.15685  89
0.15699  342
0.15702  92
0.157184  312
0.157291  104
0.157709  175
0.157917  215
0.158346  161
0.15847  35
0.159178  315
0.159351  29
0.15966  250
0.159709  327
0.159987  49
0.160234  4
0.160244  376
0.160443  264
0.160665  201
0.160774  399
0.160965  309
0.16103  218
0.161301  378
0.161736  314
0.161786  262
0.161868  371
0.161885  331
0.162123  9
0.162156  353
0.162341  141
0.162361  390
0.162392  210
0.162696  137
0.162745  173
0.162763  156
0.162821  283
0.162902  359
0.163022  261
0.16317  381
0.163189  195
0.16325  311
0.163256  343
0.16335  377
0.163386  349
0.163442  235
0.163516  351
0.163701  146
0.164106  298
0.164433  340
0.164455  278
0.164717  299
0.164717  189
0.164833  302
0.164974  313
0.165832  85
0.165978  212
0.165998  276
0.166764  280
0.167065  207
0.167081  368
0.167103  244
0.167313  26
0.167329  81
0.16736  105
0.167451  318
0.167466  286
0.168184  374
0.16862  373
0.16865  28
0.168897  48
0.168971  308
0.169047  306
0.16905  304
0.169075  111
0.169157  379
0.169199  372
0.169756  395
0.170337  87
0.170481  322
0.17057  325
0.17093  266
0.170983  51
0.171127  91
0.171522  392
0.171705  97
0.17172  204
0.17183  345
0.172061  370
0.17316  271
0.173347  288
0.173394  140
0.173788  296
0.174144  375
0.174414  369
0.174558  387
0.174631  72
0.174809  339
0.175247  321
0.175404  233
0.175731  241
0.176305  362
0.17647  269
0.176736  234
0.17698  186
0.177009  68
0.177227  228
0.17728  393
0.177343  344
0.177436  358
0.177485  21
0.177721  126
0.178338  25
0.178356  301
0.178382  293
0.178661  34
0.178745  360
0.17965  388
0.179884  305
0.179892  24
0.180068  380
0.180182  335
0.1802  211
0.180467  79
0.180551  389
0.180567  310
0.180606  169
0.180829  209
0.180832  248
0.181486  134
0.181759  243
0.181981  328
0.182161  200
0.182293  332
0.182432  55
0.182476  57
0.182597  364
0.182793  198
0.182846  333
0.18303  184
0.183443  245
0.183531  78
0.183657  38
0.183663  300
0.183861  103
0.183872  102
0.184171  294
0.184264  167
0.184601  397
0.185069  183
0.1851  100
0.185185  385
0.185423  119
0.185597  326
0.185607  116
0.185661  19
0.185675  98
0.185713  384
0.185749  65
0.185812  40
0.185924  363
0.186097  292
0.186314  143
0.186542  150
0.186598  12
0.186756  227
0.186786  240
0.18679  396
0.186836  138
0.187153  196
0.187275  365
0.187306  356
0.187323  86
0.187416  206
0.187659  27
0.187827  320
0.187884  336
0.187931  16
0.187984  391
0.188171  152
0.188362  394
0.188466  398
0.188675  323
0.188853  350
0.189017  124
0.189075  182
0.189249  231
0.189479  252
0.18964  307
0.189731  56
0.189736  257
0.189758  217
0.189815  157
0.189839  352
0.189919  66
0.189986  329
0.190182  316
0.190364  165
0.190712  383
0.190766  265
0.190783  194
0.190827  272
0.191253  386
0.191457  214
0.191529  166
0.19175  330
0.191876  348
0.192108  101
0.192195  346
0.192207  232
0.192985  318
0.193217  282
0.193481  277
0.193545  108
0.193593  20
0.194101  80
0.194183  225
0.194246  67
0.194269  338
0.194921  30
0.194988  133
0.195174  331
0.19518  254
0.19528  219
0.195333  2
0.195488  319
0.195577  377
0.195601  118
0.195658  303
0.19566  378
0.195669  6
0.195682  168
0.195759  122
0.195873  361
0.196076  193
0.196293  36
0.196422  132
0.196555  11
0.196558  366
0.196591  314
0.196629  15
0.19668  327
0.196806  23
0.196847  311
0.196887  354
0.19689  341
0.196897  376
0.19702  239
0.197144  77
0.197258  130
0.197328  205
0.197343  176
0.197472  367
0.19772  84
0.197799  145
0.197847  160
0.197953  347
0.198129  355
0.19814  255
0.198416  315
0.198447  64
0.198712  71
0.198893  113
0.198933  324
0.199022  220
0.199029  357
0.199034  309
0.199086  259
0.199186  54
0.199279  322
0.199294  342
0.199345  202
0.199393  353
0.199768  131
0.199782  112
0.200056  195
0.200206  106
0.200211  370
0.200257  155
0.20045  382
0.200589  308
0.201123  125
0.201325  390
0.201857  238
0.202095  46
0.202099  127
0.202221  144
0.202389  75
0.203117  226
0.203217  181
0.203446  312
0.20349  359
0.203634  334
0.203879  32
0.203903  22
0.20393  317
0.203962  340
0.20405  375
0.204706  149
0.205199  260
0.205311  399
0.205374  83
0.205521  0
0.205548  203
0.205836  201
0.205887  197
0.206014  8
0.206038  7
0.206081  72
0.206087  76
0.206118  343
0.206206  135
0.206429  156
0.206429  379
0.206507  41
0.206548  82
0.206591  304
0.206657  351
0.206666  31
0.20709  335
0.207132  365
0.207388  369
0.207419  381
0.20742  392
0.207589  61
0.207673  180
0.207727  237
0.207856  270
0.207939  393
0.207973  63
0.208229  164
0.208266  325
0.208328  302
0.208395  395
0.208501  337
0.208539  313
0.208577  117
0.208614  287
0.209103  222
0.209926  301
0.210232  58
0.210424  253
0.210522  339
0.210662  362
0.211075  344
0.211392  326
0.211421  51
0.211515  368
0.211663  88
0.211775  171
0.211964  374
0.212439  170
0.212904  389
0.213901  371
0.214017  115
0.214135  306
0.214267  388
0.214536  95
0.214667  246
0.214823  199
0.214894  159
0.215167  358
0.215327  241
0.215962  346
0.21628  60
0.216676  289
0.216835  110
0.217742  275
0.218355  120
0.218358  169
0.218466  364
0.218669  109
0.218901  297
0.21931  14
0.219537  25
0.219729  321
0.219749  52
0.219793  261
0.219876  274
0.220079  142
0.220356  380
0.220505  394
0.220562  209
0.220725  273
0.220758  345
0.221088  373
0.221806  330
0.221932  245
0.221936  230
0.222018  99
0.222253  39
0.222268  398
0.22244  372
0.222491  87
0.2226  73
0.222951  391
0.222956  251
0.222979  177
0.222993  221
0.223187  387
0.223233  154
0.223267  320
0.223399  190
0.223483  247
0.223597  363
0.223763  333
0.223992  213
0.224099  93
0.22423  352
0.22423  323
0.225239  360
0.225376  158
0.225549  174
0.225777  305
0.225891  188
0.22615  361
0.226176  229
0.227328  228
0.227624  48
0.227642  207
0.227933  356
0.228102  291
0.228179  192
0.228858  70
0.228883  349
0.228905  185
0.229167  350
0.229581  37
0.229852  148
0.229926  376
0.230026  334
0.230147  129
0.230193  153
0.230609  396
0.230941  152
0.231541  357
0.231573  94
0.232424  366
0.232538  336
0.23267  114
0.232866  331
0.232988  91
0.233079  392
0.233186  74
0.23354  354
0.233678  370
0.233702  116
0.233882  102
0.233911  123
0.233967  384
0.233971  236
0.234047  283
0.234128  315
0.234631  250
0.234928  337
0.23493  19
0.235021  59
0.235393  303
0.235734  307
0.235891  3
0.235932  328
0.236035  375
0.23645  264
0.236619  211
0.237146  35
0.237164  318
0.237408  348
0.237443  310
0.237614  332
0.237628  139
0.237879  351
0.238144  397
0.239039  2
0.239211  68
0.239338  342
0.23954  378
0.240079  300
0.240205  281
0.240519  205
0.240546  309
0.240972  98
0.241703  377
0.242167  311
0.242403  62
0.242697  38
0.24271  313
0.24288  279
0.243672  186
0.244224  55
0.244701  28
0.244846  316
0.245515  367
0.245623  327
0.245859  385
0.246711  338
0.246927  353
0.247419  343
0.247984  368
0.2484  218
0.249622  206
0.250088  86
0.250489  163
0.250806  299
0.251117  244
0.251132  308
0.251144  128
0.25123  382
0.251348  329
0.251959  9
0.252406  5
0.252608  319
0.252639  326
0.25292  379
0.253375  324
0.254442  101
0.254698  344
0.255006  267
0.25509  341
0.255155  386
0.255199  189
0.255251  359
0.255327  249
0.255518  69
0.255542  322
0.255885  72
0.25609  286
0.256221  216
0.256421  176
0.256833  317
0.257002  390
0.257111  389
0.257227  371
0.257508  225
0.257904  105
0.258272  112
0.25849  369
0.258541  340
0.258623  395
0.25875  362
0.2591  80
0.259884  394
0.260355  298
0.260433  231
0.260663  380
0.261507  150
0.261807  365
0.262406  175
0.262592  304
0.263248  301
0.263451  169
0.26355  237
0.263733  121
0.263861  170
0.264155  355
0.264348  78
0.264764  280
0.264943  314
0.265033  374
0.265171  136
0.265362  290
0.265656  306
0.265667  50
0.265763  4
0.266107  137
0.266281  90
0.266374  271
0.266629  17
0.266666  294
0.266837  347
0.267066  399
0.267123  34
0.26736  284
0.267507  79
0.26778  96
0.267854  40
0.267962  179
0.267979  45
0.26799  29
0.268232  321
0.268295  162
0.268446  85
0.268792  265
0.268862  141
0.269002  61
0.269097  194
0.269129  21
0.269183  120
0.269255  335
0.269405  268
0.26949  363
0.269564  383
0.269607  248
0.269645  339
0.269899  219
0.270113  52
0.270351  156
0.270384  364
0.270602  358
0.270648  393
0.270676  398
0.270686  312
0.270695  373
0.270876  333
0.271019  346
0.271178  224
0.271194  7
0.271579  292
0.2717  302
0.271751  391
0.272068  334
0.272217  351
0.272306  388
0.272468  161
0.272688  381
0.272994  200
0.273387  305
0.273397  77
0.274497  252
0.274535  345
0.274694  325
0.27474  64
0.274777  104
0.274787  372
0.274847  263
0.275322  181
0.275868  357
0.276552  19
0.277199  366
0.277201  336
0.277245  288
0.277537  384
0.277924  135
0.278791  243
0.278813  376
0.279638  352
0.280272  15
0.280278  151
0.280553  108
0.28077  182
0.281056  65
0.281158  199
0.281217  259
0.28136  323
0.2815  119
0.281924  217
0.28212  195
0.28226  222
0.282421  392
0.282605  370
0.282764  349
0.282772  63
0.282845  375
0.283027  227
0.283132  379
0.283296  235
0.283478  269
0.28365  309
0.283882  47
0.28413  330
0.284293  0
0.284309  278
0.28436  396
0.284625  43
0.284654  356
0.284719  303
0.284775  311
0.284842  11
0.284872  307
0.285088  67
0.28515  320
0.285166  193
0.286213  89
0.286613  310
0.286817  378
0.287098  111
0.287182  33
0.287265  387
0.28727  66
0.287317  154
0.287641  262
0.287803  342
0.287854  266
0.288026  159
0.288065  8
0.288155  348
0.288325  354
0.288464  178
0.28854  382
0.288735  332
0.288749  147
0.288983  58
0.289127  196
0.289932  350
0.289994  10
0.290864  338
0.291223  293
0.291402  328
0.291419  397
0.291423  360
0.291532  377
0.291883  385
0.292079  319
0.292139  258
0.292443  212
0.292866  168
0.292922  327
0.293319  210
0.293639  313
0.294058  316
0.294427  202
0.294735  18
0.294872  165
0.295549  369
0.295745  81
0.296002  23
0.29635  68
0.296403  326
0.296658  71
0.296848  122
0.297189  277
0.297374  230
0.297399  27
0.297617  353
0.297705  390
0.297745  317
0.297979  367
0.297985  254
0.298022  341
0.298126  142
0.298621  300
0.298772  361
0.298971  49
0.299168  344
0.299187  287
0.299513  395
0.299799  318
0.300044  321
0.300242  322
0.300412  56
0.301098  42
0.301215  242
0.301265  365
0.301689  75
0.301989  1
0.302353  343
0.302708  133
0.302731  173
0.302759  331
0.303195  359
0.303277  314
0.30387  140
0.303993  347
0.304014  324
0.30407  355
0.30432  192
0.304412  167
0.305005  272
0.305399  295
0.305792  204
0.306407  59
0.306432  394
0.306781  191
0.307008  393
0.307193  37
0.307285  340
0.307681  93
0.308222  36
0.308235  368
0.308341  172
0.309301  329
0.309456  362
0.309724  260
0.309999  276
0.310151  166
0.310415  70
0.310494  383
0.310556  13
0.310761  304
0.310896  386
0.311109  308
0.311385  203
0.311531  113
0.311674  215
0.312028  9
0.312032  337
0.312373  223
0.312433  399
0.312466  388
0.312808  46
0.312983  38
0.313023  103
0.313098  234
0.313205  175
0.313328  301
0.313549  125
0.313667  333
0.314044  253
0.314045  188
0.314508  180
0.314938  371
0.315026  389
0.315375  270
0.315698  380
0.316059  296
0.316111  197
0.316558  241
0.316569  130
0.31669  157
0.316829  145
0.316847  364
0.316925  87
0.317199  164
0.317381  311
0.317666  131
0.317896  174
0.318027  286
0.318049  312
0.318165  370
0.318173  398
0.318446  363
0.318758  201
0.318796  39
0.318892  226
0.319073  391
0.319209  325
0.319236  30
0.319323  229
0.319458  372
0.319615  74
0.319772  211
0.319946  143
0.320083  102
0.320202  205
0.320369  184
0.320744  206
0.320852  73
0.321193  328
0.321223  302
0.321386  116
0.321643  273
0.32201  84
0.322239  94
0.322274  44
0.32245  381
0.322825  351
0.323081  289
0.323104  339
0.323128  112
0.323224  335
0.323388  375
0.323412  309
0.32376  62
0.323919  35
0.323979  251
0.324041  153
0.324167  107
0.324211  109
0.324214  306
0.324229  384
0.324318  357
0.324334  315
0.324434  358
0.324585  281
0.324789  60
0.32483  139
0.324835  4
0.324916  61
0.324946  376
0.324965  365
0.325038  366
0.325611  95
0.325757  334
0.325881  307
0.326117  238
0.326568  220
0.32686  123
0.326943  26
0.327077  183
0.327125  396
0.327174  300
0.327668  144
0.328095  170
0.328162  360
0.328242  97
0.328374  387
0.328403  348
0.328682  100
0.32887  31
0.329931  336
0.330252  320
0.330607  3
0.33067  305
0.330802  323
0.330842  224
0.331175  331
0.331462  208
0.331515  382
0.331529  137
0.33155  377
0.331568  342
0.331746  341
0.331784  299
0.331837  106
0.332144  303
0.332379  346
0.332644  83
0.332811  194
0.332848  352
0.333112  213
0.333231  12
0.333287  171
0.333955  2
0.334026  350
0.334788  275
0.335075  186
0.335303  5
0.33595  397
0.336044  392
0.336171  374
0.336354  225
0.336486  221
0.336527  373
0.33665  92
0.336835  22
0.33686  319
0.336977  54
0.33707  345
0.337842  43
0.337973  378
0.338037  1
0.338109  293
0.338149  330
0.338423  195
0.338427  393
0.338589  314
0.33862  385
0.339115  367
0.3395  329
0.340287  386
0.340305  283
0.340608  25
0.340617  55
0.340644  379
0.340753  51
0.341096  255
0.341164  310
0.341321  249
0.341362  349
0.341782  115
0.342411  214
0.342953  321
0.343792  132
0.344594  82
0.3449  338
0.344916  114
0.345043  222
0.345133  362
0.345154  34
0.34547  158
0.34554  326
0.345935  8
0.346197  150
0.34634  53
0.346346  148
0.346414  332
0.3466  327
0.346747  344
0.346826  371
0.346872  239
0.347177  126
0.347207  240
0.347625  356
0.347667  394
0.347768  317
0.347954  294
0.348549  297
0.348792  147
0.34893  313
0.349648  113
0.349672  347
0.349684  16
0.349892  355
0.350269  395
0.350307  177
0.350309  354
0.351508  264
0.351755  274
0.351767  390
0.351844  318
0.352066  250
0.35228  243
0.352453  69
0.352723  120
0.352895  359
0.353033  291
0.353239  64
0.353337  263
0.353815  364
0.354041  11
0.354048  322
0.354257  279
0.354329  370
0.354485  353
0.35465  383
0.354847  308
0.354889  337
0.355188  369
0.355227  185
0.355677  66
0.355896  304
0.3574  363
0.357655  316
0.357685  381
0.357695  232
0.358198  301
0.358868  0
0.359343  228
0.359786  257
0.360441  129
0.361227  328
0.36159  216
0.361638  162
0.36165  247
0.362025  305
0.362177  41
0.36337  340
0.363676  396
0.363685  399
0.363697  309
0.364087  285
0.364551  33
0.365253  111
0.365453  71
0.365477  388
0.365712  361
0.365786  65
0.365844  375
0.366489  380
0.366526  80
0.367287  176
0.367443  358
0.367672  159
0.367787  110
0.368202  391
0.368467  384
0.368857  231
0.368947  182
0.369007  24
0.369252  343
0.369575  325
0.369816  98
0.370151  138
0.370265  261
0.370282  278
0.370324  324
0.370962  311
0.370974  306
0.371017  81
0.371542  334
0.371556  198
0.371903  288
0.372092  373
0.37211  298
0.372127  350
0.372136  312
0.372201  192
0.372829  128
0.373248  179
0.373793  246
0.373966  387
0.374175  333
0.374626  117
0.374707  377
0.374984  168
0.375022  136
0.375076  207
0.375639  13
0.375722  149
0.376166  280
0.376314  90
0.376329  378
0.376458  105
0.376524  108
0.376594  315
0.376649  29
0.376652  346
0.376726  367
0.377072  172
0.377077  212
0.377352  85
0.377452  360
0.377668  307
0.377846  59
0.378198  196
0.378333  99
0.378548  272
0.378956  245
0.379027  146
0.379065  300
0.379197  341
0.379377  348
0.379776  160
0.379994  321
0.380044  314
0.380069  21
0.380089  349
0.380238  155
0.380309  49
0.380367  210
0.380387  187
0.380451  351
0.38049  374
0.380553  37
0.380612  47
0.380674  290
0.380716  96
0.381064  48
0.381074  389
0.381152  218
0.381167  164
0.381301  124
0.381434  266
0.381521  193
0.381577  320
0.381578  173
0.38171  317
0.381841  371
0.381898  302
0.382169  252
0.382169  209
0.382518  10
0.382789  352
0.382906  201
0.383479  365
0.383489  355
0.383582  362
0.383647  344
0.383854  123
0.383952  58
0.384169  244
0.384363  397
0.384524  87
0.38453  345
0.384782  392
0.384969  265
0.385024  322
0.385056  366
0.385298  22
0.385855  323
0.385882  393
0.385891  200
0.385948  107
0.386078  86
0.386117  206
0.386433  369
0.386611  357
0.38686  383
0.386932  319
0.38694  336
0.387259  342
0.387667  385
0.388183  181
0.3886  18
0.3889  376
0.389175  329
0.389472  368
0.391216  89
0.392164  140
0.392258  256
0.392644  12
0.393028  382
0.393546  331
0.393896  20
0.393906  330
0.394236  70
0.39472  390
0.394729  335
0.395448  372
0.395814  121
0.395963  292
0.396099  327
0.396255  386
0.396373  270
0.396404  282
0.396658  398
0.396744  303
0.397709  15
0.39771  19
0.398447  233
0.399249  379
0.39996  94
0.400518  359
0.40065  166
0.401006  32
0.401038  308
0.401257  88
0.401451  384
0.40163  175
0.401649  205
0.401676  76
0.401927  180
0.402305  370
0.402313  45
0.402597  394
0.402646  337
0.402879  353
0.402959  363
0.40299  3
0.403069  297
0.403081  361
0.403166  316
0.403301  324
0.403396  230
0.403858  56
0.40393  213
0.404054  289
0.404417  268
0.404897  364
0.404984  318
0.405044  163
0.405729  260
0.40579  395
0.405857  68
0.405956  304
0.406001  122
0.406253  165
0.40634  262
0.406735  54
0.407071  52
0.407403  310
0.407428  347
0.40764  91
0.407702  340
0.408087  118
0.408169  104
0.40834  391
0.408482  396
0.408713  313
0.408714  102
0.408829  178
0.408941  135
0.40928  269
0.409345  151
0.409784  169
0.409923  127
0.410045  133
0.410083  227
0.4101  229
0.410207  145
0.410737  356
0.410965  189
0.411033  332
0.411536  360
0.412032  14
0.412194  77
0.412771  119
0.413113  134
0.413113  286
0.413135  40
0.41318  375
0.413298  238
0.41343  281
0.413464  354
0.413516  277
0.413641  373
0.413645  208
0.413676  194
0.413694  305
0.413707  116
0.413785  326
0.413885  346
0.413891  241
0.414115  199
0.414142  6
0.414216  17
0.414304  132
0.414356  74
0.414369  325
0.41445  167
0.414661  95
0.414714  158
0.41474  276
0.414776  399
0.414837  253
0.415345  82
0.41538  211
0.41552  380
0.415566  343
0.415634  190
0.415774  338
0.415838  239
0.416237  275
0.416276  183
0.416359  312
0.416464  72
0.416516  197
0.416522  35
0.416579  388
0.416589  36
0.41661  381
0.416611  374
0.416678  350
0.416689  27
0.416703  62
0.416757  131
0.416814  171
0.41724  125
0.417508  26
0.417509  73
0.417645  302
0.417733  100
0.417919  42
0.417992  226
0.41808  33
0.418101  383
0.418126  348
0.418162  237
0.418213  344
0.418341  9
0.418348  30
0.418465  195
0.418728  142
0.418946  236
0.418956  328
0.418992  334
0.419048  341
0.419306  301
0.419334  143
0.419398  31
0.419621  352
0.419704  137
0.419887  75
0.420034  130
0.420226  387
0.420401  397
0.420526  161
0.420611  184
0.420623  311
0.420686  215
0.420784  307
0.420869  321
0.420969  234
0.420972  203
0.421036  309
0.421152  369
0.421303  365
0.421343  339
0.421367  345
0.421552  251
0.421732  57
0.421979  103
0.422139  377
0.42215  362
0.422534  300
0.422883  28
0.423145  389
0.423304  371
0.423392  293
0.423857  248
0.423945  34
0.424007  217
0.424113  146
0.424246  296
0.424338  336
0.424931  351
0.424964  329
0.425415  202
0.425833  25
0.426425  306
0.426571  335
0.426877  214
0.426987  105
0.427102  322
0.427211  80
0.427407  378
0.427598  18
0.428062  359
0.428258  224
0.428297  98
0.428882  368
0.428982  370
0.429331  108
0.429821  333
0.429828  367
0.429863  235
0.429927  316
0.43036  358
0.430578  386
0.431099  176
0.43175  24
0.431776  324
0.431791  327
0.43185  153
0.432355  50
0.432567  315
0.432618  294
0.432962  23
0.433221  191
0.433336  172
0.43336  67
0.433452  185
0.43396  221
0.434102  114
0.434229  128
0.434294  314
0.434471  323
0.434783  372
0.434905  247
0.435135  249
0.435137  320
0.435182  331
0.435234  79
0.435247  330
0.435385  1
0.435618  177
0.435719  94
0.435848  353
0.435919  355
0.436082  366
0.436113  264
0.436239  43
0.436288  206
0.436326  147
0.436327  317
0.437037  182
0.437097  271
0.437121  349
0.437989  303
0.438404  148
0.438959  393
0.439084  243
0.43909  364
0.439329  124
0.439465  304
0.439885  395
0.44111  112
0.44149  159
0.441983  287
0.44217  313
0.442248  347
0.442368  382
0.442442  93
0.442491  318
0.44261  319
0.442758  379
0.443328  84
0.443335  78
0.443679  363
0.443754  398
0.443973  179
0.443975  49
0.444238  225
0.446106  394
0.446383  204
0.446389  279
0.446876  240
0.447214  51
0.447568  384
0.44782  308
0.448176  342
0.448202  356
0.448313  396
0.448498  85
0.448521  55
0.448582  263
0.449627  376
0.449653  374
0.450224  385
0.450464  265
0.450654  357
0.450806  390
0.450969  346
0.451487  337
0.452176  69
0.45229  255
0.45232  267
0.452526  139
0.452969  113
0.453138  375
0.453179  301
0.454556  39
0.455361  165
0.455492  48
0.455731  340
0.456086  152
0.456185  117
0.456442  381
0.456893  297
0.456949  325
0.458284  328
0.458814  126
0.458817  216
0.45896  232
0.459163  231
0.459243  283
0.459268  348
0.459327  277
0.459335  254
0.459354  192
0.459516  373
0.459563  21
0.459586  332
0.459676  2
0.459773  12
0.459797  380
0.459808  142
0.460005  218
0.460107  180
0.460303  193
0.460455  63
0.460595  299
0.460783  326
0.461043  60
0.461064  360
0.46134  311
0.461501  388
0.461637  336
0.462303  163
0.462467  89
0.462485  123
0.462597  250
0.462635  257
0.462715  295
0.462791  288
0.462837  362
0.462944  345
0.463065  149
0.463316  154
0.463413  74
0.463414  11
0.463797  222
0.463838  223
0.464242  155
0.464707  8
0.464745  309
0.464762  284
0.464891  111
0.464976  389
0.46526  44
0.465521  10
0.465531  107
0.465568  307
0.465653  141
0.465794  259
0.465798  383
0.465865  399
0.465865  322
0.46594  387
0.465941  5
0.465959  392
0.466113  367
0.46618  397
0.466218  173
0.466272  344
0.466331  140
0.46635  391
0.466514  378
0.466531  273
0.466582  58
0.466685  242
0.466737  359
0.466764  358
0.466839  15
0.466868  253
0.467295  175
0.4673  333
0.467369  361
0.467491  302
0.467764  150
0.467816  352
0.467994  27
0.468058  61
0.468124  209
0.468276  234
0.468496  286
0.46883  174
0.468866  272
0.468968  76
0.469018  45
0.469095  350
0.469323  38
0.469517  213
0.46966  335
0.469695  252
0.469711  370
0.469865  92
0.46989  83
0.469999  305
0.470124  119
0.470194  355
0.471156  88
0.471169  372
0.47133  157
0.471877  386
0.471956  144
0.472037  369
0.47209  7
0.47238  306
0.472443  366
0.472471  395
0.472498  371
0.472936  53
0.473177  227
0.473309  219
0.473575  220
0.473661  164
0.473906  339
0.474042  9
0.474172  106
0.47427  101
0.474299  251
0.474391  320
0.474474  316
0.474508  292
0.474551  290
0.474675  6
0.474842  321
0.47487  354
0.475098  338
0.475155  329
0.475783  24
0.475792  65
0.476618  331
0.476944  16
0.477289  103
0.47743  379
0.47782  202
0.47786  349
0.478011  145
0.478811  374
0.478856  233
0.479369  343
0.479502  50
0.479584  376
0.479687  300
0.479698  156
0.479984  298
0.480018  315
0.480318  312
0.480334  228
0.480369  334
0.480516  187
0.480929  303
0.480946  244
0.481082  304
0.481676  31
0.48208  317
0.482406  318
0.482547  337
0.482572  236
0.484183  390
0.484511  365
0.484564  314
0.484609  77
0.484763  341
0.485283  396
0.486086  42
0.486094  323
0.486358  207
0.487107  360
0.489343  377
0.490163  64
0.490291  351
0.492085  0
0.492108  93
0.492301  208
0.492306  104
0.492351  330
0.492386  324
0.492617  398
0.49268  266
0.492737  342
0.492763  146
0.493657  130
0.493729  325
0.49384  281
0.493923  198
0.494198  393
0.494225  327
0.494977  293
0.49541  214
0.496568  261
0.496633  13
0.49717  62
0.497334  353
0.497402  14
0.497449  346
0.497681  39
0.497804  345
0.497869  90
0.497876  91
0.497876  348
0.498422  357
0.498508  22
0.498582  168
0.498714  258
0.498828  195
0.498901  319
0.498997  384
0.499186  363
0.499378  373
0.499581  196
0.499735  385
0.500045  310
0.500313  136
0.500864  134
0.501171  332
0.501344  291
0.501776  133
0.501802  388
0.501814  375
0.502182  47
0.502226  309
0.502638  98
0.503782  143
0.504044  361
0.504166  296
0.504197  389
0.504306  37
0.504917  110
0.504974  69
0.505325  200
0.505531  381
0.505664  336
0.505811  378
0.505965  320
0.506545  333
0.506926  97
0.507301  280
0.507606  66
0.507665  102
0.507672  174
0.507921  131
0.508058  368
0.508111  1
0.50813  382
0.508539  135
0.508989  289
0.509121  87
0.509358  311
0.509908  71
0.510297  74
0.510316  3
0.510767  114
0.510785  255
0.510971  347
0.511223  308
0.511238  364
0.511425  322
0.511718  132
0.511745  397
0.511864  278
0.512035  270
0.512585  176
0.512653  205
0.512662  362
0.512676  162
0.512715  167
0.51287  17
0.512897  279
0.513162  271
0.513332  301
0.513726  183
0.513831  328
0.514001  68
0.514117  316
0.514132  197
0.514316  256
0.514418  70
0.514476  335
0.514606  35
0.514698  112
0.51475  158
0.514835  59
0.514963  36
0.515001  20
0.515027  30
0.515057  262
0.515135  392
0.515207  344
0.51525  78
0.515679  340
0.51601  313
0.516201  215
0.516473  211
0.516652  326
0.516779  125
0.516855  358
0.516982  287
0.517094  89
0.517329  306
0.517373  175
0.517586  399
0.517953  153
0.518066  249
0.518082  75
0.518088  321
0.518349  356
0.518668  160
0.518841  329
0.518913  181
0.519076  159
0.519188  201
0.519626  394
0.519677  339
0.520054  246
0.520234  139
0.520256  305
0.520355  277
0.520437  387
0.520616  67
0.520622  151
0.520905  369
0.520948  222
0.52098  359
0.521053  366
0.52122  302
0.521282  217
0.521325  82
0.521388  109
0.521479  96
0.521632  178
0.521634  54
0.52168  245
0.52177  252
0.521847  376
0.521875  27
0.521943  350
0.522056  122
0.522147  148
0.522195  121
0.522235  352
0.522251  186
0.522273  315
0.522291  307
0.522331  25
0.522458  239
0.522648  300
0.522667  318
0.522668  317
0.522707  206
0.522707  83
0.522738  180
0.523072  166
0.523258  118
0.523488  294
0.523657  391
0.523813  319
0.52383  80
0.523844  95
0.52397  365
0.52415  115
0.524256  370
0.524269  61
0.524476  86
0.525122  60
0.525211  161
0.525246  129
0.525378  248
0.525481  124
0.525824  237
0.525848  52
0.525883  284
0.525988  184
0.525996  172
0.526074  230
0.526128  28
0.52615  343
0.526234  355
0.526375  282
0.526417  142
0.526444  260
0.526475  274
0.526485  193
0.526488  303
0.526557  374
0.526624  144
0.526659  105
0.526669  383
0.526728  240
0.526767  111
0.526968  367
0.526998  338
0.527024  241
0.527035  398
0.527124  331
0.527135  204
0.527172  84
0.527211  327
0.527238  154
0.527326  380
0.527351  194
0.527367  336
0.527415  288
0.527426  275
0.527494  123
0.527636  372
0.527737  349
0.527951  396
0.528002  330
0.528074  32
0.528076  371
0.528157  212
0.528319  341
0.528406  188
0.528508  304
0.528571  79
0.528843  127
0.529213  379
0.529425  361
0.529502  354
0.529545  348
0.529593  324
0.529893  2
0.52991  235
0.530104  33
0.530112  393
0.530195  218
0.530348  395
0.530599  337
0.531178  385
0.531188  384
0.53126  346
0.531379  213
0.531686  314
0.531718  390
0.532066  334
0.532158  283
0.532315  323
0.532476  228
0.532907  325
0.533633  137
0.534741  386
0.534816  199
0.534838  196
0.536364  377
0.53726  40
0.537868  265
0.538149  171
0.538185  257
0.538278  351
0.53835  247
0.538364  332
0.53837  363
0.538404  345
0.538729  373
0.538871  353
0.538948  6
0.539459  182
0.539704  58
0.541004  179
0.541023  173
0.541105  207
0.541285  108
0.541535  155
0.541625  140
0.541645  360
0.54188  378
0.542045  57
0.542102  18
0.542235  88
0.542529  368
0.542843  76
0.542972  375
0.54308  24
0.543657  381
0.543736  43
0.543831  344
0.543902  357
0.544139  48
0.544154  42
0.544216  99
0.544818  258
0.544959  272
0.545648  311
0.545699  185
0.54573  208
0.545869  313
0.546116  322
0.546485  164
0.546635  263
0.546674  16
0.546728  94
0.546869  152
0.547106  224
0.547373  279
0.547534  309
0.547797  312
0.548166  41
0.548193  226
0.548415  9
0.548426  310
0.548612  26
0.548711  382
0.549036  15
0.549149  299
0.549325  295
0.549545  301
0.549575  81
0.549583  254
0.549611  55
0.549691  4
0.550013  397
0.550135  389
0.550139  238
0.550349  12
0.550465  145
0.550894  106
0.551239  157
0.551262  364
0.551652  17
0.551718  104
0.551911  290
0.551955  91
0.552113  399
0.552152  394
0.552221  46
0.552255  107
0.552277  276
0.552588  340
0.552679  23
0.552764  308
0.553103  300
0.553261  316
0.553284  234
0.553307  329
0.553407  136
0.553638  219
0.553853  362
0.553928  388
0.553986  298
0.554143  321
0.554147  320
0.554172  366
0.554361  342
0.554378  370
0.554734  13
0.554955  285
0.555286  90
0.555422  306
0.555539  391
0.555822  126
0.556707  144
0.558952  78
0.559372  187
0.559382  150
0.559434  100
0.559605  387
0.559709  65
0.559866  169
0.560038  274
0.560047  367
0.560067  7
0.560219  45
0.560244  305
0.560254  374
0.560318  0
0.560811  117
0.560906  29
0.560923  307
0.561067  359
0.561082  326
0.561088  211
0.561187  19
0.561213  333
0.561346  267
0.562318  327
0.562521  30
0.562529  189
0.562875  264
0.563075  216
0.563351  297
0.563536  120
0.563572  304
0.563699  39
0.563874  225
0.563899  356
0.56397  330
0.564106  335
0.564141  368
0.564327  334
0.564369  369
0.564395  349
0.564437  138
0.564736  303
0.564886  203
0.565572  319
0.565639  315
0.566064  284
0.566069  371
0.566083  377
0.566367  398
0.568067  376
0.568248  113
0.568792  77
0.569663  314
0.570429  338
0.570552  229
0.570582  220
0.570589  352
0.570773  354
0.571605  328
0.571709  323
0.571729  281
0.571823  170
0.571942  35
0.572285  336
0.572564  116
0.572637  395
0.572702  206
0.572722  250
0.572806  332
0.573081  363
0.573535  110
0.573599  72
0.573668  345
0.574038  202
0.574176  361
0.574209  177
0.57474  36
0.574961  386
0.575433  350
0.575555  8
0.575725  75
0.575985  358
0.576019  392
0.576228  337
0.57631  381
0.576361  56
0.576586  390
0.577741  47
0.578045  396
0.578287  365
0.57902  10
0.579051  347
0.579582  355
0.57959  384
0.580218  148
0.580283  380
0.581472  275
0.582213  146
0.583151  153
0.583401  383
0.583954  346
0.584052  166
0.584871  230
0.584975  317
0.585763  393
0.586101  63
0.58634  92
0.586547  61
0.586637  372
0.58666  51
0.58692  103
0.587189  379
0.58758  241
0.588054  156
0.588288  318
0.588555  53
0.588656  85
0.588963  360
0.589162  210
0.589569  364
0.589617  340
0.589709  348
0.590917  184
0.590943  382
0.590985  259
0.591061  351
0.591759  165
0.591821  324
0.592704  111
0.592847  357
0.593008  196
0.593286  217
0.593695  302
0.593798  389
0.594144  373
0.594238  322
0.594491  168
0.594564  151
0.594642  69
0.594927  344
0.595111  311
0.595406  339
0.595637  244
0.595701  343
0.596255  125
0.596256  213
0.596553  329
0.596685  231
0.597468  142
0.597925  378
0.598093  20
0.598121  163
0.598284  321
0.598581  325
0.599345  109
0.599404  149
0.599611  68
0.599852  122
0.600065  38
0.600072  308
0.600549  300
0.600974  204
0.60157  293
0.601995  341
0.602223  40
0.602301  37
0.603223  101
0.603312  353
0.60332  394
0.603329  174
0.603346  1
0.603406  333
0.603538  62
0.603629  320
0.603673  391
0.603777  327
0.604716  25
0.605045  11
0.6053  313
0.60563  385
0.606073  282
0.606738  310
0.607044  186
0.607687  359
0.60789  252
0.607947  249
0.60822  312
0.60864  233
0.608689  95
0.60887  31
0.609007  84
0.609064  169
0.609084  49
0.609111  7
0.609367  345
0.609477  301
0.609531  286
0.609553  123
0.609639  248
0.609795  362
0.610049  192
0.610086  96
0.61027  369
0.610275  375
0.610309  334
0.610326  216
0.61052  316
0.61058  294
0.610676  198
0.610718  342
0.610927  183
0.611437  280
0.611753  194
0.611994  182
0.611998  315
0.612263  330
0.61232  331
0.612393  137
0.612469  377
0.612747  157
0.612941  89
0.613101  306
0.613105  14
0.613189  272
0.613498  388
0.613518  395
0.613603  98
0.613674  175
0.61371  181
0.613862  399
0.613884  366
0.613912  354
0.614191  193
0.614623  34
0.614642  303
0.614757  140
0.615334  237
0.615474  367
0.615613  44
0.615624  83
0.616017  392
0.61612  374
0.61641  268
0.616431  162
0.616888  145
0.616944  364
0.617143  15
0.617155  215
0.617268  3
0.617753  238
0.618085  279
0.618111  66
0.618247  124
0.618381  225
0.618421  368
0.618429  371
0.618458  6
0.618504  242
0.618612  116
0.618696  127
0.618744  70
0.618877  209
0.61897  132
0.618992  102
0.619031  270
0.619138  356
0.619227  336
0.619316  277
0.619504  212
0.619546  71
0.619625  370
0.619716  319
0.619722  278
0.619905  86
0.619907  349
0.619939  65
0.620045  397
0.620088  323
0.620122  131
0.620271  314
0.620301  42
0.620419  87
0.620508  76
0.620539  335
0.620557  161
0.620668  398
0.620805  178
0.620977  150
0.621038  185
0.621065  261
0.621107  361
0.6212  291
0.621388  245
0.62146  307
0.621641  133
0.62168  171
0.621814  257
0.621876  266
0.621877  386
0.622086  352
0.62215  309
0.62234  384
0.622354  130
0.622427  381
0.622437  337
0.622441  380
0.62263  338
0.622748  197
0.622848  32
0.622943  105
0.622981  43
0.623068  199
0.623081  27
0.62309  269
0.623094  29
0.623584  285
0.623629  379
0.623797  260
0.623899  223
0.624351  112
0.624661  57
0.624759  328
0.624774  317
0.624865  195
0.6249  358
0.624918  326
0.624957  22
0.624958  28
0.625045  206
0.62537  305
0.625562  355
0.625892  321
0.626401  290
0.626622  387
0.626709  33
0.626793  136
0.626944  372
0.62703  363
0.627062  357
0.627071  67
0.627206  90
0.627239  365
0.627247  60
0.627307  239
0.627379  393
0.627697  128
0.62776  74
0.627957  45
0.628184  99
0.628555  346
0.628596  113
0.628862  276
0.629253  256
0.629595  324
0.629695  302
0.630049  344
0.630226  332
0.631303  322
0.631361  50
0.631551  126
0.631809  54
0.631818  226
0.632046  378
0.632236  243
0.632646  163
0.632804  350
0.632867  308
0.632998  383
0.633431  211
0.633555  300
0.634789  304
0.634864  229
0.634885  296
0.634968  342
0.635136  311
0.635428  103
0.636095  19
0.636268  325
0.636332  5
0.636454  230
0.636629  353
0.636683  345
0.637097  240
0.637416  26
0.637557  299
0.637558  360
0.637743  389
0.637847  202
0.637885  10
0.638363  340
0.638572  351
0.639096  376
0.639355  331
0.639369  247
0.639519  208
0.640111  12
0.640626  333
0.64074  151
0.640842  394
0.640933  154
0.641099  64
0.64123  156
0.641287  396
0.641422  158
0.641503  327
0.641726  362
0.641944  263
0.641949  347
0.642154  329
0.64223  258
0.642621  375
0.642776  188
0.642849  390
0.642867  382
0.642967  341
0.6434  385
0.644859  236
0.645308  173
0.645633  177
0.645638  373
0.645971  312
0.646222  317
0.646713  359
0.64673  388
0.647111  315
0.647256  339
0.647343  59
0.647495  141
0.64751  395
0.648136  228
0.648357  369
0.648549  219
0.648786  303
0.648992  348
0.650169  148
0.650373  39
0.650388  271
0.651192  264
0.651992  364
0.652008  147
0.652427  301
0.65254  250
0.65274  110
0.654075  287
0.654223  235
0.654457  316
0.654547  334
0.655028  398
0.655625  330
0.65643  361
0.656468  337
0.656643  251
0.657092  79
0.657304  46
0.657325  135
0.658089  318
0.658103  391
0.658109  320
0.658177  313
0.658283  274
0.658623  119
0.659493  81
0.659526  358
0.661048  41
0.661146  114
0.661224  262
0.661755  203
0.661802  356
0.662057  204
0.662207  323
0.662468  51
0.662892  111
0.662971  343
0.662987  58
0.663037  207
0.663038  93
0.663068  281
0.663236  136
0.663251  386
0.663418  366
0.663788  377
0.663796  222
0.664345  25
0.664895  38
0.665016  349
0.665201  273
0.665437  56
0.665513  310
0.665891  120
0.666126  249
0.666149  138
0.666415  0
0.666902  295
0.666946  167
0.667105  363
0.667172  383
0.667192  355
0.667781  106
0.667833  149
0.668066  368
0.668113  52
0.668175  289
0.668694  176
0.668732  259
0.668816  224
0.668974  241
0.669215  182
0.669272  265
0.669343  254
0.669427  294
0.669541  40
0.669875  47
0.669955  220
0.670141  62
0.670173  166
0.670418  217
0.67048  321
0.670521  354
0.670541  186
0.670567  306
0.670582  307
0.670586  344
0.670607  245
0.670668  374
0.670777  24
0.670908  71
0.671037  159
0.671187  381
0.671331  248
0.671464  2
0.671617  298
0.671643  326
0.671809  55
0.672083  332
0.672171  292
0.672198  48
0.672412  117
0.672478  107
0.672499  371
0.672539  132
0.67258  275
0.672656  353
0.672674  346
0.672733  379
0.672747  180
0.672888  205
0.672906  61
0.672971  214
0.673017  68
0.673113  279
0.673142  215
0.673177  267
0.673227  168
0.673241  350
0.673268  276
0.673277  378
0.673316  1
0.673452  357
0.67371  152
0.673733  9
0.673807  37
0.673874  4
0.673883  329
0.673907  27
0.67401  189
0.674017  84
0.674094  393
0.674137  399
0.674199  184
0.674236  246
0.674325  351
0.674353  252
0.674522  172
0.674619  328
0.67468  179
0.674681  370
0.67499  336
0.675001  319
0.675081  384
0.675251  253
0.675392  293
0.675654  340
0.675685  380
0.675836  218
0.675838  324
0.675875  362
0.676121  20
0.676186  191
0.676369  212
0.676457  335
0.676531  210
0.676643  73
0.676722  360
0.67679  164
0.676881  302
0.677173  102
0.677328  305
0.677345  396
0.677352  331
0.67736  121
0.677799  327
0.677847  72
0.678338  309
0.678493  308
0.678654  169
0.678709  82
0.679225  314
0.679258  80
0.679341  155
0.680095  221
0.680275  142
0.68028  153
0.680316  311
0.680798  341
0.681159  125
0.681236  31
0.681272  28
0.681325  382
0.682565  85
0.68269  390
0.68284  130
0.682857  325
0.683133  190
0.683304  352
0.683462  174
0.683471  18
0.683678  304
0.683739  90
0.683828  347
0.683976  300
0.684231  137
0.684281  209
0.684351  10
0.684652  333
0.684729  365
0.684855  140
0.684886  250
0.685094  375
0.685095  392
0.68537  342
0.685591  322
0.685736  12
0.685768  175
0.68588  369
0.686273  372
0.686389  317
0.686633  367
0.686635  359
0.686712  376
0.687239  387
0.687494  337
0.687925  388
0.689992  364
0.690564  385
0.690931  394
0.691317  263
0.691914  397
0.692784  345
0.694741  312
0.695053  91
0.695501  395
0.697271  34
0.697856  391
0.697959  389
0.698625  144
0.699517  162
0.700014  354
0.700054  111
0.700335  373
0.700402  234
0.700438  44
0.701032  348
0.701523  240
0.701957  13
0.702043  338
0.702732  334
0.703059  280
0.703484  104
0.703596  323
0.703977  339
0.704248  216
0.704267  98
0.704493  315
0.70458  122
0.70461  235
0.704666  225
0.7048  288
0.705159  178
0.705324  145
0.705443  157
0.705635  112
0.706115  75
0.706767  141
0.706932  232
0.707164  310
0.707487  213
0.707564  3
0.707623  319
0.707686  14
0.707951  105
0.708041  227
0.70806  88
0.708072  49
0.708135  42
0.708209  374
0.708311  393
0.70833  16
0.70836  301
0.70848  233
0.708809  26
0.708861  76
0.708883  188
0.709008  320
0.709266  327
0.709324  92
0.709513  229
0.709574  94
0.709613  198
0.709627  264
0.709824  8
0.710074  194
0.710089  255
0.710154  11
0.710168  67
0.710243  329
0.710375  170
0.710395  303
0.710461  361
0.710562  99
0.710598  237
0.710857  256
0.710873  25
0.710893  86
0.710984  93
0.710985  6
0.711083  143
0.711202  195
0.711233  363
0.711273  118
0.711275  283
0.711283  349
0.711292  177
0.711343  64
0.711383  366
0.711387  110
0.711399  115
0.711406  384
0.711639  193
0.711711  204
0.711779  7
0.711809  398
0.711848  116
0.711922  57
0.712036  127
0.712092  330
0.712152  100
0.712263  15
0.712315  69
0.712361  356
0.712377  95
0.712406  307
0.712441  358
0.712607  135
0.712811  17
0.71304  117
0.713174  231
0.713263  355
0.713268  249
0.713403  247
0.713504  103
0.713545  219
0.713547  43
0.713564  331
0.713592  192
0.713716  36
0.713727  282
0.713735  383
0.713819  23
0.713901  351
0.713937  33
0.713938  270
0.713989  148
0.714087  305
0.714116  377
0.714202  83
0.714232  197
0.714257  277
0.714429  318
0.71446  325
0.714492  139
0.71455  316
0.714551  176
0.714581  77
0.714615  63
0.714621  271
0.714728  332
0.714953  239
0.714963  108
0.715033  223
0.715054  357
0.715093  350
0.715217  346
0.715256  321
0.715339  335
0.715393  266
0.715456  342
0.715472  60
0.715484  179
0.715524  202
0.715599  181
0.715755  390
0.715794  146
0.715894  150
0.71597  297
0.715982  313
0.71601  196
0.716268  378
0.71644  308
0.716515  328
0.716559  210
0.716613  337
0.716633  136
0.716745  292
0.716757  399
0.716838  66
0.716993  243
0.717194  336
0.717199  322
0.717239  302
0.717249  124
0.717251  295
0.717292  260
0.717632  200
0.717688  397
0.717842  388
0.717888  306
0.718021  370
0.718043  386
0.718085  208
0.718438  381
0.718496  272
0.718756  382
0.718764  183
0.718775  35
0.718919  5
0.719229  379
0.719252  129
0.719597  133
0.719671  74
0.719888  166
0.719899  364
0.719958  367
0.72001  309
0.720068  68
0.720155  368
0.720166  369
0.720172  317
0.720464  352
0.721  300
0.72101  359
0.721213  326
0.721387  226
0.721429  360
0.721719  312
0.721783  394
0.722084  324
0.722531  396
0.722681  311
0.723025  375
0.723137  343
0.724198  347
0.725257  362
0.725262  340
0.726293  376
0.726505  344
0.728436  353
0.732861  191
0.733144  373
0.733387  109
0.733523  372
0.734008  173
0.734249  392
0.734417  365
0.73596  371
0.736047  51
0.736145  151
0.737731  310
0.737743  338
0.738178  154
0.739238  391
0.739822  29
0.73999  134
0.741014  395
0.741017  314
0.741932  163
0.742678  205
0.743071  21
0.743776  387
0.744021  341
0.744179  107
0.744185  120
0.74439  123
0.744441  70
0.746147  169
0.746497  46
0.746537  119
0.746549  87
0.747076  287
0.747108  19
0.747241  71
0.747332  62
0.747406  323
0.747424  47
0.74756  258
0.747652  30
0.747699  389
0.747753  128
0.747981  385
0.748107  320
0.748313  175
0.74851  304
0.748594  333
0.748707  315
0.749066  38
0.749171  330
0.749277  334
0.749558  261
0.749579  48
0.750311  185
0.750321  230
0.750393  268
0.750404  245
0.750505  113
0.750556  284
0.750586  24
0.750861  297
0.750886  102
0.750892  349
0.75095  78
0.751107  44
0.75113  182
0.75147  114
0.751485  285
0.751633  301
0.751691  397
0.751764  253
0.751786  319
0.751792  316
0.751882  296
0.752138  165
0.752319  126
0.752379  59
0.752418  9
0.752542  288
0.752656  342
0.752708  354
0.752731  156
0.752735  348
0.75297  193
0.752973  345
0.753061  96
0.753309  282
0.753329  332
0.753374  158
0.753541  184
0.753715  0
0.753797  361
0.753853  187
0.753959  172
0.754048  294
0.754425  394
0.754445  244
0.754562  321
0.754685  262
0.754717  257
0.755027  211
0.755101  368
0.755207  267
0.755307  381
0.755356  309
0.755365  374
0.755484  331
0.755568  161
0.755656  45
0.755716  224
0.755778  25
0.755962  358
0.756025  383
0.756045  366
0.756094  271
0.756148  199
0.756423  246
0.756557  15
0.756589  375
0.756629  167
0.756648  369
0.756715  269
0.756723  351
0.756948  99
0.757206  350
0.757218  336
0.757279  188
0.757414  388
0.757495  203
0.757537  393
0.757891  149
0.75829  242
0.758312  10
0.758316  398
0.758409  89
0.75842  313
0.758441  91
0.758516  329
0.758698  97
0.758955  212
0.759036  206
0.759059  302
0.759125  82
0.759139  311
0.759362  105
0.759569  340
0.759644  300
0.759718  137
0.759868  308
0.759912  377
0.760137  390
0.76037  168
0.76049  344
0.760612  189
0.760673  364
0.761202  221
0.762257  325
0.762324  118
0.762555  324
0.762974  328
0.763374  312
0.763429  380
0.763532  363
0.763809  177
0.764101  327
0.764313  362
0.764777  132
0.764827  338
0.764859  40
0.765201  130
0.765367  396
0.765497  217
0.76626  371
0.767677  359
0.76825  356
0.76913  317
0.769861  68
0.76988  386
0.769989  75
0.770841  367
0.772511  326
0.77263  322
0.77272  220
0.773098  190
0.773197  33
0.773334  318
0.773408  55
0.773451  378
0.773476  346
0.773885  34
0.773921  5
0.773981  379
0.774073  92
0.774135  337
0.774206  355
0.774234  343
0.774704  98
0.774819  392
0.775119  22
0.775422  384
0.775903  265
0.776238  305
0.776429  290
0.776593  274
0.776594  121
0.777101  306
0.777351  339
0.777455  218
0.778325  303
0.77884  395
0.779387  131
0.779487  376
0.779782  52
0.779865  147
0.780205  352
0.780336  347
0.78142  100
0.78161  76
0.781864  248
0.782571  160
0.783182  26
0.78353  310
0.783818  289
0.783915  307
0.784366  382
0.784421  266
0.785139  263
0.785419  365
0.785974  201
0.7864  387
0.786412  32
0.786498  4
0.786754  174
0.786909  314
0.78693  249
0.786997  27
0.787298  399
0.78747  247
0.787492  37
0.7885  43
0.788602  194
0.788673  372
0.788733  85
0.789233  373
0.78927  146
0.789292  72
0.789331  143
0.789535  29
0.78969  292
0.79012  341
0.79019  207
0.790535  171
0.79057  90
0.790693  335
0.791075  276
0.791173  205
0.79124  152
0.791291  366
0.791395  39
0.791963  138
0.791991  238
0.792109  316
0.792217  61
0.792414  140
0.792502  291
0.792503  385
0.793373  323
0.793621  17
0.794069  357
0.794084  181
0.794089  162
0.794153  315
0.794264  260
0.794368  222
0.794377  226
0.794431  321
0.794455  178
0.794519  368
0.794535  252
0.79455  275
0.794674  186
0.79469  215
0.794696  13
0.794785  370
0.794868  244
0.795084  159
0.795096  353
0.795206  166
0.795225  278
0.795383  104
0.795526  295
0.795811  397
0.795836  3
0.795872  125
0.796014  64
0.796107  255
0.796253  389
0.796255  349
0.79628  164
0.79647  309
0.796665  53
0.796676  363
0.796694  106
0.796779  101
0.796833  332
0.796897  361
0.79698  320
0.797057  28
0.797174  49
0.797255  281
0.79727  155
0.797402  334
0.797524  177
0.797758  110
0.797762  381
0.797975  200
0.797991  299
0.798049  86
0.798331  58
0.798446  124
0.798689  383
0.798725  14
0.798765  112
0.798775  273
0.798798  345
0.798826  225
0.798984  243
0.799123  175
0.799155  394
0.79925  369
0.799318  35
0.799345  380
0.799357  358
0.799475  344
0.799637  301
0.799733  180
0.799897  73
0.79994  23
0.800006  362
0.800017  254
0.800263  304
0.800397  375
0.800415  16
0.800596  333
0.800701  390
0.800737  223
0.800917  209
0.801187  354
0.801199  371
0.801247  319
0.801356  11
0.801477  116
0.801594  398
0.801602  388
0.801675  359
0.801895  259
0.802023  300
0.802091  351
0.802385  330
0.802478  308
0.80295  329
0.802989  148
0.803331  348
0.803486  251
0.803587  360
0.804213  231
0.804431  355
0.80457  302
0.804973  392
0.80554  340
0.805548  250
0.805577  337
0.805789  396
0.806794  81
0.807254  327
0.80774  386
0.809231  318
0.809272  210
0.80994  183
0.809954  42
0.810205  339
0.810282  324
0.811449  379
0.811901  367
0.812718  136
0.812748  343
0.813115  328
0.813495  364
0.813617  18
0.815695  224
0.81583  312
0.815896  338
0.817008  41
0.817823  313
0.818139  311
0.818208  169
0.818351  325
0.819043  306
0.819148  198
0.820385  377
0.821081  228
0.821117  191
0.82183  79
0.821994  108
0.822488  395
0.822527  20
0.823391  374
0.823455  384
0.823973  342
0.824094  261
0.824808  317
0.824857  391
0.825479  378
0.826027  263
0.827203  277
0.827238  350
0.827694  336
0.828788  60
0.829305  293
0.829785  303
0.829834  346
0.83022  372
0.830244  376
0.83053  331
0.830959  141
0.83104  286
0.831286  21
0.831685  182
0.832231  387
0.832257  157
0.832649  36
0.833008  185
0.833078  144
0.83312  154
0.833157  283
0.833211  66
0.833238  105
0.833259  63
0.833338  114
0.833413  45
0.83353  96
0.833535  242
0.833616  371
0.833753  0
0.834002  56
0.834131  67
0.834189  134
0.834193  137
0.834281  284
0.834413  316
0.834507  232
0.834584  179
0.834605  127
0.834773  65
0.835093  19
0.835256  356
0.835374  208
0.835422  352
0.835449  1
0.835543  322
0.835561  326
0.835593  269
0.835609  122
0.835675  393
0.835684  234
0.835788  219
0.8359  54
0.836348  80
0.836506  84
0.836551  30
0.836708  314
0.836837  239
0.836908  214
0.837032  77
0.837039  305
0.837192  92
0.837243  88
0.837299  310
0.837754  227
0.837839  59
0.837962  145
0.838194  195
0.838279  241
0.838296  388
0.838341  347
0.838365  40
0.838551  111
0.838574  221
0.838749  123
0.838855  233
0.838859  271
0.838948  149
0.839035  196
0.839184  399
0.83923  132
0.839275  307
0.839676  366
0.839959  147
0.839975  392
0.840042  351
0.840121  52
0.84035  156
0.840441  202
0.840455  382
0.840489  375
0.840556  176
0.840651  69
0.84082  251
0.840932  389
0.841028  344
0.841113  383
0.841138  51
0.841206  102
0.841256  97
0.84153  230
0.841554  115
0.841579  345
0.841806  321
0.841965  216
0.842082  373
0.842176  292
0.842193  357
0.842203  151
0.842275  177
0.842442  229
0.842546  361
0.842646  320
0.842737  279
0.842751  165
0.842783  308
0.842815  71
0.842978  323
0.842989  62
0.842991  184
0.843215  370
0.843429  119
0.843504  354
0.843685  380
0.843936  353
0.843999  258
0.844178  37
0.844409  74
0.844756  381
0.844786  397
0.845232  272
0.845392  126
0.845425  302
0.84545  44
0.845752  2
0.846086  365
0.846485  297
0.846488  394
0.846652  355
0.846728  312
0.846836  377
0.846915  396
0.847172  358
0.847356  139
0.847613  93
0.847723  211
0.847852  385
0.847961  247
0.848155  349
0.848306  212
0.848423  135
0.848596  170
0.848644  348
0.848652  362
0.849077  173
0.849835  341
0.850083  300
0.850298  390
0.850506  398
0.850596  103
0.850876  72
0.851364  306
0.851371  379
0.851378  262
0.851449  309
0.85197  167
0.851975  304
0.852027  319
0.852774  329
0.853066  328
0.853476  248
0.853681  75
0.853759  359
0.854461  324
0.854523  159
0.854757  318
0.854765  333
0.855797  27
0.856734  298
0.856813  332
0.856916  244
0.856944  384
0.857079  68
0.85765  206
0.857976  374
0.858338  83
0.858349  197
0.8585  9
0.858721  363
0.859106  130
0.85943  315
0.859456  340
0.859539  325
0.86022  339
0.861053  368
0.862051  201
0.862246  125
0.8624  313
0.862413  180
0.862434  364
0.863425  85
0.863778  33
0.863877  140
0.863891  95
0.864162  155
0.865485  194
0.865533  281
0.865605  7
0.865716  265
0.865775  337
0.866058  82
0.866581  299
0.86664  57
0.866712  369
0.866929  16
0.866966  342
0.867086  25
0.867202  200
0.867206  386
0.867213  335
0.867249  24
0.867288  334
0.867407  99
0.867529  217
0.867541  367
0.867568  301
0.867627  330
0.867695  94
0.867707  338
0.86827  29
0.868365  61
0.868456  327
0.868571  3
0.868597  23
0.868661  317
0.868741  150
0.868991  378
0.869117  326
0.869387  38
0.86956  303
0.8696  198
0.869678  237
0.86971  13
0.869804  175
0.869936  39
0.869995  91
0.870194  311
0.870351  352
0.870919  360
0.871086  89
0.871202  294
0.871445  129
0.871706  291
0.872227  391
0.872289  314
0.872399  55
0.872515  22
0.872705  31
0.872799  128
0.873057  190
0.873694  255
0.873738  376
0.87418  161
0.874191  78
0.874271  158
0.874817  218
0.874867  375
0.875015  356
0.875387  34
0.875726  343
0.875791  240
0.875804  213
0.875825  43
0.876332  6
0.876487  196
0.876531  316
0.876627  336
0.876646  113
0.876705  168
0.876718  138
0.877071  152
0.877563  380
0.878119  87
0.878187  12
0.878352  243
0.878434  98
0.878929  210
0.878994  118
0.879166  225
0.879176  238
0.879317  282
0.879344  156
0.879371  250
0.879394  333
0.879444  287
0.879525  220
0.879717  192
0.87973  399
0.879786  235
0.879815  344
0.879892  166
0.879926  278
0.8801  270
0.880192  395
0.880213  35
0.88026  187
0.880306  147
0.880426  253
0.880486  215
0.880661  323
0.880726  372
0.880831  366
0.880853  274
0.880866  387
0.880912  390
0.880963  163
0.880994  0
0.881192  382
0.88139  290
0.881435  320
0.881522  120
0.881648  26
0.881653  172
0.881661  50
0.881703  331
0.881808  381
0.881865  358
0.88189  355
0.881897  143
0.882109  60
0.882304  189
0.882604  30
0.882616  8
0.882626  373
0.88274  351
0.882763  354
0.882875  223
0.88292  279
0.883138  371
0.883179  157
0.883191  142
0.88321  329
0.883303  300
0.883366  18
0.883434  383
0.883571  81
0.883782  305
0.883991  14
0.884024  266
0.884033  183
0.884075  146
0.884289  193
0.884505  328
0.884532  310
0.884664  349
0.88501  209
0.885193  370
0.88521  365
0.885277  312
0.885391  304
0.885525  54
0.88557  321
0.885721  388
0.885897  267
0.885986  239
0.886213  306
0.886335  350
0.8864  347
0.886775  4
0.886947  126
0.886959  162
0.887885  385
0.888788  231
0.889051  357
0.889091  346
0.889422  102
0.889615  224
0.889714  322
0.890029  397
0.890099  36
0.89013  106
0.890818  339
0.891332  319
0.891438  379
0.891795  389
0.891929  302
0.892014  396
0.892116  206
0.892356  330
0.892926  364
0.893032  164
0.89328  348
0.894032  32
0.894419  377
0.895592  308
0.896498  374
0.897254  2
0.897303  283
0.898052  259
0.89922  368
0.899269  1
0.899293  307
0.899606  325
0.899696  41
0.900104  313
0.900289  317
0.900364  205
0.900551  301
0.900602  392
0.900799  359
0.902784  361
0.903221  80
0.903397  40
0.903719  398
0.904349  251
0.905216  318
0.905307  393
0.905313  256
0.905543  342
0.905621  76
0.906737  311
0.906738  167
0.907013  96
0.907062  345
0.907278  341
0.907578  353
0.907738  70
0.907803  309
0.909954  378
0.910088  86
0.911599  386
0.911811  362
0.91192  384
0.912047  105
0.912423  273
0.912568  360
0.913554  64
0.914671  230
0.915277  275
0.915354  221
0.915645  108
0.915655  268
0.915852  186
0.916047  129
0.916154  334
0.916274  46
0.917045  327
0.917179  280
0.917279  286
0.91753  90
0.917624  82
0.917737  285
0.917769  171
0.917833  332
0.918185  340
0.918238  58
0.918439  356
0.918503  47
0.918565  211
0.91866  335
0.919104  29
0.919164  204
0.919272  170
0.919401  394
0.919451  314
0.919478  100
0.919593  324
0.919658  271
0.919709  151
0.919842  390
0.919887  127
0.919988  16
0.920144  227
0.920215  276
0.920405  72
0.920495  122
0.920782  296
0.920988  222
0.920989  246
0.921075  343
0.921477  376
0.921546  254
0.921657  38
0.921703  298
0.921735  52
0.921901  75
0.921938  216
0.922186  303
0.922236  95
0.922286  62
0.922483  137
0.922566  159
0.922822  9
0.922822  77
0.92286  261
0.922966  11
0.923441  178
0.923519  124
0.923582  375
0.923592  391
0.923667  310
0.923683  89
0.923779  304
0.923807  326
0.923811  389
0.924013  21
0.924168  153
0.92417  177
0.924267  133
0.924296  252
0.924346  69
0.92467  300
0.924821  234
0.924837  212
0.92512  333
0.925153  257
0.925375  269
0.925492  195
0.925545  382
0.925734  149
0.925815  370
0.925835  63
0.925847  88
0.925933  316
0.926177  161
0.926407  116
0.926703  321
0.926708  388
0.926733  292
0.926814  74
0.92682  338
0.926822  323
0.926828  101
0.926851  160
0.92693  367
0.927375  203
0.927434  383
0.92744  23
0.927456  357
0.927462  385
0.927463  39
0.927537  363
0.927628  190
0.927645  380
0.927682  355
0.927758  270
0.92776  109
0.927832  92
0.927851  217
0.928019  3
0.928524  134
0.928557  79
0.928647  337
0.928706  315
0.928713  352
0.929117  320
0.929226  67
0.929236  329
0.929503  399
0.929822  28
0.929887  336
0.929941  358
0.930027  373
0.930767  146
0.930843  289
0.930895  379
0.931931  339
0.932063  224
0.932277  365
0.932349  232
0.932476  322
0.932671  65
0.932755  295
0.932836  374
0.93293  371
0.93315  48
0.933293  354
0.933378  258
0.933452  103
0.93379  66
0.933995  174
0.934033  113
0.934106  279
0.934203  325
0.934252  351
0.934745  278
0.934816  85
0.934929  181
0.935081  176
0.935163  249
0.935228  305
0.935395  281
0.935711  328
0.935737  364
0.935891  306
0.936053  219
0.936164  126
0.936356  369
0.936368  104
0.936414  302
0.93688  387
0.938078  94
0.9381  398
0.93873  372
0.938944  44
0.939037  312
0.939237  251
0.9394  53
0.939501  396
0.939665  317
0.939894  206
0.939928  110
0.940058  143
0.941099  229
0.941338  319
0.941383  140
0.941588  8
0.94171  10
0.941807  348
0.941857  347
0.941881  301
0.942123  182
0.942156  132
0.94217  308
0.942537  22
0.9426  397
0.9427  330
0.942965  247
0.943288  262
0.943299  83
0.943349  344
0.943755  173
0.94401  51
0.944179  356
0.944731  7
0.944751  61
0.944771  25
0.944803  4
0.944881  183
0.945225  345
0.945363  297
0.945395  361
0.945457  318
0.946101  346
0.946504  341
0.946646  202
0.946731  71
0.946954  213
0.947017  236
0.947019  349
0.947108  377
0.947152  264
0.947193  260
0.947541  250
0.947542  0
0.947836  54
0.947901  384
0.947953  26
0.948075  359
0.948947  107
0.949022  309
0.949098  145
0.9491  17
0.949109  381
0.949245  84
0.949979  231
0.949993  393
0.950052  188
0.950155  179
0.950192  311
0.950198  24
0.950209  366
0.950364  274
0.950402  240
0.950677  395
0.950874  340
0.951222  59
0.951856  98
0.951963  148
0.952146  272
0.952278  155
0.952518  175
0.952578  307
0.9526  390
0.952891  20
0.953128  331
0.953163  192
0.953529  362
0.954018  57
0.95402  245
0.954869  215
0.95494  386
0.955107  313
0.955254  244
0.955796  33
0.95595  185
0.956046  303
0.956322  184
0.956473  147
0.956672  394
0.95678  157
0.956976  327
0.957034  370
0.957225  288
0.957573  392
0.957629  118
0.957932  378
0.957977  117
0.958026  259
0.958249  353
0.958881  368
0.958926  383
0.958995  293
0.959177  376
0.959419  338
0.959701  335
0.960068  193
0.96019  326
0.960882  19
0.960982  332
0.961042  333
0.961961  350
0.962104  201
0.962411  343
0.962786  120
0.962816  13
0.962854  207
0.963661  267
0.963722  342
0.963922  287
0.964343  302
0.965291  200
0.965308  97
0.96558  130
0.965603  316
0.96565  225
0.966022  310
0.966788  268
0.966872  391
0.966923  246
0.967006  336
0.967394  248
0.967453  396
0.967731  358
0.967838  31
0.969255  93
0.969267  197
0.969473  379
0.970496  294
0.970558  375
0.971033  360
0.971241  323
0.971701  67
0.971862  68
0.971929  304
0.972061  334
0.972136  315
0.972173  205
0.972372  290
0.972874  162
0.972877  373
0.973002  385
0.973199  142
0.973467  165
0.974337  367
0.974353  365
0.974381  141
0.974408  372
0.974492  6
0.974817  138
0.975075  324
0.975312  152
0.975826  32
0.975843  320
0.975953  388
0.976059  312
0.97608  363
0.976299  329
0.976331  374
0.976976  322
0.977216  263
0.977992  300
0.978339  12
0.979305  238
0.979854  339
0.979983  282
0.980159  355
0.980237  281
0.981006  58
0.981341  135
0.981965  194
0.982255  37
0.982736  399
0.983005  40
0.983577  75
0.983953  144
0.984163  337
0.984343  96
0.984421  308
0.984617  139
0.984688  285
0.98491  227
0.984923  357
0.984971  50
0.985185  15
0.985258  321
0.985331  230
0.986014  345
0.98609  114
0.9861  301
0.986145  5
0.986413  387
0.986452  196
0.986551  125
0.986627  180
0.986647  371
0.98722  56
0.987221  237
0.987247  344
0.987337  79
0.987494  122
0.98751  265
0.987704  317
0.987773  45
0.987851  398
0.988088  234
0.988098  314
0.988126  166
0.988154  103
0.988159  81
0.988271  70
0.988937  88
0.989037  318
0.989049  212
0.989157  380
0.989392  90
0.989587  187
0.989595  123
0.98977  204
0.989863  63
0.989924  111
0.990046  16
0.990081  14
0.990144  18
0.990162  169
0.990205  354
0.990286  278
0.990316  356
0.990421  349
0.990471  256
0.990491  72
0.990563  235
0.990563  11
0.990571  341
0.990742  136
0.991028  80
0.991032  78
0.991051  131
0.991213  382
0.991496  211
0.99158  105
0.991718  328
0.991734  210
0.991789  348
0.99182  277
0.99192  397
0.991984  151
0.99201  346
0.992098  364
0.992222  351
0.992223  7
0.992294  29
0.99232  352
0.992356  306
0.992474  158
0.992491  209
0.99253  168
0.992539  35
0.9926  280
0.992719  296
0.993009  369
0.993014  253
0.99313  368
0.99331  390
0.993575  86
0.993642  377
0.993664  223
0.993927  99
0.993929  389
0.993937  257
0.993994  386
0.994138  395
0.994196  246
0.994236  233
0.994254  2
0.994273  258
0.994514  115
0.994526  109
0.99468  305
0.994747  347
0.994754  376
0.994787  183
0.994916  327
0.99528  273
0.995286  366
0.995817  307
0.995853  64
0.995926  325
0.996184  359
0.99655  361
0.997104  199
0.997318  44
0.997586  98
0.997769  218
0.998264  17
0.99828  392
0.998531  128
0.99889  198
0.998992  394
0.999093  228
0.999173  311
0.999495  302
0.9996  333
0.999697  271
0.999756  241
0.999774  239
0.999863  121
0.999977  378
