2.33934e-06  119
6.04644e-06  24
8.01468e-06  101
1.57823e-05  121
1.81773e-05  179
1.91337e-05  41
1.91812e-05  181
1.95572e-05  72
2.13806e-05  191
2.50537e-05  57
2.85941e-05  64
2.87819e-05  163
2.93307e-05  197
3.26254e-05  224
3.46763e-05  151
3.53199e-05  29
3.53758e-05  8
4.77172e-05  60
5.42155e-05  136
5.43818e-05  256
5.89865e-05  187
6.66741e-05  89
7.06615e-05  81
7.60732e-05  231
7.98264e-05  103
8.10134e-05  161
8.13589e-05  63
8.16259e-05  220
9.04345e-05  43
9.28983e-05  97
9.62308e-05  61
0.000102841  120
0.000103945  217
0.000107629  160
0.000109805  68
0.000110142  107
0.000112284  127
0.000113928  137
0.000114226  135
0.000115439  96
0.000116441  196
0.000117895  51
0.000118367  105
0.000118654  184
0.000118704  229
0.000122939  99
0.000124661  183
0.000126313  235
0.000136568  44
0.000137676  141
0.000140164  133
0.000144756  124
0.000148199  67
0.00014982  169
0.000149875  69
0.000151822  225
0.000158773  199
0.000162866  140
0.000170015  216
0.000170591  221
0.000174408  180
0.000181752  205
0.000185771  157
0.00019115  188
0.000195148  232
0.000197364  91
0.000216898  144
0.000219562  148
0.000224679  76
0.000228114  147
0.000230499  219
0.000235706  31
0.000241292  165
0.000250493  59
0.000260156  112
0.000271826  168
0.000272263  88
0.000277649  132
0.000289624  145
0.000289782  139
0.000293149  75
0.000295494  164
0.000295635  83
0.000297938  233
0.000299568  117
0.000301264  80
0.000310085  172
0.00031285  193
0.00031414  53
0.000322369  128
0.000327911  185
0.000334024  131
0.000337508  173
0.000341881  104
0.000347301  87
0.000347339  109
0.00034847  228
0.000349848  47
0.000350639  129
0.000351719  48
0.000357228  111
0.000366818  77
0.000372716  84
0.000372986  27
0.00038296  113
0.000386734  25
0.00039332  175
0.000400603  156
0.00040926  9
0.000410014  167
0.000411036  40
0.000418981  192
0.000421583  176
0.000422027  52
0.000430079  223
0.000442202  108
0.000445508  177
0.000446125  189
0.000446348  28
0.000494103  259
0.000494689  123
0.000498121  49
0.000524001  55
0.000524043  93
0.000526652  116
0.000528828  85
0.000536859  100
0.000541629  65
0.000560203  73
0.000612276  79
0.000616892  125
0.000626342  71
0.000641972  207
0.000658933  143
0.000674098  149
0.000707944  159
0.000712708  45
0.000747454  95
0.000782872  11
0.000853897  257
0.000870271  56
0.000974188  92
0.00101855  204
0.00105142  115
0.00109098  195
0.00142583  227
0.00146545  171
0.00318129  350
0.00318924  320
0.00350822  373
0.00355689  296
0.00365972  309
0.00367133  300
0.00381426  305
0.00384267  0
0.00386296  239
0.00392694  371
0.0039307  398
0.00399793  362
0.00407815  326
0.00409008  317
0.00409794  361
0.00412101  389
0.00417099  358
0.00424099  308
0.00427516  345
0.00430041  396
0.00433355  391
0.00434657  390
0.00438177  348
0.00442537  374
0.00444592  310
0.00446411  272
0.00453089  336
0.00458412  388
0.00458555  335
0.00469128  267
0.00473014  302
0.00474707  279
0.00483071  328
0.00489438  353
0.00490573  202
0.00491496  363
0.00497416  383
0.00508335  325
0.00508645  346
0.0052025  355
0.005343  338
0.00544984  349
0.00545486  380
0.00546465  277
0.00548795  357
0.00582993  333
0.00617136  318
0.0066614  366
0.00695727  324
0.00711731  313
0.00727936  340
0.00733399  323
0.00761083  307
0.0080865  311
0.00824205  321
0.00832515  319
0.00860086  375
0.00864807  392
0.0087364  330
0.00896408  322
0.00916502  343
0.00959979  329
0.00963399  395
0.00982434  359
0.00996862  382
0.0101136  342
0.0103141  364
0.0107655  376
0.0108943  334
0.0112392  354
0.0112647  372
0.0123172  344
0.0144995  229
0.0145485  316
0.0148609  377
0.0150665  351
0.0151013  303
0.0154322  301
0.0154453  327
0.0155321  339
0.0155664  368
0.0155916  315
0.0169734  312
0.0183791  379
0.0190596  331
0.0195467  306
0.0200606  367
0.0231232  365
0.0232014  352
0.0238972  381
0.024716  385
0.0263043  18
0.0270349  347
0.0270466  304
0.0277735  314
0.0278657  394
0.0280213  341
0.0281329  393
0.0282295  337
0.0308933  370
0.0319376  397
0.0321894  399
0.0329353  12
0.0356838  332
0.0364689  1
0.0381365  356
0.0383136  276
0.0384593  360
0.0386891  7
0.0408028  386
0.041291  369
0.0413061  387
0.0450787  34
0.0453546  261
0.0456384  5
0.0459461  378
0.0467899  252
0.0468372  295
0.0486549  19
0.048869  6
0.0494133  248
0.0494711  262
0.0508239  154
0.051119  282
0.0515677  250
0.0518006  249
0.0523473  266
0.0528741  319
0.0533184  255
0.0537571  208
0.0537701  200
0.0539563  302
0.0542567  308
0.0542915  318
0.0544175  280
0.0544919  213
0.0546654  344
0.0548779  214
0.0550854  389
0.0551041  21
0.0551101  210
0.0551133  241
0.0558382  342
0.056377  264
0.0573446  300
0.0574324  333
0.057476  22
0.0577131  289
0.0581805  388
0.0584989  309
0.0587754  297
0.0588927  39
0.0591182  298
0.0591565  358
0.0592787  203
0.0596059  334
0.0598006  353
0.0599353  278
0.0604323  323
0.0604386  4
0.0609  201
0.061284  260
0.0614065  383
0.0615132  275
0.0618541  286
0.0621481  247
0.0621984  316
0.0622115  38
0.0622381  324
0.0622771  362
0.0624634  305
0.0625148  335
0.0635649  314
0.0639086  374
0.0640504  363
0.0648151  340
0.0651258  327
0.0658822  349
0.0660726  390
0.06641  361
0.0668725  355
0.0683359  290
0.0695521  357
0.0709817  254
0.0714436  354
0.0714778  263
0.0716232  155
0.0722634  375
0.0727348  351
0.0732668  3
0.0733945  288
0.0737048  332
0.0738297  348
0.0739233  364
0.0739502  32
0.0741256  71
0.0742817  384
0.074479  393
0.0745995  382
0.074602  265
0.0755152  2
0.0759545  379
0.0761078  372
0.0761768  345
0.0783877  115
0.0788552  368
0.0788613  244
0.078895  352
0.079078  373
0.079927  317
0.0805688  48
0.0805748  330
0.0814449  321
0.0815475  331
0.0816153  325
0.0818103  338
0.0833652  225
0.0834616  292
0.0835578  329
0.0848068  391
0.0848727  35
0.0850705  395
0.0855689  377
0.0858558  209
0.0860342  310
0.086669  313
0.087777  303
0.0884631  371
0.0888473  328
0.0891239  343
0.089846  242
0.091263  281
0.0916172  152
0.0920967  9
0.0924104  18
0.0925452  336
0.0927502  367
0.0928556  211
0.0928914  215
0.093097  376
0.0934716  153
0.0937629  339
0.093785  396
0.0940523  273
0.0941438  320
0.094304  315
0.0943728  337
0.094478  294
0.09618  385
0.0963908  381
0.0965131  212
0.0969347  397
0.0971502  365
0.0979141  195
0.0983129  85
0.0984183  304
0.0984681  398
0.100341  360
0.100603  7
0.100613  285
0.100807  284
0.101269  392
0.101474  16
0.101556  274
0.101568  36
0.101673  394
0.101772  370
0.101982  306
0.102567  380
0.102739  326
0.105152  15
0.105639  227
0.10565  100
0.105719  356
0.105813  180
0.105877  103
0.106171  299
0.106203  236
0.106268  221
0.106489  119
0.106801  137
0.106852  301
0.107218  399
0.107413  341
0.107516  102
0.107705  311
0.107976  287
0.108564  96
0.10864  179
0.108749  14
0.108866  41
0.108958  347
0.109067  49
0.109216  271
0.109427  307
0.109446  257
0.109575  92
0.109802  12
0.109809  366
0.109913  0
0.110008  378
0.110363  145
0.110433  369
0.11073  238
0.110733  386
0.111959  111
0.112216  305
0.112243  340
0.112623  109
0.112699  312
0.112788  314
0.113413  156
0.113614  47
0.114127  40
0.114597  245
0.114605  141
0.114749  335
0.114938  27
0.11509  302
0.115333  276
0.1158  127
0.115923  128
0.116589  192
0.116663  169
0.116663  163
0.116709  216
0.116846  83
0.117099  272
0.117162  269
0.117189  144
0.117195  350
0.117208  13
0.117235  207
0.117246  125
0.117351  251
0.117382  270
0.117404  346
0.117415  318
0.117678  327
0.117783  139
0.117855  359
0.11787  44
0.118274  323
0.118362  232
0.118423  358
0.118479  379
0.118558  324
0.118636  308
0.119042  298
0.119117  319
0.119278  181
0.119703  243
0.119818  344
0.12  186
0.120067  389
0.120118  351
0.120292  65
0.120602  364
0.120619  173
0.120965  253
0.121086  300
0.121283  395
0.121449  322
0.121581  112
0.121623  133
0.122057  383
0.122853  239
0.122865  331
0.123049  196
0.123215  342
0.123708  84
0.124181  237
0.124192  384
0.124658  387
0.124778  352
0.125207  101
0.125292  338
0.126034  147
0.12619  93
0.126337  123
0.126432  368
0.126696  37
0.126731  11
0.126881  205
0.127055  390
0.127148  363
0.127298  52
0.127448  361
0.127828  168
0.127854  325
0.128095  188
0.128345  88
0.128412  23
0.128444  316
0.128651  264
0.128691  46
0.128701  1
0.128798  20
0.128803  51
0.128896  393
0.129397  313
0.129808  375
0.129922  349
0.130111  330
0.130245  360
0.130431  374
0.130773  321
0.130795  149
0.13098  197
0.131288  310
0.131441  382
0.132128  304
0.132288  334
0.132481  362
0.133799  371
0.133897  372
0.134052  177
0.134362  326
0.135981  317
0.136751  333
0.137547  332
0.137834  91
0.138299  187
0.139406  77
0.139521  373
0.139576  73
0.13996  121
0.139974  229
0.140369  134
0.140505  367
0.140675  171
0.140708  345
0.140733  116
0.141059  381
0.14134  365
0.14156  17
0.142658  277
0.142781  268
0.143126  388
0.143177  396
0.143348  377
0.143829  343
0.144387  81
0.144519  193
0.145262  296
0.145566  320
0.145627  311
0.145846  337
0.145956  115
0.146177  394
0.146302  353
0.146526  328
0.147368  132
0.148148  391
0.1494  99
0.149757  309
0.150053  76
0.150891  129
0.150919  5
0.151166  98
0.151204  175
0.151339  291
0.151433  397
0.15155  146
0.152057  174
0.152073  355
0.152626  54
0.152859  386
0.153478  303
0.154144  357
0.154265  376
0.154402  398
0.154723  266
0.154848  315
0.154972  38
0.155606  69
0.155762  86
0.155838  113
0.155864  114
0.155947  297
0.15598  185
0.156358  356
0.156404  45
0.156917  78
0.157008  336
0.157314  104
0.157726  308
0.157849  225
0.158084  210
0.158339  312
0.158924  189
0.159072  348
0.159312  354
0.159329  162
0.15939  281
0.159577  329
0.159623  370
0.159929  130
0.160098  176
0.160167  34
0.160328  68
0.1606  228
0.160894  261
0.161174  82
0.161637  202
0.161711  341
0.161886  108
0.162057  378
0.162189  358
0.162595  273
0.162627  131
0.162725  2
0.162953  255
0.163278  223
0.163336  72
0.163347  399
0.16337  249
0.163493  106
0.163512  143
0.163544  195
0.163655  339
0.163658  252
0.163941  170
0.163952  364
0.163957  369
0.163991  50
0.164046  160
0.164061  26
0.164166  293
0.164189  248
0.164195  60
0.164215  306
0.164272  385
0.164325  246
0.164558  97
0.164575  360
0.164581  58
0.164625  314
0.164787  260
0.164899  153
0.164927  305
0.164972  221
0.16514  3
0.165255  380
0.165268  184
0.165329  244
0.165366  283
0.165448  165
0.165634  234
0.165638  307
0.165712  79
0.165729  335
0.165794  340
0.165872  200
0.166067  267
0.166582  10
0.16659  302
0.166717  25
0.16735  138
0.167371  300
0.167682  241
0.167924  142
0.167975  392
0.168018  319
0.168088  126
0.168357  331
0.16862  191
0.168622  152
0.168676  211
0.168676  33
0.168704  122
0.168793  389
0.1689  323
0.168987  70
0.169051  395
0.169146  366
0.169326  327
0.169351  178
0.169399  159
0.169505  237
0.169682  384
0.169821  172
0.169866  387
0.169912  62
0.17008  95
0.170294  317
0.170667  324
0.170939  338
0.171112  347
0.171428  304
0.171511  351
0.172071  393
0.172512  316
0.172597  31
0.172709  190
0.17322  21
0.173992  372
0.174056  356
0.174604  326
0.174893  346
0.175002  363
0.175796  71
0.176288  311
0.176298  299
0.176438  243
0.176464  343
0.176683  265
0.177134  344
0.177251  112
0.177347  4
0.177475  379
0.177635  377
0.177891  14
0.177966  43
0.178102  321
0.17818  390
0.179008  161
0.17912  322
0.179127  220
0.179522  361
0.180222  301
0.180282  83
0.180311  382
0.18033  66
0.180517  147
0.180597  383
0.18112  349
0.181401  240
0.181415  368
0.181793  48
0.181801  374
0.182047  373
0.182848  365
0.183238  94
0.183266  57
0.184264  375
0.184766  284
0.184951  353
0.185831  318
0.185926  290
0.186891  61
0.186915  285
0.186974  388
0.186992  397
0.187559  350
0.187617  47
0.187755  280
0.187838  167
0.187995  313
0.188294  15
0.188667  139
0.188712  183
0.188759  215
0.1888  107
0.188994  279
0.189049  80
0.189186  119
0.189252  1
0.189282  359
0.189346  217
0.189802  352
0.18988  332
0.190372  135
0.190458  355
0.190736  177
0.190757  330
0.19107  120
0.191151  342
0.191651  124
0.191863  376
0.191979  155
0.192183  357
0.192555  149
0.19259  194
0.192781  118
0.192858  101
0.193018  362
0.193479  245
0.193843  227
0.194227  233
0.194233  296
0.194246  292
0.194454  396
0.194467  394
0.194627  334
0.194796  203
0.1948  218
0.194807  258
0.194903  13
0.19497  369
0.195154  199
0.195259  154
0.195489  157
0.195507  9
0.195727  371
0.195849  250
0.195857  226
0.195896  274
0.195918  398
0.196061  182
0.196071  42
0.19617  169
0.196198  325
0.196429  381
0.196601  315
0.196607  236
0.196616  320
0.197539  310
0.197974  328
0.198041  235
0.198776  206
0.199304  219
0.199387  337
0.19961  348
0.199645  27
0.199647  345
0.200434  339
0.20046  289
0.200719  208
0.201197  56
0.20127  117
0.201458  303
0.201629  125
0.201771  286
0.201992  128
0.202077  150
0.202384  24
0.202394  55
0.202411  213
0.202451  305
0.202633  115
0.202724  93
0.202725  104
0.202728  307
0.202761  88
0.202959  84
0.203077  309
0.203127  35
0.203174  264
0.203217  116
0.203455  41
0.203606  392
0.203658  302
0.203677  16
0.203708  75
0.203725  351
0.203882  229
0.203941  111
0.203976  98
0.20405  73
0.204084  179
0.204209  209
0.204349  367
0.204402  186
0.204725  386
0.204815  312
0.204869  137
0.20503  92
0.205101  251
0.205116  0
0.205276  306
0.205363  64
0.205436  49
0.205678  304
0.205701  308
0.20589  144
0.205905  7
0.206274  391
0.206276  335
0.206357  52
0.206364  231
0.2065  65
0.206528  358
0.206687  8
0.207537  54
0.207771  123
0.207812  372
0.207938  366
0.208042  278
0.208083  384
0.208108  127
0.208185  275
0.208226  341
0.208393  316
0.208455  173
0.208843  364
0.208984  158
0.209036  288
0.209269  363
0.209293  322
0.209317  385
0.209324  96
0.209399  28
0.209467  32
0.209619  156
0.209817  333
0.210305  360
0.21032  298
0.210605  380
0.210634  269
0.21073  336
0.210894  327
0.211012  324
0.211112  378
0.211388  133
0.211581  373
0.211658  354
0.211867  99
0.212158  282
0.212794  230
0.212835  319
0.212884  314
0.213421  399
0.21374  329
0.213779  105
0.214216  224
0.214234  31
0.215393  389
0.215638  163
0.215722  162
0.215867  317
0.216006  190
0.216287  91
0.21647  197
0.2167  393
0.21673  132
0.216842  90
0.217104  361
0.217139  323
0.217383  311
0.217601  370
0.217636  362
0.217716  268
0.218035  375
0.218443  102
0.218483  346
0.218699  349
0.218963  338
0.219392  263
0.219445  212
0.220522  331
0.22065  151
0.220657  387
0.222189  365
0.222465  397
0.222935  26
0.22321  50
0.223661  272
0.223791  254
0.223791  374
0.223912  74
0.224111  388
0.22513  6
0.225168  344
0.225386  228
0.225595  382
0.225707  377
0.226006  347
0.226131  342
0.226747  252
0.226823  379
0.22689  300
0.227053  103
0.227293  315
0.229184  146
0.229217  345
0.230594  395
0.230685  87
0.230755  368
0.230896  340
0.230995  318
0.23101  11
0.23137  359
0.231476  134
0.231596  381
0.232718  69
0.233623  267
0.233689  168
0.23376  383
0.234852  85
0.235246  265
0.235322  343
0.235565  159
0.235595  36
0.235612  161
0.235858  9
0.235941  239
0.236262  294
0.236343  256
0.236457  152
0.236577  355
0.236629  86
0.236708  295
0.236851  353
0.236867  234
0.236868  376
0.237099  394
0.237183  216
0.237284  390
0.237293  232
0.237376  326
0.237644  356
0.237796  141
0.238133  301
0.238294  348
0.238703  313
0.238828  352
0.239057  172
0.239462  369
0.239509  249
0.241062  1
0.242275  204
0.24241  185
0.242542  59
0.242701  247
0.242741  39
0.24276  167
0.242771  129
0.242835  257
0.242927  114
0.242932  53
0.243134  5
0.243652  396
0.243711  302
0.243746  266
0.243786  273
0.243833  328
0.243897  310
0.244044  44
0.24431  143
0.244453  244
0.244481  188
0.244493  279
0.244508  281
0.244576  334
0.244613  350
0.244699  110
0.244776  164
0.244852  140
0.244888  121
0.24498  330
0.244991  291
0.24505  200
0.245144  67
0.245357  307
0.245447  299
0.245568  4
0.245812  271
0.246118  192
0.2463  171
0.246376  76
0.246501  321
0.246586  240
0.246586  243
0.246625  174
0.246697  149
0.246944  77
0.247321  391
0.247371  392
0.247378  136
0.247425  17
0.247481  316
0.247657  63
0.247743  166
0.247759  35
0.247833  308
0.24788  198
0.248021  43
0.24806  380
0.2481  320
0.248183  29
0.24821  312
0.248234  58
0.24841  195
0.248715  293
0.249283  78
0.249325  20
0.249379  333
0.249544  399
0.24983  2
0.249866  357
0.250027  367
0.250508  223
0.250667  189
0.250669  22
0.250682  71
0.250686  303
0.250785  332
0.250928  40
0.251273  366
0.251376  290
0.251426  358
0.251454  280
0.251692  208
0.251769  210
0.251782  220
0.252118  202
0.252326  309
0.252327  30
0.252346  237
0.25252  386
0.25256  131
0.252704  364
0.252969  205
0.253023  250
0.253057  191
0.253385  322
0.253417  363
0.253616  371
0.253716  393
0.253828  45
0.253835  382
0.254158  70
0.254234  389
0.254239  317
0.254268  324
0.254349  341
0.25443  178
0.254515  314
0.255262  253
0.255492  109
0.255722  398
0.25589  19
0.256059  34
0.256061  311
0.256071  305
0.256189  61
0.256253  336
0.256456  206
0.256742  331
0.256901  325
0.256905  339
0.257178  335
0.257591  370
0.257602  215
0.258137  338
0.258523  378
0.258964  38
0.259527  384
0.260014  96
0.260831  292
0.260856  319
0.260923  360
0.261343  68
0.261911  373
0.261951  18
0.262312  351
0.26256  361
0.262772  284
0.263364  354
0.26345  304
0.263794  323
0.263943  79
0.264123  344
0.264126  187
0.26422  89
0.264371  100
0.264376  101
0.264377  48
0.264523  283
0.264548  180
0.26461  51
0.264893  337
0.265467  15
0.265501  297
0.265707  345
0.265743  365
0.265964  342
0.266161  347
0.266166  88
0.266685  315
0.267154  300
0.267258  329
0.267703  37
0.267838  301
0.267863  372
0.267911  340
0.268083  55
0.268114  227
0.268701  13
0.269225  148
0.269535  385
0.269883  285
0.270441  368
0.270577  21
0.272096  248
0.272097  255
0.272134  56
0.272137  387
0.272314  369
0.272443  349
0.272774  275
0.272902  377
0.273007  145
0.273156  111
0.273461  81
0.273479  261
0.274102  182
0.274139  375
0.274249  376
0.274338  397
0.274566  62
0.274972  388
0.275062  327
0.275439  119
0.275478  355
0.275988  394
0.276122  276
0.276728  359
0.277114  135
0.27719  211
0.277916  396
0.278184  348
0.278391  147
0.278491  302
0.27858  356
0.278643  352
0.278684  379
0.279631  306
0.280065  313
0.280727  184
0.28103  381
0.281725  238
0.282163  362
0.283144  72
0.283671  94
0.283778  383
0.284171  3
0.284706  176
0.28501  196
0.285252  186
0.28533  207
0.285439  246
0.285696  395
0.285729  326
0.285903  272
0.286337  259
0.286679  330
0.287042  213
0.287616  231
0.287632  260
0.287817  183
0.288173  254
0.288281  287
0.288451  47
0.288618  346
0.288919  289
0.288938  12
0.288942  318
0.289188  141
0.289189  138
0.289331  24
0.289408  139
0.289419  203
0.289744  98
0.290098  212
0.290136  322
0.290256  392
0.290436  52
0.290586  334
0.290953  150
0.290967  229
0.291017  181
0.291277  25
0.291438  350
0.291562  325
0.29175  393
0.291845  374
0.291866  245
0.292  320
0.292172  249
0.292543  153
0.292633  6
0.292739  370
0.292815  298
0.292897  353
0.293013  155
0.293124  161
0.293484  317
0.293579  173
0.293655  86
0.293796  314
0.294015  307
0.295199  156
0.295323  134
0.295617  116
0.295825  50
0.296246  364
0.296294  357
0.296308  87
0.296422  390
0.296558  177
0.296647  328
0.296726  113
0.296926  127
0.297  391
0.29702  339
0.297048  106
0.297135  163
0.29725  130
0.297294  225
0.297411  128
0.297482  241
0.297516  335
0.297525  66
0.297697  351
0.29775  309
0.298057  42
0.298148  295
0.298325  194
0.298958  398
0.299009  386
0.299141  23
0.299177  107
0.299182  44
0.29924  389
0.299996  239
0.300165  221
0.300473  73
0.300494  337
0.30063  120
0.300943  278
0.300945  331
0.301008  251
0.301177  384
0.301183  310
0.301274  363
0.301291  304
0.301341  303
0.301419  311
0.301431  312
0.301532  240
0.301571  345
0.301658  222
0.302945  32
0.303068  27
0.303285  209
0.303609  324
0.303769  198
0.303787  332
0.303826  125
0.303837  226
0.304482  343
0.304518  160
0.304676  342
0.304747  341
0.304999  78
0.305185  358
0.305657  387
0.305727  296
0.305771  305
0.305784  54
0.305979  333
0.306251  336
0.306559  394
0.306778  347
0.306971  399
0.307083  270
0.307097  329
0.307973  67
0.30822  316
0.308939  14
0.309189  366
0.309494  371
0.310005  117
0.310248  286
0.310683  274
0.310736  20
0.310742  308
0.310743  319
0.311712  57
0.312096  35
0.312551  104
0.31285  93
0.312949  219
0.313068  115
0.313088  91
0.313109  378
0.313182  84
0.313398  146
0.313485  185
0.313745  321
0.313809  201
0.314275  178
0.314339  85
0.314776  268
0.314824  313
0.314983  340
0.315094  323
0.315202  382
0.315385  327
0.31559  132
0.315644  372
0.315877  214
0.315892  217
0.316021  77
0.316334  355
0.316845  302
0.316924  300
0.316959  223
0.317225  354
0.317373  144
0.317807  361
0.317882  385
0.318046  338
0.31819  95
0.318764  359
0.318989  123
0.319115  97
0.319257  242
0.319575  166
0.319664  208
0.32036  275
0.320371  46
0.320596  216
0.320869  380
0.321118  234
0.321316  262
0.321344  348
0.321808  192
0.32207  193
0.322155  369
0.322513  152
0.322535  301
0.322747  175
0.322808  257
0.32284  247
0.323024  92
0.323173  367
0.323269  373
0.323622  189
0.323686  49
0.323809  237
0.323925  396
0.324029  330
0.324702  360
0.324741  395
0.325064  118
0.325208  199
0.325316  51
0.325799  5
0.325812  353
0.326009  162
0.326198  267
0.326414  188
0.326507  0
0.326531  154
0.326546  375
0.326576  18
0.326835  149
0.326939  26
0.326943  383
0.326966  17
0.327039  28
0.327404  379
0.327453  68
0.327488  110
0.327518  36
0.327836  112
0.327989  129
0.328105  352
0.328438  90
0.328613  279
0.328627  356
0.328725  142
0.32888  264
0.328946  320
0.329004  344
0.329006  266
0.329042  271
0.329058  83
0.329068  232
0.329268  34
0.329574  169
0.329661  187
0.32967  263
0.329766  397
0.329836  362
0.32988  334
0.329892  376
0.329934  246
0.33  59
0.330082  218
0.330215  273
0.330316  151
0.330355  381
0.330657  388
0.330728  306
0.330862  365
0.331077  158
0.331096  368
0.331749  33
0.331816  182
0.331818  80
0.332061  374
0.332299  29
0.332416  351
0.332533  215
0.33302  347
0.333064  143
0.3333  147
0.333327  290
0.33334  371
0.333359  289
0.333509  137
0.333631  108
0.333777  164
0.333859  315
0.334175  370
0.334232  288
0.334262  326
0.334307  224
0.334427  16
0.334758  157
0.334972  322
0.335019  8
0.335134  161
0.335263  336
0.335474  165
0.33569  233
0.335882  349
0.335899  317
0.336011  332
0.336083  61
0.336196  318
0.336243  38
0.336292  13
0.336616  319
0.336639  309
0.336826  65
0.336972  331
0.337429  358
0.337509  377
0.337553  390
0.337694  211
0.338185  346
0.338492  335
0.338675  393
0.338838  314
0.338921  103
0.33908  337
0.340812  294
0.34092  305
0.34109  75
0.342521  55
0.342707  265
0.342751  384
0.343053  167
0.343419  364
0.343608  114
0.343662  399
0.343706  96
0.344024  62
0.344125  7
0.344179  323
0.344179  312
0.344493  131
0.344608  310
0.344639  171
0.344683  324
0.34471  311
0.3448  342
0.345043  303
0.345277  64
0.345491  341
0.345611  387
0.345866  350
0.346293  243
0.347325  339
0.347816  58
0.34791  385
0.348191  282
0.348214  72
0.349393  281
0.349527  177
0.349621  357
0.350596  256
0.350662  308
0.35088  228
0.350933  197
0.351024  386
0.351057  255
0.351549  325
0.351587  398
0.351638  389
0.352318  9
0.35236  394
0.35241  105
0.352535  355
0.352625  328
0.352912  304
0.353229  250
0.353313  74
0.354293  10
0.354335  280
0.354487  180
0.355106  81
0.355208  100
0.355726  287
0.356008  248
0.356222  30
0.356282  121
0.35629  21
0.356817  321
0.35685  343
0.356925  269
0.357174  363
0.357455  359
0.357586  15
0.357736  254
0.357772  338
0.357951  259
0.357997  293
0.358256  295
0.358267  234
0.358567  31
0.358728  378
0.359022  297
0.359235  2
0.359424  391
0.359559  392
0.359612  340
0.359636  366
0.360277  101
0.360372  396
0.361243  306
0.361722  79
0.36201  380
0.362359  220
0.362738  333
0.362882  300
0.362917  56
0.363085  330
0.363148  316
0.363183  276
0.363542  372
0.36368  347
0.363839  176
0.364158  327
0.364292  367
0.364362  249
0.36535  301
0.365497  369
0.365538  3
0.365861  212
0.36589  382
0.365978  133
0.367368  119
0.367524  291
0.367985  170
0.367991  35
0.368439  307
0.368966  195
0.369119  353
0.369685  258
0.369794  329
0.369877  261
0.370135  227
0.370285  200
0.370339  317
0.370454  126
0.370741  354
0.370901  45
0.371067  43
0.37114  298
0.371561  375
0.371576  315
0.371601  209
0.371776  244
0.371826  1
0.371917  41
0.372013  277
0.372123  229
0.372376  223
0.372483  42
0.372646  88
0.372664  313
0.372668  360
0.372934  125
0.373493  345
0.373856  49
0.374189  247
0.374244  344
0.374356  76
0.374496  368
0.374619  48
0.374728  191
0.374842  146
0.375184  124
0.375196  302
0.37521  44
0.375325  236
0.375494  370
0.375586  251
0.375819  128
0.376234  89
0.376259  238
0.376277  253
0.376317  322
0.376339  286
0.376355  336
0.376464  102
0.3766  95
0.37672  334
0.376807  152
0.377238  168
0.377453  374
0.377615  98
0.377618  362
0.377625  390
0.377891  351
0.377993  373
0.378094  181
0.378247  225
0.378761  70
0.379245  210
0.37934  104
0.379672  399
0.379827  365
0.380105  331
0.380265  94
0.380522  332
0.381083  385
0.381105  364
0.381223  335
0.38125  377
0.381507  303
0.381548  337
0.382766  4
0.382803  145
0.383235  361
0.383346  111
0.384082  346
0.384356  384
0.384572  339
0.385031  388
0.385975  395
0.386377  350
0.386493  349
0.386874  371
0.387398  393
0.38872  314
0.389309  310
0.389986  52
0.390033  141
0.391678  383
0.392024  18
0.392128  174
0.392278  203
0.392569  320
0.392815  78
0.392931  348
0.393061  135
0.393126  196
0.393169  106
0.393642  164
0.393705  202
0.394002  144
0.394039  156
0.394107  77
0.394278  323
0.394421  325
0.394642  389
0.395135  352
0.395514  387
0.395688  153
0.395837  311
0.395874  53
0.396188  358
0.396293  318
0.397101  309
0.397193  173
0.397328  324
0.398271  386
0.398877  50
0.399102  397
0.400269  319
0.400554  208
0.401068  193
0.401093  326
0.401651  308
0.401743  120
0.401802  187
0.402406  115
0.402645  379
0.402802  243
0.402978  73
0.403374  64
0.403433  396
0.403543  85
0.403891  338
0.403954  11
0.404271  63
0.404842  182
0.404873  99
0.404942  381
0.404943  341
0.404949  376
0.405038  345
0.405407  230
0.405439  27
0.405487  282
0.405566  367
0.405593  192
0.406001  316
0.406053  328
0.40609  22
0.406619  363
0.407084  312
0.407154  222
0.407245  72
0.40726  127
0.407852  190
0.40799  65
0.408682  235
0.408937  159
0.409012  107
0.409035  329
0.409069  356
0.409344  366
0.409345  300
0.409574  165
0.409712  330
0.409773  87
0.409818  306
0.409881  392
0.410447  60
0.410613  185
0.410934  321
0.4114  380
0.411561  172
0.411584  305
0.411933  108
0.412314  37
0.412616  20
0.412736  359
0.413241  39
0.41411  378
0.414119  19
0.414145  67
0.414193  155
0.41435  342
0.414371  333
0.41438  307
0.414392  169
0.414761  391
0.414951  241
0.415484  355
0.416068  194
0.416363  218
0.416676  206
0.416713  40
0.417073  260
0.417267  16
0.417569  228
0.417589  375
0.417828  35
0.418409  288
0.418583  201
0.418755  93
0.418847  246
0.418945  118
0.418969  47
0.418975  158
0.419021  92
0.41915  32
0.419424  10
0.419425  205
0.41949  262
0.419509  257
0.419556  398
0.419718  184
0.419799  54
0.420027  51
0.420032  175
0.420134  224
0.420195  231
0.420309  197
0.420489  254
0.420523  302
0.420564  48
0.420611  357
0.420616  394
0.420626  267
0.420675  179
0.420777  136
0.420892  226
0.420918  112
0.420919  285
0.420933  340
0.420943  138
0.421001  117
0.421038  211
0.421196  113
0.421237  304
0.421292  317
0.421348  69
0.421375  343
0.421397  239
0.421601  290
0.421706  334
0.421833  123
0.421847  14
0.421871  166
0.421933  332
0.421949  283
0.422066  161
0.422126  346
0.422144  371
0.422196  83
0.422344  389
0.422401  245
0.422425  204
0.422486  255
0.422531  278
0.422557  6
0.422623  91
0.422654  263
0.422674  314
0.422721  82
0.422771  373
0.422852  170
0.42294  294
0.423061  275
0.423104  382
0.423131  180
0.423189  30
0.423221  217
0.423231  71
0.423548  49
0.423573  384
0.42365  160
0.423659  55
0.423815  374
0.423829  148
0.42384  327
0.424093  17
0.424106  369
0.424197  390
0.424481  335
0.424495  362
0.424662  385
0.424711  353
0.424811  207
0.424862  157
0.42499  350
0.425416  365
0.42545  177
0.425456  271
0.425509  331
0.425575  133
0.425631  45
0.42565  301
0.425664  372
0.425807  44
0.425995  354
0.426012  46
0.426148  189
0.426505  336
0.426577  266
0.426697  315
0.427327  273
0.42749  105
0.428063  142
0.428177  399
0.428206  215
0.428506  25
0.4286  252
0.428671  53
0.428686  303
0.428709  31
0.428799  339
0.428898  247
0.428967  347
0.429071  379
0.429175  361
0.429205  292
0.42944  28
0.429572  383
0.429747  344
0.429767  370
0.429788  268
0.42984  186
0.4299  57
0.429991  388
0.430009  129
0.430129  147
0.430158  284
0.430233  0
0.430564  368
0.430606  137
0.430722  349
0.43081  395
0.430835  99
0.430973  318
0.430974  8
0.430999  242
0.431095  397
0.431219  34
0.431266  167
0.431621  178
0.432126  134
0.432184  337
0.432218  313
0.432248  122
0.432526  393
0.432562  386
0.433026  66
0.433145  216
0.433184  272
0.43354  356
0.433541  377
0.434109  289
0.434269  310
0.43488  348
0.435296  358
0.435346  333
0.435461  154
0.435523  387
0.435873  86
0.436039  264
0.436486  352
0.436626  306
0.436829  221
0.436843  328
0.43694  103
0.437157  50
0.437303  355
0.437493  89
0.437952  326
0.438164  121
0.438568  33
0.438629  311
0.438804  183
0.439068  316
0.439404  56
0.439442  324
0.4396  320
0.43978  396
0.439914  181
0.440561  360
0.440647  323
0.441691  277
0.442166  199
0.442299  253
0.442373  366
0.442471  258
0.442693  345
0.442857  23
0.44307  319
0.443336  79
0.443505  214
0.443717  380
0.44379  203
0.444567  42
0.444605  114
0.44464  307
0.444678  325
0.444969  338
0.44506  74
0.445368  367
0.445703  364
0.446413  341
0.447113  162
0.447259  95
0.447361  188
0.448071  125
0.44825  61
0.44893  155
0.44912  15
0.449435  304
0.449667  308
0.44988  198
0.450246  287
0.450644  21
0.450648  116
0.450754  312
0.450969  288
0.451053  256
0.451506  296
0.451507  185
0.451541  27
0.451781  342
0.451917  7
0.451967  94
0.452115  80
0.452635  363
0.452785  210
0.452792  171
0.452858  1
0.453031  321
0.453122  96
0.453206  274
0.453207  81
0.453263  233
0.453496  376
0.453622  259
0.453683  369
0.453688  391
0.45412  309
0.454383  100
0.454437  330
0.454521  340
0.454564  26
0.454681  381
0.454694  68
0.454768  152
0.454879  35
0.455043  70
0.45509  149
0.455137  302
0.455292  20
0.455356  38
0.455488  240
0.455763  299
0.455919  84
0.456024  3
0.456104  322
0.45613  314
0.456152  191
0.456273  156
0.456489  295
0.457391  398
0.457856  104
0.457993  219
0.458137  111
0.458137  75
0.458182  394
0.458225  192
0.458236  220
0.45838  329
0.45848  301
0.458544  305
0.45867  317
0.458683  87
0.458876  335
0.459009  359
0.45922  85
0.459259  232
0.459332  90
0.459384  339
0.459393  374
0.459542  109
0.459544  378
0.459832  250
0.459978  297
0.460841  248
0.460997  146
0.461391  238
0.461538  346
0.461808  351
0.461885  69
0.462057  362
0.462087  213
0.462196  343
0.462282  350
0.462366  291
0.462766  397
0.462928  132
0.46359  144
0.463674  379
0.463778  357
0.463806  390
0.46389  276
0.464146  194
0.464705  53
0.464967  336
0.465173  18
0.46547  315
0.465493  384
0.465818  353
0.465967  29
0.465977  331
0.466216  131
0.466512  318
0.466559  392
0.467454  126
0.468171  123
0.468203  130
0.468455  251
0.468482  395
0.468498  229
0.468592  200
0.468798  270
0.469122  36
0.469125  399
0.469214  174
0.46922  12
0.469282  98
0.469548  2
0.469621  333
0.469742  344
0.469847  158
0.470026  225
0.470076  9
0.470177  223
0.470306  332
0.470312  244
0.470435  128
0.47115  387
0.471233  190
0.47126  373
0.471269  354
0.471345  211
0.471403  41
0.471445  382
0.471506  62
0.471891  97
0.472084  310
0.47233  371
0.47241  163
0.472508  334
0.47257  377
0.473318  196
0.473871  14
0.474253  327
0.474359  184
0.474555  279
0.47466  169
0.4749  338
0.475059  55
0.475088  280
0.47512  59
0.475433  286
0.475894  19
0.475974  150
0.475985  385
0.475989  313
0.476033  45
0.476171  393
0.476369  368
0.476375  356
0.476459  324
0.476564  91
0.47674  195
0.476813  396
0.476825  386
0.476896  365
0.47758  347
0.477615  193
0.477851  383
0.478001  4
0.478074  306
0.47846  337
0.478581  120
0.478741  77
0.478955  166
0.479098  23
0.47936  76
0.480314  361
0.480353  178
0.480373  303
0.480985  228
0.481007  366
0.481008  323
0.481999  325
0.482006  360
0.482103  367
0.482152  110
0.482321  140
0.482406  46
0.482869  311
0.483088  145
0.48318  355
0.48328  282
0.483598  33
0.483641  142
0.483729  127
0.484368  352
0.484386  167
0.48454  175
0.484635  73
0.485396  375
0.485731  47
0.485848  307
0.486034  341
0.486161  237
0.486256  304
0.486926  320
0.48721  372
0.487262  168
0.487838  216
0.487883  93
0.488434  345
0.488633  108
0.489043  118
0.48908  300
0.489187  147
0.489294  24
0.489517  329
0.489641  31
0.489668  348
0.489812  380
0.490059  389
0.490117  370
0.491191  5
0.491304  83
0.491554  135
0.492153  285
0.492229  298
0.492358  394
0.492605  284
0.492619  189
0.492731  161
0.493156  173
0.493323  148
0.493341  326
0.493411  227
0.493728  235
0.493848  301
0.493859  249
0.493961  252
0.494118  101
0.494143  51
0.494214  71
0.494297  151
0.494498  364
0.494529  397
0.494556  321
0.494603  260
0.494648  215
0.494869  342
0.495274  44
0.495307  272
0.495353  245
0.49536  236
0.495382  358
0.495469  11
0.495489  343
0.495504  234
0.495545  308
0.495839  265
0.495886  381
0.496112  179
0.496313  241
0.496635  269
0.496639  72
0.496886  119
0.497054  136
0.497285  359
0.497387  221
0.497478  172
0.497644  302
0.497814  319
0.49798  369
0.49801  103
0.498022  115
0.498066  357
0.498086  78
0.498279  22
0.498626  305
0.498703  205
0.499067  129
0.499397  314
0.499414  164
0.499543  356
0.499705  105
0.499944  363
0.500325  353
0.500732  312
0.500806  16
0.500877  330
0.500896  141
0.500904  315
0.500933  153
0.501199  388
0.501245  64
0.501521  266
0.501761  188
0.501827  398
0.50197  208
0.502539  204
0.502548  191
0.502908  328
0.503011  316
0.503189  160
0.503407  28
0.503638  349
0.503706  371
0.503942  137
0.504177  350
0.504282  113
0.504327  290
0.504664  390
0.505097  230
0.505374  392
0.505423  378
0.506108  112
0.506382  278
0.50665  273
0.506698  81
0.506753  333
0.506907  323
0.507074  384
0.507385  293
0.507453  377
0.507727  340
0.507863  399
0.507887  206
0.507979  63
0.50904  309
0.509637  347
0.509907  212
0.510746  109
0.510954  49
0.511255  327
0.511391  391
0.511499  287
0.511547  218
0.51218  170
0.512498  186
0.512544  339
0.5126  311
0.512638  395
0.512808  40
0.512816  318
0.512911  55
0.513053  180
0.513202  379
0.513327  322
0.51382  199
0.514501  313
0.514503  360
0.514567  351
0.514585  18
0.514843  240
0.515349  341
0.516841  176
0.517209  317
0.517679  396
0.517766  303
0.517882  295
0.517891  107
0.51791  336
0.518684  258
0.519292  382
0.520302  332
0.521193  324
0.521403  294
0.521647  248
0.521859  335
0.521948  386
0.522308  84
0.523076  89
0.52311  387
0.523153  222
0.523225  261
0.52326  202
0.523404  329
0.523424  354
0.523752  334
0.52389  100
0.523905  268
0.524317  393
0.524571  86
0.524636  365
0.524685  32
0.524765  253
0.524768  29
0.524804  87
0.525204  325
0.526303  70
0.526306  13
0.526591  60
0.526811  352
0.526971  362
0.527002  307
0.527026  80
0.527088  106
0.52749  373
0.527543  368
0.527862  376
0.528277  355
0.528286  375
0.528586  277
0.528717  310
0.528796  306
0.529241  346
0.53133  331
0.532715  372
0.532716  104
0.533442  99
0.534271  263
0.534528  111
0.535219  34
0.535953  348
0.536133  12
0.536151  246
0.536161  242
0.536317  271
0.536786  2
0.536796  165
0.536805  326
0.53688  247
0.536976  338
0.537021  363
0.537133  121
0.537537  65
0.537665  194
0.537936  257
0.538019  374
0.538373  366
0.539104  250
0.539265  239
0.539402  150
0.539485  251
0.539521  267
0.539589  254
0.53962  102
0.539626  27
0.539826  37
0.540167  62
0.540179  388
0.540198  187
0.540251  359
0.54045  394
0.54048  157
0.540583  289
0.54062  223
0.540637  330
0.540866  367
0.541025  304
0.541039  74
0.541186  143
0.541236  3
0.541654  124
0.541709  383
0.541752  286
0.54195  94
0.54213  353
0.542358  21
0.542662  54
0.542782  213
0.543013  219
0.543051  264
0.543052  389
0.543117  57
0.543136  144
0.543263  98
0.543312  211
0.54332  9
0.543321  215
0.543405  68
0.543415  90
0.543417  321
0.54346  312
0.543513  300
0.544063  85
0.544155  281
0.544485  14
0.545385  26
0.545389  25
0.545428  131
0.545453  175
0.545505  259
0.545545  1
0.545547  24
0.54564  292
0.545726  302
0.545748  301
0.545758  337
0.545802  344
0.545923  155
0.545927  117
0.545974  171
0.546082  146
0.546126  399
0.546163  305
0.546243  43
0.54635  71
0.546373  36
0.546427  238
0.546457  209
0.546462  79
0.546618  379
0.546732  380
0.546752  158
0.547475  309
0.547559  174
0.54785  308
0.548025  118
0.548035  5
0.548068  299
0.54809  350
0.548095  397
0.54822  333
0.548355  93
0.54844  320
0.548564  167
0.548624  369
0.548756  50
0.548757  134
0.54884  392
0.548915  316
0.549008  164
0.549429  361
0.549568  318
0.549602  343
0.549871  275
0.550406  182
0.550626  139
0.5508  391
0.550813  192
0.550827  382
0.550961  169
0.55131  231
0.551456  364
0.551656  244
0.551837  156
0.551876  177
0.551906  311
0.551964  178
0.552165  198
0.552348  342
0.552396  319
0.552554  339
0.552995  153
0.553497  17
0.553694  113
0.553708  377
0.553797  390
0.553952  48
0.553957  35
0.554049  120
0.554136  63
0.554184  129
0.554428  200
0.554475  341
0.554566  184
0.554626  291
0.554995  20
0.555039  314
0.555044  395
0.555133  340
0.555401  226
0.555618  149
0.555633  370
0.55566  358
0.555764  313
0.55601  360
0.556177  381
0.556203  210
0.556349  152
0.556451  396
0.556523  378
0.556919  351
0.556969  393
0.557123  346
0.557247  183
0.557272  285
0.557479  385
0.557655  283
0.557824  398
0.557876  372
0.558176  386
0.558191  323
0.558678  328
0.559147  326
0.559489  373
0.560165  256
0.560457  335
0.560504  322
0.560508  336
0.562299  345
0.563455  334
0.563501  355
0.56362  365
0.563851  332
0.563982  53
0.564965  84
0.566048  221
0.566607  357
0.567242  293
0.56727  142
0.567417  368
0.567477  114
0.568236  173
0.568296  168
0.568304  6
0.568474  163
0.568721  214
0.568828  203
0.568859  67
0.569012  349
0.569095  66
0.569458  237
0.569755  384
0.569755  347
0.569763  325
0.569938  375
0.570237  227
0.570425  108
0.570507  46
0.57067  147
0.570858  172
0.57099  127
0.571153  19
0.57161  367
0.571857  130
0.572248  315
0.572255  96
0.572325  354
0.572361  304
0.57237  141
0.572414  356
0.57247  272
0.572716  92
0.572966  317
0.573104  310
0.573466  296
0.573784  295
0.573851  55
0.57495  324
0.575052  387
0.575077  31
0.575407  307
0.575589  132
0.576221  76
0.576347  45
0.576441  81
0.57661  180
0.576711  312
0.576861  352
0.576934  41
0.576941  362
0.577203  303
0.577329  294
0.578174  58
0.578463  274
0.57879  52
0.579296  371
0.579644  39
0.579804  154
0.580091  193
0.580125  300
0.580169  229
0.580178  122
0.58045  348
0.580539  260
0.581189  95
0.581357  306
0.58147  56
0.581498  376
0.581951  261
0.582085  218
0.582265  201
0.582341  249
0.582477  30
0.582716  162
0.582778  4
0.583255  298
0.58339  270
0.583568  222
0.583609  399
0.583822  378
0.583824  217
0.583827  159
0.58383  363
0.583912  232
0.583917  196
0.584049  374
0.58424  86
0.584358  245
0.584368  233
0.584465  327
0.584469  302
0.584783  329
0.584799  366
0.584821  2
0.584933  207
0.585127  0
0.58518  262
0.585255  110
0.58526  330
0.58546  343
0.5855  51
0.585741  341
0.586  309
0.586083  27
0.586091  234
0.586111  11
0.586333  47
0.586423  394
0.586796  321
0.587011  15
0.587076  197
0.587084  170
0.587316  320
0.587568  10
0.588143  77
0.588408  319
0.588461  311
0.588485  22
0.588542  297
0.588919  190
0.589087  369
0.58956  336
0.589701  318
0.589724  265
0.589786  342
0.589918  125
0.59036  44
0.590406  100
0.590436  392
0.590576  70
0.590809  49
0.590812  216
0.590821  314
0.590953  33
0.590983  398
0.591164  271
0.591398  308
0.591426  97
0.591496  322
0.591783  331
0.592087  338
0.59214  395
0.592499  188
0.593078  181
0.593185  42
0.593466  38
0.593559  350
0.593654  250
0.59368  381
0.593709  382
0.593719  389
0.593749  246
0.593963  281
0.593967  301
0.594189  109
0.594417  373
0.594432  359
0.594455  383
0.594707  335
0.59475  379
0.595831  351
0.596916  385
0.597391  358
0.599074  115
0.599396  144
0.599662  166
0.599819  380
0.60004  323
0.600244  135
0.600989  248
0.601126  88
0.60124  224
0.601355  364
0.601742  89
0.601751  138
0.602042  236
0.602095  137
0.602142  393
0.602321  377
0.603058  18
0.603105  140
0.603172  176
0.603566  157
0.604063  240
0.604163  391
0.604291  353
0.604368  337
0.604403  344
0.604522  280
0.60456  29
0.604621  105
0.604779  396
0.604813  103
0.605008  266
0.60531  119
0.605358  8
0.605612  16
0.60586  397
0.60607  345
0.606251  334
0.606305  37
0.606363  355
0.606408  371
0.60649  288
0.606495  205
0.606513  386
0.606742  185
0.60678  346
0.607096  278
0.607178  273
0.607826  28
0.608208  390
0.608528  160
0.608544  370
0.608963  340
0.609139  313
0.60917  161
0.60946  59
0.609694  69
0.610029  151
0.610299  305
0.610412  332
0.610882  123
0.611343  25
0.611408  319
0.611641  362
0.611716  264
0.611718  276
0.611763  315
0.612202  148
0.612291  242
0.612396  121
0.612505  352
0.612907  199
0.613221  116
0.613293  128
0.613571  361
0.613799  83
0.614053  187
0.61428  309
0.614308  258
0.61436  64
0.614396  87
0.614456  325
0.614632  388
0.614911  191
0.615025  307
0.61506  328
0.615063  326
0.615146  384
0.61529  316
0.615295  302
0.615379  282
0.615408  126
0.615721  5
0.616133  339
0.616277  139
0.616488  145
0.616885  347
0.617301  374
0.618036  80
0.618671  274
0.619069  317
0.619244  333
0.619309  61
0.619757  368
0.620118  360
0.62042  304
0.620614  225
0.621174  133
0.621391  238
0.621458  192
0.621836  365
0.621946  40
0.622339  376
0.622748  349
0.622762  106
0.623779  13
0.623894  394
0.624176  169
0.624623  34
0.624965  247
0.625205  215
0.625215  65
0.625322  189
0.62534  124
0.625341  300
0.625395  354
0.625434  387
0.625589  150
0.625994  212
0.626312  375
0.626647  219
0.626892  389
0.627058  372
0.627441  62
0.627797  324
0.628154  348
0.628341  395
0.62946  320
0.630254  32
0.630295  102
0.630503  312
0.631461  85
0.631593  378
0.631646  310
0.631647  186
0.632091  146
0.632216  78
0.632651  289
0.632747  129
0.63289  369
0.632904  357
0.63291  327
0.633078  367
0.633112  373
0.633126  356
0.633214  23
0.633396  84
0.634316  342
0.635705  321
0.635923  241
0.63599  335
0.63637  184
0.636769  208
0.637293  107
0.637445  112
0.637502  284
0.637595  10
0.637769  301
0.638106  149
0.638315  303
0.638493  283
0.63862  363
0.638631  158
0.638925  392
0.639155  359
0.639178  39
0.639186  117
0.639971  155
0.640056  239
0.640057  73
0.640277  279
0.640394  314
0.640402  195
0.640656  341
0.640712  249
0.640832  350
0.641308  74
0.64162  323
0.641739  235
0.641963  383
0.642056  167
0.642168  306
0.642411  308
0.64247  58
0.642487  343
0.642751  256
0.642925  261
0.643148  398
0.643655  336
0.643896  318
0.644057  0
0.64423  393
0.644331  399
0.644921  252
0.645081  136
0.645391  265
0.645886  174
0.646826  200
0.647207  82
0.647244  397
0.647627  362
0.647707  260
0.64794  330
0.64806  36
0.648184  288
0.648494  311
0.648542  99
0.648587  4
0.648728  101
0.648771  71
0.648994  178
0.64924  364
0.649458  15
0.649466  143
0.650222  255
0.650408  230
0.650665  322
0.650957  165
0.651257  381
0.651306  108
0.651356  371
0.651457  130
0.651535  196
0.651748  164
0.651763  377
0.651874  329
0.651886  338
0.652069  55
0.652199  54
0.652398  287
0.652591  254
0.652594  182
0.652729  21
0.652983  109
0.653264  370
0.65334  331
0.653455  223
0.653573  45
0.653723  96
0.653832  111
0.653984  181
0.654042  221
0.654361  17
0.654396  390
0.654456  345
0.654726  337
0.654763  267
0.655042  142
0.655221  366
0.655446  125
0.655447  346
0.655458  172
0.65546  305
0.655742  386
0.655823  391
0.655973  285
0.656272  93
0.656384  388
0.656471  334
0.656544  206
0.656594  358
0.656607  379
0.657025  339
0.657106  126
0.65715  244
0.657323  315
0.65742  355
0.657719  227
0.657724  351
0.658146  396
0.658147  134
0.658396  304
0.658911  333
0.658954  380
0.660079  214
0.660266  179
0.660498  374
0.660651  307
0.661617  205
0.662992  20
0.66328  6
0.663332  68
0.663748  171
0.663779  385
0.664024  57
0.664164  159
0.664265  326
0.66462  203
0.664654  242
0.664747  152
0.664764  183
0.664892  344
0.664911  122
0.66499  18
0.665084  168
0.665128  204
0.665189  177
0.665509  33
0.665533  38
0.665577  131
0.665607  198
0.665616  332
0.665686  376
0.665696  72
0.665873  220
0.665945  276
0.666004  272
0.666029  120
0.666049  217
0.666069  128
0.666087  154
0.666174  191
0.666281  190
0.66643  138
0.666447  175
0.666564  342
0.666636  103
0.666671  243
0.666694  26
0.66676  3
0.666769  123
0.666831  264
0.666933  173
0.666979  185
0.667002  43
0.667045  156
0.667097  231
0.667164  387
0.667246  250
0.667341  225
0.667356  320
0.667362  257
0.667434  75
0.667451  313
0.667503  24
0.6676  259
0.667624  9
0.667689  360
0.66769  246
0.667735  213
0.667751  14
0.66785  294
0.667863  41
0.667877  340
0.66789  79
0.66794  317
0.667988  325
0.668021  361
0.668124  314
0.668139  347
0.668169  354
0.6683  384
0.668366  193
0.66841  228
0.668461  29
0.668533  382
0.669023  295
0.669087  368
0.669655  80
0.669722  302
0.669865  365
0.669879  395
0.66992  251
0.669946  269
0.669963  53
0.670044  301
0.670045  150
0.67011  349
0.67015  266
0.670359  312
0.670378  300
0.670495  392
0.670608  389
0.670655  327
0.671233  319
0.671323  352
0.671529  98
0.67191  357
0.672312  67
0.672375  353
0.672775  372
0.673104  148
0.673108  378
0.67362  92
0.67375  356
0.673793  268
0.673869  348
0.673922  309
0.674017  394
0.674327  369
0.674571  47
0.674634  239
0.674955  289
0.67509  341
0.675392  226
0.675447  310
0.675911  180
0.676281  124
0.676655  383
0.67667  324
0.677032  235
0.677087  218
0.677648  286
0.677678  375
0.677798  298
0.67793  90
0.677963  105
0.678569  44
0.678575  343
0.679382  359
0.679632  56
0.679883  234
0.679914  210
0.679947  163
0.679974  328
0.680054  278
0.680076  7
0.680246  161
0.680576  197
0.68069  81
0.680857  316
0.680859  140
0.680891  281
0.68097  367
0.681072  271
0.681151  229
0.681203  366
0.681207  363
0.68123  59
0.681481  303
0.68167  19
0.68174  145
0.681851  296
0.682358  335
0.682443  336
0.682883  50
0.682889  244
0.683036  216
0.683085  323
0.683418  194
0.683629  118
0.68373  28
0.683758  331
0.684339  238
0.684526  157
0.684784  12
0.685138  247
0.685301  350
0.685392  355
0.685545  211
0.685676  370
0.685778  391
0.685829  112
0.68595  388
0.686279  186
0.686319  396
0.686414  293
0.686458  322
0.686536  40
0.686574  308
0.686697  397
0.686761  31
0.687061  306
0.687294  398
0.687405  60
0.687443  373
0.687787  63
0.688486  381
0.689564  364
0.68992  25
0.690104  35
0.690123  358
0.69083  137
0.690969  318
0.691196  311
0.691263  304
0.691654  188
0.691842  277
0.692064  132
0.692066  362
0.692246  351
0.692355  346
0.692808  379
0.693198  305
0.693421  184
0.693711  399
0.695055  263
0.695456  329
0.69693  70
0.697281  114
0.69729  292
0.697335  338
0.697696  386
0.697754  267
0.697834  345
0.697843  51
0.698179  119
0.698223  23
0.698388  371
0.698611  42
0.698872  330
0.698898  393
0.699109  0
0.699403  361
0.699578  339
0.699978  202
0.700134  314
0.700933  2
0.701003  66
0.703114  141
0.703165  189
0.703732  192
0.704203  116
0.704277  89
0.704467  209
0.70461  236
0.704787  344
0.704809  240
0.704959  390
0.705192  151
0.705402  380
0.70557  245
0.705787  352
0.705816  337
0.706085  215
0.706174  201
0.706183  83
0.70634  22
0.706513  315
0.706614  102
0.70665  127
0.706692  34
0.706827  207
0.707115  384
0.707182  321
0.707292  106
0.707293  377
0.707535  149
0.707757  280
0.707841  94
0.707887  317
0.707951  129
0.70819  299
0.70876  333
0.708807  155
0.708962  270
0.709381  182
0.709401  309
0.709648  378
0.709681  225
0.709681  27
0.709781  274
0.710216  87
0.710306  265
0.710313  313
0.710346  383
0.710356  353
0.710473  365
0.71054  162
0.710541  39
0.710592  327
0.710711  160
0.710887  37
0.710978  52
0.711019  356
0.711149  301
0.711206  392
0.711341  117
0.711515  100
0.711947  340
0.712207  360
0.712502  231
0.712519  228
0.712541  96
0.713065  248
0.713204  147
0.713393  223
0.713662  307
0.71371  385
0.713908  166
0.714042  257
0.714051  320
0.714292  310
0.71434  219
0.71438  332
0.714526  326
0.714795  357
0.714855  173
0.714959  302
0.714969  65
0.715128  49
0.715208  73
0.715514  10
0.715527  366
0.715758  354
0.715792  347
0.716126  334
0.716183  104
0.716424  342
0.716762  348
0.717638  343
0.718245  324
0.718285  394
0.718553  253
0.718982  341
0.719362  376
0.719425  319
0.719696  284
0.720119  312
0.720343  74
0.72107  82
0.721356  95
0.721467  88
0.721881  142
0.722003  262
0.722219  126
0.722338  256
0.722496  391
0.722501  323
0.722645  93
0.723103  46
0.723127  355
0.723373  164
0.723584  374
0.723936  107
0.724438  369
0.725501  328
0.725614  325
0.725728  283
0.725791  85
0.725946  279
0.726281  271
0.726436  382
0.726649  389
0.727068  110
0.727097  291
0.728456  362
0.728562  387
0.728606  367
0.728697  335
0.728835  233
0.72889  370
0.729252  322
0.729295  195
0.729327  373
0.731665  396
0.733241  199
0.733316  336
0.733429  135
0.733531  399
0.733552  285
0.733768  1
0.733926  395
0.734361  123
0.734777  346
0.734858  397
0.735251  237
0.73575  193
0.736239  351
0.736273  318
0.736408  99
0.736459  101
0.736682  255
0.737103  196
0.737525  371
0.737528  30
0.737586  227
0.738415  268
0.738679  308
0.738733  305
0.738766  68
0.738813  152
0.739643  134
0.739924  4
0.739931  251
0.740053  316
0.74008  32
0.740226  133
0.740237  97
0.740311  331
0.74051  358
0.740601  146
0.740901  363
0.741006  381
0.741153  230
0.741936  372
0.742176  250
0.742224  330
0.742513  306
0.742938  375
0.743038  191
0.743205  130
0.743236  281
0.743272  59
0.743362  352
0.743394  359
0.743474  167
0.743813  179
0.74522  304
0.746099  45
0.746401  379
0.746402  384
0.746406  62
0.746513  288
0.746557  345
0.746682  111
0.746873  36
0.747454  221
0.747561  242
0.747712  224
0.747735  160
0.747855  165
0.747891  108
0.748213  297
0.748304  14
0.748476  259
0.748711  56
0.748856  183
0.748967  20
0.749187  67
0.749204  261
0.749315  368
0.749505  377
0.749814  44
0.749964  241
0.750055  50
0.750097  19
0.750132  31
0.750163  81
0.750226  113
0.750232  24
0.750349  313
0.750372  91
0.750387  13
0.7504  349
0.75045  332
0.750588  393
0.750713  282
0.750768  388
0.750775  301
0.750842  194
0.750899  310
0.750912  181
0.750978  131
0.750992  115
0.751152  380
0.751232  15
0.751404  390
0.751454  353
0.751497  174
0.751517  3
0.751627  33
0.75166  277
0.751746  386
0.752033  163
0.752287  150
0.752318  295
0.752367  55
0.752431  17
0.752476  210
0.75252  314
0.752596  357
0.752699  398
0.7528  73
0.753147  18
0.753218  273
0.753306  317
0.753338  109
0.753344  339
0.753386  76
0.753417  350
0.753471  57
0.753529  180
0.753734  303
0.753802  213
0.754218  365
0.754257  43
0.754318  187
0.754387  69
0.754435  356
0.754512  364
0.754689  272
0.754762  341
0.754775  311
0.754865  9
0.755032  172
0.755253  302
0.755655  249
0.75567  144
0.756054  337
0.756281  300
0.756571  21
0.756949  348
0.757092  321
0.757296  154
0.757764  324
0.758169  360
0.758234  325
0.758381  86
0.758406  376
0.758621  103
0.758717  266
0.758762  287
0.758978  5
0.759091  159
0.759215  286
0.759245  254
0.759447  327
0.759669  387
0.75982  340
0.759847  319
0.760063  306
0.760488  173
0.760589  334
0.760753  383
0.760929  378
0.760984  169
0.761178  26
0.761301  170
0.761592  58
0.762142  373
0.762283  320
0.762829  369
0.762889  333
0.763167  394
0.763296  307
0.763645  48
0.763866  214
0.763935  323
0.764319  355
0.764643  382
0.765035  28
0.765514  391
0.765894  328
0.765957  342
0.766115  347
0.766266  305
0.766598  78
0.766666  396
0.768518  344
0.768672  374
0.77049  84
0.771106  238
0.77135  367
0.771388  104
0.771401  329
0.771429  316
0.771532  212
0.771547  351
0.771754  177
0.771941  315
0.773126  139
0.773754  92
0.774123  121
0.775226  330
0.775423  338
0.775496  11
0.77573  275
0.77582  156
0.776329  326
0.776473  296
0.776625  125
0.776823  370
0.776934  35
0.778057  385
0.778062  335
0.778228  395
0.778314  309
0.778414  235
0.778543  138
0.778911  354
0.779319  112
0.780177  362
0.781201  77
0.78126  114
0.781331  343
0.781358  64
0.781877  61
0.782198  176
0.782571  322
0.783428  359
0.783639  361
0.783773  65
0.784125  240
0.784927  23
0.785779  247
0.785802  66
0.78591  147
0.786002  252
0.786026  6
0.786178  54
0.786211  53
0.786275  336
0.78633  122
0.786365  49
0.786463  171
0.786465  192
0.786472  128
0.786506  302
0.786583  399
0.78677  70
0.786773  375
0.786782  397
0.786908  211
0.786979  234
0.786982  72
0.786994  98
0.787001  312
0.78707  51
0.787421  345
0.787436  220
0.787738  141
0.787817  37
0.787919  178
0.788191  353
0.788266  105
0.788435  102
0.788454  60
0.788811  243
0.788909  222
0.788981  148
0.788982  331
0.789234  346
0.789315  239
0.789575  100
0.789588  124
0.789606  29
0.789723  8
0.78998  149
0.790129  278
0.790222  380
0.79054  349
0.790623  311
0.790706  233
0.790743  79
0.790755  386
0.790803  71
0.790807  215
0.790854  132
0.790863  392
0.790908  246
0.791031  27
0.791122  393
0.791166  39
0.791305  120
0.791396  168
0.791448  117
0.791493  308
0.791507  366
0.791583  108
0.791595  153
0.791728  363
0.791785  372
0.792001  389
0.792021  304
0.792097  381
0.792388  16
0.792454  216
0.792459  136
0.792521  300
0.792855  226
0.793013  197
0.7932  298
0.793373  140
0.793445  263
0.793688  365
0.794089  225
0.794381  74
0.79486  126
0.794944  318
0.7951  388
0.795245  38
0.795304  260
0.795422  301
0.79562  317
0.795753  319
0.796115  313
0.796124  292
0.796304  357
0.796324  7
0.796473  376
0.797095  352
0.797489  339
0.797638  270
0.797734  85
0.797789  314
0.797891  244
0.79791  217
0.797916  356
0.798009  206
0.798335  378
0.798353  394
0.798406  106
0.798606  202
0.798741  337
0.799298  151
0.79956  143
0.799603  320
0.799699  305
0.799802  373
0.799942  390
0.799999  371
0.800024  41
0.80004  307
0.800338  358
0.800997  245
0.801651  268
0.80186  25
0.801916  118
0.802156  329
0.802401  324
0.802471  368
0.802879  165
0.803141  341
0.803152  355
0.803977  199
0.804006  218
0.804133  391
0.804802  306
0.80498  34
0.805274  398
0.805314  370
0.805322  360
0.805459  377
0.805869  303
0.806346  190
0.806811  282
0.807418  364
0.808877  351
0.809524  96
0.809847  374
0.810531  152
0.81066  323
0.810685  327
0.811751  347
0.81293  325
0.813206  321
0.813303  219
0.813369  396
0.813387  265
0.813947  310
0.814142  142
0.814266  88
0.814464  387
0.814605  82
0.81544  335
0.816008  279
0.816288  342
0.816552  12
0.817469  338
0.818054  208
0.818543  316
0.818798  155
0.819041  333
0.8195  161
0.819538  328
0.820241  340
0.820552  379
0.820774  334
0.821443  237
0.822296  283
0.823264  162
0.823436  185
0.823482  186
0.823568  383
0.823819  89
0.824086  367
0.825145  332
0.825474  322
0.825586  97
0.825688  21
0.825881  1
0.82619  362
0.826513  258
0.826603  125
0.827048  326
0.827075  264
0.827098  361
0.827297  87
0.827377  203
0.827904  129
0.828263  284
0.828594  90
0.828855  359
0.828859  369
0.828964  287
0.828978  45
0.82905  399
0.829119  375
0.829508  164
0.829826  354
0.829842  40
0.829844  134
0.830103  56
0.830168  145
0.830252  171
0.830323  55
0.830763  159
0.830845  123
0.830939  166
0.83119  344
0.831311  80
0.83136  350
0.831461  228
0.831696  276
0.83173  366
0.831751  251
0.831758  384
0.832  309
0.832684  302
0.832894  230
0.833007  22
0.833219  395
0.833347  57
0.833352  146
0.833533  290
0.833733  296
0.833904  232
0.834219  365
0.834232  137
0.834436  261
0.834653  346
0.834804  248
0.834821  229
0.834946  339
0.835071  65
0.835088  315
0.835184  349
0.835695  115
0.835733  348
0.836022  18
0.836239  62
0.836502  385
0.836511  48
0.836584  200
0.836685  94
0.837087  252
0.837239  241
0.837261  110
0.837336  14
0.83745  44
0.837633  299
0.837878  393
0.837945  343
0.83819  19
0.838556  223
0.838831  294
0.839054  330
0.839062  209
0.839165  163
0.839196  194
0.83938  256
0.839408  116
0.839541  392
0.839563  204
0.839718  397
0.840031  109
0.840123  269
0.840132  47
0.840431  175
0.84054  372
0.840578  201
0.840729  184
0.841055  382
0.841094  130
0.841105  353
0.84113  30
0.841146  43
0.841654  357
0.841668  386
0.841853  286
0.841883  2
0.841903  337
0.841942  345
0.841946  308
0.842117  70
0.842161  255
0.842186  262
0.842389  301
0.84242  305
0.842549  371
0.842631  189
0.842957  99
0.843211  391
0.843243  46
0.843294  312
0.843491  131
0.843674  388
0.843761  307
0.843999  32
0.844267  319
0.84437  380
0.844843  198
0.845499  377
0.846366  192
0.846372  266
0.846394  364
0.847444  158
0.847693  351
0.847754  390
0.847804  379
0.847854  368
0.847862  335
0.848033  355
0.848174  378
0.848297  320
0.848476  210
0.849203  173
0.849382  274
0.850024  78
0.850829  336
0.850942  333
0.851079  303
0.85125  311
0.85196  191
0.852196  249
0.852622  147
0.853221  135
0.853287  327
0.853445  93
0.853994  29
0.854065  394
0.854241  95
0.854954  111
0.854974  68
0.855265  91
0.855372  318
0.855391  231
0.855422  369
0.855728  176
0.855874  329
0.856079  358
0.856769  304
0.856789  98
0.856822  239
0.857086  127
0.857326  259
0.857741  213
0.857981  245
0.858026  338
0.858232  310
0.858508  341
0.858674  300
0.85894  267
0.85902  293
0.859212  153
0.859347  172
0.859672  34
0.859741  381
0.859892  373
0.860056  144
0.86007  313
0.860106  218
0.860299  340
0.861098  50
0.861499  247
0.861612  306
0.861786  193
0.861793  75
0.862205  352
0.862497  374
0.862571  317
0.862597  325
0.86273  356
0.863155  316
0.863225  360
0.863672  363
0.863928  321
0.863961  240
0.864454  396
0.865584  328
0.865815  280
0.867431  389
0.867687  187
0.868537  102
0.868637  126
0.869375  342
0.869872  234
0.869931  36
0.870001  83
0.870152  273
0.870391  8
0.870521  323
0.870679  254
0.870835  64
0.870857  277
0.870998  331
0.871076  243
0.87156  157
0.871862  86
0.871958  39
0.871982  73
0.872017  359
0.872033  149
0.87209  148
0.872146  26
0.872347  398
0.87241  167
0.872438  291
0.872508  69
0.872752  326
0.872848  84
0.872979  113
0.873003  63
0.873093  297
0.873207  76
0.873212  370
0.873479  139
0.873486  52
0.873508  298
0.873594  253
0.873864  97
0.873883  242
0.874004  58
0.874037  156
0.874165  212
0.874167  384
0.874198  140
0.874282  376
0.874304  20
0.874378  195
0.874464  101
0.874485  334
0.874541  206
0.874694  324
0.874821  392
0.874894  160
0.875106  224
0.875236  207
0.875306  10
0.875359  383
0.875445  344
0.875458  183
0.875483  399
0.875668  87
0.876055  238
0.876055  354
0.876085  154
0.876151  4
0.876161  236
0.876223  122
0.876239  38
0.876316  219
0.876353  3
0.876578  282
0.876596  59
0.876608  387
0.876651  136
0.876667  181
0.876728  382
0.876787  28
0.876795  319
0.876875  365
0.876882  257
0.877033  235
0.87714  309
0.877484  332
0.877685  67
0.877808  350
0.87784  53
0.877859  314
0.877878  79
0.878025  42
0.878076  271
0.878078  371
0.878149  217
0.878161  190
0.878199  366
0.878281  133
0.878424  33
0.878736  375
0.878837  362
0.878838  141
0.878873  377
0.879187  395
0.879238  278
0.879346  221
0.879651  146
0.879772  357
0.879882  108
0.880277  322
0.880355  37
0.88041  349
0.880441  308
0.880495  104
0.880568  353
0.880621  315
0.880855  386
0.881651  330
0.881693  380
0.881949  276
0.882924  1
0.882972  283
0.8839  124
0.883953  72
0.883988  105
0.884048  385
0.884346  339
0.884927  138
0.884974  358
0.885103  336
0.885134  391
0.886214  351
0.88683  368
0.886892  363
0.887977  272
0.888073  89
0.88821  256
0.88841  340
0.888722  329
0.888774  295
0.888889  31
0.888976  11
0.889085  174
0.889148  226
0.889188  230
0.889266  381
0.889299  112
0.889345  117
0.889417  321
0.889706  367
0.889791  348
0.889996  317
0.890609  120
0.890651  301
0.890827  5
0.890861  51
0.890923  23
0.891166  250
0.891221  227
0.891349  25
0.891532  337
0.891563  333
0.891566  320
0.891799  393
0.892246  310
0.892337  111
0.892339  285
0.893512  390
0.893871  372
0.893951  341
0.894109  286
0.894536  115
0.894754  188
0.894822  347
0.895157  12
0.895927  313
0.896303  169
0.896823  71
0.896995  312
0.897087  318
0.89709  175
0.897234  378
0.89733  205
0.897379  397
0.897464  40
0.897736  335
0.898047  150
0.898128  199
0.898336  17
0.898397  186
0.898854  343
0.898967  265
0.898968  373
0.89915  374
0.899321  62
0.899346  211
0.899367  361
0.899727  15
0.899888  13
0.900079  307
0.900336  316
0.900376  305
0.900665  44
0.900834  352
0.901045  325
0.901081  346
0.901293  304
0.901432  355
0.901799  61
0.902737  255
0.903251  275
0.903299  292
0.903484  302
0.903719  300
0.903767  32
0.903953  384
0.904246  296
0.905232  383
0.905754  80
0.905929  194
0.906216  387
0.906357  364
0.906374  143
0.907683  338
0.907795  328
0.907971  354
0.908137  369
0.908695  55
0.909066  185
0.909282  158
0.909365  202
0.909781  394
0.909963  142
0.910273  165
0.9106  132
0.911185  327
0.911757  398
0.912027  0
0.912334  233
0.912476  303
0.913002  244
0.913052  339
0.913526  134
0.913762  196
0.913932  388
0.914061  98
0.914153  189
0.91417  163
0.914449  109
0.914576  389
0.914928  379
0.915194  323
0.915462  107
0.91566  235
0.915849  306
0.915885  289
0.916402  2
0.916702  284
0.916754  57
0.91682  191
0.916964  314
0.917158  179
0.917172  229
0.91786  360
0.917911  376
0.917918  173
0.91807  123
0.918357  345
0.918447  82
0.918525  90
0.918542  153
0.918545  228
0.91912  299
0.919734  184
0.919798  114
0.919862  103
0.920178  322
0.920297  159
0.920306  350
0.920446  359
0.920514  356
0.920574  125
0.92066  396
0.920702  246
0.920768  21
0.921139  382
0.921158  27
0.921169  332
0.921217  160
0.921527  260
0.921563  365
0.922073  375
0.922361  334
0.922395  43
0.922531  311
0.922838  377
0.923118  96
0.923242  395
0.923412  54
0.923465  264
0.923619  370
0.924211  315
0.924952  386
0.925173  77
0.925839  130
0.925847  230
0.92593  182
0.925982  218
0.926073  297
0.926168  34
0.926268  362
0.926349  279
0.926549  8
0.926604  349
0.926729  65
0.926896  281
0.92708  366
0.927698  287
0.927777  333
0.92797  321
0.928337  203
0.928451  99
0.928462  268
0.92851  342
0.928792  45
0.929011  74
0.929269  137
0.929308  121
0.929426  399
0.929504  308
0.929547  70
0.929568  331
0.929725  56
0.929725  168
0.929846  390
0.930246  301
0.930414  357
0.930817  329
0.930838  336
0.931132  66
0.931503  358
0.931708  48
0.931721  307
0.93191  363
0.932704  164
0.934007  330
0.934016  222
0.935028  237
0.935099  288
0.935269  245
0.93527  127
0.935378  215
0.935545  353
0.935762  324
0.935808  348
0.935881  192
0.935987  361
0.936372  259
0.936375  35
0.936421  335
0.936604  214
0.936781  252
0.936932  270
0.936943  60
0.937785  368
0.937882  392
0.938058  326
0.938267  355
0.938277  210
0.938416  52
0.938478  319
0.938553  367
0.938558  391
0.938709  317
0.938794  320
0.939642  9
0.940391  381
0.940496  397
0.940615  197
0.940804  81
0.941188  162
0.941197  269
0.941485  10
0.942022  340
0.943183  41
0.943312  313
0.943364  247
0.943403  352
0.943961  393
0.943969  303
0.944009  49
0.944077  170
0.944112  316
0.9443  304
0.944721  171
0.944849  240
0.945217  344
0.945247  128
0.945914  372
0.946049  337
0.946071  231
0.946215  187
0.946436  294
0.946519  305
0.947303  223
0.947549  394
0.948241  135
0.948338  94
0.948672  91
0.948877  102
0.948881  380
0.949086  338
0.949261  325
0.94993  181
0.950023  68
0.950217  126
0.950225  387
0.950244  385
0.950335  371
0.95078  241
0.951002  118
0.951455  383
0.952759  124
0.952805  384
0.952831  19
0.953114  106
0.95389  18
0.954144  341
0.954269  283
0.954381  262
0.954466  75
0.954546  133
0.954766  20
0.954874  161
0.955064  271
0.955079  364
0.955117  261
0.955281  373
0.955399  104
0.955427  343
0.955667  374
0.955693  350
0.955982  327
0.956143  379
0.956469  354
0.957125  351
0.957702  88
0.959036  346
0.959295  178
0.959796  309
0.959919  136
0.960229  339
0.960247  300
0.96081  296
0.961006  38
0.961009  376
0.96113  328
0.961668  212
0.961837  349
0.961937  73
0.962019  378
0.96203  24
0.962225  334
0.962366  119
0.962882  145
0.963006  141
0.964041  312
0.964256  220
0.964653  138
0.964701  113
0.964808  360
0.964859  232
0.964898  258
0.965136  342
0.965156  194
0.965161  318
0.965364  69
0.965724  95
0.965768  362
0.965959  42
0.966113  302
0.966291  314
0.966351  322
0.966626  265
0.967503  311
0.968037  369
0.968124  347
0.968451  44
0.969872  144
0.970157  157
0.970364  389
0.971015  310
0.971205  79
0.971541  183
0.971664  390
0.971702  37
0.971959  375
0.972036  16
0.972208  89
0.972374  100
0.972432  4
0.972459  377
0.972695  382
0.973009  53
0.973087  7
0.97332  345
0.973484  51
0.973495  155
0.974177  291
0.974323  3
0.974385  396
0.974702  274
0.974865  217
0.974987  61
0.975133  22
0.975136  103
0.975198  226
0.975388  28
0.9754  358
0.975616  251
0.975628  93
0.975797  285
0.975866  86
0.975959  370
0.976291  381
0.976305  116
0.976308  148
0.976508  139
0.976636  320
0.976679  236
0.97677  153
0.977242  78
0.977271  266
0.977293  239
0.97752  31
0.977546  359
0.977646  282
0.977878  348
0.978046  357
0.978074  168
0.97816  129
0.978205  59
0.978266  159
0.978419  366
0.978422  392
0.978454  332
0.978617  301
0.978697  306
0.97871  308
0.97885  398
0.978971  395
0.979009  388
0.979054  58
0.97909  23
0.979164  329
0.979244  140
0.979705  333
0.979806  107
0.981067  391
0.981182  249
0.981334  323
0.982053  324
0.982262  207
0.982614  209
0.982767  361
0.983546  315
0.9837  365
0.983725  47
0.983743  5
0.983917  372
0.983922  198
0.984182  363
0.984345  30
0.984429  80
0.984622  9
0.984715  336
0.9848  386
0.985022  356
0.985048  397
0.985169  331
0.985642  50
0.986039  143
0.98625  337
0.98638  268
0.98708  242
0.987262  335
0.987562  340
0.988102  101
0.988619  169
0.989216  6
0.98955  63
0.989763  55
0.989805  367
0.989911  199
0.990346  195
0.990369  368
0.990404  110
0.990497  353
0.990774  17
0.99086  352
0.991047  121
0.991304  305
0.991587  281
0.991618  97
0.992054  307
0.992179  167
0.99239  300
0.992398  350
0.992418  186
0.992985  146
0.99302  330
0.993415  321
0.993629  327
0.993652  36
0.994401  180
0.994466  175
0.994516  150
0.994775  383
0.995469  125
0.995614  115
0.995756  0
0.995874  373
0.996018  154
0.996238  227
0.996245  338
0.996327  325
0.996537  280
0.996562  122
0.996819  394
0.996851  92
0.997214  316
0.997395  304
0.997542  313
0.998024  254
0.998338  165
0.99885  108
0.999155  277
0.99916  384
0.999281  215
0.999337  399
0.999419  343
0.999542  225
0.999693  83
1  364
