0.000100266  308
0.0001032  313
0.000136616  305
0.000218978  315
0.000347369  307
0.000577298  310
0.00064126  309
0.000806691  364
0.00112354  6
0.00147273  2
0.00164777  311
0.00185169  324
0.00280455  395
0.00513587  333
0.00547294  385
0.00742963  362
0.010241  348
0.010404  389
0.0109336  378
0.0110808  331
0.0110994  323
0.011735  374
0.0143845  351
0.0169059  350
0.0188112  304
0.0204818  336
0.0208652  361
0.0209592  393
0.0224342  320
0.0240538  321
0.0248782  337
0.0257864  397
0.026923  381
0.0277394  382
0.0296703  319
0.0319848  349
0.0358451  377
0.0359809  317
0.0394215  384
0.0396318  322
0.0406461  367
0.0436994  326
0.0445595  365
0.0457156  386
0.0457646  388
0.046451  368
0.0487669  375
0.0500024  360
0.0523417  366
0.0524397  316
0.0525744  332
0.0529631  358
0.0545655  355
0.0554591  371
0.0573896  392
0.0577427  344
0.0587705  398
0.0600518  343
0.0604021  10
0.062302  325
0.0655832  372
0.066817  335
0.0677793  346
0.0699214  354
0.0703563  302
0.0704709  376
0.071826  25
0.0734046  352
0.0741298  68
0.0742548  383
0.0743499  303
0.074625  54
0.0765209  385
0.0773039  391
0.0774741  369
0.0775458  307
0.077773  340
0.0786154  362
0.0790662  139
0.0792091  71
0.0793222  379
0.0797477  338
0.0801637  347
0.0801856  387
0.0810755  380
0.0814902  271
0.0831796  159
0.0832602  348
0.0835055  390
0.0837207  359
0.0838974  356
0.0851913  300
0.0851992  345
0.0852443  32
0.0866569  395
0.0876781  327
0.0877596  245
0.0886409  88
0.0888462  394
0.0903846  315
0.0908243  89
0.0908338  177
0.0908786  311
0.0913342  152
0.091454  342
0.0914733  309
0.0915069  238
0.0927327  370
0.0927332  130
0.0929476  218
0.0929725  378
0.0931607  67
0.0932297  320
0.09345  331
0.0936204  8
0.0936967  189
0.0939118  269
0.0940329  77
0.094372  353
0.0946836  308
0.0946982  334
0.0947832  74
0.0948655  103
0.0950709  349
0.0952829  312
0.0960669  328
0.0964968  305
0.0969602  350
0.097719  166
0.0978935  296
0.0979907  106
0.0982177  236
0.0982588  374
0.0990533  396
0.0994217  235
0.0996717  42
0.0997255  323
0.100044  330
0.100141  110
0.100146  314
0.101215  399
0.101383  397
0.10165  361
0.101977  127
0.102035  339
0.102379  30
0.102658  242
0.103318  233
0.104313  140
0.10468  208
0.104965  211
0.105075  111
0.105099  210
0.105105  363
0.10519  197
0.105402  26
0.105746  371
0.105781  292
0.106257  275
0.10653  201
0.106577  368
0.106656  153
0.106773  190
0.106919  134
0.10693  15
0.106945  301
0.106984  86
0.107366  101
0.107406  373
0.107492  148
0.107591  283
0.107689  336
0.107695  62
0.107727  28
0.107734  317
0.10775  4
0.108011  264
0.108037  267
0.108093  229
0.108142  357
0.10816  324
0.108365  337
0.108512  186
0.10854  117
0.10859  22
0.108604  2
0.108697  306
0.108852  377
0.10889  333
0.108907  58
0.108994  288
0.109037  318
0.109211  326
0.109592  70
0.109636  215
0.109768  253
0.109866  358
0.110367  173
0.110377  384
0.110474  234
0.110664  57
0.110716  7
0.110933  194
0.111129  239
0.111131  321
0.111192  150
0.111228  171
0.111298  120
0.11134  100
0.111344  65
0.111504  35
0.111557  76
0.111561  304
0.111566  203
0.111644  59
0.111772  389
0.111963  381
0.112074  246
0.112184  355
0.112245  183
0.112284  61
0.112488  193
0.112507  200
0.112657  163
0.112721  329
0.112774  351
0.112931  266
0.112947  93
0.112979  47
0.113263  37
0.113266  147
0.113313  257
0.113423  262
0.113458  191
0.113473  270
0.113536  169
0.113537  335
0.11354  60
0.113851  273
0.113949  319
0.11396  250
0.114073  291
0.114085  286
0.114088  178
0.114153  343
0.11417  114
0.11429  310
0.114299  75
0.114371  151
0.114405  341
0.114483  98
0.114492  386
0.114565  131
0.114611  244
0.11496  240
0.115025  192
0.115088  364
0.115091  322
0.115097  90
0.115127  20
0.115143  313
0.115145  19
0.115332  382
0.115621  225
0.115729  181
0.115977  0
0.116239  352
0.116337  56
0.11651  366
0.116555  332
0.116575  155
0.116788  132
0.117121  222
0.117172  136
0.117224  81
0.117228  290
0.117403  175
0.117486  95
0.11753  79
0.117691  36
0.117729  180
0.117834  3
0.117971  303
0.117996  360
0.118028  167
0.118095  63
0.118164  34
0.118421  367
0.118461  393
0.118555  227
0.118599  344
0.11862  376
0.118646  198
0.118721  374
0.118737  165
0.11878  297
0.118877  307
0.118879  375
0.119039  43
0.119045  260
0.119066  380
0.119084  6
0.119205  274
0.119221  113
0.119259  52
0.119557  38
0.11957  294
0.119579  325
0.119671  80
0.119872  354
0.11993  109
0.120046  1
0.120088  272
0.120128  31
0.120217  359
0.120583  13
0.120587  189
0.120602  116
0.120622  280
0.120629  45
0.12063  69
0.120672  179
0.120689  53
0.120813  279
0.120821  251
0.120845  369
0.120887  224
0.120947  390
0.120951  209
0.120989  51
0.121057  289
0.121101  385
0.12115  302
0.121219  46
0.121242  184
0.121266  241
0.12134  300
0.121358  312
0.121517  316
0.121526  221
0.121582  146
0.121586  362
0.121608  372
0.121677  295
0.121682  394
0.121747  340
0.121892  50
0.121956  164
0.121981  284
0.122167  204
0.122179  392
0.122301  159
0.122349  14
0.122367  196
0.122386  17
0.122405  78
0.122443  261
0.122562  220
0.122667  265
0.122667  388
0.122682  226
0.122691  77
0.122987  85
0.123084  346
0.123091  237
0.123263  64
0.123332  349
0.123337  347
0.123361  308
0.123377  162
0.12346  315
0.123746  10
0.123748  320
0.12408  39
0.124128  212
0.124271  217
0.124437  99
0.124463  323
0.124781  399
0.12479  248
0.124894  259
0.125104  66
0.12511  118
0.125192  378
0.125208  334
0.125259  396
0.125327  55
0.125361  379
0.125394  214
0.125408  141
0.12547  387
0.125511  5
0.125545  87
0.125572  356
0.125732  119
0.125843  258
0.125865  350
0.126002  370
0.126011  348
0.126366  185
0.126484  342
0.12654  391
0.12696  345
0.127047  112
0.127126  156
0.12717  213
0.127251  330
0.127343  384
0.127421  395
0.127474  363
0.127564  298
0.127647  309
0.127657  377
0.127704  29
0.127746  83
0.127796  338
0.127863  305
0.128103  353
0.12855  135
0.128696  174
0.128746  129
0.128881  142
0.129821  331
0.129989  398
0.130255  371
0.130407  228
0.130429  339
0.130538  232
0.130579  327
0.131364  133
0.131574  124
0.131711  314
0.13183  206
0.132298  328
0.132523  32
0.133018  383
0.13334  28
0.133361  84
0.133534  249
0.133554  205
0.133874  72
0.13397  343
0.134567  41
0.134719  182
0.134895  336
0.135067  368
0.135601  268
0.135661  317
0.136013  397
0.136276  310
0.136459  23
0.136587  365
0.136898  54
0.137  161
0.137109  333
0.138243  104
0.13894  373
0.139346  82
0.139486  223
0.139716  301
0.139844  144
0.140293  358
0.140383  264
0.140414  381
0.140416  125
0.140514  126
0.140531  149
0.140678  271
0.140902  319
0.140926  97
0.141313  138
0.141363  364
0.141574  366
0.141838  311
0.142056  16
0.142087  176
0.142281  335
0.142413  337
0.14335  143
0.143628  115
0.143953  276
0.144169  123
0.14448  18
0.144575  360
0.144631  195
0.144691  357
0.144783  332
0.144813  236
0.144813  67
0.145328  40
0.145336  96
0.145514  216
0.145569  355
0.14561  318
0.145819  230
0.146081  24
0.146085  361
0.146277  351
0.146393  11
0.146396  242
0.146451  229
0.146872  73
0.147003  44
0.14717  322
0.147202  329
0.147658  302
0.147876  392
0.147954  256
0.148292  389
0.149398  296
0.149469  219
0.149548  102
0.150041  325
0.15023  172
0.150699  363
0.150774  263
0.151084  375
0.151165  154
0.151182  385
0.151204  394
0.151222  108
0.15149  157
0.151584  252
0.152355  107
0.152737  287
0.152967  270
0.153125  51
0.153776  346
0.153815  255
0.153968  26
0.154009  88
0.154085  160
0.154181  304
0.154183  197
0.154239  345
0.15441  145
0.154454  307
0.154508  306
0.154742  254
0.155004  312
0.155032  281
0.155148  122
0.155179  282
0.15518  110
0.155372  369
0.155857  321
0.155924  49
0.155928  199
0.156287  372
0.156306  74
0.156357  395
0.156541  202
0.156676  362
0.157002  114
0.157656  396
0.157781  326
0.157809  353
0.157854  344
0.158506  342
0.158712  378
0.158757  387
0.159254  399
0.159525  340
0.160243  139
0.160386  224
0.160493  309
0.160833  390
0.161105  324
0.161907  315
0.162108  330
0.163543  367
0.163699  393
0.165333  92
0.16568  354
0.165956  134
0.166359  200
0.167358  150
0.167504  323
0.167518  380
0.168861  398
0.169092  339
0.169269  308
0.170429  293
0.170452  379
0.170539  352
0.170636  348
0.171623  231
0.171804  243
0.1722  225
0.172218  100
0.172244  327
0.172538  244
0.17279  382
0.17331  341
0.173775  373
0.173814  90
0.174211  320
0.174313  305
0.174569  313
0.174899  218
0.174924  384
0.175309  383
0.176561  356
0.177862  247
0.178159  370
0.178849  245
0.179442  21
0.179578  81
0.179582  376
0.17998  31
0.179991  338
0.180078  329
0.180338  334
0.180501  391
0.181247  316
0.18195  93
0.182593  347
0.183293  368
0.18335  314
0.183781  328
0.184227  300
0.185576  168
0.185705  359
0.186326  371
0.186555  207
0.188477  374
0.188598  106
0.188742  105
0.189482  317
0.189607  386
0.189712  187
0.189891  319
0.19007  381
0.1902  277
0.190897  28
0.191537  152
0.191829  170
0.192119  192
0.192553  311
0.192612  303
0.193547  289
0.193767  333
0.194128  388
0.194213  280
0.194418  241
0.194544  322
0.194615  188
0.195132  196
0.196185  285
0.196684  0
0.197134  214
0.197507  71
0.197633  45
0.197665  177
0.197763  310
0.197778  48
0.197834  294
0.197851  158
0.197891  363
0.198024  337
0.198372  321
0.198375  79
0.198497  353
0.198555  42
0.198735  128
0.198784  179
0.199043  52
0.199134  169
0.199453  4
0.199565  98
0.199778  194
0.199923  295
0.200162  349
0.200179  394
0.200209  288
0.200334  204
0.200357  325
0.200574  184
0.200696  351
0.200783  343
0.20093  377
0.201173  121
0.201332  366
0.201724  104
0.201924  103
0.202063  136
0.202285  87
0.202641  298
0.202644  109
0.202681  35
0.202696  142
0.203016  83
0.203299  54
0.203468  350
0.203671  331
0.203827  65
0.203885  15
0.20393  211
0.203985  336
0.204049  58
0.204232  330
0.204261  397
0.205175  72
0.205243  124
0.205675  323
0.205802  375
0.206278  118
0.206527  97
0.206532  202
0.206893  278
0.206895  299
0.206902  399
0.207031  301
0.20759  101
0.207682  151
0.207695  332
0.20772  27
0.207757  265
0.207912  47
0.207939  304
0.208136  355
0.208294  315
0.208512  273
0.208712  263
0.208754  362
0.208801  193
0.208807  340
0.208885  389
0.208891  55
0.208942  364
0.209534  203
0.209549  62
0.209626  137
0.209813  372
0.209899  33
0.210243  78
0.210354  292
0.210359  248
0.210474  312
0.210668  242
0.210795  260
0.211085  306
0.21116  365
0.211172  357
0.211285  233
0.211806  320
0.211832  269
0.211837  318
0.212085  117
0.21217  305
0.212202  385
0.21261  171
0.212618  346
0.212788  387
0.213105  393
0.213332  232
0.213358  344
0.213407  361
0.213881  9
0.214763  7
0.214898  360
0.215683  392
0.216415  396
0.216989  359
0.217051  347
0.217243  181
0.217327  206
0.217399  307
0.217428  342
0.217584  313
0.217668  201
0.217861  395
0.217984  358
0.218113  253
0.21818  309
0.218181  398
0.21846  258
0.218626  352
0.218823  43
0.218996  140
0.219076  210
0.220197  378
0.220201  212
0.220288  190
0.220385  176
0.220485  335
0.220523  127
0.2206  370
0.221475  324
0.221901  268
0.22238  146
0.222451  135
0.223269  50
0.223344  191
0.223357  13
0.223474  348
0.223808  341
0.224143  345
0.224383  153
0.224414  249
0.224733  356
0.22478  379
0.224994  368
0.225456  338
0.225873  390
0.226512  297
0.226583  197
0.226612  287
0.226722  376
0.22724  246
0.227328  222
0.227871  107
0.228713  40
0.228957  243
0.229002  237
0.229216  11
0.229225  317
0.229282  303
0.229344  327
0.229446  302
0.229704  384
0.230132  68
0.230201  75
0.230693  367
0.230758  382
0.230765  172
0.230854  16
0.23105  383
0.231065  157
0.231145  326
0.231337  25
0.231532  339
0.231556  334
0.232669  374
0.232977  371
0.233492  369
0.23399  147
0.234167  174
0.23498  354
0.235202  223
0.237223  80
0.237245  148
0.237515  167
0.237605  272
0.237869  163
0.238027  275
0.238079  284
0.238218  69
0.238284  373
0.23847  311
0.238615  283
0.238737  386
0.238807  228
0.239066  2
0.239242  85
0.239473  328
0.239652  123
0.239769  112
0.239918  240
0.240007  291
0.240044  380
0.240347  245
0.240672  186
0.240695  175
0.240706  76
0.240734  94
0.240811  366
0.241087  5
0.241199  96
0.241273  391
0.241342  319
0.241507  198
0.241599  316
0.241647  120
0.241765  321
0.242183  141
0.242194  41
0.242249  215
0.242257  108
0.24238  133
0.242536  377
0.242721  149
0.242778  26
0.243114  247
0.24319  88
0.243318  314
0.243451  381
0.243953  99
0.244109  209
0.244232  257
0.244339  180
0.244394  178
0.244562  337
0.244749  161
0.244813  227
0.245045  36
0.245193  34
0.245208  388
0.245298  22
0.245341  236
0.245428  365
0.245433  300
0.245671  255
0.245685  323
0.245695  156
0.245826  42
0.245906  350
0.245921  6
0.246504  318
0.246513  132
0.246697  250
0.246908  282
0.247007  77
0.247072  66
0.247389  182
0.247482  349
0.247526  63
0.247539  23
0.247593  59
0.247618  100
0.247689  185
0.247802  261
0.248017  320
0.248219  322
0.248404  122
0.24852  64
0.248621  115
0.248828  262
0.248833  313
0.248894  306
0.248897  385
0.248928  70
0.248972  84
0.249066  308
0.249202  136
0.249336  235
0.249357  131
0.249364  260
0.249546  362
0.249596  399
0.249614  150
0.249637  394
0.249657  46
0.2497  195
0.24983  305
0.249942  301
0.249999  389
0.250037  343
0.250135  18
0.250136  138
0.250199  4
0.250436  372
0.250536  336
0.250958  24
0.251157  358
0.251224  225
0.251239  130
0.251523  267
0.251571  325
0.251594  168
0.251616  345
0.251703  159
0.252008  333
0.252097  79
0.252111  346
0.252126  14
0.252145  340
0.252194  361
0.252249  51
0.252284  166
0.25261  375
0.252703  173
0.252868  335
0.253414  219
0.253572  274
0.253662  229
0.254153  144
0.254283  208
0.254403  110
0.254425  363
0.254524  383
0.254536  357
0.254591  330
0.2546  348
0.254782  397
0.255096  309
0.255096  303
0.255535  194
0.255611  310
0.255726  332
0.256551  324
0.256833  288
0.257335  344
0.257904  270
0.258081  376
0.258245  169
0.25826  67
0.258438  307
0.258987  20
0.259199  331
0.259234  342
0.259235  390
0.259522  360
0.259564  114
0.259603  359
0.259733  353
0.260078  256
0.260254  259
0.26036  61
0.260486  160
0.260533  387
0.261128  356
0.261373  338
0.261553  37
0.262582  7
0.262714  143
0.26272  315
0.263042  393
0.263094  395
0.263819  154
0.264421  396
0.265448  374
0.265478  12
0.265527  327
0.2662  392
0.266318  370
0.266842  329
0.26729  317
0.267358  220
0.268822  351
0.269257  347
0.26949  164
0.270392  398
0.271995  298
0.272301  44
0.272439  368
0.272959  312
0.273646  231
0.273829  319
0.274483  226
0.275033  311
0.275393  341
0.275908  158
0.276767  238
0.276885  91
0.277476  281
0.277544  187
0.277557  218
0.277576  352
0.27772  216
0.277763  369
0.278342  304
0.27908  151
0.279177  113
0.279548  142
0.279739  289
0.279872  81
0.279876  177
0.279899  56
0.279912  207
0.279925  155
0.280276  367
0.280383  170
0.280507  233
0.280507  8
0.280695  111
0.280853  139
0.280919  19
0.280974  364
0.28105  293
0.28106  89
0.281103  252
0.281228  1
0.281608  33
0.281862  287
0.281887  355
0.28199  93
0.282084  48
0.282084  60
0.282364  296
0.282554  239
0.28271  101
0.282748  321
0.282827  221
0.282856  294
0.282922  94
0.282948  244
0.282953  125
0.283053  326
0.283063  124
0.283074  102
0.283074  217
0.283082  198
0.283161  30
0.283267  87
0.283368  92
0.283436  320
0.283449  271
0.283453  53
0.283457  242
0.283634  126
0.283716  145
0.283776  382
0.283925  365
0.283959  103
0.283969  90
0.284099  378
0.284167  302
0.284292  73
0.284303  65
0.284327  253
0.284343  222
0.284399  55
0.284524  162
0.284583  58
0.28461  399
0.284719  200
0.284758  39
0.284827  334
0.284933  205
0.285119  68
0.285138  224
0.285325  210
0.285449  29
0.285473  383
0.28552  188
0.285539  223
0.285558  273
0.285569  301
0.28575  183
0.285817  349
0.2859  354
0.286003  54
0.28613  123
0.286173  17
0.286222  377
0.286251  152
0.286295  179
0.286321  379
0.286404  306
0.286533  119
0.286537  206
0.286636  189
0.28669  161
0.286703  76
0.286771  129
0.286879  373
0.286896  27
0.286989  116
0.287056  381
0.287059  322
0.287085  230
0.287119  268
0.287125  391
0.287288  99
0.287377  380
0.287489  366
0.287627  232
0.287675  201
0.287766  32
0.287888  335
0.287904  11
0.288316  157
0.288377  57
0.288382  318
0.288441  357
0.288517  6
0.28866  292
0.288768  100
0.288776  202
0.288822  361
0.288846  241
0.289243  314
0.289245  330
0.289246  279
0.289287  140
0.289361  176
0.289414  316
0.289499  49
0.289539  342
0.289654  260
0.289664  300
0.289775  117
0.289864  104
0.289959  356
0.29  358
0.290156  171
0.290173  40
0.290264  309
0.290339  328
0.290362  184
0.290396  371
0.290425  34
0.290612  105
0.290726  310
0.290802  337
0.290817  43
0.290962  263
0.291036  255
0.291121  348
0.291195  78
0.291209  385
0.291273  191
0.291398  36
0.291433  3
0.291506  227
0.291602  307
0.291647  35
0.291673  50
0.291774  340
0.291851  350
0.291968  392
0.291989  264
0.292089  336
0.292089  248
0.292096  339
0.292348  362
0.29258  190
0.292598  109
0.292713  315
0.292729  234
0.292949  370
0.293017  386
0.293277  389
0.293608  14
0.293774  394
0.293787  286
0.294105  376
0.294178  374
0.294184  192
0.294195  45
0.294207  247
0.294588  363
0.294751  159
0.29485  323
0.294864  313
0.295063  346
0.295369  59
0.295409  353
0.29568  333
0.295967  345
0.296387  265
0.296502  249
0.29671  112
0.296911  397
0.296981  156
0.297105  375
0.297205  304
0.297506  398
0.2987  352
0.299415  384
0.300012  387
0.300367  325
0.300998  338
0.301346  278
0.301448  128
0.301637  283
0.301762  324
0.301931  393
0.302008  308
0.30222  364
0.302859  95
0.303343  284
0.30335  46
0.303722  10
0.304071  388
0.30432  317
0.304412  135
0.304492  344
0.304565  80
0.304695  369
0.304703  312
0.304859  266
0.305042  390
0.305419  311
0.305578  305
0.305776  270
0.306005  372
0.306073  332
0.306184  181
0.306373  331
0.306711  360
0.310091  194
0.31014  347
0.310466  163
0.310523  174
0.311091  303
0.311715  395
0.311941  82
0.312134  25
0.312478  67
0.312839  204
0.313187  351
0.313188  299
0.313269  165
0.313717  327
0.313906  329
0.31415  359
0.314234  185
0.314507  23
0.314537  41
0.315715  154
0.315909  334
0.316206  257
0.316252  66
0.316744  343
0.317771  341
0.318875  380
0.318936  256
0.31894  121
0.318973  285
0.319579  31
0.320008  137
0.320756  175
0.321523  319
0.321525  13
0.32163  396
0.321695  251
0.321892  259
0.321923  136
0.321934  228
0.322293  280
0.32249  150
0.322733  182
0.32299  149
0.323316  297
0.323446  42
0.323546  314
0.323576  246
0.32373  86
0.324028  368
0.324069  28
0.324082  64
0.324106  328
0.324198  326
0.324253  69
0.324269  96
0.324461  38
0.324553  337
0.324593  138
0.324603  108
0.324689  134
0.324702  12
0.324727  357
0.324955  399
0.325  306
0.325068  158
0.325388  75
0.325906  276
0.325972  300
0.32631  203
0.32637  63
0.326461  151
0.326896  215
0.326953  79
0.327465  289
0.327609  342
0.327654  130
0.327711  164
0.327792  237
0.327972  262
0.328116  258
0.328117  236
0.328231  18
0.328277  322
0.328341  4
0.328386  152
0.328478  272
0.328501  318
0.328572  350
0.328627  166
0.328661  383
0.328854  0
0.329134  98
0.329137  106
0.329161  245
0.329177  20
0.329245  110
0.329293  391
0.329401  265
0.329466  385
0.329757  112
0.32983  371
0.329901  196
0.329952  295
0.330124  146
0.330581  373
0.330616  107
0.330657  336
0.330787  2
0.330836  374
0.330841  302
0.331137  367
0.331212  161
0.331242  330
0.331336  354
0.331379  17
0.331533  147
0.33155  313
0.331619  179
0.33185  363
0.331863  358
0.331872  333
0.331967  178
0.332057  335
0.332218  247
0.33228  240
0.332327  386
0.332549  382
0.332615  229
0.332994  356
0.333221  197
0.333516  274
0.33412  310
0.334239  384
0.334461  225
0.334508  37
0.334545  369
0.334781  323
0.334827  307
0.335212  316
0.335298  160
0.335524  347
0.335671  366
0.336229  191
0.336246  143
0.336577  213
0.336673  365
0.336767  349
0.336771  186
0.336773  290
0.336842  375
0.336862  5
0.336863  387
0.336976  320
0.337242  153
0.337264  397
0.337353  355
0.337516  235
0.337606  389
0.337868  282
0.338575  308
0.33875  214
0.339017  388
0.339135  321
0.339231  381
0.339507  379
0.34055  394
0.340941  254
0.341038  169
0.341769  208
0.342363  61
0.342543  345
0.343006  362
0.343665  370
0.344338  339
0.344351  331
0.344399  378
0.344496  390
0.344609  392
0.34496  120
0.345269  115
0.346584  361
0.346787  21
0.346917  364
0.347058  301
0.347902  84
0.34812  305
0.348898  220
0.349044  327
0.349754  304
0.349803  332
0.349897  85
0.351977  173
0.352212  317
0.352465  393
0.352527  360
0.353155  123
0.35395  377
0.354268  119
0.354787  353
0.354994  303
0.355488  32
0.355538  338
0.355611  309
0.357973  199
0.358901  352
0.360059  376
0.360126  127
0.360544  325
0.360604  277
0.360842  15
0.361743  27
0.36204  340
0.362434  334
0.362811  243
0.362839  91
0.362977  219
0.363388  348
0.36351  53
0.363516  74
0.363688  343
0.364171  133
0.364184  180
0.364478  192
0.364517  275
0.365112  296
0.365202  351
0.365451  114
0.365964  346
0.366019  122
0.36613  217
0.366133  83
0.366501  395
0.366634  104
0.366702  113
0.366772  319
0.367038  40
0.367071  312
0.367424  311
0.367492  294
0.367553  396
0.367875  222
0.36802  58
0.368147  357
0.368264  16
0.368803  283
0.368813  326
0.368868  315
0.369127  141
0.369171  252
0.369291  337
0.369436  368
0.369437  382
0.369778  148
0.369943  398
0.370265  195
0.370501  359
0.371538  41
0.371589  324
0.372508  97
0.372534  288
0.372673  314
0.373207  36
0.373234  372
0.37329  52
0.373335  9
0.373411  105
0.37376  26
0.373817  306
0.374088  77
0.374096  172
0.374655  298
0.374877  6
0.375018  86
0.375208  108
0.375378  318
0.375725  268
0.375993  70
0.376037  145
0.376233  234
0.376266  231
0.376388  260
0.37639  226
0.376457  3
0.376457  212
0.376479  111
0.376574  233
0.376584  356
0.376702  19
0.377046  92
0.377139  344
0.377191  218
0.37729  255
0.377295  135
0.377364  209
0.377385  380
0.377414  387
0.377526  131
0.377651  273
0.37775  320
0.377894  264
0.377946  206
0.378061  271
0.378068  125
0.378102  187
0.378237  62
0.378297  51
0.378437  250
0.378444  210
0.378465  170
0.378485  168
0.378535  383
0.378658  68
0.378742  211
0.378755  391
0.37877  341
0.378784  159
0.378836  129
0.378883  42
0.378944  297
0.37895  47
0.379029  284
0.379176  342
0.379251  13
0.379257  72
0.379259  279
0.379389  347
0.379428  89
0.379446  241
0.379556  328
0.379674  371
0.379757  177
0.379819  386
0.379899  336
0.380136  335
0.380189  369
0.380251  266
0.38028  80
0.380367  321
0.380516  102
0.380577  57
0.380615  101
0.380615  329
0.380624  73
0.380674  144
0.381027  90
0.381053  246
0.38118  358
0.381203  389
0.381274  171
0.381318  205
0.381327  139
0.38151  193
0.381654  378
0.38196  310
0.382028  370
0.382109  388
0.38214  33
0.382163  374
0.382216  286
0.382257  300
0.38228  323
0.382477  282
0.38279  143
0.383253  339
0.383477  364
0.383549  59
0.383577  362
0.383582  385
0.383935  25
0.384106  327
0.384264  60
0.384266  76
0.384392  307
0.384405  366
0.384478  176
0.384505  333
0.384532  316
0.38465  132
0.384808  355
0.384819  224
0.384821  313
0.384876  350
0.385232  229
0.385336  304
0.385441  301
0.385502  81
0.385513  349
0.385549  361
0.385558  330
0.386419  308
0.387929  7
0.388318  56
0.388893  354
0.389002  292
0.389075  49
0.389408  305
0.38941  353
0.389642  338
0.389885  394
0.390076  392
0.390817  8
0.391022  375
0.391342  117
0.39144  317
0.391639  116
0.391995  303
0.392077  179
0.392112  379
0.393897  332
0.393931  202
0.394737  393
0.395656  384
0.39575  322
0.395931  153
0.396043  365
0.39688  368
0.397027  352
0.397331  35
0.397592  216
0.398457  237
0.398586  184
0.398591  44
0.398697  397
0.398957  345
0.399188  348
0.399452  331
0.399582  38
0.399661  334
0.400085  245
0.400793  363
0.400814  302
0.401296  269
0.402419  373
0.402475  267
0.402763  67
0.403277  390
0.403518  157
0.403568  201
0.403701  340
0.403825  50
0.404065  239
0.40416  112
0.404635  254
0.404869  83
0.404999  243
0.405025  360
0.405115  100
0.406214  138
0.406471  172
0.406592  167
0.40666  343
0.406875  377
0.407054  140
0.407063  146
0.407117  291
0.40719  154
0.407791  248
0.407797  399
0.407809  107
0.407811  309
0.407853  396
0.408231  190
0.408441  319
0.4086  395
0.408701  232
0.409099  278
0.409676  32
0.410513  149
0.41061  324
0.411142  230
0.411171  367
0.411639  156
0.411769  175
0.412016  2
0.412077  257
0.412131  381
0.41227  337
0.412709  238
0.412758  382
0.413284  4
0.413566  356
0.414066  22
0.414168  11
0.414299  306
0.414819  198
0.414972  351
0.414975  357
0.415001  277
0.415239  39
0.415265  199
0.415657  347
0.415787  242
0.416307  203
0.416369  247
0.416881  113
0.417008  270
0.41734  71
0.417751  346
0.417844  376
0.417899  372
0.418  314
0.418026  126
0.418247  326
0.418438  311
0.418589  378
0.419083  69
0.419227  88
0.419546  320
0.419629  281
0.419802  398
0.420301  359
0.420391  260
0.420481  213
0.420636  20
0.420683  93
0.421246  300
0.421278  325
0.421299  315
0.421766  34
0.421817  318
0.421957  316
0.4226  78
0.423192  290
0.423962  79
0.423965  379
0.424518  304
0.42453  388
0.424882  95
0.424982  364
0.426008  358
0.426257  330
0.426393  329
0.427098  355
0.427248  256
0.428026  332
0.429502  345
0.429508  178
0.42951  123
0.429923  110
0.430361  181
0.430643  336
0.430941  261
0.431695  339
0.431882  174
0.43205  163
0.432073  308
0.432121  341
0.432345  383
0.432382  275
0.432851  5
0.433533  23
0.433819  147
0.433894  244
0.434033  31
0.434281  285
0.434305  283
0.434424  294
0.434568  10
0.43486  16
0.434872  13
0.435011  43
0.435169  389
0.435202  333
0.43562  344
0.435737  394
0.435808  342
0.436062  305
0.436128  386
0.43613  40
0.436177  46
0.436283  274
0.436394  368
0.436395  371
0.436662  301
0.437097  29
0.437115  310
0.437495  353
0.437666  298
0.43789  370
0.437978  331
0.438203  235
0.440837  369
0.441175  321
0.441407  317
0.441438  328
0.442269  313
0.442309  197
0.443125  207
0.443218  30
0.443456  187
0.44352  366
0.443615  335
0.444378  14
0.444932  91
0.445112  191
0.445207  361
0.445314  103
0.445367  158
0.445407  387
0.445628  396
0.445694  150
0.445963  307
0.446023  0
0.446079  102
0.446099  17
0.446201  397
0.446462  377
0.446518  392
0.446607  96
0.446675  75
0.447051  374
0.447369  124
0.448152  120
0.448755  319
0.448908  362
0.448957  327
0.449119  99
0.449132  74
0.449426  169
0.449466  393
0.449687  55
0.450098  195
0.450185  133
0.450264  363
0.450354  219
0.450391  338
0.450684  215
0.450895  349
0.451216  228
0.451259  266
0.451499  52
0.45175  380
0.452146  391
0.452451  382
0.452488  118
0.452583  104
0.452715  214
0.452734  354
0.452964  253
0.453356  61
0.453528  312
0.454  236
0.454373  155
0.454513  340
0.454612  194
0.454683  276
0.454824  385
0.454988  171
0.454992  322
0.455658  246
0.455792  399
0.455875  350
0.45635  85
0.456497  249
0.457043  131
0.457313  180
0.457624  15
0.458244  315
0.458469  1
0.45847  251
0.458615  348
0.458639  390
0.458698  323
0.458718  81
0.458728  196
0.458736  372
0.45905  231
0.459088  343
0.459174  122
0.459272  296
0.459347  334
0.459449  352
0.459549  218
0.459713  19
0.459885  378
0.460183  204
0.460243  186
0.46036  375
0.460591  395
0.460636  65
0.460715  367
0.460919  384
0.462034  62
0.462041  37
0.462299  302
0.462334  63
0.463673  252
0.464134  227
0.464256  303
0.464805  311
0.46483  268
0.464873  379
0.465065  51
0.465543  182
0.465685  229
0.466012  314
0.466113  316
0.466168  130
0.466239  94
0.46632  87
0.466363  71
0.466388  398
0.466469  318
0.466534  162
0.466997  359
0.467081  73
0.467156  326
0.46748  273
0.467509  12
0.467638  212
0.467649  144
0.467663  225
0.467901  56
0.467983  152
0.467997  82
0.468057  365
0.468077  101
0.46825  145
0.468492  183
0.46877  345
0.468812  364
0.468861  45
0.46895  295
0.468952  64
0.469207  320
0.469355  224
0.469424  324
0.469468  76
0.469579  299
0.469619  383
0.469798  373
0.469799  339
0.469995  287
0.470095  190
0.470137  121
0.470382  240
0.470646  376
0.470939  119
0.471551  300
0.471584  6
0.471772  70
0.472222  53
0.472536  388
0.472605  356
0.472936  47
0.473046  259
0.473157  357
0.473192  263
0.473323  165
0.473469  57
0.4735  127
0.473514  18
0.473557  21
0.47356  216
0.473705  3
0.473706  8
0.47372  226
0.473966  166
0.474186  358
0.474255  32
0.47426  107
0.474326  232
0.474327  86
0.474446  360
0.47516  7
0.475355  347
0.475395  329
0.475522  134
0.47554  153
0.4756  167
0.475613  148
0.475654  309
0.475667  381
0.475726  111
0.475735  366
0.475809  28
0.475825  209
0.476131  332
0.476284  306
0.476298  84
0.476371  95
0.476407  336
0.476463  344
0.476573  97
0.476674  368
0.476773  117
0.476791  202
0.476877  380
0.476976  335
0.477098  286
0.477148  325
0.477339  341
0.47746  394
0.478123  233
0.47818  66
0.478744  115
0.479008  27
0.479073  41
0.479293  93
0.479294  185
0.479364  362
0.47957  333
0.479607  48
0.479654  176
0.480016  386
0.480236  308
0.480306  377
0.480505  160
0.480662  327
0.481033  125
0.481165  291
0.481224  310
0.481911  331
0.481974  330
0.482301  361
0.482514  293
0.482533  26
0.482767  328
0.482785  349
0.48286  397
0.483002  355
0.483053  9
0.483301  284
0.484274  353
0.484335  89
0.484437  301
0.484608  60
0.48503  352
0.486134  215
0.486308  323
0.486612  23
0.48672  392
0.486896  105
0.487169  184
0.48764  382
0.487689  351
0.487693  363
0.488049  178
0.488085  387
0.488187  222
0.489191  369
0.489542  110
0.489544  143
0.489557  385
0.489826  128
0.490195  370
0.490361  283
0.490938  389
0.491743  67
0.491895  112
0.492414  321
0.492675  288
0.492816  74
0.49337  374
0.493722  116
0.49374  317
0.493752  337
0.493846  307
0.494001  265
0.494076  179
0.494379  302
0.494611  149
0.494649  346
0.494817  44
0.494833  4
0.495026  371
0.495187  135
0.495261  59
0.495455  36
0.495899  151
0.496147  303
0.496209  312
0.496766  305
0.496938  304
0.49737  399
0.49798  375
0.497983  49
0.49842  350
0.498919  300
0.500039  393
0.500132  192
0.500587  342
0.500747  390
0.501823  238
0.502046  77
0.50217  239
0.502274  384
0.503033  280
0.503326  282
0.503745  313
0.503814  395
0.504812  221
0.504882  133
0.504973  54
0.504985  315
0.50502  289
0.505042  356
0.505176  266
0.505182  343
0.505409  367
0.50561  88
0.505654  142
0.50574  322
0.506462  114
0.506542  146
0.507089  297
0.507236  2
0.507908  264
0.508072  396
0.508113  58
0.508184  234
0.508273  258
0.508466  68
0.50853  175
0.50856  230
0.508851  132
0.509025  372
0.509102  168
0.509189  106
0.509372  250
0.50952  338
0.509534  256
0.50973  189
0.509737  340
0.509756  80
0.509968  17
0.51009  50
0.510147  24
0.510183  208
0.510258  378
0.510609  196
0.510611  335
0.510682  294
0.510792  365
0.510802  388
0.510844  29
0.510845  188
0.510875  391
0.510915  113
0.510942  152
0.511048  14
0.511102  358
0.511168  348
0.511219  31
0.511534  373
0.511664  213
0.511713  218
0.512103  260
0.512145  318
0.512237  326
0.512262  281
0.512472  98
0.512803  92
0.513275  354
0.513304  359
0.513343  324
0.513372  231
0.513398  129
0.513425  180
0.513836  320
0.514143  236
0.514163  219
0.514191  366
0.514431  136
0.514455  18
0.514724  270
0.514756  206
0.514847  223
0.515113  381
0.515378  150
0.51549  123
0.516092  102
0.516123  379
0.516128  398
0.516333  5
0.516397  177
0.516439  159
0.516598  130
0.516671  124
0.516773  42
0.516798  81
0.517162  248
0.517237  56
0.517416  262
0.517425  246
0.517427  272
0.517472  195
0.517533  357
0.517547  158
0.517595  170
0.517609  278
0.51776  285
0.517794  46
0.517824  319
0.517993  118
0.518235  199
0.518319  20
0.518371  314
0.518393  141
0.518495  13
0.518698  108
0.518707  336
0.518759  25
0.518811  39
0.518815  117
0.518822  394
0.518825  79
0.518842  368
0.51889  164
0.518923  69
0.518932  334
0.518967  201
0.519119  316
0.519196  137
0.519261  327
0.519453  172
0.519552  361
0.519631  10
0.519666  301
0.519668  244
0.519806  377
0.51988  383
0.519881  355
0.51995  16
0.519952  399
0.520063  364
0.520452  104
0.520715  329
0.520762  380
0.520919  43
0.521074  257
0.521166  341
0.521269  243
0.521297  311
0.521367  35
0.521493  331
0.521637  173
0.521832  332
0.521862  349
0.521872  330
0.522062  397
0.522215  182
0.522242  347
0.522457  339
0.522482  220
0.522496  165
0.52258  369
0.522872  307
0.52376  309
0.524306  292
0.52439  386
0.524785  387
0.524856  392
0.525342  376
0.525871  333
0.526106  345
0.526738  162
0.526935  122
0.526973  75
0.527071  328
0.527204  350
0.527763  351
0.529855  306
0.529956  277
0.529979  190
0.530113  374
0.530696  62
0.530701  85
0.530763  302
0.53096  187
0.530989  101
0.531581  211
0.532118  82
0.532132  317
0.532375  253
0.532594  323
0.533109  371
0.533135  93
0.534203  45
0.534525  103
0.534625  217
0.534859  30
0.535326  346
0.535444  325
0.535507  304
0.535633  205
0.535983  274
0.536413  138
0.536495  344
0.536564  121
0.536646  227
0.536826  395
0.536884  391
0.537298  33
0.538709  352
0.538727  360
0.538967  271
0.539161  269
0.53947  389
0.539669  375
0.539718  72
0.539795  109
0.539976  290
0.540015  315
0.540398  382
0.540848  353
0.540859  200
0.540991  96
0.541558  308
0.541928  343
0.542269  388
0.542361  362
0.542422  204
0.542586  64
0.542725  305
0.542861  303
0.542919  322
0.542988  312
0.543705  19
0.544684  22
0.545122  105
0.545159  210
0.545362  212
0.546217  385
0.546444  342
0.547268  127
0.547273  120
0.548712  34
0.54884  321
0.54895  207
0.54908  356
0.549274  245
0.549333  235
0.550312  326
0.550781  390
0.55086  296
0.550871  41
0.550931  197
0.551012  193
0.551215  370
0.551415  194
0.551576  241
0.551619  237
0.551749  266
0.55198  252
0.552148  338
0.552166  384
0.552265  367
0.552475  337
0.552545  313
0.552911  378
0.55309  153
0.553569  61
0.553591  161
0.553786  26
0.554375  359
0.554414  372
0.554507  228
0.554799  340
0.555046  394
0.555646  0
0.556113  40
0.556166  53
0.556521  254
0.556529  267
0.556616  363
0.55728  155
0.557515  299
0.55755  334
0.557613  233
0.557757  214
0.557827  276
0.558118  77
0.558137  247
0.558311  310
0.558367  242
0.558453  169
0.558684  78
0.558767  225
0.558793  377
0.558808  49
0.558832  208
0.558836  368
0.558892  365
0.558903  383
0.55911  329
0.559324  99
0.559366  28
0.559385  140
0.55988  38
0.560102  2
0.560429  192
0.560819  319
0.561118  301
0.561561  392
0.561564  366
0.561775  361
0.561845  331
0.562321  149
0.562426  265
0.562673  198
0.562688  48
0.562809  15
0.563075  268
0.563143  283
0.563165  335
0.563224  185
0.563245  393
0.563552  364
0.56378  324
0.5638  238
0.564474  31
0.564883  320
0.564967  273
0.565027  316
0.565245  139
0.565356  318
0.565718  386
0.565826  341
0.566113  11
0.566259  144
0.566299  226
0.566391  115
0.56669  86
0.56675  327
0.567699  348
0.567839  71
0.567851  332
0.567992  184
0.568002  314
0.568087  354
0.568725  330
0.568968  100
0.569069  349
0.569193  317
0.569347  333
0.569559  66
0.570228  355
0.570694  339
0.570819  300
0.572244  396
0.572285  397
0.572751  347
0.573124  110
0.57362  357
0.574099  302
0.57436  25
0.574741  398
0.574806  311
0.575007  307
0.575303  183
0.575455  209
0.578529  399
0.578829  94
0.579063  52
0.579174  170
0.579304  309
0.579739  37
0.57981  387
0.580048  344
0.580282  229
0.580787  255
0.580861  275
0.580924  325
0.580928  123
0.58101  163
0.581084  371
0.581686  47
0.581736  215
0.581983  203
0.582078  1
0.58218  352
0.582512  90
0.582704  8
0.582749  358
0.582791  168
0.582959  152
0.583286  189
0.583374  369
0.583464  263
0.584099  61
0.584281  63
0.584451  160
0.584472  286
0.584656  380
0.584777  308
0.584858  376
0.58519  165
0.58523  187
0.585303  345
0.585402  154
0.585646  224
0.585731  257
0.585786  12
0.58601  304
0.586033  306
0.586086  381
0.586258  88
0.586335  83
0.586394  353
0.586569  29
0.586685  298
0.586692  279
0.587132  151
0.58755  4
0.587669  374
0.587727  249
0.58776  128
0.587859  95
0.587863  146
0.58793  143
0.588013  239
0.58804  32
0.588055  379
0.588305  305
0.5884  343
0.588405  213
0.588453  97
0.588516  391
0.588579  171
0.588609  388
0.588891  261
0.589181  92
0.589302  350
0.589807  382
0.589828  342
0.590121  390
0.590316  362
0.590317  389
0.590326  251
0.590392  336
0.590416  89
0.590434  68
0.590519  270
0.590926  321
0.591081  375
0.591653  351
0.59177  323
0.592102  370
0.592607  73
0.592668  365
0.593043  289
0.593174  373
0.593324  69
0.593597  395
0.59377  385
0.59386  256
0.594105  394
0.594546  76
0.59497  179
0.595226  303
0.59559  27
0.59563  241
0.596012  87
0.596473  3
0.596685  324
0.597068  188
0.597266  322
0.598116  133
0.598192  340
0.598304  246
0.598417  35
0.598497  240
0.599244  335
0.599246  262
0.599266  319
0.599342  55
0.599482  93
0.599735  70
0.599801  315
0.599838  310
0.600035  7
0.600193  141
0.60025  245
0.600293  116
0.60032  282
0.600372  346
0.60053  326
0.60063  337
0.600988  175
0.601129  148
0.601296  360
0.601365  177
0.601433  366
0.601649  231
0.60254  85
0.602758  368
0.602793  367
0.60335  195
0.604272  338
0.604324  59
0.604434  317
0.604714  211
0.604884  378
0.605428  204
0.605544  104
0.605677  392
0.605865  328
0.606218  230
0.606365  9
0.606412  313
0.607155  14
0.607638  57
0.607655  266
0.607923  377
0.608411  56
0.608959  50
0.608985  356
0.609012  134
0.60916  191
0.609249  284
0.609397  331
0.609433  132
0.609471  386
0.609533  142
0.609936  372
0.610117  325
0.610132  150
0.610219  38
0.610237  354
0.610371  158
0.610733  327
0.611095  398
0.611668  60
0.611727  54
0.611748  113
0.611843  359
0.612245  45
0.612396  159
0.612623  80
0.612632  138
0.612648  205
0.612991  396
0.613051  352
0.613416  24
0.613605  383
0.613677  234
0.613775  109
0.613781  111
0.614054  91
0.614112  339
0.6146  316
0.614704  318
0.614846  288
0.61486  361
0.614868  307
0.615071  167
0.615106  49
0.615348  290
0.615385  397
0.615963  281
0.615968  219
0.616049  393
0.616088  119
0.616269  107
0.616317  136
0.6164  118
0.616446  341
0.616639  84
0.61673  106
0.616977  20
0.617069  26
0.617111  347
0.617366  363
0.617634  287
0.617797  82
0.617806  332
0.61802  199
0.618034  157
0.618112  216
0.61829  308
0.618311  36
0.618366  340
0.618494  334
0.618759  126
0.618813  244
0.618892  44
0.618998  364
0.619011  312
0.619153  349
0.619548  358
0.620572  72
0.62091  387
0.621012  222
0.621446  355
0.621835  342
0.621891  212
0.622176  210
0.622261  348
0.622421  15
0.622481  320
0.622826  297
0.622829  333
0.622931  370
0.622957  305
0.623843  373
0.624281  384
0.624387  51
0.624517  371
0.624544  330
0.624795  264
0.625067  294
0.625168  78
0.625281  186
0.625441  98
0.625598  190
0.625802  156
0.62584  369
0.626213  309
0.626417  181
0.626544  258
0.626711  65
0.626791  247
0.626942  300
0.626943  362
0.627025  81
0.627145  381
0.62752  291
0.627588  301
0.628261  79
0.628477  278
0.628495  365
0.628838  285
0.629134  161
0.629276  265
0.629531  185
0.629993  395
0.630042  399
0.630357  311
0.630382  176
0.630442  226
0.630474  10
0.630745  259
0.631109  314
0.631154  153
0.631197  321
0.631298  243
0.631355  173
0.631366  277
0.631437  192
0.631649  227
0.631751  23
0.631778  67
0.632205  68
0.632378  102
0.632855  174
0.632982  329
0.633076  124
0.633208  0
0.633223  13
0.633292  103
0.633502  357
0.633529  122
0.633593  366
0.633817  30
0.633893  292
0.634454  343
0.634595  182
0.634611  304
0.634657  28
0.634901  344
0.63493  128
0.634999  232
0.635061  220
0.635086  18
0.635119  260
0.635192  388
0.635193  379
0.635253  66
0.635283  324
0.635299  353
0.635402  336
0.635523  206
0.635553  380
0.635665  145
0.635705  335
0.635995  99
0.636108  201
0.636141  8
0.636478  346
0.636545  319
0.636835  375
0.636866  178
0.636907  127
0.636997  196
0.637046  275
0.637116  19
0.637126  115
0.637405  394
0.637641  58
0.638621  389
0.638682  303
0.638736  360
0.638921  356
0.639045  392
0.639121  75
0.639124  306
0.639784  237
0.641019  110
0.641232  368
0.641248  143
0.641393  374
0.641409  33
0.642028  331
0.642778  137
0.642878  280
0.642988  213
0.643044  323
0.643051  359
0.643329  351
0.643427  217
0.643989  350
0.644065  139
0.644688  274
0.644912  2
0.644949  310
0.64518  41
0.646173  390
0.646174  114
0.64619  164
0.64622  348
0.646885  74
0.646919  322
0.647001  100
0.647163  252
0.647208  7
0.647304  253
0.647347  140
0.647721  133
0.647752  5
0.647771  391
0.647792  163
0.6478  302
0.648032  22
0.648115  326
0.648282  184
0.64834  71
0.648431  328
0.648674  367
0.649499  129
0.649841  43
0.649971  1
0.650059  77
0.650086  53
0.650328  235
0.650625  371
0.650872  16
0.650894  296
0.651024  3
0.651071  309
0.651076  169
0.651115  358
0.651145  293
0.651282  338
0.651312  108
0.651354  313
0.651482  272
0.651815  340
0.652084  144
0.652161  377
0.652213  386
0.652252  170
0.652421  398
0.652607  11
0.652763  85
0.652978  35
0.653152  345
0.653597  361
0.653725  64
0.653804  347
0.653878  378
0.654749  263
0.65479  373
0.654831  327
0.654913  180
0.65544  221
0.655601  131
0.655803  316
0.656014  214
0.65613  209
0.656347  46
0.65653  385
0.6566  117
0.656632  86
0.656732  363
0.656953  57
0.656967  325
0.657009  307
0.657368  257
0.657428  333
0.657811  369
0.657876  187
0.657879  387
0.65801  352
0.658039  271
0.658141  248
0.658279  39
0.658314  308
0.658415  242
0.65857  42
0.658598  96
0.658674  381
0.658961  372
0.659127  300
0.659349  92
0.659402  349
0.659513  233
0.659523  177
0.659628  355
0.660126  297
0.660159  286
0.660413  73
0.661099  202
0.661165  354
0.661196  396
0.661868  279
0.662096  334
0.662329  188
0.662382  376
0.662447  183
0.662799  238
0.662947  172
0.663487  312
0.66364  160
0.663697  320
0.663816  200
0.663891  45
0.663896  27
0.663931  382
0.66448  343
0.66488  318
0.664965  362
0.665704  397
0.66604  317
0.666412  383
0.666416  101
0.667421  337
0.66979  40
0.670174  390
0.670545  339
0.670573  330
0.670856  120
0.670883  298
0.671106  134
0.67201  370
0.672225  315
0.672481  150
0.673165  366
0.673704  236
0.673822  321
0.673888  55
0.673974  118
0.67402  223
0.674047  331
0.674549  90
0.674827  262
0.67528  25
0.675331  332
0.675854  324
0.675881  130
0.675952  105
0.676105  301
0.676242  389
0.676351  314
0.676421  234
0.676662  138
0.677454  24
0.67747  155
0.677663  216
0.67778  341
0.678164  240
0.678356  218
0.678415  283
0.678841  319
0.679058  384
0.679119  392
0.679376  273
0.679377  303
0.679384  197
0.679621  304
0.679783  239
0.679806  59
0.679843  194
0.679851  6
0.679895  88
0.680176  350
0.680311  368
0.680535  282
0.68094  50
0.681027  388
0.681108  44
0.681192  353
0.682336  125
0.682349  393
0.682711  230
0.682832  295
0.683201  89
0.683214  9
0.683242  162
0.68332  32
0.68332  204
0.683359  229
0.683372  38
0.683411  246
0.683477  112
0.683506  26
0.683742  288
0.683757  154
0.683772  152
0.683774  342
0.683826  106
0.684022  287
0.684182  15
0.684306  326
0.68454  335
0.685001  359
0.685027  398
0.685248  76
0.685248  171
0.685393  380
0.685419  302
0.685478  207
0.685486  165
0.685491  310
0.685509  294
0.685578  270
0.685582  241
0.685795  323
0.686015  104
0.686049  61
0.686064  67
0.68655  147
0.686691  351
0.686812  395
0.686813  364
0.686934  161
0.687024  31
0.687316  381
0.687356  309
0.687451  189
0.68782  379
0.688078  311
0.688495  228
0.688734  215
0.688742  267
0.688882  399
0.689032  316
0.689606  132
0.689616  137
0.68973  345
0.68974  116
0.690299  191
0.690303  357
0.690505  19
0.690525  198
0.690607  135
0.690662  148
0.69089  328
0.690902  210
0.690948  305
0.691067  94
0.691196  81
0.69121  358
0.69125  336
0.691454  249
0.691615  356
0.69173  374
0.691888  87
0.692382  86
0.692758  371
0.692778  373
0.692818  307
0.692824  289
0.69345  36
0.693603  266
0.693996  123
0.69448  355
0.694521  344
0.694571  185
0.694861  23
0.694909  348
0.695342  69
0.695513  365
0.696118  205
0.696355  99
0.696407  115
0.696815  360
0.69687  143
0.696992  338
0.697028  299
0.69753  276
0.697611  208
0.69804  308
0.698041  346
0.698088  49
0.698184  372
0.698298  141
0.698314  95
0.698343  251
0.698731  300
0.698793  377
0.69881  63
0.699166  375
0.699321  385
0.699406  349
0.699713  34
0.699793  186
0.700112  97
0.700523  74
0.700608  340
0.700632  269
0.700701  107
0.700728  255
0.700901  363
0.700954  211
0.701168  166
0.701218  33
0.70128  47
0.70128  387
0.701436  84
0.701679  322
0.701719  254
0.701722  352
0.701728  22
0.701745  250
0.701907  151
0.702188  376
0.702322  354
0.702401  284
0.702795  330
0.702811  315
0.702847  179
0.703015  91
0.703052  109
0.703194  367
0.703235  386
0.703428  317
0.703508  224
0.703517  318
0.703532  80
0.703566  17
0.703621  199
0.703622  361
0.703725  347
0.704322  159
0.704384  190
0.704744  79
0.704957  325
0.705163  378
0.705303  274
0.705807  72
0.706046  62
0.706154  182
0.706206  391
0.706398  4
0.706543  122
0.706789  56
0.706848  195
0.706854  334
0.706875  142
0.707153  206
0.707236  301
0.707338  382
0.707451  263
0.707685  394
0.707744  153
0.708095  327
0.708489  157
0.708684  369
0.709016  78
0.709064  329
0.709133  14
0.70946  320
0.71041  184
0.710629  245
0.711037  313
0.711127  140
0.711151  339
0.711192  306
0.71177  343
0.711856  65
0.711977  331
0.712479  324
0.713514  144
0.71383  71
0.714043  37
0.714885  280
0.715089  337
0.715128  333
0.715646  390
0.716283  351
0.716343  188
0.716449  283
0.716468  54
0.7167  201
0.716831  311
0.71716  247
0.717368  397
0.71781  285
0.717813  383
0.717826  302
0.718029  168
0.718155  111
0.718215  16
0.7184  384
0.718609  281
0.718872  362
0.719378  389
0.719733  3
0.719959  232
0.720037  304
0.720899  321
0.721088  173
0.721238  253
0.721441  332
0.721656  223
0.722135  177
0.722479  28
0.722613  35
0.722715  77
0.722781  256
0.7228  341
0.722818  18
0.722851  193
0.72295  312
0.723043  176
0.723317  366
0.723332  187
0.723518  29
0.723528  275
0.723799  381
0.723877  156
0.724455  231
0.724469  220
0.724745  271
0.725001  395
0.72519  217
0.725321  268
0.725532  356
0.725774  290
0.725886  357
0.725977  227
0.726124  398
0.726194  21
0.726475  120
0.726625  309
0.726698  126
0.726727  7
0.726871  396
0.726906  319
0.726967  353
0.727084  67
0.727111  388
0.727306  265
0.727475  370
0.727834  303
0.72808  377
0.728573  244
0.729429  326
0.729603  336
0.729783  392
0.729919  258
0.730294  219
0.730668  365
0.731162  226
0.731184  20
0.731311  342
0.731422  242
0.731432  5
0.731751  368
0.731836  257
0.731984  8
0.732023  117
0.732035  264
0.732371  344
0.732509  128
0.732831  132
0.733189  192
0.733356  57
0.733591  393
0.733696  114
0.734204  328
0.734407  197
0.734464  373
0.734469  73
0.734652  93
0.735296  359
0.73549  83
0.735509  230
0.735516  221
0.735614  286
0.735674  45
0.735709  42
0.735736  170
0.735771  358
0.735825  298
0.735875  137
0.735891  53
0.735907  350
0.736034  121
0.736322  127
0.736464  68
0.736627  222
0.736634  360
0.736677  100
0.736957  136
0.737184  0
0.737246  259
0.737423  371
0.737533  363
0.737657  180
0.73767  385
0.737717  322
0.737761  380
0.737888  347
0.737931  318
0.737966  175
0.737996  325
0.738178  233
0.738196  310
0.738294  300
0.738295  183
0.738403  214
0.738557  346
0.738733  129
0.738928  164
0.739198  352
0.740527  113
0.740652  372
0.74072  374
0.740786  52
0.740824  349
0.741271  386
0.741321  139
0.741493  335
0.741551  379
0.741581  260
0.741695  355
0.741829  316
0.742746  314
0.743645  218
0.744174  172
0.744519  212
0.744539  30
0.744635  178
0.744905  305
0.745143  348
0.745533  345
0.74565  289
0.745879  296
0.745975  102
0.74628  174
0.746996  391
0.747379  237
0.747851  375
0.747938  196
0.747963  361
0.748056  146
0.748398  11
0.748647  238
0.74906  323
0.749089  110
0.749154  200
0.749342  293
0.749348  167
0.749354  324
0.749418  103
0.749493  158
0.749749  399
0.749786  315
0.750143  48
0.750302  376
0.750543  143
0.75067  162
0.750804  308
0.75094  6
0.750985  354
0.751613  26
0.751655  60
0.751896  2
0.751952  13
0.752046  169
0.752139  149
0.752332  338
0.752567  27
0.75293  112
0.753156  299
0.753856  38
0.753889  317
0.753991  387
0.754041  50
0.754042  89
0.754196  382
0.754231  51
0.754266  336
0.754341  383
0.754449  151
0.754557  273
0.754653  31
0.75475  378
0.755037  70
0.755108  97
0.755162  65
0.755395  104
0.755444  58
0.755544  10
0.755633  337
0.755844  306
0.75588  82
0.75601  340
0.756053  389
0.756103  339
0.756517  155
0.75661  313
0.756672  152
0.75681  311
0.756955  282
0.757051  64
0.757168  267
0.757713  370
0.757915  329
0.757954  95
0.758024  327
0.758106  367
0.758233  331
0.758268  364
0.759238  135
0.759271  307
0.759473  215
0.760101  341
0.760316  213
0.760389  304
0.760555  90
0.760843  332
0.760984  130
0.761375  351
0.761775  309
0.761875  41
0.762052  210
0.762244  46
0.762515  320
0.762728  330
0.762938  326
0.763397  208
0.763601  334
0.764003  392
0.764247  381
0.764635  243
0.764789  235
0.764945  204
0.765317  261
0.765326  366
0.766127  1
0.766422  321
0.76654  371
0.766673  343
0.767065  203
0.768371  380
0.769381  101
0.770022  319
0.770076  369
0.770232  395
0.770339  356
0.770555  181
0.770844  301
0.771084  287
0.771103  75
0.771243  85
0.771343  185
0.772292  397
0.772535  248
0.772609  358
0.772915  191
0.773063  355
0.773175  165
0.773243  157
0.773292  349
0.77344  138
0.773648  357
0.773982  353
0.774482  109
0.774762  394
0.774804  80
0.774893  59
0.775588  5
0.775722  148
0.775812  40
0.776075  15
0.776595  240
0.7766  377
0.777035  359
0.77743  362
0.777512  372
0.777807  96
0.777885  205
0.777993  195
0.778181  283
0.778544  347
0.778968  176
0.778975  116
0.779733  66
0.779819  342
0.780107  344
0.780693  316
0.781033  118
0.781687  333
0.781858  388
0.782041  17
0.782053  393
0.782163  24
0.782241  12
0.78237  346
0.782375  318
0.782659  284
0.782878  277
0.783113  14
0.78324  225
0.783288  384
0.783299  253
0.783472  272
0.783577  36
0.783781  385
0.783798  303
0.784103  256
0.784151  134
0.784153  323
0.784178  125
0.784256  224
0.784549  76
0.784737  161
0.784759  9
0.784912  390
0.785373  291
0.785465  368
0.785942  61
0.786444  156
0.786521  145
0.786582  312
0.786626  328
0.78672  305
0.786735  396
0.786976  131
0.78698  33
0.787093  268
0.78717  22
0.787564  302
0.787724  374
0.788831  254
0.788977  79
0.789108  386
0.789236  379
0.789519  16
0.789594  105
0.789666  398
0.789733  300
0.789755  74
0.7899  108
0.789951  365
0.790399  216
0.790568  361
0.790868  322
0.791048  44
0.791119  378
0.791495  279
0.791706  315
0.7918  179
0.791937  350
0.793192  4
0.793454  310
0.795093  275
0.795252  297
0.795289  363
0.795361  255
0.795387  373
0.795453  288
0.795598  294
0.79562  49
0.795796  335
0.795804  309
0.796109  325
0.79638  201
0.79644  345
0.797084  338
0.797243  159
0.797871  132
0.797939  39
0.798039  246
0.798133  50
0.798439  32
0.798454  329
0.798788  308
0.798805  313
0.798814  348
0.799434  340
0.799869  92
0.799943  78
0.800025  86
0.800081  234
0.800734  352
0.800767  231
0.800946  251
0.801134  245
0.801166  260
0.801233  366
0.801264  160
0.801366  391
0.801778  375
0.801886  311
0.801889  140
0.801997  364
0.802131  306
0.802508  376
0.802918  358
0.803045  163
0.803098  381
0.803315  265
0.803331  194
0.803475  47
0.80351  281
0.803699  292
0.804017  154
0.804715  399
0.80473  214
0.804752  354
0.804762  327
0.80497  382
0.805752  30
0.805974  173
0.806139  241
0.806887  360
0.807066  37
0.807166  336
0.807235  168
0.807407  270
0.807483  343
0.807685  230
0.807687  210
0.807696  126
0.808262  295
0.808509  221
0.808523  247
0.808542  54
0.808689  91
0.808694  122
0.808747  320
0.808765  370
0.809401  88
0.809404  356
0.809415  21
0.809478  62
0.80957  285
0.809592  190
0.809923  98
0.810033  351
0.810039  121
0.810331  276
0.810405  90
0.810452  0
0.810484  166
0.810707  317
0.81079  25
0.81082  347
0.810898  222
0.810997  339
0.811013  229
0.811023  107
0.811121  71
0.811178  209
0.811178  43
0.81124  314
0.811431  249
0.811461  28
0.811599  64
0.811699  114
0.811737  262
0.811798  341
0.811812  324
0.81189  383
0.811907  367
0.812111  84
0.812114  387
0.812196  319
0.812336  72
0.812841  257
0.81294  332
0.812991  289
0.813102  182
0.813118  165
0.813212  191
0.813348  133
0.813386  23
0.813409  186
0.813682  298
0.813885  380
0.813945  304
0.814319  70
0.814335  73
0.81494  357
0.815286  397
0.815294  137
0.815362  371
0.815414  206
0.8155  307
0.815537  141
0.816043  51
0.816083  326
0.816092  274
0.816158  384
0.816233  45
0.816311  83
0.816321  353
0.816327  355
0.816393  19
0.816664  395
0.816746  150
0.816811  211
0.816815  369
0.816868  393
0.816908  359
0.816947  65
0.817012  301
0.817866  101
0.817999  60
0.818526  147
0.818553  34
0.818588  217
0.818654  392
0.818689  331
0.819373  38
0.819467  321
0.820101  303
0.820116  333
0.820123  81
0.820186  13
0.820345  330
0.820646  1
0.821169  6
0.821577  264
0.821877  236
0.822194  365
0.822439  362
0.822752  299
0.822895  142
0.823212  398
0.82331  378
0.823451  290
0.82351  136
0.823587  171
0.8236  313
0.82368  106
0.823688  361
0.824021  379
0.824155  152
0.824281  266
0.824405  215
0.824537  42
0.824632  300
0.824776  318
0.825617  368
0.826675  164
0.826829  56
0.82701  334
0.827072  197
0.827438  349
0.827821  223
0.828049  337
0.828088  93
0.828115  374
0.828313  394
0.828388  390
0.82843  323
0.828487  329
0.828764  196
0.828843  15
0.828923  388
0.82926  79
0.829552  192
0.829899  385
0.830218  345
0.831014  162
0.831326  315
0.832238  250
0.832348  3
0.832464  278
0.83254  316
0.832846  328
0.832966  372
0.83312  302
0.833235  252
0.833358  153
0.833499  269
0.833537  350
0.833735  396
0.833862  69
0.834156  55
0.834624  389
0.83555  172
0.836405  342
0.83652  258
0.836708  175
0.836743  364
0.836825  18
0.837032  306
0.837231  286
0.837878  124
0.838433  167
0.838564  346
0.838581  115
0.838737  46
0.838865  94
0.838873  199
0.838969  347
0.839027  82
0.839136  382
0.839395  220
0.839456  322
0.839526  183
0.839543  180
0.839739  312
0.839951  240
0.839956  52
0.84014  343
0.840306  311
0.840369  391
0.84043  338
0.840464  335
0.840474  373
0.841935  221
0.842708  154
0.842812  386
0.843055  53
0.843161  310
0.843355  309
0.844007  185
0.844067  203
0.844144  2
0.844273  112
0.844288  263
0.844639  198
0.844981  135
0.844986  366
0.845172  348
0.845271  233
0.845274  140
0.845611  246
0.845807  283
0.845818  7
0.84599  367
0.846254  325
0.846316  130
0.846338  239
0.846358  305
0.846366  359
0.846632  48
0.846838  340
0.847267  208
0.847579  184
0.847795  254
0.847913  376
0.847978  161
0.848008  76
0.848126  40
0.848215  351
0.848313  273
0.848503  187
0.848558  67
0.848581  308
0.848639  352
0.848849  219
0.848986  377
0.849046  336
0.849242  143
0.84972  344
0.849925  363
0.849986  77
0.850013  339
0.850069  193
0.850428  17
0.850517  109
0.850553  63
0.850679  320
0.850846  97
0.851498  68
0.851573  99
0.851909  380
0.852188  383
0.852504  61
0.852569  181
0.852791  228
0.853094  314
0.853233  371
0.853503  395
0.853754  271
0.854052  277
0.854184  113
0.854679  209
0.855269  354
0.855348  188
0.855463  253
0.855603  285
0.855624  212
0.855726  226
0.855845  356
0.856114  368
0.856271  378
0.856299  155
0.85669  321
0.856806  242
0.856816  375
0.856896  123
0.856981  288
0.857076  100
0.857165  317
0.857183  206
0.857297  225
0.857301  105
0.857364  388
0.857383  307
0.857442  399
0.857536  35
0.857572  87
0.857773  22
0.858255  166
0.858939  33
0.859056  144
0.859133  301
0.859475  235
0.859543  126
0.859577  27
0.859758  103
0.859811  270
0.859928  241
0.859965  179
0.860009  304
0.860066  384
0.860092  25
0.860155  243
0.860178  397
0.860333  330
0.86036  316
0.860604  145
0.860795  365
0.861462  202
0.861606  207
0.861647  149
0.861661  88
0.86191  353
0.861932  256
0.861963  58
0.862344  146
0.862352  361
0.862356  148
0.862507  232
0.862628  91
0.862661  341
0.862727  237
0.862749  313
0.862966  358
0.863264  302
0.863412  379
0.863542  357
0.863568  29
0.863902  387
0.864287  300
0.864719  104
0.864738  45
0.864867  360
0.865014  293
0.865465  66
0.865562  370
0.865769  337
0.865917  332
0.86624  119
0.866945  324
0.867155  297
0.867183  333
0.867551  345
0.867635  389
0.867701  315
0.867899  369
0.868461  385
0.868885  272
0.869081  125
0.8695  214
0.869656  274
0.869937  326
0.870148  128
0.870552  84
0.871228  303
0.871798  374
0.871948  259
0.87209  319
0.872457  391
0.872477  398
0.872535  195
0.872708  334
0.872751  372
0.873096  393
0.87401  151
0.8742  329
0.874797  59
0.874953  381
0.8752  343
0.876333  102
0.876668  171
0.876874  394
0.877019  150
0.877589  215
0.878468  342
0.87862  5
0.878702  8
0.879145  31
0.879183  327
0.879259  298
0.879339  350
0.879427  129
0.879518  349
0.879589  252
0.879909  331
0.880115  28
0.880136  392
0.88128  85
0.8813  340
0.881386  266
0.881632  328
0.88264  390
0.883292  231
0.883712  280
0.883839  244
0.88415  10
0.88523  64
0.885387  355
0.885458  93
0.885599  36
0.88582  338
0.885841  176
0.88588  139
0.885943  107
0.886084  362
0.886173  322
0.886197  204
0.886953  255
0.887154  138
0.887181  72
0.8872  217
0.887231  284
0.887326  346
0.887336  189
0.887391  6
0.887412  364
0.887436  377
0.887545  230
0.888226  308
0.888334  306
0.888425  117
0.888494  50
0.888659  323
0.888848  177
0.88936  386
0.889846  196
0.890037  363
0.890046  396
0.890167  382
0.890232  121
0.89066  95
0.890824  344
0.891507  245
0.891866  1
0.89201  383
0.893008  311
0.893153  291
0.893515  318
0.893752  24
0.893863  359
0.894197  101
0.894699  120
0.89477  118
0.895045  371
0.895052  168
0.895067  111
0.895193  26
0.895375  279
0.89602  11
0.896031  127
0.896252  310
0.896317  301
0.896497  335
0.896821  47
0.897091  178
0.897153  141
0.897199  375
0.897246  312
0.89749  238
0.897505  130
0.89785  211
0.897936  305
0.898385  172
0.898396  197
0.8984  296
0.899569  325
0.899623  354
0.899657  351
0.900457  136
0.900607  339
0.900672  86
0.900845  203
0.901066  380
0.901137  70
0.901225  314
0.901659  299
0.901955  23
0.901962  295
0.902002  157
0.902065  249
0.902501  218
0.902616  348
0.902717  376
0.902722  39
0.902742  169
0.90283  309
0.903105  336
0.903632  96
0.903653  360
0.9041  370
0.904289  247
0.904395  156
0.904503  201
0.904568  320
0.904664  367
0.904701  114
0.904881  142
0.905499  283
0.906109  321
0.90647  134
0.906785  378
0.906879  276
0.907023  110
0.907233  41
0.907453  98
0.907719  224
0.907743  12
0.908355  393
0.908378  159
0.90847  379
0.908539  30
0.90856  82
0.908746  365
0.908748  389
0.908796  352
0.908988  37
0.9092  358
0.909258  304
0.909337  191
0.909429  385
0.909663  391
0.909799  302
0.910201  366
0.91033  193
0.910904  275
0.910904  227
0.910939  307
0.911294  221
0.911557  397
0.912596  44
0.912623  213
0.913  219
0.913067  343
0.91312  73
0.91321  83
0.913463  388
0.913675  395
0.913746  153
0.914056  387
0.914069  163
0.914232  186
0.914431  357
0.914813  327
0.91502  316
0.915031  333
0.915397  326
0.915808  300
0.915937  353
0.916104  131
0.916161  74
0.916171  315
0.916646  171
0.916946  49
0.917301  293
0.917353  225
0.917399  294
0.917968  285
0.917993  55
0.918097  392
0.918192  332
0.918198  394
0.918911  0
0.919351  81
0.919371  235
0.919376  390
0.919522  330
0.91956  369
0.919613  384
0.920166  112
0.920397  337
0.920691  104
0.921163  40
0.921165  208
0.92122  374
0.921663  183
0.921677  344
0.922139  361
0.922384  349
0.922973  328
0.923008  399
0.923124  215
0.923194  347
0.923706  200
0.92386  20
0.924524  322
0.924782  319
0.924795  7
0.924845  317
0.925194  341
0.925866  373
0.92587  345
0.927726  123
0.927909  331
0.928  362
0.928939  80
0.929238  180
0.929538  396
0.930531  289
0.930726  115
0.931188  356
0.931706  346
0.93171  184
0.932204  368
0.932609  306
0.933331  89
0.933543  277
0.933854  234
0.933983  76
0.934081  377
0.935143  254
0.935148  278
0.935325  386
0.935372  372
0.936161  257
0.936675  381
0.936713  16
0.936788  181
0.936865  324
0.937012  94
0.937048  67
0.937248  120
0.937375  382
0.937399  220
0.937432  313
0.937595  308
0.937597  58
0.937625  92
0.937673  223
0.937825  102
0.937839  329
0.937872  342
0.93842  375
0.938561  243
0.9388  222
0.939015  182
0.939106  255
0.939297  190
0.939579  398
0.940263  119
0.940471  199
0.940875  350
0.941371  363
0.941605  364
0.942157  212
0.94218  334
0.942541  323
0.942573  22
0.942602  260
0.942998  253
0.943003  310
0.943107  33
0.943803  340
0.944774  187
0.945201  233
0.945341  229
0.94542  148
0.945776  309
0.945854  192
0.945891  303
0.945979  118
0.946047  14
0.946062  383
0.946072  13
0.946107  3
0.946154  338
0.946173  51
0.946363  27
0.946484  53
0.94652  267
0.946576  45
0.946759  4
0.946814  248
0.946814  108
0.947008  17
0.947169  389
0.947202  236
0.947611  251
0.947653  355
0.94778  105
0.947792  263
0.94783  282
0.947998  162
0.948099  298
0.948149  66
0.948246  335
0.948393  166
0.948449  56
0.948641  210
0.948929  9
0.948956  205
0.94897  325
0.949386  90
0.949474  100
0.949573  154
0.949574  252
0.949581  385
0.949607  129
0.949875  176
0.949983  262
0.950018  376
0.950026  297
0.950121  273
0.950138  85
0.950172  207
0.950295  343
0.950355  52
0.950396  228
0.950401  359
0.950475  288
0.95058  96
0.950715  93
0.950774  318
0.950846  388
0.950861  268
0.950944  149
0.950964  352
0.951007  353
0.951049  54
0.951084  140
0.95116  48
0.951191  202
0.95126  77
0.951309  281
0.951468  270
0.951498  217
0.951514  301
0.951726  366
0.951792  305
0.951816  165
0.952008  380
0.952031  1
0.95215  391
0.952269  271
0.952441  95
0.952443  378
0.95246  113
0.952465  312
0.952784  109
0.952936  209
0.952969  258
0.953044  242
0.953095  110
0.953448  28
0.95352  397
0.953667  151
0.953689  341
0.953691  167
0.953713  145
0.953742  172
0.953771  169
0.953811  91
0.953896  319
0.953897  357
0.954023  43
0.954329  336
0.954413  245
0.954625  390
0.954633  156
0.954691  216
0.954828  311
0.955094  106
0.955203  26
0.95524  50
0.955292  393
0.955397  333
0.95546  250
0.955557  194
0.955589  62
0.955628  177
0.955663  392
0.955698  396
0.955911  327
0.95594  328
0.955976  78
0.955989  122
0.956047  361
0.956086  374
0.956147  231
0.956229  197
0.95625  261
0.956344  133
0.956442  320
0.956567  377
0.956607  121
0.956677  379
0.956741  369
0.956884  196
0.956897  144
0.956905  351
0.95692  347
0.957112  395
0.957199  150
0.957363  317
0.957379  371
0.957457  71
0.957507  337
0.957567  173
0.957663  354
0.957981  332
0.958117  2
0.95825  307
0.958602  331
0.959009  373
0.959149  185
0.959335  356
0.959358  387
0.960385  358
0.960853  300
0.961057  368
0.961106  8
0.961215  399
0.961488  344
0.96204  394
0.962068  302
0.962172  219
0.962457  134
0.962662  321
0.963026  179
0.963236  314
0.963616  372
0.963704  322
0.964037  349
0.964363  306
0.964474  304
0.964483  240
0.964483  128
0.964716  370
0.965507  6
0.965605  365
0.966477  164
0.966882  180
0.967365  283
0.96812  323
0.968121  382
0.968691  348
0.969008  338
0.969759  326
0.970267  350
0.970358  159
0.970705  375
0.971721  381
0.972266  117
0.973077  69
0.973212  208
0.973315  67
0.973347  384
0.973798  310
0.974403  386
0.974721  206
0.975381  87
0.975832  362
0.976097  316
0.97616  84
0.976439  363
0.976705  65
0.976828  130
0.976903  34
0.977066  18
0.977664  126
0.977692  330
0.978221  203
0.978345  107
0.978874  259
0.97936  315
0.979421  184
0.979693  29
0.979711  309
0.979757  147
0.979775  15
0.979975  345
0.98008  339
0.980192  82
0.980221  195
0.980364  287
0.980664  256
0.980714  0
0.980899  313
0.980906  398
0.980952  35
0.98101  342
0.981179  160
0.981328  79
0.98144  74
0.981509  155
0.981825  244
0.982064  303
0.982283  329
0.982616  32
0.982726  346
0.982793  68
0.982798  12
0.982874  367
0.98316  98
0.983764  114
0.984157  175
0.984617  272
0.984802  158
0.985123  334
0.985133  30
0.985176  360
0.9852  38
0.985266  101
0.98545  211
0.985639  389
0.986358  364
0.986534  174
0.98669  39
0.986996  19
0.987565  296
0.987653  171
0.987765  264
0.988038  255
0.988149  157
0.988325  388
0.988588  57
0.988862  269
0.988876  112
0.989303  308
0.989335  214
0.989462  390
0.989581  340
0.989596  188
0.989596  324
0.989739  317
0.98982  274
0.989881  347
0.98991  190
0.990068  391
0.990237  170
0.990284  343
0.990322  352
0.990945  376
0.991006  176
0.991446  397
0.991537  278
0.991616  135
0.991736  344
0.992097  201
0.992178  37
0.992345  80
0.992977  89
0.993052  59
0.993141  83
0.993393  335
0.994081  21
0.994121  86
0.994437  380
0.994671  395
0.994838  225
0.994866  361
0.994932  103
0.99506  94
0.995415  136
0.995599  153
0.995672  285
0.99604  314
0.996065  372
0.996241  11
0.996389  319
0.996628  333
0.997093  75
0.997192  5
0.997477  123
0.997541  369
0.997592  142
0.997625  248
0.997844  178
0.997917  359
0.997966  305
0.998155  247
0.998276  31
0.998494  116
0.998547  163
0.998757  354
0.998888  279
0.998983  88
0.998992  373
0.999108  284
0.999205  23
0.99949  357
0.999609  312
0.999958  286
0.999998  306
