0.0365289  379
0.0369905  75
0.0376515  111
0.0377662  184
0.0385915  265
0.0386755  387
0.038689  361
0.0389563  313
0.0393941  206
0.0396719  67
0.0400408  167
0.0405205  312
0.0405557  235
0.0406517  199
0.0409342  348
0.0412524  228
0.0413533  396
0.0415293  289
0.0415701  30
0.041998  302
0.0421609  293
0.04223  71
0.0422564  367
0.0422883  146
0.0423367  336
0.0424511  363
0.0425857  183
0.0427129  88
0.0427248  53
0.0427776  252
0.0428335  162
0.0430665  355
0.0430916  299
0.0431128  253
0.0431437  315
0.0432012  44
0.0432153  86
0.0432418  276
0.043245  64
0.0433829  280
0.0434596  399
0.0435054  103
0.0435148  21
0.0435894  58
0.0436117  291
0.0437736  196
0.0437957  331
0.0438846  373
0.0439155  12
0.0439309  385
0.0439476  365
0.043958  213
0.0439762  171
0.0440227  237
0.0440415  15
0.0440782  357
0.0440917  63
0.0442041  322
0.0442142  39
0.0442183  48
0.0442466  98
0.044257  110
0.0442749  191
0.044275  215
0.0442756  366
0.0442878  391
0.0443068  5
0.0443874  392
0.0443908  327
0.0443997  120
0.0444105  238
0.0444182  398
0.0444319  395
0.0444366  42
0.0444563  310
0.0444679  309
0.0445247  13
0.0445628  245
0.0445812  346
0.0446028  161
0.0446067  323
0.0446162  226
0.044623  82
0.0446296  172
0.0447068  384
0.0447394  112
0.0447471  341
0.0448243  182
0.0448341  9
0.0448766  335
0.0450008  7
0.045014  377
0.0450251  56
0.0450477  31
0.0450521  356
0.0450811  150
0.0450829  177
0.0451011  320
0.0451441  230
0.0451941  283
0.0452099  362
0.0452149  372
0.0452303  47
0.0452887  109
0.0453007  37
0.0453178  383
0.0453186  209
0.0453209  92
0.0454172  380
0.0454845  105
0.0454846  210
0.0455289  156
0.0455943  307
0.0456173  187
0.0457347  65
0.0457361  343
0.0457665  390
0.0457799  296
0.0457815  359
0.0457851  351
0.0458394  376
0.0458428  225
0.0458441  330
0.0459529  270
0.0459598  266
0.045994  99
0.0460116  131
0.0460534  1
0.046079  214
0.0461561  364
0.0463442  138
0.0463472  321
0.0464587  164
0.0465119  369
0.0466762  358
0.0467762  311
0.0468419  332
0.0468811  354
0.0471508  325
0.0471984  201
0.0472803  277
0.0475162  190
0.0475361  231
0.0475892  317
0.0477331  328
0.0477447  101
0.0477821  38
0.0478141  212
0.0478565  267
0.0479722  76
0.0481258  353
0.048264  163
0.0484852  316
0.0485247  149
0.0487853  342
0.0487926  301
0.0488528  314
0.0488711  300
0.0489549  349
0.049098  304
0.0491338  337
0.0491455  370
0.0492354  211
0.0492445  84
0.0499908  375
0.0500262  338
0.0500521  326
0.0502139  394
0.050704  308
0.0507451  360
0.0510108  247
0.0516139  378
0.0517692  60
0.0518904  113
0.0521546  389
0.0522081  127
0.0524904  368
0.0529519  217
0.0530659  240
0.0536174  344
0.0539231  382
0.0541396  25
0.0544118  188
0.054454  294
0.0545346  305
0.0548098  350
0.0550386  397
0.0554875  178
0.0561296  333
0.0563304  352
0.0564121  49
0.0570744  334
0.0571124  374
0.057431  175
0.057666  173
0.0580201  319
0.0581883  371
0.0585917  345
0.0587356  329
0.0592631  324
0.0600458  145
0.060289  298
0.0603143  95
0.0609422  306
0.0611962  340
0.0626933  386
0.06363  79
0.0643022  89
0.0647697  348
0.0649481  239
0.0650618  154
0.065798  147
0.0658563  77
0.0661482  393
0.0665116  133
0.0667571  347
0.0668672  234
0.0675134  90
0.0676345  284
0.0680606  236
0.0684046  251
0.0684763  106
0.0684787  72
0.0685025  278
0.0685124  303
0.0686891  179
0.0686917  339
0.0687122  142
0.068778  97
0.0690109  193
0.0691252  93
0.0694998  11
0.0695685  118
0.0698211  139
0.0699889  244
0.0699954  108
0.0700129  132
0.0700252  381
0.0702841  262
0.0705213  141
0.0705952  168
0.0706227  285
0.0708635  24
0.0709943  119
0.0710845  180
0.0711995  264
0.0712962  51
0.07132  318
0.071357  81
0.071498  135
0.0715495  0
0.0717238  220
0.0718907  85
0.0719309  100
0.0719393  70
0.072222  18
0.0722246  221
0.0722564  102
0.0722865  388
0.0723408  66
0.0724569  287
0.0724965  256
0.0725067  258
0.0725416  286
0.0725515  257
0.0726129  114
0.0726149  241
0.0726693  134
0.0727049  61
0.0727726  23
0.0728227  259
0.072843  254
0.0728595  271
0.0728621  57
0.0729237  28
0.0729322  261
0.0729405  263
0.0729625  68
0.0730482  159
0.0730642  268
0.0732143  192
0.0732175  274
0.0733796  216
0.0734897  292
0.0734972  144
0.0735118  2
0.0735564  22
0.0736086  186
0.0736189  73
0.0736275  320
0.0736316  323
0.0736447  10
0.0736541  189
0.0736811  317
0.0736963  115
0.0737124  169
0.0737437  155
0.0738598  260
0.0738708  62
0.07389  157
0.0739027  282
0.0739458  151
0.074009  152
0.0740727  46
0.0741958  229
0.0741959  125
0.0741992  275
0.0742927  45
0.0742961  16
0.0743234  104
0.0743485  165
0.0743595  32
0.0743732  200
0.0743732  124
0.0743736  94
0.0743963  385
0.0743963  33
0.0744316  185
0.0744566  246
0.0744576  36
0.0744692  126
0.0744798  176
0.0744834  369
0.0744841  143
0.074492  123
0.0745103  250
0.0745563  184
0.0745662  219
0.0745972  364
0.0746037  55
0.0746159  395
0.0746223  245
0.0746343  249
0.0746627  140
0.0746743  74
0.0746924  148
0.0747227  128
0.0747364  194
0.0747579  232
0.0747716  288
0.0748683  301
0.0748733  279
0.0749302  26
0.0749456  181
0.0750275  170
0.0750663  107
0.0750701  398
0.0750718  315
0.075076  17
0.0750892  153
0.0750929  121
0.075101  321
0.075155  29
0.0752153  136
0.0752197  80
0.0752705  327
0.0752961  335
0.0752996  224
0.0753196  331
0.0753356  376
0.0753426  129
0.075365  87
0.0753824  322
0.0753907  297
0.0754091  233
0.0754302  58
0.0754753  325
0.075477  295
0.0754864  34
0.0754964  351
0.0755021  353
0.0755095  195
0.0755163  3
0.0755369  69
0.0755691  218
0.075572  342
0.0755947  202
0.0756059  366
0.0756393  338
0.0756746  4
0.0756867  208
0.0756915  243
0.0756946  242
0.0757141  174
0.0757481  383
0.0757566  378
0.0757717  14
0.0758227  309
0.0758739  326
0.075885  137
0.0759281  370
0.0759557  311
0.0760408  122
0.0760409  358
0.076132  20
0.0761847  375
0.0762455  201
0.0762908  352
0.0763378  356
0.0763757  360
0.0763928  399
0.076415  300
0.076423  308
0.0764582  332
0.0764988  302
0.0765514  131
0.0766958  350
0.0770375  387
0.0770592  167
0.0771092  367
0.0771209  222
0.0771246  354
0.0771249  313
0.0772187  312
0.0772237  362
0.0772514  396
0.0772827  390
0.0772871  7
0.0773134  330
0.0773529  368
0.0774836  198
0.0775151  207
0.077624  380
0.0777157  316
0.0777458  343
0.0777941  349
0.0779053  382
0.0779452  272
0.078009  337
0.078131  392
0.0782798  386
0.0783629  220
0.0784761  348
0.0786726  373
0.0786759  336
0.0787143  310
0.0787309  341
0.0787425  319
0.0787644  359
0.0787664  267
0.078767  394
0.0788029  334
0.0791072  305
0.0791428  324
0.0793745  365
0.0793966  314
0.0797367  248
0.0800675  361
0.0802983  340
0.0806208  381
0.0815669  281
0.0820275  64
0.0825332  389
0.0825727  384
0.0828627  344
0.0831339  304
0.0833482  346
0.0852286  388
0.0855715  397
0.0858321  307
0.0861782  13
0.0866182  329
0.0867561  339
0.0874631  371
0.087706  328
0.0890255  363
0.0894976  223
0.0908513  345
0.0914661  379
0.0915915  306
0.0951175  43
0.0954335  269
0.0972525  318
0.0974012  8
0.0976208  296
0.097951  158
0.0982649  391
0.0985347  37
0.0992369  357
0.0998685  377
0.100621  374
0.101047  355
0.101165  175
0.102006  52
0.102963  124
0.103557  84
0.103794  187
0.104192  50
0.104588  83
0.104639  162
0.104825  333
0.104971  393
0.106995  369
0.107923  191
0.10809  204
0.108193  53
0.108465  40
0.108554  301
0.108843  230
0.109189  38
0.109203  331
0.109471  160
0.109591  173
0.109686  280
0.109847  376
0.109931  197
0.109996  130
0.110241  145
0.110418  308
0.110444  154
0.110742  375
0.110915  299
0.111514  337
0.111597  215
0.112238  63
0.112675  343
0.112888  383
0.113071  312
0.113169  240
0.11324  178
0.113751  309
0.113754  113
0.11377  316
0.113888  244
0.114241  247
0.114265  348
0.114449  319
0.115191  335
0.115219  276
0.115286  399
0.115328  273
0.115537  120
0.115583  101
0.116058  49
0.11608  6
0.116087  387
0.116408  349
0.116798  95
0.117248  270
0.117555  255
0.117666  82
0.117832  380
0.117858  311
0.118241  109
0.118277  149
0.11853  314
0.118761  183
0.118925  317
0.119216  362
0.119524  332
0.119578  327
0.119596  41
0.119606  366
0.119847  253
0.120078  389
0.120104  166
0.120122  283
0.120492  131
0.120691  222
0.120717  91
0.121015  388
0.121711  117
0.121733  367
0.121786  330
0.121853  347
0.122888  363
0.123058  116
0.123367  340
0.123367  245
0.123404  322
0.12361  19
0.123778  344
0.124707  384
0.125309  336
0.125357  334
0.125539  321
0.127701  364
0.127789  394
0.1279  378
0.127999  351
0.128917  365
0.128944  359
0.129519  27
0.129624  300
0.130665  320
0.13121  382
0.131424  385
0.132503  179
0.133178  123
0.133273  315
0.133377  210
0.133711  323
0.135863  358
0.136027  213
0.136512  342
0.136572  396
0.137302  285
0.137468  350
0.137784  302
0.138603  205
0.138737  12
0.139528  31
0.140113  371
0.14012  356
0.140166  390
0.140812  307
0.141478  76
0.142652  163
0.142915  108
0.143092  304
0.14347  381
0.143569  360
0.14366  345
0.144063  35
0.144087  147
0.144096  228
0.144112  1
0.144429  0
0.14451  54
0.144546  306
0.144626  370
0.144695  318
0.145148  346
0.145758  379
0.145965  326
0.146035  188
0.146137  293
0.146399  328
0.146743  156
0.146876  211
0.146947  361
0.147217  341
0.147312  338
0.147322  44
0.147379  386
0.147414  313
0.148251  329
0.148928  325
0.150475  75
0.150697  25
0.152342  78
0.152657  353
0.152948  305
0.153135  81
0.153747  89
0.154841  23
0.154852  395
0.155153  112
0.155329  62
0.155445  143
0.155761  201
0.155932  92
0.156092  392
0.156376  4
0.156406  297
0.15643  397
0.156657  30
0.156678  172
0.156799  74
0.15703  69
0.15707  65
0.157107  373
0.157187  368
0.15722  94
0.157252  339
0.157541  391
0.157799  250
0.158048  36
0.15816  357
0.158264  377
0.15829  354
0.158432  242
0.158436  9
0.158458  137
0.158552  355
0.158694  3
0.158701  165
0.158754  352
0.159001  372
0.159072  303
0.159602  398
0.160028  234
0.161165  239
0.161241  194
0.161438  333
0.161675  107
0.162243  71
0.162296  203
0.162413  238
0.162441  87
0.162766  105
0.162849  277
0.162889  198
0.163346  174
0.163615  364
0.163801  115
0.163836  118
0.163853  241
0.163928  316
0.164469  219
0.16479  7
0.164799  309
0.16494  236
0.164989  68
0.165425  231
0.165621  324
0.165646  133
0.165654  98
0.165677  308
0.165704  287
0.165861  79
0.165935  129
0.166153  261
0.166221  369
0.166368  20
0.166373  155
0.16661  39
0.166762  24
0.166856  291
0.166907  310
0.166971  21
0.167038  128
0.167238  312
0.167354  371
0.167389  42
0.167463  376
0.167481  348
0.167731  331
0.167732  393
0.168018  399
0.168089  158
0.168299  272
0.16832  265
0.16833  359
0.168797  282
0.168884  51
0.169086  15
0.169237  132
0.169271  321
0.169524  224
0.169525  380
0.169647  389
0.169744  207
0.169776  72
0.169806  343
0.169935  320
0.169975  254
0.17012  186
0.170182  362
0.170286  189
0.171013  375
0.171026  292
0.171183  246
0.171332  170
0.171462  336
0.171606  365
0.171613  17
0.171751  127
0.171773  167
0.17178  126
0.172004  111
0.172429  249
0.172469  311
0.172495  298
0.172669  382
0.172798  387
0.172924  281
0.173056  61
0.173151  288
0.173262  327
0.173393  184
0.173426  361
0.17348  59
0.173594  209
0.173597  378
0.173608  177
0.174036  43
0.174161  243
0.174234  227
0.174299  366
0.174303  60
0.17468  99
0.175029  363
0.175046  289
0.175096  286
0.175116  26
0.17512  314
0.175146  383
0.175321  386
0.175362  294
0.175498  305
0.175622  196
0.175854  102
0.175991  349
0.176095  388
0.176124  153
0.176291  16
0.176306  301
0.176357  49
0.176448  223
0.176712  101
0.176888  245
0.176946  337
0.176977  264
0.17705  52
0.177078  182
0.17711  97
0.177422  259
0.177499  290
0.177515  63
0.177528  379
0.177558  171
0.177602  367
0.177608  322
0.177768  384
0.177775  296
0.177844  396
0.177869  342
0.178054  394
0.178074  257
0.178104  360
0.178628  392
0.178668  121
0.178705  8
0.178821  317
0.178971  64
0.179074  330
0.179081  334
0.179082  319
0.179387  347
0.180246  358
0.18037  226
0.180678  300
0.180797  202
0.180852  302
0.181398  212
0.181419  315
0.181545  318
0.182037  326
0.182106  10
0.182208  152
0.182499  332
0.182604  268
0.182771  57
0.182804  323
0.182883  56
0.183104  346
0.183246  374
0.184342  218
0.184469  351
0.184644  344
0.18465  193
0.184758  356
0.1851  80
0.185313  398
0.185777  304
0.185863  159
0.186252  45
0.186588  258
0.186695  66
0.18696  273
0.187134  341
0.187346  354
0.187729  58
0.188226  144
0.188383  307
0.188892  350
0.188951  335
0.18898  164
0.189936  1
0.190179  134
0.190351  391
0.190381  312
0.190791  13
0.190846  313
0.191419  120
0.192034  248
0.192212  370
0.192262  93
0.192342  263
0.192379  338
0.192403  352
0.192613  372
0.192641  385
0.19268  328
0.192783  188
0.193213  114
0.193283  306
0.193715  100
0.193824  75
0.19393  395
0.194118  220
0.194367  340
0.195582  390
0.195588  190
0.196607  381
0.19698  252
0.197335  325
0.197411  267
0.197696  373
0.198689  324
0.199744  187
0.19999  278
0.200366  148
0.20045  353
0.20181  37
0.202293  216
0.202462  270
0.202608  179
0.202675  70
0.203546  357
0.203574  345
0.20384  255
0.203941  208
0.204012  113
0.204149  253
0.204318  348
0.204386  103
0.204649  116
0.204829  279
0.204842  41
0.205227  355
0.205387  119
0.205496  233
0.205667  229
0.20572  284
0.205744  117
0.20581  135
0.206294  96
0.20633  364
0.206407  138
0.206533  214
0.206597  85
0.20661  131
0.206783  163
0.206814  295
0.206962  2
0.207194  316
0.207387  166
0.207394  235
0.207477  33
0.207703  222
0.207777  109
0.207788  343
0.207798  266
0.207897  192
0.207917  213
0.207965  225
0.207986  20
0.208129  88
0.208139  269
0.20814  275
0.208192  285
0.208271  247
0.208315  329
0.208328  397
0.208492  180
0.208539  149
0.20855  365
0.208626  169
0.20863  303
0.208648  23
0.208674  46
0.208766  359
0.208816  55
0.208973  136
0.209032  244
0.209519  320
0.209593  168
0.209646  30
0.209702  91
0.209792  388
0.20984  349
0.209885  156
0.209942  53
0.209964  25
0.209999  333
0.210048  389
0.210163  122
0.210215  162
0.21031  283
0.210317  299
0.210323  29
0.2104  399
0.210484  76
0.21061  172
0.210645  5
0.210666  256
0.210674  178
0.210723  369
0.210737  215
0.210825  69
0.210934  392
0.210995  240
0.211105  86
0.211127  74
0.211331  368
0.211342  387
0.211503  396
0.211536  110
0.211629  195
0.211672  334
0.211791  130
0.211854  319
0.211855  232
0.211986  323
0.212183  40
0.212312  376
0.212407  383
0.212426  366
0.212519  35
0.212623  358
0.212737  302
0.212809  146
0.212882  321
0.212943  108
0.213054  384
0.213073  47
0.21314  280
0.213147  377
0.213389  342
0.213695  31
0.213923  142
0.214008  308
0.214052  360
0.214255  26
0.214368  310
0.214568  361
0.215176  313
0.215203  230
0.215223  332
0.215276  311
0.215396  336
0.215821  14
0.216019  354
0.216122  16
0.216194  356
0.216745  300
0.217802  262
0.218111  124
0.218568  150
0.218689  398
0.219009  347
0.219027  81
0.219339  307
0.219876  367
0.219982  363
0.220029  67
0.220032  331
0.2201  181
0.220137  322
0.220167  12
0.220173  176
0.220351  386
0.220596  378
0.220687  106
0.220703  305
0.220952  373
0.220977  157
0.220989  249
0.221704  379
0.222253  90
0.222444  339
0.223002  362
0.223419  315
0.223492  371
0.223535  206
0.223546  197
0.22447  382
0.225373  344
0.225395  277
0.225577  393
0.225677  350
0.225806  328
0.225819  352
0.226234  317
0.227268  327
0.229828  353
0.229909  326
0.230113  309
0.230183  32
0.230502  340
0.230907  318
0.231015  194
0.231823  7
0.231877  337
0.232114  374
0.232168  78
0.232281  385
0.232395  304
0.232455  351
0.232867  210
0.233057  18
0.23361  306
0.23412  380
0.234903  211
0.237323  372
0.23763  22
0.237754  282
0.238929  394
0.239901  64
0.240586  115
0.240745  288
0.241155  312
0.241471  314
0.241662  341
0.241748  191
0.241797  325
0.241811  151
0.241895  395
0.241901  143
0.24198  6
0.242608  71
0.243455  375
0.243883  291
0.244018  335
0.244025  251
0.244204  391
0.246209  301
0.246683  237
0.24709  34
0.247209  48
0.248213  204
0.248416  387
0.248707  390
0.248896  145
0.248996  4
0.24904  346
0.249368  205
0.249453  15
0.249571  72
0.2497  324
0.249711  93
0.250139  9
0.25058  250
0.250582  99
0.25069  338
0.250974  50
0.251403  245
0.251827  186
0.251947  365
0.252656  271
0.252798  170
0.252837  218
0.253048  298
0.253284  376
0.253435  38
0.253568  63
0.253602  44
0.25372  68
0.253723  334
0.253956  201
0.254256  28
0.254386  198
0.254507  248
0.254568  137
0.254618  321
0.254863  203
0.254876  264
0.255084  231
0.25516  154
0.255211  82
0.255253  54
0.255317  147
0.255352  171
0.255357  129
0.25536  370
0.255391  263
0.255529  45
0.255575  273
0.255616  330
0.255708  193
0.25574  104
0.255772  92
0.255781  17
0.255812  141
0.255834  345
0.255888  257
0.255907  381
0.256015  13
0.256016  118
0.256039  242
0.256054  311
0.256359  11
0.256497  297
0.256631  123
0.256679  120
0.256862  101
0.257087  303
0.257093  343
0.257178  322
0.257248  386
0.257336  155
0.257456  27
0.257524  217
0.257636  107
0.257664  73
0.2577  274
0.258112  358
0.258117  320
0.258158  207
0.258198  111
0.258362  383
0.258401  51
0.258442  24
0.258446  366
0.258489  49
0.258537  319
0.258724  239
0.258763  223
0.258821  367
0.258869  89
0.258949  133
0.259063  238
0.259085  234
0.259247  66
0.25927  348
0.25931  276
0.259317  396
0.259339  359
0.259345  292
0.259527  300
0.259672  361
0.25976  328
0.259808  389
0.259872  337
0.260207  313
0.260302  393
0.260469  227
0.260899  95
0.260972  373
0.261048  1
0.261086  316
0.261164  174
0.261565  317
0.261843  336
0.261932  332
0.26199  310
0.262331  121
0.262467  357
0.262492  355
0.262594  53
0.262788  290
0.263051  331
0.263733  399
0.264333  378
0.264654  100
0.264668  369
0.26474  33
0.264992  360
0.265086  333
0.265219  392
0.265376  347
0.265864  327
0.266165  363
0.266272  342
0.266561  356
0.267218  177
0.267916  305
0.268128  304
0.268529  354
0.268728  382
0.269493  323
0.270019  85
0.27023  388
0.272761  384
0.273484  372
0.273732  267
0.273971  397
0.274421  153
0.274594  385
0.27519  377
0.275328  362
0.275328  260
0.276213  46
0.277738  80
0.277813  165
0.278426  350
0.278616  179
0.278809  344
0.27889  371
0.279552  253
0.279692  349
0.279793  199
0.280168  374
0.280651  353
0.280744  57
0.281193  90
0.281338  391
0.281454  275
0.281613  84
0.281627  224
0.282433  302
0.282641  308
0.282737  268
0.282754  329
0.283093  19
0.283513  182
0.283773  272
0.283782  380
0.283817  379
0.284704  315
0.284891  390
0.285052  318
0.285158  307
0.285689  175
0.286367  183
0.286499  189
0.286581  395
0.287014  196
0.287139  352
0.287518  309
0.287616  335
0.289669  148
0.289696  398
0.290611  306
0.29071  112
0.290829  86
0.291027  132
0.291566  162
0.291698  346
0.291705  219
0.291799  113
0.29181  83
0.292218  52
0.292784  210
0.29341  339
0.293481  351
0.293901  394
0.293936  2
0.294037  368
0.294072  283
0.295258  8
0.295715  60
0.29623  247
0.296259  161
0.296344  41
0.296606  314
0.296709  296
0.296757  200
0.296808  340
0.296815  144
0.296862  117
0.296917  294
0.297022  251
0.297117  241
0.297227  190
0.297508  135
0.297606  214
0.297689  180
0.297699  325
0.297739  226
0.298012  230
0.298015  128
0.298213  286
0.298283  56
0.298441  281
0.298458  202
0.298546  151
0.298661  142
0.298714  279
0.298731  187
0.298736  110
0.298788  317
0.298903  326
0.298932  301
0.299104  270
0.299258  74
0.299386  322
0.299414  158
0.299513  173
0.299551  131
0.299566  289
0.299602  0
0.299605  341
0.299607  75
0.299669  114
0.299874  58
0.299946  237
0.299947  216
0.300277  149
0.300293  39
0.300381  35
0.300432  77
0.300473  249
0.300476  87
0.300485  364
0.300612  338
0.300614  163
0.300699  240
0.300743  254
0.300745  261
0.300869  32
0.300921  310
0.300941  109
0.301007  343
0.301041  140
0.301294  252
0.301321  277
0.301357  201
0.301399  30
0.301412  197
0.301422  194
0.301503  160
0.301621  383
0.301675  209
0.301731  184
0.301754  320
0.301793  393
0.301796  331
0.301815  244
0.302063  236
0.302091  43
0.302099  295
0.302112  172
0.302164  67
0.302176  103
0.302269  312
0.302315  303
0.302319  378
0.302362  365
0.30255  150
0.302605  152
0.302919  98
0.303048  293
0.303194  79
0.303216  342
0.303263  185
0.303268  284
0.303353  18
0.303441  324
0.303442  361
0.303473  65
0.303473  47
0.303575  178
0.303623  358
0.30364  94
0.303666  188
0.303673  208
0.303733  359
0.303748  305
0.303823  169
0.303867  72
0.303876  304
0.303884  354
0.304056  44
0.304067  228
0.304131  344
0.304227  327
0.304276  245
0.30438  61
0.304442  347
0.304537  336
0.304544  386
0.304658  384
0.30484  125
0.304877  122
0.304913  313
0.304917  42
0.305061  127
0.305129  192
0.305217  258
0.305257  334
0.305291  316
0.305298  246
0.305301  377
0.305334  120
0.30558  329
0.305716  374
0.305974  176
0.306084  300
0.306321  370
0.306356  26
0.306382  20
0.306438  396
0.30648  385
0.306537  353
0.306563  235
0.306636  156
0.306676  287
0.306855  266
0.307066  321
0.307127  223
0.307186  265
0.307188  292
0.307208  357
0.307456  89
0.307533  372
0.307547  345
0.307619  376
0.307777  363
0.307843  97
0.308081  134
0.308094  297
0.308177  11
0.30821  337
0.308295  102
0.308301  91
0.308304  78
0.308508  392
0.308599  375
0.308755  157
0.308761  48
0.308773  126
0.308851  390
0.308952  218
0.309134  69
0.309254  369
0.309259  332
0.309641  391
0.309643  311
0.309798  373
0.310047  379
0.310247  380
0.310465  328
0.310699  207
0.310726  382
0.310744  309
0.311693  381
0.311855  335
0.311946  349
0.31217  16
0.312192  221
0.312284  356
0.312747  362
0.313271  307
0.313404  339
0.314682  100
0.314931  330
0.315608  319
0.315623  28
0.316451  323
0.317519  346
0.317585  255
0.317599  212
0.317672  387
0.318828  288
0.320151  306
0.320422  397
0.320457  355
0.322728  25
0.322894  93
0.323731  146
0.324064  105
0.324258  147
0.324524  360
0.324704  308
0.324731  278
0.324811  170
0.324947  115
0.325158  17
0.32532  229
0.325595  318
0.325698  107
0.325778  302
0.32586  348
0.325906  399
0.326019  299
0.326354  371
0.326466  275
0.326629  12
0.327209  108
0.327297  366
0.328013  121
0.328112  7
0.32847  181
0.328791  222
0.329083  24
0.329087  395
0.329228  37
0.32925  138
0.329339  191
0.329358  315
0.32976  398
0.330041  119
0.33039  388
0.331022  389
0.331156  83
0.331644  340
0.331733  291
0.331921  111
0.332608  215
0.332643  46
0.332905  350
0.332919  225
0.333671  40
0.333817  220
0.334094  183
0.334223  205
0.334268  21
0.334331  285
0.334833  367
0.334883  179
0.335035  361
0.335181  10
0.335287  85
0.335802  213
0.335983  344
0.336151  106
0.336423  352
0.336508  14
0.336526  175
0.336588  227
0.336614  90
0.336804  269
0.336996  301
0.337043  303
0.337308  341
0.337329  280
0.337342  322
0.337361  68
0.337592  234
0.337733  312
0.337823  357
0.337893  5
0.337921  273
0.3381  51
0.338183  33
0.338301  231
0.338302  317
0.338582  186
0.339121  29
0.339262  113
0.3395  204
0.339751  365
0.339902  331
0.339964  353
0.340078  80
0.340163  104
0.340172  262
0.340295  257
0.340424  326
0.34061  139
0.34066  153
0.340759  333
0.340846  334
0.340941  58
0.341044  88
0.341094  281
0.341178  242
0.34121  124
0.341218  307
0.341386  260
0.341402  250
0.341564  136
0.341659  364
0.341691  9
0.341703  137
0.341715  385
0.341754  336
0.341763  13
0.341881  70
0.341934  145
0.342007  332
0.342032  247
0.342065  347
0.342402  267
0.342686  164
0.342744  394
0.343572  358
0.343672  284
0.34368  15
0.343746  3
0.343778  151
0.343893  84
0.344105  381
0.34412  53
0.344167  292
0.34419  337
0.344236  19
0.344253  243
0.344284  133
0.344346  219
0.344422  387
0.34459  300
0.344674  335
0.344696  321
0.34471  27
0.344721  2
0.344834  373
0.345077  320
0.345089  22
0.34542  289
0.345451  324
0.345476  6
0.345899  167
0.345913  391
0.345969  81
0.346168  217
0.346542  351
0.346635  372
0.346647  356
0.346742  392
0.346795  252
0.347127  323
0.347175  370
0.347254  1
0.347273  112
0.347316  329
0.347436  305
0.34745  384
0.347565  72
0.347668  313
0.347704  314
0.347774  369
0.347783  210
0.348288  328
0.348367  375
0.34875  199
0.349065  159
0.349177  64
0.349513  377
0.349651  55
0.350091  168
0.350346  143
0.350546  343
0.350692  360
0.351809  396
0.351838  368
0.351924  59
0.352627  304
0.352785  316
0.352791  338
0.353519  99
0.354114  325
0.354483  383
0.354638  362
0.354784  268
0.3548  330
0.355422  339
0.357031  380
0.357138  397
0.35906  340
0.359356  228
0.360615  306
0.360622  276
0.360656  116
0.36153  310
0.362539  376
0.362541  157
0.362928  209
0.363158  349
0.363248  248
0.363282  201
0.363547  309
0.363608  378
0.36375  319
0.364298  232
0.364735  161
0.364766  172
0.365031  82
0.365111  251
0.365327  393
0.365799  374
0.366137  308
0.366549  277
0.36726  166
0.36782  342
0.368016  359
0.368731  311
0.368975  379
0.369055  141
0.369446  101
0.369666  35
0.369906  165
0.370003  235
0.370328  274
0.370554  76
0.370969  355
0.371014  249
0.371361  45
0.37153  390
0.371541  49
0.371822  66
0.371863  69
0.372252  345
0.372385  127
0.372485  382
0.37271  386
0.372875  357
0.373109  315
0.373219  126
0.373396  259
0.37451  7
0.374736  346
0.375207  91
0.375342  123
0.375781  354
0.37581  388
0.375873  195
0.376059  341
0.376105  155
0.376468  350
0.376856  30
0.377153  327
0.377162  395
0.377284  34
0.377587  363
0.379019  365
0.380214  129
0.380388  11
0.380464  4
0.380505  366
0.381304  352
0.381572  331
0.381671  197
0.3823  178
0.382387  125
0.38274  227
0.383439  224
0.383687  95
0.383748  264
0.38392  206
0.383951  290
0.384245  245
0.384448  203
0.384556  223
0.384578  356
0.384923  176
0.385225  16
0.385297  32
0.385347  272
0.385384  193
0.385412  371
0.385562  361
0.385701  134
0.385747  196
0.385887  0
0.38601  326
0.386201  207
0.38622  171
0.386324  312
0.386347  241
0.386364  43
0.386648  154
0.386697  317
0.386758  140
0.386942  375
0.387013  303
0.38702  8
0.387243  48
0.387279  254
0.387294  215
0.387421  86
0.387579  87
0.387682  110
0.38773  128
0.387761  60
0.387772  335
0.387792  307
0.387815  211
0.387884  295
0.387986  301
0.388016  192
0.388025  364
0.388175  216
0.388316  348
0.388466  362
0.388484  334
0.388737  318
0.388806  369
0.388925  344
0.388927  177
0.389082  266
0.389119  353
0.389347  370
0.389731  169
0.389782  336
0.390021  20
0.39008  180
0.390122  187
0.390149  71
0.390193  189
0.390538  314
0.390635  98
0.39069  182
0.390869  377
0.390957  173
0.390977  114
0.391564  399
0.391616  320
0.391735  367
0.391886  394
0.391965  150
0.392261  384
0.392556  387
0.392643  337
0.393751  383
0.394076  351
0.394692  385
0.395157  36
0.395394  321
0.395449  338
0.396277  302
0.396632  300
0.396756  158
0.396784  329
0.396807  393
0.396866  275
0.397088  381
0.397818  313
0.398047  391
0.398925  221
0.399073  372
0.399773  305
0.402041  396
0.402259  65
0.402374  246
0.402424  332
0.402611  392
0.402776  163
0.402951  198
0.403088  100
0.404095  347
0.404264  39
0.404318  380
0.404579  398
0.404885  333
0.405495  360
0.405805  188
0.406467  325
0.407835  389
0.408495  349
0.408778  135
0.408895  253
0.40898  184
0.409047  18
0.409216  358
0.409553  298
0.411021  368
0.411676  328
0.41232  31
0.413415  309
0.413732  230
0.413868  107
0.413988  77
0.414031  97
0.414045  373
0.414228  323
0.414563  316
0.414684  345
0.414729  67
0.414877  152
0.41497  142
0.41527  271
0.415367  310
0.415414  386
0.41558  270
0.416125  340
0.416245  148
0.416679  52
0.416759  17
0.41687  56
0.417316  74
0.417687  109
0.417948  311
0.41847  343
0.418669  103
0.418762  238
0.418797  324
0.41894  23
0.419255  24
0.419339  346
0.419645  382
0.419782  258
0.41986  283
0.419951  286
0.420035  210
0.420221  282
0.420304  96
0.420627  79
0.420776  130
0.421151  354
0.421264  244
0.421684  315
0.421756  160
0.422273  237
0.422444  175
0.42253  145
0.422552  252
0.423136  304
0.423235  339
0.423244  50
0.423299  330
0.423417  379
0.423467  322
0.423571  279
0.423666  194
0.423803  319
0.423838  280
0.424141  185
0.424337  174
0.424387  120
0.424419  66
0.424521  199
0.424601  59
0.424884  57
0.42494  121
0.425351  42
0.425481  308
0.425513  132
0.425574  366
0.425701  371
0.425732  28
0.425956  233
0.426145  397
0.426721  220
0.426868  388
0.426872  1
0.427021  33
0.427053  108
0.427193  167
0.427229  214
0.427546  287
0.427601  29
0.427769  341
0.427779  359
0.427857  37
0.427861  72
0.427901  111
0.428054  352
0.428195  235
0.428353  47
0.428376  51
0.42858  153
0.428692  356
0.428754  376
0.428759  240
0.428772  300
0.428803  306
0.428808  164
0.428946  55
0.429018  80
0.429058  256
0.429252  73
0.429415  101
0.429436  13
0.429506  269
0.429624  143
0.42967  395
0.429847  122
0.429849  293
0.42986  342
0.429929  327
0.429984  390
0.430055  288
0.430085  146
0.430257  81
0.430336  361
0.430352  261
0.430454  54
0.430481  147
0.43051  149
0.430603  355
0.430656  63
0.430705  9
0.430803  357
0.430847  336
0.430967  83
0.431099  222
0.431135  19
0.431328  217
0.431426  350
0.431452  348
0.431525  117
0.431648  6
0.431693  75
0.431706  176
0.431744  200
0.431983  313
0.432154  387
0.432167  243
0.432184  394
0.43225  131
0.432272  367
0.432298  377
0.432426  189
0.432463  318
0.432465  3
0.432472  44
0.432488  124
0.432574  139
0.432639  94
0.432733  312
0.432775  375
0.432792  115
0.43287  326
0.432919  378
0.432953  116
0.433001  294
0.433062  170
0.433138  64
0.433195  399
0.433202  363
0.433239  204
0.433249  305
0.433541  362
0.43356  192
0.433767  337
0.43405  385
0.434063  351
0.434292  329
0.434679  14
0.435814  257
0.435912  374
0.436194  334
0.436355  331
0.436451  88
0.436828  191
0.436834  353
0.436972  46
0.437001  255
0.437283  27
0.437293  314
0.437539  369
0.437561  58
0.437619  307
0.438121  386
0.438268  250
0.43827  301
0.43841  292
0.438592  370
0.438716  133
0.438848  236
0.439271  303
0.439306  384
0.439651  8
0.43992  392
0.440155  383
0.440165  381
0.440181  82
0.440279  45
0.440384  320
0.440765  324
0.441  332
0.441219  364
0.441276  335
0.441365  391
0.441611  347
0.441692  398
0.44344  323
0.444536  321
0.445307  224
0.447785  349
0.448655  239
0.44875  302
0.449565  213
0.450187  333
0.450923  154
0.450951  317
0.450953  338
0.451058  92
0.451301  36
0.451319  69
0.451484  248
0.45149  40
0.451545  315
0.451649  316
0.451846  12
0.451988  373
0.452152  295
0.452958  358
0.453233  35
0.453252  328
0.45366  372
0.455441  365
0.455711  186
0.455941  259
0.455944  76
0.455983  162
0.456085  202
0.456794  38
0.456803  179
0.456992  380
0.45708  112
0.457393  4
0.457797  289
0.457882  49
0.457956  90
0.458288  393
0.458412  70
0.45849  344
0.458573  89
0.458626  330
0.458998  99
0.459125  311
0.459429  195
0.459799  228
0.460056  52
0.460277  78
0.460945  346
0.46108  104
0.46136  304
0.46147  389
0.461683  371
0.461692  151
0.461866  360
0.46187  183
0.461878  232
0.4619  278
0.462126  267
0.462276  297
0.462285  62
0.46244  284
0.462464  190
0.46259  299
0.462708  15
0.462746  368
0.462995  11
0.463185  366
0.463231  53
0.463396  223
0.463447  343
0.463629  281
0.463935  138
0.464048  208
0.464664  177
0.464847  10
0.464861  356
0.464942  2
0.465059  277
0.46525  395
0.465325  345
0.465328  396
0.465503  310
0.465655  71
0.465931  246
0.466453  229
0.466705  56
0.466856  87
0.466945  105
0.466975  322
0.467135  300
0.467353  163
0.467694  382
0.467801  388
0.467841  313
0.468131  309
0.468288  354
0.468582  166
0.468583  20
0.468588  5
0.468851  26
0.468962  242
0.469153  351
0.469348  93
0.469353  187
0.469435  132
0.469472  102
0.469882  353
0.470038  169
0.470267  249
0.470335  100
0.470354  285
0.470786  253
0.470842  251
0.470998  342
0.471073  212
0.4711  125
0.471104  51
0.471163  319
0.471247  107
0.471274  348
0.471518  392
0.471527  156
0.471529  180
0.47155  305
0.471552  126
0.471669  48
0.471676  205
0.4717  79
0.471874  136
0.471885  276
0.472049  291
0.472243  106
0.472701  359
0.472858  21
0.472993  327
0.473118  159
0.473154  383
0.473163  165
0.473197  0
0.473387  182
0.473395  350
0.473412  385
0.47345  394
0.473578  231
0.473634  331
0.473709  355
0.473908  367
0.473952  247
0.474076  334
0.474082  68
0.474175  298
0.474358  397
0.474572  378
0.474609  341
0.474616  158
0.47471  238
0.474829  235
0.475101  201
0.47522  221
0.475459  376
0.475605  364
0.475634  326
0.475782  336
0.475796  241
0.475875  191
0.47601  387
0.476455  325
0.476625  390
0.476832  114
0.47692  307
0.477008  337
0.477555  384
0.477565  339
0.477825  306
0.47783  357
0.477936  97
0.478365  210
0.479171  206
0.479343  207
0.479559  314
0.479583  95
0.480125  296
0.480714  332
0.480744  283
0.481198  318
0.481323  329
0.481902  194
0.482028  340
0.48263  84
0.483052  294
0.483057  369
0.483219  362
0.483382  233
0.483441  361
0.483945  338
0.484476  134
0.484495  144
0.484784  377
0.484998  67
0.485015  379
0.485181  234
0.485573  227
0.486103  370
0.486558  375
0.486863  268
0.487224  312
0.487279  244
0.487589  316
0.487668  101
0.487749  321
0.488487  363
0.4886  254
0.489241  315
0.489434  349
0.489452  347
0.490498  320
0.490772  173
0.491092  172
0.491561  311
0.491596  275
0.492183  324
0.492537  23
0.492801  24
0.492818  270
0.492876  150
0.493653  374
0.494067  252
0.494377  328
0.494495  16
0.494496  304
0.494516  303
0.494884  41
0.494931  83
0.495777  309
0.496325  7
0.496394  358
0.496594  6
0.496615  219
0.496783  398
0.496829  98
0.496851  161
0.497321  279
0.497377  162
0.497463  66
0.497618  122
0.497849  32
0.497868  302
0.498137  130
0.498319  4
0.498383  308
0.498521  91
0.498643  39
0.498765  218
0.499385  47
0.499559  200
0.499605  360
0.499692  80
0.499758  140
0.499961  301
0.500049  188
0.500121  399
0.500171  333
0.50018  31
0.500316  30
0.500408  139
0.500536  137
0.500675  381
0.500808  261
0.500875  265
0.501262  43
0.501484  226
0.50198  81
0.502014  124
0.502017  323
0.502061  128
0.502105  373
0.502233  116
0.502336  185
0.502364  335
0.502467  281
0.50254  133
0.502876  262
0.502919  282
0.502986  243
0.503028  260
0.503122  35
0.503146  386
0.503215  65
0.503312  391
0.503468  355
0.503661  382
0.50379  113
0.504078  356
0.504138  344
0.504214  211
0.504259  352
0.504492  28
0.504587  209
0.50469  380
0.504751  317
0.504949  25
0.504998  202
0.505029  389
0.505158  22
0.505177  203
0.505202  149
0.505466  171
0.505634  289
0.505836  368
0.505999  392
0.506175  395
0.506241  75
0.506413  393
0.506709  371
0.506802  330
0.506975  12
0.507066  366
0.507392  216
0.507737  353
0.507802  266
0.507971  181
0.508848  372
0.509439  135
0.509443  8
0.509461  62
0.50962  71
0.50969  33
0.50974  367
0.509907  345
0.510627  61
0.510965  37
0.5114  390
0.511482  350
0.511683  64
0.511764  300
0.511776  103
0.511902  263
0.512636  365
0.512806  332
0.513219  357
0.513269  378
0.513363  299
0.513549  343
0.513572  193
0.513859  312
0.514043  397
0.51488  277
0.514903  334
0.51491  310
0.51494  394
0.515168  336
0.515481  346
0.515664  176
0.515838  307
0.516661  186
0.517736  322
0.518149  157
0.51877  197
0.5192  306
0.519995  104
0.520058  376
0.52039  178
0.520666  359
0.52082  325
0.520865  225
0.521397  327
0.522003  42
0.522686  19
0.523834  396
0.523952  339
0.52413  362
0.524811  383
0.525104  145
0.525109  337
0.526786  264
0.527107  11
0.527227  272
0.52766  160
0.527731  167
0.527905  324
0.528031  142
0.528365  257
0.528653  364
0.52869  170
0.528841  369
0.528887  92
0.528937  348
0.529043  285
0.529515  45
0.529571  349
0.529572  363
0.529682  329
0.529684  152
0.529685  222
0.529723  99
0.529791  105
0.52981  196
0.529895  72
0.530085  387
0.530161  132
0.530237  388
0.530332  3
0.530385  168
0.530937  269
0.53107  314
0.531121  79
0.531239  319
0.531308  1
0.531345  375
0.531375  374
0.531435  155
0.531586  250
0.531592  13
0.531723  331
0.531743  377
0.531836  52
0.531902  354
0.532145  276
0.53215  118
0.53248  313
0.532668  192
0.532762  9
0.532966  286
0.533065  58
0.533085  77
0.533104  385
0.53311  347
0.53321  249
0.533381  223
0.533736  340
0.534014  229
0.53446  321
0.534913  318
0.535078  235
0.535135  26
0.535142  27
0.535264  360
0.535446  316
0.53572  174
0.536077  89
0.536189  309
0.536472  351
0.536747  320
0.537005  230
0.537086  338
0.53743  46
0.537438  175
0.537586  100
0.537868  361
0.538284  50
0.538395  220
0.538554  117
0.538697  60
0.538906  326
0.538996  308
0.539045  74
0.539059  17
0.539069  154
0.539151  342
0.539199  296
0.539466  328
0.539694  184
0.539961  29
0.540063  304
0.540192  292
0.540497  189
0.540568  94
0.540638  290
0.540735  237
0.540899  106
0.540969  34
0.540976  40
0.541094  233
0.54129  73
0.541444  134
0.541475  44
0.541478  370
0.541601  379
0.541639  353
0.541768  201
0.541789  341
0.542077  335
0.542303  258
0.542389  204
0.542389  125
0.542501  352
0.542753  179
0.542993  270
0.543273  301
0.543733  368
0.544401  334
0.544475  356
0.544553  323
0.544588  96
0.544707  371
0.544736  305
0.544794  86
0.544891  217
0.545015  153
0.545179  293
0.545312  215
0.54581  394
0.545938  55
0.54644  255
0.546461  302
0.546625  378
0.546695  344
0.54693  355
0.546982  303
0.547011  395
0.54704  330
0.547696  295
0.548408  108
0.548731  136
0.5489  399
0.54893  345
0.549185  381
0.549651  311
0.549965  312
0.550318  384
0.550606  90
0.550843  317
0.552225  148
0.552238  386
0.552436  398
0.552517  366
0.552593  373
0.552705  390
0.552904  112
0.554174  337
0.554666  315
0.556653  202
0.558288  245
0.558433  59
0.558504  339
0.558541  63
0.559664  259
0.560364  232
0.560521  119
0.56081  392
0.561239  387
0.561569  365
0.56182  199
0.562046  126
0.562464  307
0.56269  110
0.562838  280
0.563003  243
0.563196  346
0.56324  322
0.563345  213
0.563393  382
0.564192  367
0.564411  183
0.564603  130
0.56469  310
0.564742  78
0.564856  393
0.564856  198
0.564884  195
0.564909  396
0.565574  397
0.565825  333
0.565948  111
0.566  114
0.566602  41
0.566606  358
0.566847  343
0.566978  288
0.567261  377
0.5674  49
0.567456  389
0.567914  357
0.568355  38
0.568446  109
0.568579  372
0.56929  101
0.569587  306
0.569671  376
0.569832  35
0.570087  319
0.571286  332
0.571856  82
0.571977  300
0.571995  236
0.573467  12
0.573584  21
0.573754  36
0.573823  143
0.574245  282
0.574269  190
0.574408  158
0.574424  329
0.574519  361
0.574898  349
0.575352  325
0.57538  234
0.575526  380
0.575653  391
0.575981  152
0.576007  348
0.576032  159
0.576207  76
0.576274  327
0.576654  347
0.577915  350
0.578233  182
0.578685  180
0.578785  336
0.578843  274
0.579161  91
0.579592  84
0.580086  316
0.580143  388
0.580423  291
0.580821  277
0.581263  56
0.581815  138
0.581917  385
0.582015  364
0.582095  248
0.582103  2
0.582227  141
0.582253  144
0.582282  14
0.582289  354
0.582342  187
0.582348  3
0.582411  262
0.582561  331
0.582571  363
0.582686  338
0.582694  25
0.583041  178
0.5831  206
0.583146  121
0.58322  18
0.583285  123
0.583432  244
0.583538  362
0.583542  39
0.583578  375
0.584063  228
0.584251  176
0.584329  54
0.584416  22
0.584465  321
0.584491  340
0.584653  241
0.584863  368
0.584876  379
0.584884  309
0.584885  145
0.58516  335
0.585364  173
0.585619  353
0.585831  226
0.585965  122
0.58611  334
0.586514  15
0.586531  383
0.586679  359
0.586764  88
0.586817  266
0.586857  289
0.587071  45
0.587097  31
0.587456  294
0.587527  203
0.587841  146
0.587922  324
0.587971  165
0.588558  326
0.588603  278
0.588624  239
0.588728  308
0.588908  116
0.588909  69
0.588948  150
0.58904  32
0.58906  61
0.589145  303
0.58939  373
0.589391  342
0.589627  160
0.589669  318
0.589704  72
0.589845  191
0.589846  351
0.589903  221
0.589944  366
0.590013  330
0.590045  81
0.590403  284
0.59056  214
0.590689  314
0.590724  48
0.591303  311
0.591563  89
0.591595  398
0.591621  128
0.591761  297
0.59177  66
0.591798  209
0.59207  216
0.592408  367
0.59245  281
0.592482  378
0.592801  1
0.593368  395
0.593623  90
0.593728  302
0.593923  328
0.593966  355
0.594107  273
0.594244  157
0.594273  242
0.594436  394
0.594624  9
0.594655  305
0.594753  374
0.594822  251
0.594915  175
0.594955  200
0.594961  0
0.595086  339
0.595834  345
0.595961  399
0.596024  313
0.59664  377
0.59669  24
0.596779  320
0.596857  40
0.597418  83
0.59745  240
0.597671  279
0.597833  267
0.59812  369
0.598147  37
0.598177  387
0.598278  79
0.598647  188
0.599271  304
0.599442  301
0.599722  177
0.599732  352
0.599961  181
0.600063  370
0.600296  317
0.600568  30
0.600584  360
0.60141  93
0.601546  186
0.601607  252
0.601612  227
0.601796  185
0.601829  319
0.601884  260
0.601939  365
0.602404  196
0.602563  337
0.602656  87
0.602862  86
0.603589  169
0.603803  105
0.604134  341
0.60441  333
0.604581  287
0.605348  315
0.605356  168
0.605384  286
0.605656  344
0.605779  225
0.605792  346
0.605957  325
0.606348  113
0.606571  381
0.606745  68
0.606764  372
0.606859  382
0.606924  131
0.608035  77
0.608449  386
0.608582  212
0.608969  322
0.609077  174
0.609165  263
0.609498  323
0.609883  397
0.61099  102
0.611066  6
0.611325  371
0.611437  349
0.611485  384
0.611546  393
0.611656  357
0.611699  65
0.612303  124
0.612422  189
0.613857  292
0.614055  376
0.614353  249
0.614355  139
0.61498  129
0.614989  133
0.615582  97
0.615862  348
0.615959  380
0.615982  312
0.616106  5
0.616761  347
0.617005  375
0.617141  222
0.617251  151
0.617351  42
0.617484  310
0.617841  207
0.618017  285
0.61804  170
0.618174  43
0.618315  204
0.618331  127
0.618425  331
0.618549  211
0.618758  4
0.618796  85
0.61886  275
0.619021  307
0.619145  300
0.619176  332
0.619203  238
0.619251  290
0.619556  338
0.61966  350
0.619684  288
0.619872  147
0.620104  389
0.620539  358
0.620558  283
0.620686  379
0.620692  356
0.620929  296
0.621135  156
0.621419  326
0.621437  223
0.621724  343
0.622392  100
0.623605  92
0.623918  219
0.623976  342
0.624074  46
0.624078  361
0.624083  98
0.624615  220
0.62466  298
0.625131  26
0.625428  271
0.625499  137
0.62576  148
0.625873  198
0.626017  208
0.626139  340
0.62615  339
0.62628  390
0.626282  392
0.626443  95
0.626606  265
0.626661  308
0.626963  368
0.626977  183
0.627189  205
0.627343  391
0.627424  171
0.627442  57
0.62745  367
0.628  11
0.628128  69
0.628226  364
0.628628  329
0.628848  353
0.628993  354
0.629158  253
0.629214  59
0.629223  385
0.629555  261
0.629596  71
0.629768  327
0.629815  231
0.629959  17
0.630475  218
0.63052  58
0.630583  245
0.630643  76
0.631052  383
0.631133  359
0.631258  373
0.631315  394
0.631442  136
0.631851  299
0.632054  67
0.632306  398
0.63233  19
0.632416  366
0.632421  309
0.632532  239
0.632532  112
0.632811  39
0.632905  351
0.633144  141
0.633189  104
0.633323  387
0.633777  303
0.633813  377
0.633964  319
0.634138  363
0.634259  333
0.63452  336
0.634858  47
0.63491  362
0.634992  318
0.635223  397
0.635381  321
0.63612  33
0.636631  370
0.637425  268
0.637533  60
0.638348  56
0.638369  242
0.638861  73
0.639326  229
0.639507  341
0.639722  94
0.639853  355
0.639945  396
0.640169  294
0.640599  193
0.64083  378
0.641179  330
0.641315  317
0.641407  18
0.641464  153
0.641465  7
0.641678  374
0.64204  96
0.642152  346
0.642391  259
0.642661  257
0.64349  167
0.644041  352
0.64408  328
0.644368  386
0.644423  149
0.644858  194
0.644964  335
0.645097  123
0.645135  311
0.645201  395
0.645846  264
0.64594  175
0.646022  302
0.646514  293
0.646805  307
0.646914  192
0.647138  305
0.64736  393
0.647489  106
0.649109  142
0.64938  334
0.649528  266
0.649695  101
0.649763  295
0.649791  120
0.649802  258
0.64984  2
0.650539  301
0.650942  360
0.651049  337
0.651928  210
0.651933  269
0.651994  320
0.652217  228
0.652499  166
0.652525  306
0.652643  8
0.652925  70
0.653214  224
0.653898  314
0.65421  274
0.654288  324
0.654836  114
0.654931  365
0.654984  184
0.655005  382
0.655328  110
0.655407  322
0.655491  188
0.655733  313
0.655773  246
0.656108  369
0.65627  215
0.656308  316
0.656676  169
0.656685  90
0.656915  381
0.657472  118
0.657499  350
0.65755  130
0.657964  164
0.658236  99
0.658296  163
0.658363  281
0.658429  262
0.658732  372
0.658876  160
0.659154  187
0.659282  3
0.659298  23
0.659305  230
0.659482  383
0.66009  380
0.660209  304
0.660335  276
0.660371  61
0.660575  212
0.660691  273
0.660872  113
0.661063  190
0.661078  376
0.66125  107
0.661402  202
0.661544  254
0.661694  135
0.661755  379
0.661757  356
0.661849  36
0.662052  315
0.662172  399
0.662264  52
0.662463  345
0.662693  256
0.663609  199
0.663875  310
0.663964  373
0.663998  371
0.664092  38
0.664129  389
0.664273  349
0.664484  344
0.664551  292
0.664711  368
0.665065  226
0.665138  109
0.665208  1
0.665381  280
0.665534  329
0.665942  392
0.666055  331
0.666151  348
0.666228  216
0.666487  117
0.666744  339
0.666967  9
0.667027  347
0.667184  75
0.667217  353
0.667221  209
0.667405  308
0.667802  143
0.668595  327
0.668664  51
0.668699  82
0.668742  128
0.668773  312
0.669326  10
0.670013  375
0.670144  387
0.670153  13
0.670413  111
0.670441  325
0.670991  357
0.671269  384
0.671352  377
0.671417  332
0.671956  248
0.672177  241
0.672697  62
0.674283  272
0.67431  47
0.674639  201
0.674658  92
0.674908  140
0.675055  255
0.67513  50
0.67526  14
0.675443  176
0.675719  370
0.675752  172
0.675877  48
0.675997  139
0.676027  336
0.676047  27
0.676549  243
0.67671  131
0.676754  397
0.676759  342
0.676917  55
0.677102  364
0.677117  309
0.677271  343
0.67729  318
0.677702  359
0.677703  340
0.677721  59
0.677833  20
0.678026  270
0.678053  394
0.67822  396
0.678236  354
0.67842  95
0.678607  338
0.678895  346
0.680634  232
0.680641  207
0.680709  129
0.680769  86
0.681385  355
0.6817  317
0.681748  333
0.681797  300
0.682072  263
0.682086  326
0.682117  391
0.682186  362
0.682276  388
0.68286  319
0.684341  249
0.685126  21
0.68514  155
0.68597  366
0.685991  203
0.686489  145
0.687212  178
0.687554  390
0.687828  116
0.688386  71
0.688488  363
0.688539  385
0.688632  64
0.688645  365
0.688824  236
0.689208  323
0.689425  115
0.689686  150
0.689716  374
0.689768  197
0.689862  15
0.690607  302
0.690704  88
0.690995  301
0.691229  185
0.691649  239
0.69201  279
0.692214  35
0.692251  34
0.692326  287
0.692371  93
0.692382  328
0.692573  307
0.692685  80
0.6928  159
0.693042  303
0.693153  378
0.693216  316
0.693253  49
0.693396  369
0.693737  297
0.693771  177
0.693897  105
0.693939  393
0.694002  278
0.694724  361
0.694884  311
0.695143  352
0.695144  69
0.695205  372
0.695394  320
0.69583  158
0.696596  395
0.69704  358
0.697232  196
0.697292  367
0.697388  382
0.698324  29
0.698635  119
0.699865  200
0.699931  138
0.699986  398
0.700064  78
0.700315  386
0.700429  238
0.700585  321
0.700792  376
0.701135  291
0.701354  313
0.701385  58
0.701412  360
0.701564  137
0.702359  192
0.702798  63
0.702967  268
0.703009  322
0.703086  161
0.703217  108
0.703297  225
0.703308  223
0.703737  217
0.703771  142
0.703788  350
0.705086  24
0.705508  153
0.706018  91
0.706249  305
0.706284  383
0.706386  356
0.706426  269
0.706552  349
0.70657  312
0.706616  72
0.706869  83
0.706915  146
0.707227  341
0.707355  213
0.707561  337
0.707649  244
0.707864  191
0.707999  252
0.708075  381
0.708167  17
0.708229  79
0.708331  125
0.70849  126
0.708616  154
0.708645  54
0.708895  98
0.708925  12
0.708966  162
0.709116  325
0.709136  219
0.709163  288
0.709299  165
0.709418  42
0.709596  286
0.709621  373
0.709628  193
0.709657  351
0.709665  387
0.709679  204
0.709822  377
0.70985  266
0.709903  132
0.709988  324
0.709991  19
0.710012  11
0.710022  331
0.710945  109
0.711014  333
0.711078  103
0.711129  229
0.711275  283
0.711297  31
0.711298  392
0.711316  65
0.711352  315
0.711513  169
0.711555  4
0.711591  74
0.71183  205
0.711855  173
0.711889  300
0.711936  208
0.71202  348
0.712129  330
0.712151  327
0.712377  308
0.71243  314
0.712713  147
0.712733  347
0.712871  57
0.712959  334
0.712993  44
0.713563  368
0.713687  294
0.71446  135
0.714847  397
0.714932  152
0.715259  7
0.715973  384
0.716373  391
0.716505  25
0.716514  389
0.716762  306
0.716856  359
0.717188  38
0.717362  73
0.717457  342
0.717461  157
0.717807  375
0.717833  68
0.718368  231
0.718674  304
0.718868  362
0.71916  184
0.71921  254
0.719434  332
0.719704  379
0.719713  127
0.719791  250
0.720089  345
0.72013  260
0.720831  53
0.72131  340
0.721829  230
0.722029  20
0.722098  87
0.722129  186
0.722145  329
0.722165  353
0.722252  354
0.722377  22
0.722413  336
0.722619  265
0.72296  141
0.723017  251
0.723213  290
0.723283  189
0.723601  37
0.723637  309
0.723638  355
0.723696  317
0.723963  338
0.724644  296
0.725186  221
0.725223  344
0.725475  335
0.725611  346
0.725639  149
0.726028  328
0.726031  357
0.726175  267
0.726558  371
0.726718  170
0.727013  234
0.727612  134
0.727632  318
0.727682  374
0.728334  366
0.728363  388
0.728404  167
0.72871  295
0.72889  343
0.728982  394
0.729046  211
0.729675  215
0.730102  175
0.730169  326
0.730274  107
0.730359  227
0.730467  310
0.730694  187
0.730828  352
0.731821  218
0.731894  372
0.7322  89
0.732211  319
0.732443  380
0.73278  198
0.732795  97
0.732796  399
0.732843  94
0.733496  210
0.733845  242
0.734179  259
0.734285  128
0.734532  122
0.734889  110
0.734996  390
0.735116  293
0.735449  385
0.735616  39
0.735929  301
0.736074  364
0.736135  363
0.736231  322
0.736431  2
0.736858  367
0.737056  206
0.737151  285
0.737259  120
0.737357  365
0.737456  292
0.737695  194
0.737912  181
0.738235  378
0.738422  398
0.738524  41
0.73856  86
0.738688  369
0.739603  104
0.739811  316
0.739981  302
0.740592  339
0.740789  5
0.740827  10
0.740891  8
0.740985  393
0.741537  298
0.741597  277
0.741662  171
0.741851  45
0.742108  75
0.742344  214
0.742363  140
0.742547  100
0.742607  320
0.742711  358
0.742874  370
0.743172  313
0.743475  356
0.743941  32
0.744024  33
0.744057  81
0.744173  341
0.744602  256
0.744703  166
0.744925  182
0.745005  67
0.745012  102
0.745143  92
0.745272  131
0.74545  386
0.745539  314
0.745614  350
0.745719  289
0.745846  151
0.745898  303
0.746146  323
0.74617  115
0.746426  337
0.746702  321
0.74682  246
0.74689  377
0.747012  338
0.747441  23
0.747735  300
0.747978  143
0.748152  245
0.74833  325
0.74855  381
0.748569  219
0.748683  119
0.748766  236
0.748926  71
0.749076  305
0.749084  368
0.749762  164
0.750272  332
0.750355  117
0.751225  163
0.751234  315
0.751452  276
0.752003  0
0.752242  373
0.752262  383
0.752311  361
0.752395  59
0.752599  148
0.752861  331
0.752995  231
0.753115  284
0.753128  282
0.753186  258
0.753361  84
0.753432  360
0.753561  233
0.753616  77
0.75365  312
0.753958  306
0.754237  304
0.754291  52
0.754502  216
0.754543  333
0.755425  138
0.755476  199
0.755725  330
0.755844  270
0.755852  202
0.7559  287
0.756347  15
0.756596  253
0.756623  307
0.756862  311
0.756871  113
0.756902  340
0.757207  42
0.757291  387
0.757366  336
0.757441  18
0.757444  48
0.757976  207
0.758001  123
0.758073  13
0.758157  376
0.758196  359
0.758446  342
0.758534  349
0.758607  85
0.758629  179
0.758714  397
0.758831  28
0.758877  275
0.7589  16
0.759322  235
0.759602  116
0.75961  76
0.760014  308
0.760481  46
0.760674  324
0.760683  78
0.760874  392
0.760883  60
0.76091  247
0.760915  372
0.760944  355
0.761035  27
0.761046  335
0.761168  344
0.761291  174
0.761318  395
0.761464  195
0.761476  43
0.761481  213
0.761641  362
0.761682  347
0.761797  209
0.761847  155
0.761928  348
0.762133  329
0.76273  389
0.762798  352
0.763436  26
0.764324  36
0.764361  396
0.764597  334
0.764982  263
0.765024  379
0.765133  224
0.765498  61
0.766037  130
0.766319  299
0.76645  90
0.766658  391
0.766858  255
0.766882  354
0.766886  9
0.7671  69
0.767391  118
0.767422  188
0.767632  399
0.767803  101
0.767974  139
0.768059  375
0.768326  19
0.76845  114
0.7686  99
0.768704  320
0.768803  73
0.769055  327
0.769695  351
0.769949  261
0.769965  88
0.770258  96
0.77028  364
0.770512  278
0.770559  363
0.770611  371
0.770619  293
0.770683  317
0.770727  1
0.770745  328
0.770785  380
0.771108  262
0.771163  21
0.771352  112
0.771406  121
0.771752  34
0.771831  232
0.771985  38
0.772089  358
0.77212  309
0.772285  82
0.772354  367
0.772651  274
0.772945  325
0.773627  378
0.773701  384
0.774438  244
0.774528  353
0.774814  345
0.77487  55
0.774979  294
0.775111  50
0.775437  318
0.775796  6
0.775832  125
0.776345  252
0.776506  228
0.776642  382
0.776905  133
0.777198  54
0.777353  319
0.777427  230
0.777454  297
0.777462  322
0.777476  254
0.777597  160
0.777737  11
0.777916  79
0.777958  316
0.777964  56
0.778143  241
0.778272  264
0.778946  271
0.779226  350
0.779289  189
0.779336  369
0.77939  339
0.779656  212
0.779894  97
0.78031  338
0.780383  141
0.780453  374
0.780535  357
0.780827  108
0.780849  47
0.780885  129
0.780913  365
0.781325  343
0.781968  360
0.781993  200
0.782033  29
0.782045  191
0.782218  356
0.782269  302
0.782633  385
0.782855  35
0.78359  172
0.783792  337
0.7838  315
0.783882  301
0.784057  226
0.784072  326
0.78409  239
0.784369  217
0.784757  366
0.785422  310
0.785643  332
0.785664  398
0.785727  333
0.785984  330
0.786061  240
0.786269  300
0.786421  381
0.786449  269
0.786524  370
0.786922  393
0.788133  352
0.788678  145
0.78927  373
0.789521  314
0.790182  136
0.790203  388
0.790447  283
0.790465  91
0.791139  303
0.791182  288
0.792521  51
0.792856  341
0.793782  17
0.79381  197
0.7941  346
0.79495  37
0.796408  30
0.796412  391
0.796645  377
0.796763  390
0.797391  80
0.79779  137
0.798465  304
0.798982  386
0.800059  192
0.800388  342
0.800502  176
0.800606  8
0.800903  70
0.800997  307
0.801057  331
0.801387  281
0.802522  248
0.802876  355
0.802915  72
0.802934  321
0.802952  280
0.803408  180
0.803646  368
0.80374  312
0.803889  361
0.805091  20
0.805151  227
0.805189  154
0.80521  66
0.805674  148
0.805817  76
0.806069  273
0.806072  394
0.806116  295
0.806137  387
0.806215  334
0.806307  213
0.806476  193
0.806528  362
0.806638  162
0.80675  63
0.806923  184
0.807083  257
0.807471  340
0.807562  36
0.807624  142
0.807652  372
0.807793  23
0.807917  383
0.807971  320
0.808009  40
0.808123  376
0.808227  275
0.808361  109
0.808444  329
0.808649  201
0.808926  336
0.809018  223
0.809396  163
0.809451  313
0.809561  102
0.809734  124
0.809922  325
0.80996  165
0.810008  305
0.810215  396
0.810524  323
0.810569  397
0.810612  10
0.810976  215
0.811639  31
0.811774  348
0.81201  344
0.812908  306
0.812979  83
0.81298  277
0.813291  170
0.813422  374
0.813736  265
0.813827  105
0.813996  380
0.814513  363
0.814788  93
0.814929  41
0.815531  206
0.815553  3
0.816028  71
0.816111  308
0.816273  335
0.816544  272
0.817107  225
0.817175  127
0.817237  276
0.817244  359
0.817376  364
0.817446  389
0.817653  291
0.817725  371
0.817896  196
0.818371  111
0.818621  221
0.818703  310
0.818786  382
0.818956  183
0.819068  208
0.819112  249
0.819174  222
0.819393  7
0.819494  378
0.81963  116
0.81964  337
0.819681  375
0.81971  237
0.819718  2
0.81982  328
0.819834  384
0.819915  290
0.820037  351
0.820143  366
0.820239  189
0.820322  95
0.820663  296
0.820764  345
0.820842  39
0.820986  270
0.821029  392
0.821123  210
0.821125  317
0.82121  106
0.821267  347
0.821368  99
0.821409  238
0.82142  199
0.821777  140
0.822066  379
0.822215  219
0.822523  234
0.822553  349
0.822638  318
0.823144  311
0.823444  398
0.823684  144
0.823771  77
0.823809  22
0.823933  167
0.82398  92
0.824355  98
0.824775  14
0.825174  303
0.82535  354
0.82541  231
0.82548  352
0.825509  393
0.825518  27
0.825636  175
0.825766  322
0.825815  89
0.826054  56
0.826113  53
0.826179  194
0.826262  103
0.826462  24
0.826553  324
0.826781  282
0.826806  358
0.82683  190
0.826986  122
0.827053  338
0.827101  253
0.827495  367
0.827638  304
0.827654  350
0.827793  309
0.827867  52
0.828046  126
0.828082  300
0.82809  385
0.828229  118
0.828232  205
0.828292  65
0.828492  391
0.828497  333
0.82856  373
0.828712  399
0.829195  369
0.829559  119
0.82959  121
0.829763  251
0.829827  195
0.830033  43
0.830124  314
0.830761  4
0.831055  216
0.83195  343
0.832755  151
0.832779  171
0.833067  94
0.833087  388
0.833127  159
0.833219  319
0.833291  155
0.833299  12
0.833628  327
0.833641  147
0.833842  250
0.834294  232
0.834371  177
0.834658  135
0.834841  356
0.835011  45
0.835256  339
0.835298  346
0.835304  370
0.835442  353
0.835629  138
0.835673  289
0.835918  115
0.835919  316
0.83604  360
0.836582  292
0.836709  218
0.836786  390
0.836889  340
0.836928  67
0.837081  30
0.837178  180
0.837518  305
0.837632  365
0.837976  307
0.838036  235
0.838048  321
0.838507  357
0.838588  330
0.838629  336
0.839519  394
0.839648  143
0.839692  129
0.840451  267
0.840464  87
0.840919  326
0.841014  381
0.841233  301
0.841573  229
0.841586  90
0.841643  266
0.842477  164
0.843385  344
0.843981  361
0.843981  372
0.844084  362
0.844366  293
0.844388  58
0.844713  332
0.844917  331
0.845823  113
0.845827  334
0.846197  112
0.847555  173
0.847574  315
0.848733  59
0.848792  254
0.849096  377
0.849102  131
0.849656  252
0.849716  108
0.85058  341
0.851157  100
0.851621  302
0.851982  347
0.852026  259
0.852049  79
0.852073  298
0.852294  320
0.852407  325
0.852747  214
0.853069  85
0.853311  395
0.853627  243
0.853664  75
0.854028  374
0.854533  141
0.854726  383
0.855153  368
0.85529  323
0.855732  169
0.855804  371
0.855848  256
0.855945  348
0.857059  310
0.857199  308
0.857485  258
0.858373  146
0.858391  73
0.858552  351
0.859228  72
0.859337  263
0.859381  9
0.859511  44
0.859556  139
0.859663  386
0.859705  178
0.859984  313
0.86005  16
0.860134  182
0.860218  312
0.860354  311
0.860388  134
0.8606  384
0.860737  355
0.860782  260
0.860946  354
0.860994  226
0.861224  55
0.861459  299
0.862039  317
0.862419  179
0.862693  363
0.862711  397
0.863151  150
0.863396  379
0.863957  174
0.863966  198
0.864074  318
0.86445  285
0.86445  246
0.86469  272
0.864784  197
0.864785  349
0.864903  220
0.865183  376
0.865456  54
0.865931  391
0.865935  57
0.866007  107
0.866036  281
0.866121  142
0.866203  387
0.866241  209
0.866357  322
0.866392  202
0.86648  364
0.866498  74
0.866551  345
0.866567  32
0.86657  275
0.866787  380
0.867046  181
0.867163  191
0.86717  261
0.867242  81
0.867333  375
0.867343  0
0.867483  62
0.867876  49
0.868175  125
0.868336  34
0.868509  192
0.868589  359
0.868628  110
0.868958  306
0.869073  38
0.869075  342
0.869101  114
0.86915  278
0.869307  328
0.869478  337
0.869587  156
0.869613  36
0.869709  396
0.869796  245
0.870317  117
0.870362  233
0.870369  201
0.870602  35
0.870627  104
0.87078  46
0.870875  136
0.871522  329
0.871658  152
0.871659  242
0.871891  84
0.871964  203
0.872012  212
0.872153  145
0.872162  309
0.872176  1
0.87227  144
0.872339  314
0.87234  109
0.872379  388
0.872379  389
0.872481  68
0.872619  116
0.872632  304
0.872639  255
0.872771  196
0.872782  149
0.872782  373
0.872828  356
0.873505  365
0.873521  69
0.873603  211
0.873647  393
0.873665  398
0.873841  343
0.873848  71
0.8739  190
0.873981  297
0.874085  157
0.874268  61
0.87441  324
0.874439  97
0.874769  187
0.874856  319
0.874885  334
0.874903  33
0.874945  392
0.874977  367
0.87505  86
0.875167  17
0.875803  361
0.87591  369
0.875961  244
0.876011  353
0.876143  186
0.876177  153
0.876242  217
0.876443  96
0.876507  132
0.876529  26
0.87659  382
0.876597  58
0.876642  204
0.876687  305
0.876736  350
0.877087  370
0.877138  378
0.877168  338
0.877204  91
0.877208  37
0.877231  331
0.877241  336
0.877296  330
0.87759  123
0.877857  390
0.877973  82
0.878036  377
0.878252  358
0.878377  168
0.878439  303
0.8785  321
0.878596  106
0.879073  339
0.879204  346
0.879569  232
0.87985  399
0.880168  385
0.880312  316
0.881585  357
0.881803  381
0.882317  95
0.882893  360
0.883732  120
0.883795  310
0.885322  341
0.885696  184
0.886138  326
0.886524  239
0.886691  5
0.886692  301
0.886735  335
0.887706  333
0.888005  247
0.888282  274
0.888632  300
0.889179  126
0.890449  102
0.890783  348
0.891115  148
0.891322  279
0.891477  340
0.891512  52
0.891861  325
0.892176  307
0.892398  230
0.892443  251
0.892488  160
0.892531  280
0.89261  362
0.892729  366
0.892853  42
0.892873  394
0.894132  345
0.894218  315
0.894541  323
0.895344  11
0.895403  327
0.895496  23
0.89641  76
0.896652  352
0.897276  166
0.89752  355
0.898109  21
0.898271  51
0.898699  137
0.898738  200
0.899299  311
0.90026  162
0.900506  229
0.900576  64
0.900663  265
0.900869  236
0.900939  368
0.901043  388
0.901091  195
0.901144  363
0.901281  320
0.901317  163
0.901375  318
0.90185  134
0.902111  14
0.902429  130
0.902436  20
0.902475  15
0.90279  131
0.902935  180
0.903023  223
0.903153  22
0.903315  264
0.903348  128
0.903352  371
0.90358  344
0.903684  372
0.90371  161
0.903829  221
0.90404  374
0.904202  313
0.904246  2
0.904319  129
0.904344  391
0.904346  240
0.90439  286
0.904754  29
0.904901  266
0.905051  67
0.905097  206
0.905398  127
0.905437  347
0.905446  207
0.90545  354
0.905631  243
0.905724  9
0.905752  122
0.905762  376
0.905808  287
0.905819  6
0.905831  317
0.905833  308
0.905897  50
0.905949  351
0.905973  228
0.906112  322
0.90672  78
0.90737  218
0.90755  3
0.907652  296
0.907896  48
0.907939  79
0.908131  291
0.908446  254
0.90851  364
0.908534  83
0.908571  380
0.908608  188
0.908955  213
0.908999  8
0.909024  112
0.909035  288
0.909344  89
0.909368  208
0.909476  205
0.909521  19
0.90956  284
0.909706  375
0.909786  105
0.909876  397
0.909992  342
0.910037  395
0.910072  328
0.910082  304
0.910137  159
0.910205  92
0.910238  393
0.91029  193
0.910426  383
0.910438  290
0.910641  249
0.911038  99
0.911414  387
0.911436  396
0.911453  30
0.911702  384
0.911885  386
0.911949  338
0.912008  125
0.912326  367
0.912587  294
0.912704  202
0.912829  252
0.912851  178
0.912975  309
0.913329  133
0.913343  302
0.91351  257
0.913604  339
0.914132  152
0.914146  350
0.914254  390
0.914293  369
0.914307  98
0.914394  334
0.914837  357
0.915308  28
0.91541  378
0.915668  191
0.91582  332
0.915839  330
0.91586  60
0.916013  289
0.91628  319
0.916416  111
0.916433  307
0.916791  361
0.91738  306
0.91839  370
0.918436  389
0.919061  324
0.919478  343
0.91972  7
0.919735  94
0.920048  360
0.92007  359
0.92049  101
0.920586  199
0.920719  299
0.920783  329
0.920833  33
0.921058  93
0.921881  314
0.922309  348
0.922907  58
0.923145  24
0.923316  349
0.92363  303
0.923705  353
0.926856  280
0.926967  87
0.927359  355
0.927721  113
0.927892  224
0.927893  381
0.928065  248
0.928149  49
0.928432  321
0.928579  17
0.928837  194
0.928922  379
0.929028  144
0.929197  301
0.929308  399
0.929372  43
0.92949  341
0.929571  62
0.930423  293
0.93045  56
0.930832  325
0.930907  156
0.930965  326
0.931117  253
0.931306  316
0.931431  312
0.931705  333
0.931785  88
0.93201  385
0.932271  394
0.932585  305
0.932765  377
0.933013  154
0.933066  358
0.933124  346
0.933209  363
0.933508  47
0.93372  277
0.934317  210
0.934466  366
0.934495  219
0.934506  31
0.934691  13
0.935266  234
0.935978  197
0.935991  157
0.936099  323
0.936454  356
0.936561  41
0.936616  4
0.936751  365
0.937641  124
0.937707  398
0.938216  315
0.939081  345
0.939395  233
0.939622  65
0.940195  335
0.940257  148
0.940409  337
0.940434  73
0.940494  114
0.940559  340
0.940585  373
0.940636  382
0.941473  184
0.942138  344
0.942281  103
0.942562  310
0.943119  262
0.943529  392
0.944488  362
0.944544  100
0.945058  145
0.946269  300
0.946726  354
0.946883  16
0.947809  138
0.94785  110
0.947867  170
0.948076  241
0.948192  330
0.948355  352
0.948648  158
0.948768  108
0.949188  320
0.949258  388
0.949802  146
0.949813  331
0.949896  391
0.949927  361
0.950003  245
0.950176  115
0.950592  347
0.950981  275
0.951155  292
0.951278  147
0.951314  59
0.952216  215
0.952721  165
0.952937  281
0.953123  139
0.953269  189
0.953278  203
0.953341  204
0.953354  336
0.953389  371
0.954028  80
0.954551  172
0.954663  317
0.95467  86
0.954703  96
0.95472  171
0.954749  263
0.954959  5
0.955173  342
0.955266  123
0.955317  283
0.955391  295
0.955392  255
0.955485  71
0.955538  318
0.955662  311
0.955751  104
0.955909  44
0.956003  328
0.956005  214
0.956022  258
0.956161  278
0.956325  32
0.95635  27
0.956399  220
0.956644  313
0.956758  383
0.956812  242
0.956932  230
0.957026  338
0.957056  74
0.957194  168
0.957199  343
0.95738  118
0.957401  211
0.957484  238
0.95772  372
0.95772  385
0.957768  282
0.957892  187
0.958017  209
0.958061  319
0.958079  18
0.958096  370
0.958136  207
0.958197  196
0.958212  396
0.958252  273
0.958286  132
0.95846  212
0.958476  20
0.958537  271
0.958538  26
0.958627  368
0.9591  109
0.959107  266
0.959141  308
0.959222  53
0.959388  397
0.959556  179
0.959713  364
0.959812  182
0.959971  384
0.960025  175
0.960264  231
0.96027  359
0.960279  269
0.960316  6
0.960324  307
0.960426  321
0.960467  375
0.960781  251
0.960977  390
0.961134  378
0.961272  90
0.961613  387
0.961791  111
0.961853  66
0.96196  304
0.962319  68
0.962371  360
0.96272  298
0.962824  0
0.962868  303
0.963324  306
0.963534  143
0.963547  46
0.963586  324
0.963754  267
0.963782  193
0.964206  366
0.964211  150
0.964215  167
0.96424  301
0.964517  77
0.964545  302
0.964688  198
0.964793  392
0.964807  394
0.964829  357
0.964961  181
0.965014  399
0.965036  75
0.965071  374
0.965549  256
0.965614  346
0.965676  341
0.966155  200
0.966228  380
0.966525  314
0.966603  84
0.966814  350
0.966941  190
0.967316  332
0.967347  333
0.968051  353
0.968309  309
0.9688  89
0.969502  365
0.970596  227
0.971123  327
0.971138  326
0.971325  225
0.971821  126
0.972219  389
0.972631  393
0.972837  228
0.972977  339
0.973124  351
0.97357  173
0.973658  164
0.97446  293
0.974896  131
0.975344  325
0.975376  312
0.975406  106
0.975641  169
0.97581  265
0.976072  334
0.976789  11
0.976902  340
0.977055  192
0.97761  315
0.977688  268
0.977708  299
0.977827  294
0.978003  376
0.978202  386
0.978417  358
0.978441  381
0.978561  178
0.978687  9
0.978749  186
0.978839  92
0.978961  102
0.97977  30
0.979798  305
0.979879  43
0.980044  377
0.980587  322
0.980619  337
0.980717  244
0.980723  369
0.980831  344
0.980972  395
0.981243  17
0.98179  362
0.981852  199
0.981997  261
0.983182  1
0.983241  355
0.983363  290
0.983722  349
0.983824  81
0.983931  134
0.985586  284
0.985858  348
0.985964  154
0.986243  133
0.986517  149
0.98654  286
0.986834  70
0.987003  76
0.987184  329
0.987301  272
0.987524  155
0.987565  367
0.987604  379
0.987871  140
0.987892  159
0.988033  95
0.988045  373
0.988219  363
0.988264  345
0.988384  318
0.988431  398
0.988545  117
0.988732  310
0.988937  85
0.989415  246
0.989548  142
0.989882  55
0.990479  78
0.990678  19
0.9912  354
0.991381  252
0.991508  191
0.991553  383
0.991667  176
0.991782  296
0.991907  188
0.991939  375
0.992327  12
0.992411  328
0.992418  361
0.992427  121
0.992616  331
0.992704  56
0.992868  33
0.993216  61
0.993364  250
0.993483  335
0.99363  45
0.993671  382
0.993808  72
0.994052  330
0.994121  141
0.994208  316
0.99474  153
0.995001  148
0.995097  79
0.995252  320
0.995339  356
0.99556  177
0.995751  57
0.996509  287
0.996662  58
0.996715  343
0.99714  213
0.997403  3
0.997447  300
0.997466  35
0.997507  388
0.997721  280
0.997854  229
0.997928  285
0.998281  347
0.998521  372
0.998652  222
0.998717  216
0.998717  39
0.99906  137
0.999106  251
0.999446  352
0.999457  48
0.999596  93
0.999768  10
0.999926  346
0.999963  289
