3.65623e-06  256
6.99688e-06  199
8.50996e-06  27
9.58931e-06  120
1.15722e-05  101
1.55552e-05  115
1.58114e-05  67
1.74459e-05  136
1.98606e-05  57
2.08669e-05  224
2.26398e-05  80
2.40361e-05  204
2.54513e-05  41
2.75473e-05  40
3.47402e-05  193
3.59441e-05  61
3.71703e-05  192
3.77827e-05  8
4.05057e-05  167
4.46615e-05  123
4.81446e-05  147
4.88888e-05  219
5.29441e-05  196
5.62781e-05  76
5.72443e-05  107
6.33129e-05  45
6.51155e-05  51
7.25543e-05  48
7.59632e-05  177
7.70146e-05  73
8.09668e-05  71
8.23374e-05  108
8.97296e-05  161
9.07514e-05  97
9.07983e-05  169
9.8496e-05  168
9.99435e-05  88
0.000104694  31
0.00010808  220
0.00010916  109
0.00010917  111
0.000110628  72
0.000111388  47
0.000111471  171
0.000116935  140
0.000117517  188
0.000123362  83
0.000128967  175
0.000129928  56
0.000131501  95
0.000132991  189
0.000133864  185
0.000135999  85
0.000139404  93
0.000140112  160
0.000140308  225
0.00014327  148
0.00014386  131
0.000144833  81
0.000145809  129
0.000147837  156
0.000151848  28
0.000151924  44
0.000155335  176
0.000161081  231
0.000162011  195
0.000163308  227
0.000164564  164
0.000174024  117
0.000177756  65
0.000180574  11
0.000190542  127
0.000192306  235
0.00019347  228
0.000198859  43
0.000200684  116
0.000202931  59
0.000203294  68
0.000208535  223
0.000209666  29
0.000212583  84
0.000217821  184
0.000218016  132
0.000226145  52
0.000226392  151
0.000228518  96
0.000231801  137
0.000233271  75
0.000240928  149
0.000247378  197
0.000252725  143
0.000258274  125
0.000258808  172
0.000259429  173
0.000265875  79
0.000269719  217
0.000271549  69
0.000271785  49
0.000280224  159
0.000293108  124
0.000297862  191
0.000300587  113
0.000306779  135
0.00030931  163
0.000316968  63
0.000322606  259
0.00032525  187
0.000338771  179
0.000339688  165
0.000344562  157
0.000345177  92
0.000351963  232
0.000354929  9
0.00035942  141
0.00037363  100
0.000377114  104
0.00038309  53
0.000383226  112
0.000384256  144
0.000385039  121
0.000394423  233
0.000394781  183
0.000401874  139
0.000404493  128
0.000408878  119
0.000411083  77
0.000415921  89
0.000417442  207
0.000419099  145
0.000423281  64
0.000425459  257
0.000442859  221
0.000451335  60
0.000465778  181
0.000478299  205
0.000494362  87
0.000496075  25
0.000583701  133
0.000628271  99
0.000666577  229
0.000675394  180
0.000676434  103
0.000695838  105
0.000710398  91
0.000921827  55
0.00128976  24
0.00142401  216
0.00273227  293
0.00312707  360
0.00353166  349
0.00364767  365
0.00367124  335
0.00377673  385
0.00380283  363
0.00383875  348
0.00384014  312
0.00385403  344
0.00392545  260
0.00392894  382
0.00393206  340
0.0039585  317
0.00398093  318
0.00402069  22
0.00410466  386
0.0041304  308
0.0041372  398
0.00415651  320
0.00429612  287
0.00430217  358
0.00430397  354
0.00431784  302
0.00434559  309
0.00436438  265
0.00437953  323
0.00439728  367
0.00443895  376
0.00445314  397
0.00445318  324
0.00450463  393
0.0045199  384
0.00452127  247
0.00452323  282
0.00453016  355
0.00453257  325
0.00453398  350
0.0045436  331
0.00454538  337
0.00455557  154
0.00456069  392
0.00456741  378
0.00457263  368
0.00457864  345
0.00458516  388
0.00462595  375
0.00464702  301
0.0046541  12
0.00469786  322
0.00470891  373
0.0047178  270
0.00472037  359
0.00472343  17
0.00477079  268
0.00487285  330
0.00489095  315
0.00491515  328
0.00494196  352
0.00494619  313
0.00502493  339
0.00502668  2
0.00504325  19
0.00506091  304
0.00507632  394
0.00508085  5
0.00509593  347
0.00509826  390
0.00509918  311
0.00513322  23
0.00520663  374
0.00522409  371
0.0052518  389
0.00526485  353
0.00528667  6
0.00529375  319
0.00535977  372
0.00539073  240
0.00539165  370
0.00541044  314
0.00546775  361
0.00551672  377
0.00554041  332
0.00555355  33
0.00555985  351
0.00560132  212
0.00560572  341
0.0056154  269
0.00566497  307
0.00567416  396
0.00571639  338
0.00573624  334
0.0057763  310
0.00579553  273
0.00581844  36
0.00585423  342
0.00593759  357
0.00599809  321
0.00605765  356
0.00606107  395
0.00607914  399
0.00610983  299
0.00613905  303
0.00620853  336
0.0062815  4
0.00629621  391
0.00631794  387
0.00633244  316
0.00636881  239
0.00645779  300
0.00657626  380
0.00659471  369
0.00663245  366
0.00669662  326
0.00676796  243
0.00678854  272
0.00679092  362
0.00685465  329
0.00689905  306
0.00692912  343
0.00696883  379
0.00702275  327
0.00752952  333
0.00758722  37
0.00760266  346
0.00773189  276
0.00791075  129
0.00791414  381
0.00836652  305
0.00882014  214
0.00898433  262
0.00930465  3
0.00958405  280
0.0107409  244
0.0110072  364
0.0122398  255
0.012739  39
0.0160382  383
0.0160935  288
0.027835  388
0.0294172  365
0.0299549  360
0.0357241  393
0.0386882  237
0.0389612  241
0.0392471  208
0.0395465  308
0.0396266  1
0.0405184  392
0.04058  320
0.0414244  385
0.041937  376
0.0420611  312
0.0437126  398
0.0442147  144
0.0445164  289
0.0450742  171
0.04615  225
0.0465901  324
0.0468398  96
0.0468709  165
0.0472737  363
0.0476064  342
0.0476824  250
0.0479684  389
0.0480173  377
0.0482627  344
0.0482647  372
0.0483292  278
0.0484209  35
0.0490141  349
0.0493413  335
0.0497063  202
0.0499417  302
0.0500161  340
0.0500779  16
0.050253  348
0.0506169  242
0.0514204  352
0.0518834  318
0.0520731  304
0.0524592  332
0.0526245  38
0.0527068  283
0.0532299  257
0.0533335  128
0.0533948  187
0.0535913  183
0.0536102  282
0.0536522  317
0.0538521  350
0.0540151  331
0.0541492  133
0.0546725  397
0.0547616  156
0.0547642  284
0.0552104  396
0.055443  201
0.0555546  236
0.0556609  328
0.0559978  323
0.0564686  321
0.0566492  298
0.0569802  268
0.0572867  355
0.0572902  354
0.0578814  264
0.0581737  11
0.058602  297
0.058805  345
0.0588081  12
0.0589095  307
0.0590124  382
0.0590964  274
0.059622  325
0.0596419  341
0.0600467  19
0.0604578  124
0.0605994  188
0.0609138  219
0.0609389  361
0.0616808  261
0.0617597  172
0.0619915  359
0.062  296
0.0620536  275
0.0621606  373
0.0625896  387
0.0626387  358
0.0626572  357
0.0627848  326
0.0628397  77
0.0629691  88
0.0630396  353
0.0631784  319
0.0632315  379
0.0632775  310
0.0633195  362
0.063389  221
0.0635073  395
0.0635371  199
0.0636079  22
0.0636611  44
0.0636762  394
0.0637537  367
0.0637722  131
0.0638389  160
0.0639712  286
0.0641545  300
0.0642148  316
0.0642191  322
0.0643293  294
0.06433  48
0.0644124  315
0.0646077  368
0.0646684  330
0.0652873  220
0.0658077  224
0.0660164  313
0.0661763  246
0.0661911  76
0.066361  64
0.0665298  61
0.0665683  32
0.0669615  390
0.0671222  293
0.0673779  180
0.0678504  266
0.0682016  14
0.068498  249
0.0688852  207
0.0689605  346
0.0693605  329
0.0693835  247
0.0694324  314
0.0698984  386
0.069966  229
0.069967  311
0.0699793  271
0.0704602  105
0.0705568  121
0.0707732  380
0.0710655  68
0.0711465  301
0.0711996  153
0.071599  277
0.0718157  378
0.0719995  125
0.0720807  381
0.0721583  213
0.0722671  364
0.0724233  338
0.0724741  384
0.0728659  366
0.0731905  260
0.0732109  399
0.0733235  365
0.0735307  17
0.0736411  374
0.073673  29
0.0737087  347
0.0740955  306
0.0741114  287
0.0762747  371
0.0764322  18
0.0772069  375
0.0785407  291
0.0785531  204
0.0788805  343
0.0789328  256
0.0805073  356
0.081042  333
0.0815467  309
0.0822547  21
0.0826916  91
0.0834862  149
0.0839545  370
0.0855012  176
0.0862658  383
0.0864576  351
0.0867495  337
0.0880275  5
0.0890067  305
0.0897491  210
0.0909682  279
0.0909943  360
0.0911581  303
0.0912922  363
0.0918126  43
0.092345  290
0.0926138  336
0.0934382  241
0.0939211  369
0.0940135  55
0.0940436  391
0.0940887  344
0.0945092  9
0.0948421  83
0.0949809  31
0.0954382  334
0.0970532  339
0.0971065  388
0.0971227  361
0.0971506  157
0.0971939  154
0.0979474  0
0.0986434  252
0.0995338  197
0.0995856  308
0.0997568  215
0.100022  155
0.100453  372
0.100608  143
0.100717  393
0.100833  223
0.101013  270
0.101217  385
0.101351  164
0.10145  327
0.101492  382
0.101499  203
0.101532  216
0.10161  312
0.102153  389
0.102244  304
0.102274  233
0.102301  397
0.102902  103
0.103211  175
0.103414  151
0.103474  335
0.103588  269
0.104379  60
0.104574  267
0.104606  34
0.104746  6
0.105621  231
0.105833  100
0.105967  211
0.106038  302
0.106043  373
0.106113  354
0.106149  324
0.106165  189
0.106175  317
0.10621  281
0.106253  92
0.106419  24
0.106436  15
0.106623  332
0.106681  377
0.106794  350
0.106806  342
0.106845  152
0.10699  341
0.107307  251
0.107309  285
0.107329  367
0.107361  89
0.107387  340
0.107427  127
0.10747  392
0.107821  349
0.109074  4
0.10955  195
0.109599  387
0.109716  320
0.109931  331
0.110148  65
0.110173  359
0.110192  57
0.110598  376
0.110951  20
0.111152  328
0.111185  7
0.111647  307
0.112191  101
0.112571  227
0.112623  13
0.113175  318
0.113355  375
0.113458  183
0.113864  330
0.114204  212
0.114239  352
0.114883  353
0.116388  398
0.116838  188
0.117625  111
0.117747  357
0.117827  123
0.117887  345
0.118126  288
0.118412  315
0.118475  371
0.118545  323
0.118573  311
0.118621  396
0.118711  117
0.119729  368
0.120014  325
0.120429  395
0.120919  79
0.121521  209
0.122282  362
0.122486  319
0.122499  159
0.122549  380
0.122767  346
0.122849  240
0.123026  63
0.1232  316
0.123486  254
0.123634  120
0.123668  272
0.124328  326
0.124505  338
0.124818  374
0.124982  383
0.125126  53
0.125418  321
0.125747  301
0.125865  59
0.12631  379
0.127233  322
0.128651  23
0.129238  358
0.129378  329
0.129978  300
0.131534  364
0.132549  245
0.133103  297
0.133617  378
0.134235  310
0.134669  313
0.135506  147
0.137411  278
0.13828  394
0.138522  306
0.13924  336
0.139388  88
0.139555  355
0.140266  119
0.141249  347
0.141725  399
0.142043  16
0.143116  366
0.144122  36
0.144189  386
0.144384  125
0.144757  160
0.144977  202
0.145824  228
0.146051  365
0.146849  173
0.147103  191
0.147195  390
0.14816  144
0.14832  356
0.148534  314
0.148588  384
0.148797  324
0.14908  217
0.149852  242
0.149863  87
0.150517  185
0.150583  351
0.150663  289
0.151762  171
0.151822  317
0.151868  305
0.151902  388
0.15195  363
0.152162  334
0.152186  153
0.152886  109
0.152918  309
0.153068  184
0.153118  343
0.153138  370
0.153295  303
0.153626  134
0.15371  244
0.154109  348
0.154158  44
0.154216  28
0.154395  262
0.154525  163
0.154606  248
0.154764  146
0.154987  354
0.155003  381
0.155049  54
0.155157  135
0.155353  312
0.155844  9
0.155962  102
0.156182  148
0.156402  2
0.15662  179
0.156725  71
0.156766  49
0.156805  263
0.1572  333
0.157402  327
0.157517  238
0.157747  1
0.15812  80
0.158291  189
0.158353  373
0.158692  344
0.158725  141
0.158892  232
0.159154  302
0.159246  45
0.15941  206
0.159999  395
0.160099  62
0.160099  58
0.160212  397
0.160235  201
0.160372  389
0.160806  223
0.160968  124
0.16118  391
0.161194  257
0.161235  56
0.161362  118
0.161414  337
0.16148  194
0.161575  256
0.161603  17
0.161641  332
0.161961  68
0.162241  237
0.162262  331
0.162556  326
0.162603  265
0.162688  274
0.162692  110
0.163043  360
0.163063  12
0.163076  369
0.163106  307
0.163167  47
0.163675  372
0.163702  52
0.163735  93
0.163775  359
0.16378  48
0.163835  67
0.163859  208
0.163896  224
0.163901  99
0.163988  286
0.164116  84
0.16412  85
0.164138  335
0.164167  214
0.164172  216
0.164181  350
0.164225  375
0.164263  361
0.164393  318
0.164441  368
0.164514  323
0.164569  379
0.164588  181
0.164627  367
0.164637  264
0.164639  261
0.164773  150
0.164832  371
0.164997  235
0.165008  139
0.165065  37
0.165086  76
0.165097  392
0.165177  320
0.165234  352
0.165312  393
0.165419  345
0.165457  254
0.165464  301
0.165576  349
0.165577  315
0.165638  378
0.165666  296
0.165727  268
0.165735  398
0.165801  79
0.165911  200
0.165989  383
0.166059  341
0.166098  161
0.166168  25
0.166211  113
0.166278  382
0.166397  197
0.166413  90
0.166432  321
0.16645  10
0.166591  82
0.166672  236
0.166879  35
0.167073  95
0.167086  97
0.167092  89
0.167127  277
0.167364  8
0.167514  218
0.16761  353
0.167731  339
0.167752  319
0.167807  176
0.167873  225
0.16805  196
0.168078  316
0.168112  396
0.168144  362
0.168154  328
0.168183  34
0.168197  21
0.168306  83
0.168358  387
0.168444  33
0.168544  300
0.168621  394
0.16869  364
0.168791  340
0.168796  19
0.168888  276
0.168943  342
0.169105  64
0.169287  259
0.169301  51
0.169796  39
0.169846  294
0.169999  346
0.170084  253
0.170344  15
0.170423  386
0.170454  336
0.170555  207
0.170559  199
0.170585  65
0.170618  252
0.170801  295
0.170901  100
0.170978  380
0.171002  329
0.171023  156
0.171048  275
0.171219  385
0.171263  132
0.171315  55
0.171435  282
0.171443  374
0.171545  6
0.171698  281
0.171761  347
0.171887  246
0.172005  42
0.17207  243
0.17234  292
0.17242  78
0.172434  166
0.172447  167
0.172582  32
0.172618  308
0.172683  338
0.172716  127
0.172752  105
0.17288  357
0.17288  376
0.172911  203
0.172914  358
0.172981  112
0.173023  165
0.173187  116
0.173239  250
0.17332  169
0.173432  365
0.173506  304
0.173794  66
0.173836  172
0.173918  204
0.173973  40
0.174014  267
0.174061  63
0.1744  377
0.174422  273
0.174437  334
0.174516  211
0.174519  399
0.174544  305
0.174586  155
0.174686  330
0.174775  231
0.174928  312
0.174984  219
0.175072  324
0.175328  355
0.17542  53
0.175474  101
0.175599  384
0.175728  162
0.175745  310
0.175771  209
0.175787  306
0.175818  322
0.176054  269
0.176058  4
0.176147  255
0.176355  325
0.176394  291
0.176668  249
0.176726  260
0.176834  122
0.176906  29
0.177021  309
0.17719  215
0.177339  332
0.177356  160
0.177365  348
0.177394  178
0.177396  356
0.177662  59
0.177903  313
0.177962  174
0.178471  125
0.178689  11
0.178893  314
0.178933  170
0.179159  23
0.179496  24
0.179711  351
0.179904  395
0.179958  221
0.180018  311
0.180087  333
0.180143  173
0.180407  72
0.180571  230
0.180652  239
0.180762  69
0.181047  188
0.181183  344
0.181281  388
0.181294  107
0.181804  14
0.181987  60
0.182114  222
0.182184  149
0.182898  327
0.182975  339
0.183373  284
0.183737  341
0.183756  370
0.183998  73
0.184177  337
0.184579  280
0.184698  130
0.184945  36
0.185548  299
0.18561  323
0.185632  117
0.185745  371
0.186071  0
0.186265  133
0.186269  317
0.186288  302
0.186635  187
0.186883  157
0.187027  180
0.187222  154
0.187304  335
0.18736  390
0.187443  20
0.187538  288
0.187895  120
0.187903  366
0.187924  164
0.188378  367
0.188535  41
0.188802  343
0.189123  307
0.189304  375
0.18956  152
0.189582  393
0.189974  61
0.190111  328
0.190562  362
0.190677  331
0.191883  144
0.191951  3
0.192763  103
0.193717  353
0.193896  372
0.194215  303
0.194425  391
0.195014  137
0.195893  301
0.196357  360
0.196727  195
0.196994  316
0.197037  389
0.197908  319
0.200494  381
0.200616  350
0.200948  342
0.202638  349
0.203011  378
0.203687  142
0.206044  361
0.206064  147
0.206625  31
0.208406  387
0.208641  397
0.210174  346
0.210965  27
0.211142  26
0.212113  354
0.21442  165
0.214641  340
0.215129  18
0.215384  379
0.2161  266
0.21618  123
0.21644  326
0.217984  272
0.218019  385
0.218244  364
0.218702  145
0.218769  394
0.218979  248
0.219011  237
0.219509  241
0.219806  359
0.220866  369
0.221145  396
0.221905  175
0.222398  184
0.222502  382
0.222544  183
0.22272  67
0.223096  293
0.223589  254
0.223594  86
0.223866  300
0.224088  363
0.224216  22
0.224393  373
0.224399  227
0.224643  6
0.224776  191
0.224848  225
0.224988  124
0.225334  186
0.225342  320
0.225373  115
0.225461  198
0.225778  81
0.225855  30
0.225866  80
0.2259  348
0.225955  210
0.226053  332
0.226201  5
0.226336  380
0.22648  278
0.226527  376
0.226583  336
0.226664  356
0.226823  119
0.226899  271
0.226994  193
0.227581  321
0.227669  357
0.2278  35
0.227823  399
0.227937  384
0.228103  298
0.228134  213
0.228197  315
0.228208  114
0.228606  158
0.228731  192
0.228798  45
0.228811  368
0.228892  50
0.228923  374
0.228963  233
0.229194  240
0.229443  87
0.2295  311
0.229535  383
0.229548  352
0.229591  232
0.229757  398
0.22984  56
0.229947  338
0.230072  220
0.230137  223
0.230155  318
0.230238  312
0.230249  47
0.23025  134
0.230345  329
0.230366  365
0.230401  304
0.230437  1
0.230469  226
0.230493  88
0.230864  305
0.230881  221
0.23089  10
0.231249  324
0.231408  377
0.231508  8
0.231644  131
0.231763  151
0.231979  395
0.232003  109
0.232121  44
0.232207  330
0.232383  313
0.232637  341
0.232701  343
0.232721  136
0.233007  334
0.23314  196
0.233312  121
0.233361  289
0.233409  375
0.233457  242
0.233532  322
0.23363  163
0.233644  314
0.233645  245
0.233701  274
0.233711  199
0.23382  392
0.234192  141
0.234697  258
0.234971  308
0.234995  148
0.235111  309
0.235256  370
0.235441  138
0.235518  325
0.235654  203
0.235669  351
0.235758  58
0.23581  66
0.235945  360
0.23604  96
0.236132  84
0.236255  228
0.236358  388
0.236514  327
0.236579  206
0.236711  301
0.236762  361
0.237024  390
0.237034  345
0.237056  205
0.237253  323
0.237306  89
0.237362  265
0.237432  190
0.237441  263
0.237486  57
0.237558  372
0.237568  194
0.237599  358
0.237735  65
0.237825  391
0.23812  286
0.238305  371
0.238538  262
0.238581  277
0.238659  79
0.2389  181
0.238914  94
0.239078  62
0.239121  155
0.23915  128
0.239283  386
0.239379  251
0.239525  48
0.239766  349
0.239788  367
0.240059  339
0.240101  97
0.240127  397
0.240172  316
0.240191  393
0.240243  347
0.2404  279
0.240477  337
0.240528  95
0.240681  52
0.240818  273
0.241032  306
0.241177  328
0.241287  307
0.241306  333
0.241565  342
0.241618  208
0.24183  61
0.241898  353
0.241933  106
0.242372  201
0.242442  73
0.24303  317
0.243231  13
0.243243  110
0.243599  104
0.243833  9
0.244146  34
0.244253  179
0.244337  178
0.244682  259
0.244812  93
0.24486  340
0.245071  282
0.245167  346
0.245177  331
0.245482  303
0.246334  209
0.246352  257
0.246692  21
0.247093  389
0.247128  246
0.247143  162
0.24724  302
0.247251  381
0.248198  290
0.248848  354
0.249049  335
0.249172  366
0.250018  16
0.250442  126
0.250582  234
0.25065  172
0.250676  310
0.250729  385
0.250921  304
0.25093  362
0.251432  7
0.251448  147
0.251609  173
0.252573  127
0.252793  117
0.253342  355
0.25343  312
0.253464  394
0.2537  189
0.254046  224
0.254663  238
0.254988  0
0.255147  348
0.255238  200
0.255674  144
0.256207  41
0.256387  336
0.257396  270
0.257494  140
0.257931  14
0.257991  276
0.258002  60
0.258141  118
0.258681  98
0.259018  116
0.259108  130
0.259136  350
0.259195  326
0.259218  396
0.259255  166
0.259442  344
0.259729  103
0.26004  83
0.260221  171
0.260487  359
0.26055  343
0.260569  287
0.260995  139
0.261039  156
0.261131  247
0.26131  102
0.261686  207
0.261773  379
0.261853  284
0.261937  176
0.262168  213
0.262306  75
0.262319  38
0.262607  369
0.262827  272
0.262873  177
0.262906  398
0.262962  357
0.26312  77
0.263149  165
0.263228  19
0.263238  387
0.26334  256
0.263456  283
0.263488  319
0.263499  383
0.263726  364
0.263801  24
0.264018  157
0.264086  318
0.26447  72
0.264541  146
0.264626  153
0.264808  184
0.264851  300
0.264937  313
0.26513  352
0.265179  338
0.265556  49
0.265591  269
0.265836  264
0.26659  54
0.266608  378
0.26662  42
0.266828  121
0.267057  314
0.267075  215
0.267103  373
0.26742  195
0.267599  334
0.267669  18
0.267686  174
0.267892  324
0.267905  160
0.268015  297
0.268394  325
0.268469  384
0.268531  321
0.268598  150
0.268658  376
0.268961  370
0.26898  91
0.268998  299
0.269083  111
0.269175  71
0.26919  365
0.269508  363
0.269713  187
0.269734  211
0.269934  40
0.270021  390
0.270031  399
0.270252  397
0.270308  204
0.270335  294
0.270375  32
0.270461  308
0.270502  329
0.27075  229
0.270931  230
0.271015  279
0.271032  51
0.271437  239
0.27149  374
0.271499  125
0.27156  141
0.271705  301
0.271981  168
0.271989  388
0.272137  395
0.272545  332
0.272767  351
0.27295  39
0.273078  392
0.273378  231
0.27342  85
0.273443  69
0.273473  76
0.273529  100
0.273751  112
0.27377  316
0.274017  243
0.274252  380
0.274261  356
0.274533  193
0.27456  180
0.274777  293
0.2748  377
0.274873  43
0.274938  92
0.275001  330
0.275131  361
0.275137  222
0.275592  315
0.276465  320
0.276468  218
0.276734  337
0.276832  87
0.277048  22
0.27722  31
0.277413  367
0.277824  347
0.278033  82
0.278156  25
0.278536  360
0.278693  206
0.278974  391
0.279191  28
0.2793  120
0.279435  311
0.279676  212
0.2797  97
0.279801  252
0.279834  322
0.279986  393
0.280002  136
0.280029  328
0.280156  226
0.280275  86
0.280659  389
0.28114  307
0.281491  323
0.28167  362
0.281917  310
0.282027  354
0.282142  345
0.282408  132
0.283056  368
0.283521  262
0.284093  10
0.284392  306
0.284589  339
0.285466  305
0.286349  89
0.28669  382
0.286727  342
0.287247  333
0.287566  309
0.28806  152
0.288119  346
0.288466  355
0.290192  159
0.29053  303
0.291135  375
0.291247  349
0.291587  381
0.292145  327
0.293469  182
0.293777  386
0.293961  348
0.294147  302
0.297537  265
0.297633  161
0.297745  216
0.299482  88
0.299612  122
0.301368  291
0.301815  304
0.302278  202
0.303341  358
0.304111  394
0.304369  59
0.304553  249
0.305303  371
0.306879  220
0.306958  343
0.307216  387
0.307547  237
0.307616  36
0.30768  385
0.308129  225
0.308425  336
0.308545  340
0.308559  350
0.309294  331
0.309671  201
0.309968  23
0.310011  266
0.310015  123
0.310078  317
0.310213  110
0.310309  199
0.310715  295
0.311239  365
0.31281  34
0.312879  149
0.31288  341
0.313165  326
0.31332  137
0.313869  285
0.313989  46
0.313996  335
0.314065  353
0.314168  131
0.314232  373
0.314261  232
0.314955  4
0.315018  133
0.315064  395
0.315089  223
0.31522  5
0.315345  364
0.315423  113
0.315488  64
0.315503  357
0.315523  261
0.315535  9
0.315741  185
0.315792  84
0.315994  372
0.316174  275
0.31628  251
0.316348  128
0.316457  318
0.316461  124
0.316629  197
0.316759  273
0.316759  246
0.316775  127
0.316851  255
0.316928  250
0.316951  135
0.317055  115
0.31745  80
0.317463  169
0.317494  73
0.317521  145
0.317542  130
0.31762  158
0.317761  324
0.3179  56
0.318026  83
0.318063  94
0.318079  363
0.318165  369
0.318219  288
0.31825  103
0.318321  398
0.31841  148
0.318425  366
0.318434  2
0.318701  167
0.318818  396
0.318849  210
0.31885  221
0.318903  186
0.318935  90
0.319001  325
0.319287  329
0.319297  259
0.319385  235
0.31942  312
0.319493  330
0.319506  289
0.319554  191
0.319693  351
0.319764  361
0.319821  53
0.319912  233
0.319923  379
0.319983  93
0.319996  321
0.320103  81
0.320246  108
0.320269  376
0.320287  183
0.320388  37
0.320424  68
0.320585  316
0.320629  282
0.320632  35
0.320648  24
0.320825  107
0.320867  359
0.320942  390
0.320996  62
0.321034  391
0.321053  388
0.321069  209
0.321137  344
0.321189  319
0.32126  374
0.321275  370
0.321309  338
0.321401  271
0.321477  224
0.321488  217
0.3215  57
0.321585  70
0.321629  389
0.321692  50
0.32177  95
0.32178  55
0.321841  378
0.321868  14
0.321881  269
0.322205  399
0.322216  352
0.322222  162
0.322223  300
0.322297  77
0.322326  367
0.322348  63
0.322365  157
0.322453  334
0.322493  78
0.322502  147
0.322525  99
0.32264  105
0.322689  0
0.322745  377
0.322863  181
0.322984  355
0.323002  155
0.323104  16
0.323104  362
0.323156  345
0.323182  393
0.323289  301
0.32334  208
0.323424  284
0.323507  263
0.323537  280
0.323652  129
0.323665  356
0.323676  332
0.323923  292
0.323983  349
0.324007  236
0.324078  134
0.324085  314
0.324099  278
0.324256  243
0.324258  242
0.32435  309
0.324559  397
0.324583  384
0.324608  268
0.324715  313
0.324766  328
0.325153  17
0.325244  27
0.325249  79
0.325276  302
0.325277  382
0.325296  54
0.325399  20
0.325492  47
0.325529  174
0.325559  360
0.325709  310
0.325885  381
0.325968  392
0.32597  348
0.326307  49
0.326347  380
0.326514  196
0.326696  386
0.326783  239
0.326833  32
0.32693  112
0.327171  354
0.327262  320
0.327421  358
0.327442  241
0.327509  368
0.327536  323
0.327722  340
0.327727  177
0.327763  6
0.327836  333
0.327881  305
0.328125  272
0.328192  339
0.328449  342
0.328637  322
0.32871  298
0.328784  76
0.329081  303
0.329273  219
0.329448  156
0.329972  106
0.330022  182
0.330064  267
0.330205  74
0.330435  287
0.330559  347
0.330603  304
0.330689  383
0.330929  387
0.331025  306
0.33111  307
0.331208  311
0.331275  252
0.331338  65
0.332649  337
0.332898  315
0.33396  365
0.334114  336
0.335517  203
0.335729  308
0.340245  346
0.345249  119
0.346071  331
0.347575  253
0.347735  171
0.349616  40
0.350386  281
0.351294  12
0.352874  375
0.352926  276
0.353517  30
0.353945  98
0.35409  394
0.355352  398
0.355876  327
0.356369  374
0.356443  244
0.356521  296
0.357242  371
0.357859  385
0.358166  198
0.358561  163
0.358591  343
0.358594  9
0.358791  286
0.359  29
0.359271  101
0.359569  260
0.359749  45
0.359857  42
0.360196  175
0.360443  118
0.360901  247
0.36096  312
0.36098  153
0.361018  123
0.361117  329
0.361405  91
0.361645  266
0.361846  138
0.361926  300
0.362025  316
0.362241  194
0.362294  7
0.362361  301
0.362402  372
0.362519  325
0.362699  143
0.362703  353
0.363251  36
0.363267  51
0.363268  270
0.36352  173
0.363602  378
0.363623  345
0.363691  21
0.3638  23
0.363915  152
0.363953  317
0.364264  87
0.364533  33
0.364558  44
0.36456  249
0.364603  357
0.364773  326
0.364784  144
0.364943  339
0.364983  61
0.365041  226
0.365041  22
0.365091  240
0.365271  350
0.365309  321
0.365444  274
0.365485  366
0.365487  348
0.365536  211
0.365695  314
0.365847  111
0.365951  117
0.36598  388
0.366055  299
0.366056  28
0.366138  376
0.366364  396
0.366472  355
0.366484  109
0.366608  254
0.366698  370
0.366725  18
0.366752  384
0.36694  277
0.367036  362
0.367083  360
0.367232  391
0.367328  84
0.367447  351
0.367491  132
0.367716  352
0.367879  130
0.368275  41
0.368313  60
0.368323  335
0.368682  322
0.368772  334
0.368901  176
0.368992  161
0.369161  184
0.36928  304
0.369494  389
0.369793  164
0.369838  399
0.369863  364
0.369895  217
0.370052  127
0.370166  323
0.370198  257
0.370858  191
0.370876  367
0.370904  341
0.370983  83
0.371014  82
0.371066  305
0.371084  386
0.371177  332
0.371309  359
0.371752  382
0.37183  397
0.371988  354
0.372148  330
0.37217  356
0.37222  393
0.372294  344
0.372372  377
0.37246  159
0.372496  46
0.372609  395
0.372645  318
0.372847  256
0.373819  320
0.374174  373
0.374603  43
0.37463  120
0.37464  187
0.375013  347
0.375886  99
0.376062  102
0.376457  218
0.376839  338
0.377072  202
0.377487  288
0.377636  251
0.377894  230
0.37792  340
0.378098  114
0.378298  380
0.378492  73
0.37874  363
0.379027  26
0.379271  390
0.379684  369
0.380163  309
0.380268  336
0.380323  392
0.380412  229
0.381311  313
0.382159  223
0.382505  337
0.382699  319
0.382782  195
0.383207  358
0.385559  311
0.386905  92
0.387006  145
0.387061  77
0.387496  349
0.387676  333
0.388361  328
0.388845  181
0.388933  261
0.389711  365
0.38995  190
0.390154  342
0.391511  346
0.391639  182
0.392752  387
0.394135  331
0.394411  385
0.395913  207
0.396023  307
0.397029  368
0.397705  361
0.397876  104
0.398036  215
0.398642  122
0.401187  308
0.401569  178
0.401575  177
0.401601  200
0.401822  379
0.402423  206
0.402757  324
0.403327  149
0.404322  14
0.404866  39
0.40585  68
0.405999  116
0.406052  193
0.40612  291
0.406354  58
0.406399  310
0.406511  140
0.406741  264
0.407096  150
0.407113  297
0.407311  289
0.407333  260
0.407355  15
0.407583  40
0.407646  189
0.407715  306
0.407751  168
0.407847  124
0.407848  381
0.408005  95
0.40803  10
0.408082  221
0.408092  383
0.408117  188
0.408315  303
0.408479  302
0.408685  148
0.408765  209
0.40883  185
0.409175  375
0.409305  233
0.409339  35
0.409729  327
0.409847  253
0.410038  371
0.410168  72
0.410343  5
0.410433  142
0.410459  166
0.410585  396
0.410625  49
0.410718  259
0.410892  210
0.410947  199
0.410951  213
0.411093  2
0.411176  64
0.41122  47
0.411292  350
0.41137  300
0.411412  374
0.411449  19
0.411456  315
0.411539  321
0.411557  345
0.411585  115
0.411615  394
0.41175  316
0.411873  237
0.411901  248
0.412137  278
0.412434  228
0.412508  197
0.412514  290
0.412537  344
0.412553  204
0.412665  179
0.412673  89
0.412858  203
0.412915  348
0.412966  386
0.413056  372
0.413134  160
0.413214  52
0.413489  97
0.413632  205
0.413668  326
0.413791  343
0.413807  224
0.41382  154
0.414046  107
0.414083  65
0.4141  231
0.414217  9
0.414307  128
0.414323  357
0.414324  183
0.414325  359
0.414387  283
0.414469  69
0.414555  125
0.414572  398
0.414607  123
0.414609  334
0.41461  34
0.414622  157
0.414691  167
0.414733  121
0.414781  388
0.414812  85
0.414849  323
0.414907  356
0.415075  141
0.415139  172
0.415141  329
0.415254  27
0.415256  347
0.415284  280
0.415352  335
0.415608  279
0.41565  212
0.415759  317
0.415765  8
0.415836  378
0.415889  301
0.416011  208
0.416014  53
0.416034  67
0.416054  376
0.416102  37
0.416152  364
0.416182  81
0.41619  146
0.416211  96
0.416234  147
0.416336  61
0.416347  339
0.416359  304
0.41636  48
0.416379  3
0.416457  373
0.416491  362
0.41655  129
0.416585  88
0.416619  234
0.416642  351
0.416655  368
0.41672  365
0.416767  384
0.416782  395
0.416858  332
0.416917  360
0.416927  268
0.417001  322
0.417013  330
0.417016  25
0.417017  161
0.417041  192
0.417082  38
0.417096  265
0.417213  165
0.417214  338
0.417263  353
0.417334  293
0.417487  271
0.417793  336
0.417794  252
0.417889  214
0.417923  397
0.417973  324
0.418066  341
0.418068  391
0.418075  0
0.418109  56
0.418128  261
0.418159  314
0.418212  392
0.418236  156
0.418255  232
0.418303  43
0.418329  382
0.418611  312
0.418707  340
0.418819  130
0.418881  284
0.419175  331
0.419198  320
0.419292  366
0.419318  377
0.419366  171
0.419464  385
0.419576  309
0.419645  370
0.419651  108
0.419656  363
0.420115  59
0.420151  393
0.420155  73
0.420204  112
0.42035  32
0.420466  31
0.420575  305
0.420835  292
0.420914  337
0.420924  311
0.420926  367
0.42093  227
0.420989  346
0.421015  244
0.42126  313
0.421585  354
0.42163  57
0.42165  389
0.421756  342
0.421781  11
0.422366  139
0.422427  318
0.422431  390
0.422461  134
0.422711  399
0.423134  229
0.423265  295
0.423589  127
0.423591  135
0.423722  308
0.423772  387
0.424512  358
0.424908  270
0.425342  355
0.425544  24
0.42574  145
0.425753  242
0.426272  4
0.426391  236
0.427136  216
0.427423  51
0.42757  319
0.428675  349
0.429083  285
0.429563  288
0.429679  333
0.429939  122
0.430448  380
0.432074  361
0.43304  207
0.433255  328
0.43482  369
0.436042  352
0.436257  247
0.438227  104
0.43852  173
0.439203  379
0.441728  196
0.44213  381
0.442914  306
0.444362  75
0.444538  254
0.444735  325
0.446113  239
0.449664  80
0.449672  176
0.451334  350
0.451419  282
0.451505  299
0.451892  220
0.451926  240
0.451988  300
0.452567  255
0.453148  76
0.453218  383
0.453722  14
0.453731  241
0.453784  143
0.453929  86
0.454352  106
0.454967  109
0.455048  274
0.455198  63
0.455397  225
0.4555  30
0.455543  177
0.455689  396
0.455728  169
0.455735  223
0.455911  102
0.455947  154
0.456044  310
0.456141  226
0.456181  164
0.456207  45
0.456336  29
0.456362  94
0.456599  98
0.456603  20
0.456666  304
0.456755  131
0.456767  217
0.456927  70
0.456992  398
0.457007  201
0.457093  301
0.457217  36
0.457267  340
0.457276  21
0.457342  322
0.457427  114
0.457505  26
0.457506  341
0.457539  256
0.457577  211
0.457628  235
0.457637  334
0.457769  174
0.457937  281
0.457972  374
0.458  315
0.458026  113
0.458029  152
0.458107  395
0.458178  302
0.458244  326
0.458264  71
0.458267  344
0.458317  144
0.458351  137
0.458366  87
0.458478  376
0.458481  116
0.458558  264
0.458597  359
0.458758  93
0.458772  175
0.458788  190
0.458793  294
0.458848  275
0.458889  384
0.458892  329
0.4589  372
0.458965  246
0.458967  323
0.458971  133
0.458981  347
0.458987  277
0.459129  345
0.459167  278
0.459237  303
0.459247  331
0.459435  373
0.459505  388
0.459548  316
0.459661  337
0.459729  357
0.459823  375
0.460178  362
0.460295  50
0.460325  364
0.460447  370
0.460538  317
0.460614  74
0.460737  296
0.46076  378
0.460811  151
0.460891  335
0.460995  44
0.461047  307
0.4611  371
0.461184  186
0.461512  111
0.461535  61
0.461705  366
0.461706  147
0.4619  79
0.461978  273
0.461995  342
0.462018  245
0.462161  327
0.462274  110
0.462308  10
0.462426  219
0.462435  336
0.462472  309
0.462688  343
0.462726  394
0.462752  170
0.462771  377
0.462947  332
0.462972  126
0.463  393
0.463115  43
0.463138  13
0.4633  338
0.463777  41
0.463905  259
0.463936  148
0.463959  266
0.464189  257
0.464266  361
0.464295  62
0.464355  351
0.46444  182
0.464504  339
0.464552  205
0.464618  319
0.464742  321
0.4648  60
0.464829  92
0.464833  129
0.464837  136
0.464891  353
0.464908  314
0.464954  358
0.464986  330
0.465022  382
0.46509  318
0.465112  202
0.465191  397
0.465266  349
0.465526  35
0.465527  385
0.465554  392
0.465616  234
0.465685  360
0.465809  23
0.465819  1
0.465895  399
0.466062  313
0.466206  386
0.466301  19
0.466501  283
0.466883  237
0.466892  193
0.466995  306
0.467135  103
0.467226  100
0.467375  214
0.467483  127
0.467485  32
0.467532  117
0.467554  142
0.467667  348
0.467751  47
0.467791  191
0.467869  346
0.468286  18
0.468291  260
0.468314  355
0.468378  265
0.468388  287
0.468485  269
0.468681  64
0.468692  387
0.468695  243
0.468859  66
0.469151  130
0.469213  91
0.469563  305
0.469646  324
0.469892  37
0.469934  368
0.470108  158
0.470159  380
0.470262  363
0.470365  367
0.470424  311
0.470577  238
0.470728  9
0.470841  369
0.471073  121
0.471075  333
0.471287  308
0.471358  280
0.471386  28
0.47157  120
0.471778  390
0.471867  230
0.471942  194
0.472163  165
0.472274  6
0.472468  58
0.472495  46
0.472737  166
0.472889  178
0.473171  197
0.473509  12
0.47358  168
0.473757  27
0.473777  208
0.474143  159
0.474178  17
0.474182  149
0.474224  325
0.474295  389
0.47456  160
0.474604  286
0.474741  228
0.474812  354
0.474908  153
0.474929  262
0.475355  298
0.475741  105
0.476058  379
0.476084  356
0.476086  312
0.476212  56
0.476639  320
0.476838  135
0.477163  232
0.477282  344
0.477529  22
0.477667  244
0.477959  210
0.478105  373
0.478326  2
0.478399  54
0.478587  350
0.478858  162
0.47888  146
0.478954  125
0.479281  163
0.479565  184
0.479685  365
0.479722  384
0.479829  240
0.47985  118
0.480027  329
0.480032  185
0.480184  340
0.480224  138
0.480256  323
0.480328  233
0.480385  381
0.480748  89
0.480749  391
0.480923  270
0.480935  84
0.48095  285
0.481195  90
0.481455  315
0.481704  7
0.482351  395
0.48272  309
0.482732  82
0.483042  73
0.483268  222
0.483332  276
0.483401  80
0.483533  180
0.483711  328
0.483721  366
0.483749  353
0.483824  141
0.483957  236
0.484583  293
0.484593  345
0.484778  327
0.484872  334
0.485208  172
0.485254  81
0.48544  316
0.485513  40
0.485522  55
0.48578  301
0.485909  156
0.485979  362
0.486051  119
0.486148  15
0.486337  337
0.486353  52
0.486422  76
0.486633  65
0.486849  375
0.486968  216
0.487191  302
0.48754  331
0.487569  99
0.487754  352
0.48806  398
0.488359  332
0.488452  341
0.488602  224
0.488735  378
0.488872  393
0.489022  310
0.489026  212
0.489492  157
0.489582  396
0.490001  229
0.490077  164
0.490577  213
0.490693  183
0.490833  394
0.491002  272
0.491086  347
0.491123  382
0.491581  303
0.492623  38
0.493458  322
0.493954  330
0.494962  370
0.495022  0
0.49505  67
0.495146  215
0.496924  304
0.497022  33
0.497419  387
0.497985  361
0.498123  53
0.498503  377
0.498901  131
0.499125  359
0.499709  348
0.499767  83
0.499869  372
0.499934  235
0.500151  297
0.500187  187
0.500212  69
0.500312  295
0.500456  307
0.500736  369
0.501302  358
0.501349  383
0.501862  321
0.502537  364
0.503188  339
0.503648  335
0.503739  8
0.504443  317
0.504647  132
0.504826  386
0.506462  169
0.507307  282
0.509251  371
0.509424  388
0.511241  101
0.512267  376
0.512549  306
0.513777  397
0.514134  368
0.514356  325
0.514501  231
0.514759  343
0.514768  336
0.515515  280
0.515578  385
0.516914  175
0.517271  207
0.517282  25
0.517391  250
0.517837  4
0.518513  399
0.519484  234
0.519993  319
0.520418  390
0.520591  143
0.520825  338
0.521908  346
0.522044  357
0.522347  139
0.522539  351
0.522657  392
0.522943  333
0.523505  349
0.523959  342
0.524088  200
0.524104  78
0.525253  140
0.525414  154
0.525775  374
0.526139  308
0.52726  389
0.527412  360
0.528324  176
0.529129  380
0.529472  326
0.529478  49
0.529831  39
0.529957  32
0.52996  66
0.53005  340
0.530311  226
0.530875  300
0.53092  206
0.531368  130
0.531545  292
0.531741  238
0.531824  219
0.531861  188
0.532189  328
0.53243  354
0.532442  275
0.532889  120
0.533822  208
0.533857  251
0.533925  258
0.534057  279
0.534084  267
0.534174  20
0.534392  320
0.53445  312
0.534539  274
0.534591  337
0.534638  144
0.534748  152
0.535338  355
0.535417  373
0.535436  112
0.535507  313
0.535552  137
0.535556  365
0.5357  305
0.53599  285
0.536021  277
0.536063  344
0.536353  264
0.536466  85
0.536574  323
0.536609  315
0.537155  110
0.537159  304
0.537251  107
0.537733  59
0.538314  379
0.538479  74
0.538618  356
0.538768  260
0.539664  367
0.539786  199
0.540292  48
0.540496  145
0.540564  76
0.540894  225
0.541245  221
0.541501  381
0.541544  378
0.541746  2
0.542002  303
0.542027  294
0.542054  223
0.542128  113
0.542185  3
0.542189  128
0.542271  271
0.542388  93
0.542671  151
0.542825  149
0.542984  350
0.543253  95
0.543336  281
0.543355  36
0.543395  15
0.543443  322
0.543451  12
0.543683  331
0.543711  318
0.54379  108
0.543802  382
0.543838  248
0.543875  334
0.543889  57
0.543948  242
0.544046  311
0.544101  179
0.54419  384
0.544326  363
0.544346  353
0.544357  14
0.544578  177
0.544694  368
0.544728  314
0.544877  72
0.544882  327
0.544945  255
0.545222  265
0.54526  256
0.545286  396
0.545342  55
0.54544  114
0.545501  42
0.54558  398
0.545677  332
0.545766  129
0.545794  209
0.545814  34
0.545817  50
0.545829  228
0.545878  278
0.545895  330
0.546116  324
0.546119  100
0.546167  204
0.546295  87
0.54632  116
0.546382  263
0.546432  341
0.546519  7
0.546534  309
0.546709  150
0.546787  211
0.546818  124
0.547303  364
0.547378  205
0.547423  16
0.547601  310
0.54763  201
0.547665  394
0.547745  9
0.547916  148
0.547992  68
0.548022  375
0.548113  302
0.548137  27
0.548256  190
0.548335  306
0.548434  377
0.548497  321
0.548497  393
0.5485  361
0.548549  301
0.548747  46
0.548878  244
0.549001  174
0.549102  239
0.549168  372
0.549248  298
0.549311  359
0.549415  163
0.549734  338
0.549811  390
0.549949  99
0.550192  0
0.550499  195
0.55053  180
0.550535  283
0.550624  269
0.55089  335
0.550915  232
0.550938  343
0.551033  336
0.551044  347
0.551067  257
0.551126  316
0.551128  357
0.551156  371
0.551304  184
0.551307  118
0.551309  392
0.551447  160
0.551811  284
0.551986  125
0.552091  44
0.552135  51
0.552214  383
0.552333  115
0.552352  157
0.552391  329
0.552731  339
0.552863  385
0.552881  45
0.552916  121
0.552931  395
0.553078  126
0.553089  352
0.553124  387
0.553223  66
0.553276  369
0.553471  90
0.553788  366
0.553845  391
0.553954  259
0.553992  240
0.554018  380
0.55403  1
0.554069  300
0.554179  370
0.554448  273
0.554488  75
0.554651  104
0.555256  358
0.555333  196
0.555385  237
0.555735  54
0.555737  397
0.555853  247
0.556299  155
0.556422  320
0.556595  280
0.556943  333
0.557017  386
0.557243  319
0.557288  317
0.55738  5
0.557383  342
0.557414  360
0.557485  253
0.55754  399
0.557566  29
0.557574  218
0.557747  362
0.557949  83
0.558238  376
0.558328  166
0.558832  102
0.558999  91
0.559087  30
0.559146  230
0.559227  313
0.559307  346
0.560219  182
0.560551  61
0.560809  165
0.560869  19
0.560949  340
0.560968  323
0.561218  356
0.561566  22
0.561756  292
0.561819  107
0.562039  379
0.562249  365
0.562397  307
0.562421  389
0.562953  305
0.563009  97
0.563167  158
0.563923  354
0.564306  4
0.566434  351
0.566508  111
0.56674  388
0.56684  252
0.567231  282
0.567546  236
0.567666  315
0.56953  374
0.569696  349
0.570954  84
0.571425  355
0.571959  223
0.57289  21
0.573362  143
0.573484  167
0.573723  337
0.574426  169
0.575167  181
0.57636  348
0.576578  127
0.576604  122
0.576796  168
0.577098  77
0.577187  175
0.577394  312
0.578256  156
0.578262  203
0.578263  217
0.57828  396
0.578392  272
0.578522  202
0.578801  28
0.578801  88
0.578923  325
0.578929  249
0.579162  353
0.579305  330
0.579516  291
0.579672  335
0.579829  328
0.579981  287
0.580241  60
0.580257  109
0.580504  47
0.580774  373
0.580816  271
0.580918  33
0.58092  193
0.580933  250
0.581344  222
0.581509  25
0.581592  344
0.581682  304
0.581829  381
0.581872  65
0.581956  303
0.582104  86
0.582107  56
0.582114  197
0.582167  142
0.582177  308
0.58227  172
0.58238  367
0.582509  341
0.582519  191
0.582787  345
0.583068  318
0.583304  40
0.583364  185
0.584095  378
0.584169  173
0.584338  339
0.584526  311
0.585471  105
0.585676  398
0.585734  324
0.58603  18
0.586211  246
0.586364  139
0.586451  290
0.586525  188
0.586735  383
0.586959  123
0.58745  364
0.587475  301
0.587533  309
0.588074  38
0.588134  136
0.588261  293
0.588513  67
0.588946  326
0.58903  124
0.589059  347
0.589122  314
0.589475  361
0.589548  377
0.58992  316
0.59002  327
0.590096  332
0.59015  132
0.590271  234
0.590459  162
0.590491  261
0.590558  192
0.590561  363
0.59065  79
0.591122  206
0.591252  262
0.591571  161
0.592198  71
0.592422  131
0.592529  359
0.592663  306
0.592738  289
0.593153  302
0.59316  343
0.593191  205
0.593303  133
0.593391  251
0.593509  266
0.59355  260
0.59356  387
0.593638  46
0.593784  274
0.593815  321
0.593875  224
0.593946  310
0.594272  391
0.594305  336
0.594448  375
0.594481  227
0.594688  358
0.594767  68
0.594876  322
0.595134  138
0.595422  372
0.595516  273
0.595571  117
0.59576  384
0.595858  78
0.59629  390
0.596511  98
0.596511  350
0.596726  315
0.596805  334
0.596912  382
0.596961  171
0.597181  300
0.597385  394
0.597409  66
0.597458  62
0.597731  140
0.597745  313
0.597889  360
0.597938  346
0.597953  95
0.598075  340
0.598227  362
0.59831  320
0.598399  386
0.59852  17
0.598777  82
0.598847  388
0.599139  189
0.599285  393
0.599604  331
0.599822  299
0.600376  210
0.600553  317
0.600978  342
0.601007  385
0.601811  371
0.602593  31
0.602613  323
0.602785  220
0.605535  352
0.606667  207
0.606804  37
0.607275  149
0.607799  349
0.610342  295
0.611774  96
0.611967  278
0.61215  307
0.612627  348
0.613297  392
0.613323  101
0.613585  395
0.613958  134
0.615314  81
0.615466  333
0.615891  130
0.616428  351
0.616523  366
0.617402  153
0.617518  146
0.618124  43
0.6182  305
0.618322  238
0.61884  376
0.61978  100
0.620424  36
0.620524  329
0.620592  212
0.621945  229
0.622567  213
0.623153  64
0.623475  244
0.623912  365
0.624012  20
0.624563  380
0.624667  90
0.624794  42
0.624907  52
0.624959  48
0.624996  6
0.625021  338
0.625092  94
0.625378  396
0.625429  241
0.625699  112
0.625753  16
0.626439  324
0.626446  297
0.626801  235
0.626887  319
0.627043  53
0.627083  271
0.627153  83
0.627589  369
0.627842  4
0.627877  2
0.627897  264
0.628099  267
0.628268  368
0.628281  233
0.628322  7
0.62833  304
0.628652  354
0.628706  399
0.628717  243
0.628806  225
0.628827  22
0.628918  379
0.629222  24
0.629326  397
0.629338  54
0.629478  92
0.629507  209
0.629536  374
0.629668  35
0.62985  179
0.629851  106
0.630002  226
0.630016  199
0.630074  332
0.630157  164
0.630174  15
0.630284  389
0.63037  356
0.630436  49
0.630448  367
0.630518  345
0.630528  125
0.630553  55
0.630585  259
0.630659  73
0.630783  198
0.630951  312
0.630987  23
0.630997  316
0.631104  1
0.631149  318
0.631468  311
0.631538  284
0.631571  325
0.631681  245
0.631707  270
0.631877  10
0.631947  12
0.632009  177
0.632112  248
0.632175  58
0.632195  165
0.632438  99
0.632486  154
0.632487  135
0.632511  181
0.632626  310
0.632659  306
0.632668  136
0.632673  373
0.632689  347
0.632745  19
0.632768  272
0.632775  314
0.632779  137
0.632785  378
0.632919  370
0.633033  330
0.633066  239
0.633268  315
0.633291  3
0.633375  39
0.633514  249
0.63352  254
0.633598  344
0.633712  353
0.633745  141
0.63392  279
0.633958  230
0.634049  339
0.634095  21
0.634125  361
0.634159  18
0.634187  359
0.634216  341
0.634217  89
0.634222  377
0.634269  387
0.634359  59
0.634365  355
0.634381  201
0.634441  274
0.634466  152
0.634475  114
0.634511  97
0.634538  111
0.634638  210
0.634781  76
0.634812  336
0.634969  398
0.635036  170
0.635246  168
0.635282  358
0.635354  342
0.635372  190
0.635378  26
0.635381  301
0.635455  195
0.635472  384
0.635511  255
0.63555  307
0.635625  321
0.635679  308
0.635812  86
0.635823  46
0.635839  386
0.635897  50
0.636069  31
0.636112  382
0.63615  323
0.636182  128
0.636188  372
0.636279  257
0.636302  335
0.636332  383
0.636342  360
0.63639  337
0.63643  327
0.636594  5
0.636598  375
0.636641  281
0.636701  394
0.636783  286
0.637016  343
0.637066  9
0.637113  348
0.637155  303
0.637229  116
0.637448  313
0.637609  328
0.637693  350
0.637695  132
0.637814  72
0.637899  309
0.638052  207
0.638137  85
0.638171  381
0.638326  385
0.638389  242
0.638571  40
0.638816  211
0.639089  34
0.639218  182
0.639404  28
0.639442  363
0.639599  70
0.639605  357
0.639613  75
0.639644  302
0.639679  68
0.63974  215
0.639911  288
0.64015  102
0.640176  352
0.640268  217
0.64041  84
0.640464  364
0.640495  334
0.640627  194
0.640966  63
0.640988  392
0.641219  366
0.64136  388
0.641468  172
0.641521  393
0.641795  275
0.641846  105
0.642211  142
0.642373  296
0.642696  104
0.642781  61
0.642959  395
0.643214  326
0.643387  124
0.643757  67
0.644053  175
0.644074  93
0.644122  147
0.644328  340
0.644376  186
0.644527  293
0.644999  204
0.645085  396
0.645385  127
0.645571  38
0.645574  113
0.645845  167
0.646151  185
0.646204  331
0.646719  179
0.646753  250
0.646825  391
0.646991  126
0.647377  371
0.647574  32
0.647666  317
0.647993  397
0.649054  390
0.649218  176
0.64924  224
0.649339  219
0.650289  349
0.650589  232
0.650841  333
0.651251  362
0.651279  322
0.651643  320
0.652296  346
0.652487  160
0.652659  188
0.652779  277
0.653725  91
0.654408  33
0.656078  376
0.656811  266
0.657113  398
0.657403  314
0.657702  228
0.658153  253
0.658557  380
0.659143  300
0.659885  159
0.659932  365
0.660828  221
0.661062  144
0.661616  37
0.662289  351
0.662299  341
0.662413  256
0.663765  161
0.663789  189
0.663938  368
0.664721  80
0.665067  60
0.665084  108
0.665144  345
0.665162  353
0.66523  329
0.665301  247
0.665398  45
0.665619  138
0.665878  178
0.665918  187
0.666003  361
0.666252  229
0.666662  69
0.666732  305
0.66675  304
0.667179  100
0.667207  347
0.667433  29
0.667626  358
0.667764  231
0.667891  143
0.667917  338
0.668024  330
0.668357  184
0.668451  131
0.668672  112
0.668845  87
0.668878  25
0.668985  374
0.669038  356
0.669078  354
0.669317  359
0.669335  282
0.669401  153
0.669504  352
0.669546  399
0.669795  88
0.669966  62
0.670258  327
0.670392  30
0.670766  315
0.670785  280
0.670912  367
0.671085  65
0.671161  382
0.671197  22
0.671738  148
0.671843  140
0.672143  119
0.672379  308
0.673224  389
0.673242  14
0.67332  303
0.673525  325
0.673827  379
0.674347  78
0.674376  103
0.674664  200
0.674665  292
0.675054  375
0.675125  252
0.675151  59
0.675314  321
0.675826  319
0.67586  311
0.676271  332
0.676303  169
0.67673  364
0.676872  278
0.676881  316
0.676891  370
0.677659  283
0.677698  373
0.677969  324
0.678025  235
0.678276  203
0.678335  8
0.678687  51
0.67918  318
0.679353  197
0.680408  360
0.680549  41
0.680549  27
0.680565  150
0.680605  163
0.680679  162
0.68097  384
0.681754  369
0.682072  216
0.682362  307
0.682849  261
0.682883  323
0.682932  339
0.683338  56
0.683417  310
0.683459  390
0.683605  190
0.683827  139
0.685017  164
0.685021  297
0.685081  335
0.685109  396
0.686027  212
0.686585  12
0.686682  340
0.686726  349
0.686732  101
0.686878  344
0.687528  357
0.687699  350
0.688404  312
0.68872  234
0.689109  104
0.690779  326
0.691318  383
0.691869  263
0.692132  333
0.692577  268
0.692589  223
0.693465  337
0.693491  386
0.693507  114
0.693517  306
0.69383  11
0.694026  279
0.694108  260
0.694414  385
0.694834  377
0.695115  343
0.69544  288
0.695595  26
0.695655  381
0.695787  16
0.695806  115
0.695895  265
0.696081  372
0.696134  301
0.69629  43
0.696386  394
0.696473  196
0.696495  99
0.696673  398
0.696681  110
0.696814  355
0.697185  0
0.697926  240
0.698213  336
0.698346  73
0.698362  121
0.698416  35
0.698508  281
0.699011  298
0.699333  67
0.69953  313
0.699614  170
0.699939  392
0.699948  346
0.700039  331
0.700061  171
0.700162  82
0.700241  244
0.70055  371
0.700553  395
0.701018  15
0.701057  309
0.701303  54
0.701561  320
0.70167  128
0.701708  209
0.702349  299
0.702367  227
0.702416  125
0.702709  286
0.703058  183
0.703876  332
0.703898  57
0.70435  122
0.704418  246
0.704611  198
0.704716  317
0.705057  176
0.705222  117
0.705413  172
0.705416  68
0.705638  58
0.705654  44
0.705795  387
0.705868  300
0.705971  321
0.705993  273
0.70607  284
0.706084  96
0.706215  149
0.706257  127
0.706273  305
0.706375  4
0.706413  393
0.706483  351
0.706491  380
0.706509  388
0.706572  302
0.706579  174
0.70661  31
0.706646  391
0.706763  167
0.706886  345
0.706977  208
0.707005  378
0.707057  165
0.707099  267
0.707103  243
0.70728  146
0.707286  158
0.707301  107
0.707367  342
0.707398  28
0.707447  322
0.707479  379
0.707501  314
0.707712  251
0.707723  86
0.707782  328
0.70779  206
0.708071  287
0.70811  13
0.708229  376
0.708308  188
0.708431  289
0.708685  135
0.708792  145
0.708807  347
0.708843  159
0.708875  133
0.70895  21
0.709085  397
0.709097  277
0.709417  365
0.709479  36
0.709525  137
0.709661  366
0.709678  185
0.709687  304
0.709802  236
0.709881  362
0.709998  363
0.710147  151
0.710303  303
0.71046  354
0.710597  7
0.710742  239
0.710911  202
0.710966  348
0.711036  173
0.711045  71
0.711047  61
0.711167  315
0.711503  352
0.711553  129
0.711555  108
0.7116  325
0.711687  168
0.711714  155
0.711751  327
0.711778  359
0.71179  85
0.711977  106
0.712032  310
0.712035  1
0.712038  3
0.712095  272
0.712118  257
0.712128  361
0.712187  334
0.712219  192
0.712285  154
0.712363  330
0.712536  358
0.712669  307
0.712712  238
0.712727  5
0.712765  308
0.712937  250
0.71298  353
0.713195  116
0.713228  47
0.713402  340
0.713433  311
0.713607  237
0.713656  276
0.713783  253
0.713943  130
0.713955  113
0.713974  126
0.713985  147
0.714002  294
0.714294  201
0.714325  187
0.714444  375
0.714447  248
0.714496  19
0.714678  180
0.714812  179
0.714866  326
0.715098  324
0.715158  49
0.715219  160
0.715321  138
0.715461  389
0.71548  373
0.715587  197
0.715599  76
0.715687  232
0.715716  269
0.715783  17
0.715798  368
0.715976  134
0.716329  341
0.716342  83
0.716359  399
0.716403  123
0.71646  360
0.716619  338
0.716634  142
0.71665  382
0.71668  370
0.71681  214
0.716923  89
0.717357  274
0.717388  323
0.717538  92
0.717859  339
0.71804  293
0.718238  264
0.718304  329
0.71836  374
0.718368  290
0.718544  18
0.718551  120
0.718662  335
0.718735  59
0.718755  184
0.71884  356
0.71911  249
0.719214  367
0.719224  364
0.719249  144
0.719309  177
0.719335  384
0.719449  141
0.719713  181
0.719791  318
0.719942  357
0.720036  390
0.720143  343
0.720166  316
0.72023  34
0.720263  205
0.720264  271
0.7204  396
0.720401  262
0.720461  213
0.72067  344
0.721378  42
0.721383  295
0.721455  312
0.721621  333
0.72171  199
0.721895  350
0.722013  301
0.722302  266
0.722433  207
0.72261  162
0.72271  70
0.722934  381
0.723288  111
0.723362  383
0.723591  259
0.724012  372
0.724095  228
0.724194  186
0.724272  377
0.724638  190
0.724724  337
0.724909  46
0.725137  369
0.725399  8
0.725516  395
0.725688  152
0.725704  225
0.725822  124
0.725859  29
0.726227  313
0.726415  386
0.726689  23
0.72671  387
0.727055  74
0.727377  77
0.727455  392
0.727865  394
0.729895  156
0.730238  349
0.730616  210
0.730675  328
0.731203  90
0.732623  378
0.732692  362
0.732772  247
0.733373  319
0.733868  222
0.733937  139
0.735023  391
0.735145  336
0.736211  398
0.73653  87
0.739283  388
0.740322  346
0.740614  385
0.741217  195
0.742187  52
0.743114  305
0.743278  317
0.743554  193
0.744086  308
0.745345  270
0.746259  256
0.746623  204
0.746961  379
0.747599  347
0.747734  241
0.747787  376
0.747905  14
0.74823  48
0.748242  306
0.750133  191
0.751262  41
0.751512  258
0.753206  38
0.753947  132
0.754183  332
0.754323  103
0.754682  345
0.755198  15
0.755388  102
0.755436  215
0.755486  356
0.75583  342
0.756012  65
0.756174  189
0.75621  321
0.75623  314
0.756368  148
0.756405  200
0.756427  310
0.756444  182
0.756579  285
0.756815  37
0.756977  81
0.757035  219
0.757238  397
0.757327  324
0.757687  80
0.757733  45
0.757804  288
0.757897  79
0.757914  304
0.758009  62
0.758134  119
0.758223  340
0.758323  217
0.758355  393
0.758424  355
0.758536  275
0.758935  366
0.759025  384
0.759102  202
0.759224  150
0.759283  361
0.759499  64
0.759971  164
0.760335  218
0.760353  175
0.760436  371
0.760558  13
0.760609  22
0.760633  43
0.760759  351
0.760779  309
0.761022  114
0.761117  25
0.761119  363
0.76119  282
0.761382  203
0.761416  245
0.761487  330
0.761583  230
0.761682  194
0.761684  56
0.76169  20
0.761772  107
0.76196  386
0.761963  12
0.761987  291
0.762146  95
0.762235  331
0.76225  220
0.762277  140
0.762315  341
0.762325  131
0.762368  10
0.762461  4
0.762481  106
0.762524  254
0.762609  118
0.76287  94
0.762998  335
0.763119  367
0.763148  170
0.763232  226
0.763253  290
0.763275  91
0.763303  78
0.763324  26
0.763514  318
0.763541  121
0.76386  39
0.763949  365
0.764126  30
0.764281  380
0.764368  161
0.764446  302
0.764487  368
0.764521  169
0.764548  33
0.764553  354
0.764569  353
0.764611  312
0.764733  316
0.764796  145
0.76486  311
0.764918  315
0.765216  171
0.765219  122
0.765273  300
0.765296  359
0.76545  180
0.765456  352
0.765662  115
0.765928  399
0.765945  344
0.766032  357
0.76615  334
0.766193  325
0.766212  358
0.76627  100
0.766333  348
0.766371  109
0.76658  392
0.766714  146
0.766799  84
0.766809  130
0.766931  98
0.766945  323
0.767001  68
0.76708  303
0.767089  339
0.767098  44
0.76721  260
0.767212  350
0.767278  268
0.767417  328
0.767632  381
0.767923  338
0.767942  373
0.768073  127
0.768073  313
0.768108  69
0.7683  66
0.768351  329
0.768527  199
0.768635  48
0.768695  374
0.768745  372
0.768829  184
0.769209  395
0.76924  228
0.769312  223
0.76971  337
0.769765  110
0.769914  159
0.769965  89
0.77011  252
0.770116  378
0.770464  398
0.770489  172
0.770535  53
0.770694  0
0.770725  151
0.770787  208
0.770931  382
0.771195  88
0.771223  333
0.771457  294
0.771467  322
0.771492  387
0.771559  389
0.771652  263
0.771738  385
0.77176  283
0.771846  301
0.772173  153
0.772214  99
0.772245  75
0.772273  157
0.772355  377
0.77288  369
0.773056  349
0.773057  343
0.773219  167
0.773572  162
0.773712  370
0.773789  327
0.774172  320
0.774583  229
0.774688  362
0.774913  394
0.775009  243
0.775364  55
0.775481  129
0.775643  63
0.775899  29
0.776288  383
0.776434  213
0.777279  244
0.777891  307
0.778007  166
0.778439  360
0.779257  281
0.779287  332
0.780124  261
0.780255  295
0.780368  105
0.780389  163
0.780487  321
0.780781  396
0.780823  391
0.78164  375
0.782063  306
0.782102  255
0.782144  156
0.782238  317
0.782305  298
0.782985  111
0.783278  390
0.783928  21
0.784049  259
0.784444  5
0.784955  70
0.785632  138
0.785634  384
0.785773  51
0.786654  379
0.787052  364
0.787168  319
0.787253  336
0.787842  347
0.789188  136
0.78949  326
0.790637  185
0.790874  72
0.792998  355
0.793195  272
0.795523  376
0.796662  310
0.7972  356
0.797214  178
0.797331  35
0.798266  83
0.798564  34
0.799029  346
0.799109  324
0.799196  251
0.799252  309
0.799618  97
0.799945  192
0.801175  24
0.801657  224
0.801705  147
0.801947  126
0.802323  1
0.802386  67
0.802468  305
0.802624  58
0.803278  3
0.803832  103
0.803969  388
0.804058  18
0.804128  274
0.804384  345
0.804414  212
0.804778  308
0.805028  325
0.805182  367
0.805607  27
0.805611  120
0.805767  7
0.806037  160
0.806095  342
0.806169  353
0.806368  341
0.807377  292
0.807467  300
0.807513  198
0.80764  90
0.807715  318
0.808002  330
0.808112  361
0.808543  104
0.808549  354
0.808876  351
0.808882  186
0.808908  257
0.809375  106
0.809426  380
0.809461  265
0.809464  315
0.809598  335
0.809602  386
0.809625  304
0.809922  218
0.810045  344
0.810506  371
0.81085  279
0.811031  233
0.811193  30
0.811274  286
0.811669  190
0.811747  314
0.812191  204
0.812207  312
0.812228  269
0.812233  393
0.812248  365
0.812341  49
0.812769  334
0.81304  32
0.813221  271
0.813248  195
0.813266  42
0.813346  189
0.813717  373
0.814007  155
0.814214  246
0.814244  359
0.814336  397
0.814457  139
0.814492  82
0.81455  282
0.814564  193
0.814762  358
0.815039  329
0.815071  205
0.815086  227
0.815111  2
0.815129  234
0.815398  387
0.815614  366
0.815616  112
0.815905  36
0.816014  209
0.816041  340
0.816055  85
0.816122  149
0.816334  132
0.816545  357
0.816736  302
0.816783  181
0.816842  363
0.817124  369
0.817296  254
0.817353  383
0.817361  285
0.817719  370
0.817982  293
0.818008  368
0.818113  389
0.818134  331
0.818203  96
0.818272  152
0.818698  228
0.818755  8
0.818932  377
0.818976  378
0.8191  33
0.819125  316
0.819145  352
0.819181  350
0.819188  311
0.819209  187
0.819213  394
0.819219  382
0.819334  288
0.819399  137
0.819511  84
0.819654  399
0.81983  328
0.819896  14
0.820053  362
0.820119  78
0.820419  141
0.820623  273
0.820721  381
0.820747  338
0.820766  332
0.820808  398
0.82102  242
0.821095  260
0.821453  125
0.821687  322
0.821859  337
0.822014  101
0.822144  117
0.822295  11
0.822555  306
0.822567  395
0.822808  339
0.822822  303
0.823217  392
0.823294  317
0.823329  376
0.823372  253
0.823643  327
0.824127  6
0.824525  102
0.824538  144
0.82485  385
0.825538  321
0.825551  54
0.825691  258
0.826301  225
0.826512  301
0.826717  170
0.827433  348
0.827492  25
0.829122  153
0.829677  197
0.82968  81
0.830438  372
0.830525  349
0.830565  182
0.830635  207
0.831045  0
0.831436  176
0.831681  92
0.831909  247
0.83228  355
0.83318  74
0.833518  183
0.833676  336
0.833762  171
0.834034  121
0.834681  374
0.835041  140
0.83512  71
0.835152  9
0.835171  309
0.835424  307
0.83582  333
0.83604  290
0.836223  122
0.8363  379
0.836494  77
0.836699  275
0.836996  390
0.838083  320
0.839159  375
0.839769  208
0.840097  17
0.840364  200
0.840399  134
0.840834  116
0.841136  239
0.841429  108
0.841724  202
0.841781  343
0.841803  231
0.842058  93
0.842404  310
0.842571  264
0.842652  119
0.842731  180
0.842892  43
0.843326  158
0.843445  48
0.843479  326
0.843509  226
0.843528  296
0.843797  396
0.843972  164
0.843972  31
0.843989  221
0.84401  45
0.844268  219
0.844349  28
0.844497  299
0.844618  331
0.844625  206
0.844715  79
0.844869  386
0.844897  308
0.845049  313
0.84522  47
0.845279  341
0.845313  160
0.845333  284
0.845342  57
0.845374  360
0.845539  280
0.845639  380
0.845839  130
0.845921  64
0.846186  172
0.846279  384
0.846365  342
0.846545  142
0.846579  391
0.846583  133
0.846687  115
0.846793  118
0.846954  300
0.847048  324
0.847054  59
0.847241  335
0.847298  185
0.847361  15
0.847362  397
0.847405  241
0.847559  21
0.84764  323
0.847822  305
0.847841  29
0.847953  51
0.84801  65
0.848213  283
0.848274  161
0.848467  371
0.848539  330
0.848691  382
0.848739  268
0.848913  325
0.849072  347
0.849146  222
0.849262  99
0.849323  270
0.849685  67
0.849705  154
0.849745  353
0.849759  4
0.850085  169
0.85018  298
0.850189  196
0.85024  251
0.850245  46
0.850279  80
0.850298  315
0.850364  5
0.850438  393
0.850566  235
0.850648  354
0.85078  173
0.850797  52
0.850901  262
0.850948  367
0.851129  240
0.851139  369
0.851145  145
0.851151  237
0.851162  73
0.85141  248
0.851488  329
0.851542  318
0.851623  399
0.851793  304
0.851837  86
0.851851  215
0.851854  370
0.851975  201
0.852007  312
0.852035  157
0.852044  364
0.85205  53
0.85206  261
0.852318  388
0.852328  272
0.852486  123
0.852492  346
0.852655  266
0.852707  50
0.852716  199
0.852961  94
0.852993  356
0.853209  177
0.853246  345
0.853342  351
0.853806  100
0.853928  363
0.853977  217
0.854004  328
0.854212  107
0.854249  229
0.854272  327
0.854343  72
0.854377  61
0.854419  60
0.854436  194
0.854649  297
0.854686  314
0.854815  365
0.854819  63
0.854986  361
0.854996  395
0.855038  214
0.855071  344
0.855117  377
0.85516  366
0.855175  348
0.855199  319
0.855202  124
0.855203  62
0.855248  334
0.855267  34
0.855316  256
0.855371  150
0.855454  387
0.855475  339
0.855928  38
0.855946  40
0.855947  78
0.855962  184
0.856085  317
0.856128  394
0.856162  223
0.85619  302
0.856339  95
0.856439  321
0.856477  322
0.856608  381
0.856668  87
0.856671  216
0.856856  373
0.857104  332
0.857155  350
0.857223  352
0.857284  2
0.857376  232
0.857481  27
0.857592  333
0.857618  385
0.857627  138
0.857919  376
0.858093  212
0.858196  359
0.85845  306
0.858578  383
0.858581  245
0.858877  398
0.859071  252
0.859277  311
0.859547  316
0.859721  374
0.860139  357
0.860403  336
0.860623  163
0.860807  89
0.861484  23
0.861904  390
0.861969  153
0.862157  358
0.862226  368
0.863545  55
0.863822  182
0.864787  267
0.865508  372
0.865678  84
0.865882  307
0.86693  340
0.866933  13
0.867623  166
0.868351  375
0.868515  379
0.868916  135
0.869877  282
0.870706  209
0.873874  22
0.873876  276
0.874117  225
0.875242  287
0.875446  337
0.875655  378
0.877498  303
0.878152  355
0.878806  384
0.878866  362
0.879495  113
0.881747  349
0.881925  392
0.88233  309
0.882625  91
0.883154  36
0.883156  277
0.88378  148
0.884439  146
0.88513  342
0.885143  389
0.885571  218
0.885598  301
0.885706  305
0.886814  320
0.886852  111
0.886907  195
0.887965  102
0.888605  284
0.888625  147
0.888873  260
0.888943  273
0.888961  289
0.889021  16
0.889246  1
0.889917  335
0.889971  338
0.890043  313
0.890051  331
0.89058  315
0.890892  66
0.890973  188
0.891055  234
0.891257  396
0.891509  324
0.891534  238
0.891623  253
0.891921  382
0.892113  367
0.892182  257
0.892847  25
0.893199  397
0.893288  10
0.893352  128
0.893695  144
0.893907  129
0.894022  139
0.894607  386
0.894764  310
0.89507  249
0.895091  180
0.895138  388
0.895148  278
0.895327  308
0.895356  165
0.895371  82
0.895374  174
0.895454  88
0.895741  285
0.895937  59
0.896  7
0.896256  58
0.896305  120
0.896315  380
0.896375  345
0.896723  258
0.896871  353
0.896903  29
0.896951  347
0.897029  343
0.897516  110
0.897609  12
0.897715  112
0.897742  126
0.897887  374
0.898134  269
0.898146  300
0.898329  207
0.898741  210
0.898759  399
0.89896  290
0.899056  356
0.899106  314
0.899315  181
0.899329  279
0.899565  106
0.899976  3
0.900159  170
0.90023  152
0.900316  243
0.90035  8
0.900381  316
0.900383  341
0.900576  369
0.900594  375
0.901004  398
0.901009  247
0.901047  330
0.901125  329
0.901161  136
0.901182  325
0.901188  376
0.90148  41
0.901525  326
0.901756  351
0.901839  318
0.902077  365
0.902207  393
0.902427  71
0.902464  37
0.902496  115
0.902962  322
0.902975  361
0.903069  302
0.903083  304
0.903114  193
0.903382  228
0.903395  179
0.903398  62
0.903414  265
0.903777  391
0.903805  220
0.903973  354
0.904305  203
0.904755  19
0.904755  368
0.904801  42
0.90495  385
0.905171  387
0.905371  350
0.905468  52
0.905634  363
0.906015  151
0.906293  381
0.906307  122
0.906315  97
0.906366  155
0.906429  130
0.906524  383
0.906537  189
0.907005  0
0.907052  370
0.907138  332
0.907394  362
0.907734  255
0.907861  229
0.907905  339
0.908059  312
0.908183  76
0.908208  317
0.908472  298
0.908646  142
0.908698  319
0.908729  26
0.908769  274
0.908804  291
0.908914  348
0.909158  346
0.909414  323
0.909434  11
0.909809  333
0.911146  74
0.911172  196
0.911413  162
0.911739  161
0.911863  171
0.912135  328
0.912184  307
0.912225  215
0.912453  364
0.912591  92
0.912713  241
0.913042  390
0.913074  360
0.91351  17
0.913665  254
0.913711  117
0.913953  248
0.914058  167
0.914117  306
0.9142  334
0.914274  327
0.914713  190
0.914793  366
0.915298  141
0.915725  64
0.915809  305
0.915882  150
0.916173  372
0.916715  185
0.916774  263
0.916993  320
0.917028  349
0.917229  311
0.917286  344
0.91818  206
0.918211  187
0.918409  373
0.918524  358
0.918699  231
0.918725  355
0.918749  394
0.919108  371
0.920752  49
0.922371  303
0.922717  286
0.923078  337
0.923413  396
0.924152  295
0.924864  145
0.925704  382
0.927279  392
0.927377  281
0.92824  208
0.928499  359
0.928709  331
0.928787  169
0.929324  219
0.929747  149
0.929993  379
0.929997  68
0.93094  168
0.931861  321
0.93187  224
0.932288  39
0.932346  183
0.932663  384
0.93294  288
0.93335  395
0.93356  109
0.933793  377
0.933817  309
0.933831  237
0.933875  127
0.934489  175
0.934537  284
0.934574  159
0.934948  397
0.934985  83
0.93503  54
0.935393  53
0.93571  124
0.935788  256
0.93604  301
0.936187  90
0.93631  357
0.936341  271
0.936619  182
0.936934  342
0.937246  336
0.937371  313
0.937533  387
0.938046  121
0.938088  280
0.93811  297
0.938461  186
0.9385  50
0.938655  133
0.938662  212
0.938694  340
0.939096  252
0.939425  172
0.939439  33
0.939533  329
0.939704  391
0.939753  56
0.939876  352
0.940135  389
0.940164  398
0.940226  310
0.940292  292
0.940681  235
0.940989  259
0.941805  164
0.941842  262
0.941853  4
0.94186  101
0.941907  345
0.942032  132
0.942391  347
0.942652  244
0.94271  267
0.94283  304
0.942882  135
0.942976  374
0.942985  361
0.94299  5
0.94303  12
0.943116  330
0.943479  335
0.943512  21
0.943906  222
0.943972  35
0.944068  308
0.944244  70
0.944342  60
0.944378  96
0.944624  181
0.945206  233
0.945503  316
0.945655  388
0.945668  372
0.945803  34
0.946372  283
0.946529  134
0.947066  154
0.947355  67
0.94743  399
0.947469  75
0.947551  119
0.947617  173
0.947745  282
0.947853  192
0.947958  32
0.947992  326
0.948064  228
0.948084  227
0.948164  94
0.948166  226
0.948238  215
0.948276  353
0.948302  294
0.948309  317
0.948347  324
0.948357  180
0.948502  341
0.948548  9
0.948629  385
0.948662  299
0.948709  140
0.948772  84
0.948841  378
0.948983  165
0.949067  47
0.949079  315
0.949087  198
0.949102  323
0.949103  18
0.94917  289
0.949313  230
0.949323  375
0.949355  209
0.94938  386
0.949406  264
0.949461  245
0.949487  333
0.949506  223
0.949507  27
0.949622  319
0.949741  107
0.949794  207
0.949887  363
0.949914  163
0.950102  302
0.950184  278
0.950204  344
0.950395  358
0.950405  349
0.950435  351
0.950442  266
0.950491  116
0.95051  332
0.950609  200
0.950641  191
0.950661  312
0.950682  381
0.950754  318
0.950766  81
0.950786  58
0.950831  300
0.951004  158
0.951044  314
0.951059  218
0.951133  394
0.951142  8
0.95115  367
0.951264  360
0.951268  0
0.951289  23
0.951292  343
0.951299  334
0.951312  77
0.951424  376
0.951438  193
0.95152  366
0.951521  393
0.951532  380
0.951638  106
0.95165  93
0.951758  20
0.95177  103
0.951773  356
0.95183  146
0.95185  73
0.951856  242
0.95195  350
0.951982  321
0.952004  339
0.952055  162
0.952068  348
0.952136  368
0.952142  130
0.952147  89
0.9523  216
0.952327  269
0.952342  104
0.952355  213
0.952403  322
0.952413  166
0.952461  364
0.952465  42
0.952521  328
0.952544  373
0.952581  325
0.952847  143
0.952926  338
0.952982  150
0.953252  45
0.953521  268
0.953532  85
0.953757  136
0.953818  327
0.953837  279
0.953876  251
0.953893  240
0.954059  108
0.954064  392
0.954112  24
0.954122  31
0.954265  247
0.954268  156
0.954291  246
0.954322  100
0.95447  71
0.954529  383
0.954552  79
0.954669  97
0.95469  371
0.954851  320
0.95491  365
0.955072  243
0.955076  63
0.955082  370
0.955087  355
0.95509  199
0.955201  379
0.955208  113
0.95523  362
0.955234  6
0.955319  177
0.955716  305
0.955792  176
0.955848  1
0.955907  125
0.955914  357
0.956033  13
0.956341  298
0.956448  138
0.956523  396
0.956571  306
0.956614  354
0.956734  41
0.957144  205
0.957295  377
0.957358  59
0.957497  131
0.957599  336
0.957896  311
0.957945  74
0.957946  258
0.959001  202
0.959108  331
0.959365  61
0.959384  15
0.959716  206
0.959752  91
0.959787  352
0.960027  310
0.960058  382
0.96033  390
0.960337  224
0.960351  303
0.960386  369
0.961412  56
0.961655  387
0.961762  105
0.961917  241
0.9627  253
0.962923  46
0.963134  3
0.963236  37
0.963469  16
0.963712  337
0.963769  123
0.964115  307
0.96447  329
0.965389  340
0.965524  395
0.966561  316
0.966976  265
0.968543  57
0.968612  378
0.968767  211
0.968938  384
0.969101  398
0.969666  359
0.969975  388
0.970933  62
0.972381  145
0.974962  323
0.975069  346
0.975578  128
0.976762  275
0.976819  374
0.977818  391
0.978808  277
0.979582  309
0.979698  317
0.979741  397
0.981324  17
0.982347  330
0.983485  194
0.984487  308
0.985114  78
0.985558  363
0.98563  195
0.986206  40
0.986333  87
0.986374  320
0.987302  372
0.987456  301
0.987472  98
0.987698  261
0.988676  197
0.988724  201
0.988762  178
0.989142  335
0.989754  219
0.989801  396
0.989928  19
0.990081  137
0.9901  43
0.991001  10
0.991281  375
0.991311  232
0.991336  380
0.991355  302
0.991359  151
0.991531  229
0.991779  36
0.99178  239
0.991814  65
0.992023  385
0.992397  263
0.992595  319
0.992888  365
0.993024  99
0.99308  342
0.993196  238
0.994492  14
0.994512  321
0.994746  341
0.99483  189
0.994847  51
0.994943  358
0.995007  47
0.995059  345
0.995086  66
0.995229  174
0.995233  362
0.99524  361
0.995373  250
0.995476  170
0.995488  203
0.995494  28
0.995759  399
0.995878  315
0.996097  270
0.996256  351
0.996431  67
0.99657  273
0.996591  48
0.996642  344
0.996763  367
0.997115  69
0.997146  318
0.997181  76
0.997271  326
0.997298  392
0.997315  149
0.997401  381
0.997962  204
0.998349  249
0.99907  129
0.999088  93
0.999135  334
0.99923  325
0.999702  360
0.999741  287
0.999798  313
0.99993  187
0.999982  58
