8.19119e-06  95
1.29849e-05  145
1.30594e-05  88
1.37343e-05  256
1.45518e-05  232
1.53458e-05  27
2.73992e-05  65
2.84037e-05  175
3.09751e-05  72
3.14754e-05  195
3.90349e-05  172
4.04347e-05  109
5.38566e-05  225
5.57186e-05  108
5.9794e-05  59
6.04238e-05  29
6.29197e-05  100
6.55456e-05  92
6.65716e-05  119
6.75234e-05  61
6.9341e-05  55
7.2272e-05  49
7.29351e-05  156
7.40998e-05  75
7.70705e-05  104
7.89018e-05  141
8.1784e-05  199
8.41967e-05  25
8.48743e-05  191
8.96702e-05  84
9.223e-05  76
9.84271e-05  235
9.90893e-05  116
9.94082e-05  48
9.94338e-05  68
0.000101071  6
0.000105593  69
0.00010593  53
0.000114735  103
0.000118381  125
0.000123415  148
0.000126154  169
0.000134615  9
0.000135453  193
0.000136417  77
0.000137669  79
0.000146027  160
0.000155183  205
0.000156156  89
0.000158362  184
0.000159617  123
0.000179701  80
0.000185129  81
0.000185359  96
0.000186102  149
0.00018747  67
0.0001902  121
0.000194186  179
0.000194435  223
0.000197167  64
0.000204197  167
0.000205583  187
0.000205676  259
0.00020976  257
0.000215345  207
0.000215683  115
0.000219866  140
0.00022026  129
0.000221985  128
0.000223888  137
0.000230712  188
0.000236081  113
0.000237447  197
0.000237495  229
0.000239995  112
0.000243047  216
0.000245624  183
0.000248328  159
0.000248407  135
0.000248846  133
0.000260033  151
0.00026272  147
0.00026596  63
0.000266103  120
0.000269199  43
0.000278216  124
0.000283987  83
0.00028408  192
0.000285713  219
0.000289847  8
0.000294026  181
0.000296448  117
0.000298008  132
0.000299899  51
0.000301152  85
0.000302003  161
0.000309202  57
0.000310175  41
0.000316513  227
0.000322458  144
0.00032329  233
0.000330146  11
0.000335077  157
0.000338067  224
0.000358902  2
0.000361603  91
0.000365301  56
0.000374692  107
0.000378439  177
0.000379585  71
0.000389699  93
0.000391373  231
0.00039266  173
0.000398567  44
0.000399772  164
0.000403698  97
0.00041759  204
0.000425385  127
0.000432773  45
0.000439564  73
0.000443073  24
0.000451428  221
0.000459406  40
0.00047208  168
0.000480747  171
0.000507756  60
0.000511422  217
0.000525117  189
0.000528068  101
0.000530404  87
0.000548594  180
0.000560766  143
0.000593129  196
0.00059627  185
0.000612971  131
0.000620116  105
0.000648952  136
0.000663196  228
0.000684739  52
0.000689383  31
0.000703332  176
0.000713646  163
0.000737397  165
0.000739119  220
0.000801827  47
0.000933283  28
0.00110178  139
0.00112527  111
0.00115923  99
0.00334453  370
0.00338246  355
0.00352918  382
0.00363366  345
0.00367042  34
0.00374783  348
0.00377684  351
0.00379811  330
0.00386  335
0.00390138  344
0.00391488  303
0.0039318  313
0.00394649  339
0.00395228  326
0.00401916  362
0.0040478  325
0.00407108  322
0.00409297  399
0.00416236  308
0.00417756  312
0.00419823  363
0.00423546  391
0.00425506  340
0.00425896  246
0.00427154  398
0.00427425  381
0.0043324  310
0.00433878  321
0.00434228  306
0.00434821  379
0.00434972  390
0.00436618  210
0.00436649  302
0.00439966  395
0.00446959  305
0.00447082  329
0.00449958  378
0.00453741  366
0.00455259  164
0.00458417  323
0.00459415  374
0.00460565  353
0.00465663  347
0.00466276  328
0.00467074  359
0.0047078  386
0.00471191  331
0.00472257  315
0.00473274  316
0.00476288  350
0.00480773  367
0.00482667  314
0.0048673  324
0.00498661  214
0.00501222  387
0.00503444  393
0.00508294  318
0.00512956  373
0.00513026  346
0.00523022  358
0.00524739  343
0.00525205  317
0.0052962  309
0.00529627  288
0.00531665  296
0.0053908  289
0.00540339  371
0.00540757  372
0.00540778  349
0.0054157  377
0.00544396  300
0.00545936  273
0.00546992  155
0.00551367  356
0.0055383  365
0.00564754  396
0.00567169  361
0.00568036  389
0.00571748  333
0.00578926  392
0.00581859  338
0.0058505  32
0.00587515  304
0.0059675  352
0.00596778  354
0.0059846  385
0.00600434  332
0.00601735  301
0.00613936  319
0.00621307  334
0.00630964  369
0.0063845  397
0.0064884  368
0.00650946  375
0.00670899  341
0.00675701  260
0.00677104  311
0.00684339  237
0.00695652  242
0.00697224  285
0.00700257  243
0.00702944  283
0.00714387  320
0.00716173  357
0.00725807  38
0.00729937  13
0.00742548  3
0.00760393  376
0.0076676  276
0.00773252  327
0.00823421  274
0.00833799  394
0.0085023  282
0.00867446  336
0.00883608  337
0.00905261  364
0.00907304  383
0.00921107  281
0.00923745  23
0.0095039  384
0.00975962  388
0.0105464  269
0.0116155  7
0.0119618  342
0.0120999  20
0.0129708  307
0.015757  14
0.0330885  1
0.0342528  348
0.0347543  131
0.0355892  4
0.0379662  212
0.0382171  328
0.0383114  268
0.039154  321
0.0395524  387
0.0401458  245
0.0402863  143
0.0411617  251
0.0413353  343
0.0415064  360
0.0417493  183
0.0419369  18
0.0421132  347
0.0423297  355
0.0428192  399
0.0431021  221
0.0435099  382
0.0435884  21
0.0439467  381
0.044392  323
0.0445106  279
0.0446901  362
0.0448096  363
0.044842  83
0.0451146  398
0.0456441  34
0.0458411  12
0.0462079  312
0.0462988  351
0.0465457  139
0.046691  317
0.046743  247
0.0468451  326
0.0471901  302
0.0475567  357
0.0475962  322
0.0476728  154
0.0479562  205
0.0480557  0
0.0483828  313
0.0484931  339
0.0485427  267
0.0485578  386
0.0485858  374
0.0486726  315
0.04987  380
0.0502577  132
0.0504211  345
0.0504873  311
0.0511065  208
0.0514079  370
0.0517584  253
0.0520781  287
0.0536042  108
0.0538839  316
0.0540367  240
0.0545908  391
0.0549559  350
0.0551749  340
0.0555899  377
0.0559224  396
0.056111  332
0.0562748  35
0.0563374  293
0.0563931  291
0.056908  314
0.0570312  330
0.0572061  255
0.0577307  305
0.0580178  203
0.0580609  303
0.0580776  129
0.0588573  327
0.0590486  217
0.0591494  352
0.0593377  40
0.0623072  45
0.0633495  378
0.0634423  151
0.0645187  272
0.0654018  69
0.065862  180
0.0660341  241
0.0660679  365
0.0663897  112
0.0664421  325
0.0665135  361
0.066605  228
0.0669732  324
0.0674981  341
0.0677076  239
0.067737  344
0.0678094  307
0.0680332  385
0.0681581  8
0.0683996  395
0.0686108  301
0.069422  390
0.0694883  306
0.0695307  127
0.0695614  196
0.0695755  304
0.0702377  61
0.0704289  375
0.0706629  392
0.0709816  248
0.0710025  250
0.0714904  33
0.0724313  320
0.0725384  335
0.0725955  15
0.0726204  333
0.0727539  292
0.0730106  389
0.0730795  195
0.0737004  354
0.0739655  349
0.0740453  216
0.0747393  17
0.0754485  359
0.0754734  334
0.0755593  294
0.0756003  373
0.0758284  383
0.0761606  342
0.0764396  310
0.0774681  394
0.0775933  188
0.0782988  22
0.0787814  329
0.0788732  379
0.0801406  393
0.0820714  179
0.0823924  366
0.0824996  2
0.0825511  85
0.0827712  263
0.0839417  231
0.0844461  364
0.0851667  123
0.0856209  372
0.0860691  121
0.086129  338
0.08636  181
0.0865527  318
0.0869242  16
0.0873168  214
0.0873483  300
0.0880645  52
0.088553  368
0.0885723  246
0.0887231  92
0.0893898  28
0.0895427  213
0.0897384  19
0.0905038  353
0.0905317  282
0.0906615  309
0.0908743  136
0.0909106  387
0.0909192  93
0.0909462  173
0.0912893  298
0.0913889  161
0.0915264  346
0.0916353  152
0.0919225  219
0.0920945  271
0.0922299  244
0.0922951  269
0.0924663  337
0.0925456  171
0.0926095  57
0.0928457  167
0.0928847  343
0.0930048  264
0.0930189  80
0.0932586  297
0.0934905  157
0.0935633  397
0.0936782  319
0.0937834  283
0.0937989  147
0.0941796  308
0.0943095  97
0.094518  376
0.0945377  238
0.0946106  331
0.0946311  382
0.0946886  299
0.0948686  24
0.0951926  328
0.0953167  388
0.0955475  369
0.0955541  384
0.0957155  249
0.095764  153
0.0958637  358
0.0959027  356
0.0959471  348
0.0961487  317
0.0962782  262
0.0963595  386
0.0964992  377
0.0967255  350
0.0971578  51
0.0971965  7
0.0974487  101
0.0975565  321
0.0978195  286
0.0980158  133
0.0984401  233
0.0986019  189
0.098771  39
0.0990034  322
0.0991835  148
0.0995009  252
0.0995145  164
0.0996536  197
0.10001  326
0.100431  232
0.100546  367
0.100967  251
0.100976  355
0.101157  327
0.101447  5
0.101461  202
0.101741  268
0.102043  209
0.102307  345
0.102471  215
0.102642  285
0.102757  347
0.102784  79
0.102932  312
0.102998  278
0.103051  229
0.103125  185
0.103134  277
0.103135  34
0.103314  182
0.103396  371
0.103498  339
0.103772  324
0.1038  336
0.10381  313
0.104022  105
0.104272  381
0.104333  315
0.104686  111
0.104691  289
0.104904  296
0.104913  227
0.104956  303
0.105032  398
0.10528  273
0.105329  330
0.105439  323
0.105479  56
0.105585  378
0.105739  201
0.105772  305
0.105865  329
0.106046  14
0.106353  154
0.106391  135
0.106546  399
0.106566  390
0.106615  340
0.106943  212
0.107147  314
0.107478  395
0.107668  12
0.107809  37
0.107919  302
0.107921  396
0.108031  385
0.108047  391
0.108825  360
0.109635  143
0.110511  325
0.110531  383
0.11073  168
0.110833  316
0.11126  363
0.111526  266
0.111794  245
0.111839  344
0.11249  208
0.112521  36
0.113601  374
0.113758  301
0.113959  361
0.114779  195
0.114889  333
0.115398  159
0.115406  311
0.115648  352
0.11634  69
0.117325  341
0.117513  192
0.118584  332
0.119896  394
0.120687  190
0.121107  87
0.122585  334
0.12418  259
0.124465  392
0.126028  373
0.126059  204
0.126085  357
0.126831  307
0.127691  254
0.127779  354
0.129784  365
0.129917  200
0.130497  48
0.130942  108
0.131509  122
0.131552  359
0.131963  172
0.132187  370
0.132239  237
0.133303  380
0.133352  235
0.133585  31
0.133914  310
0.134183  362
0.134315  267
0.13506  368
0.135238  47
0.135242  138
0.135272  372
0.135599  223
0.135775  280
0.136435  91
0.136467  276
0.13647  253
0.136701  351
0.136756  207
0.136883  64
0.136943  335
0.137503  265
0.137594  240
0.13773  183
0.137877  375
0.137923  281
0.138065  318
0.13811  242
0.138159  288
0.138412  320
0.138417  59
0.138531  338
0.138726  103
0.13899  220
0.139099  75
0.139211  133
0.139589  342
0.139689  4
0.139766  382
0.139783  304
0.140057  295
0.140891  211
0.141047  349
0.141128  388
0.141139  10
0.141621  141
0.141816  356
0.141866  222
0.141961  1
0.141987  95
0.142044  279
0.142271  248
0.142272  132
0.14246  89
0.142483  180
0.14272  115
0.142903  379
0.142993  243
0.143007  358
0.143023  337
0.143198  258
0.14327  113
0.143273  290
0.143279  366
0.1433  319
0.143336  25
0.14346  151
0.143516  331
0.143693  175
0.144005  369
0.144025  321
0.144075  27
0.144102  178
0.14415  306
0.144242  291
0.144353  350
0.144647  309
0.144879  231
0.144934  94
0.145158  353
0.145243  371
0.145462  3
0.145564  126
0.145802  42
0.145846  308
0.145856  196
0.146019  340
0.146209  81
0.146269  26
0.146299  285
0.146721  389
0.146928  374
0.147142  90
0.147191  328
0.147198  302
0.147283  317
0.147333  20
0.147378  376
0.14746  35
0.147618  208
0.147651  284
0.14778  162
0.147791  300
0.147834  15
0.148078  120
0.148173  339
0.148309  397
0.148547  292
0.148575  343
0.148746  305
0.148746  22
0.149033  393
0.149172  193
0.149179  247
0.149255  144
0.149411  322
0.149465  43
0.149476  57
0.149562  272
0.149597  61
0.149602  386
0.149623  399
0.149638  313
0.14966  326
0.149801  65
0.149846  367
0.149894  323
0.150178  116
0.150313  298
0.150487  324
0.150522  346
0.15067  345
0.150674  109
0.15103  396
0.151747  336
0.151901  236
0.15204  230
0.152067  23
0.152089  261
0.152488  40
0.152681  129
0.152723  166
0.153006  391
0.153095  287
0.153171  311
0.15326  38
0.153288  394
0.153768  315
0.153783  71
0.153885  314
0.154022  316
0.154237  241
0.154265  348
0.154416  44
0.154664  177
0.154848  239
0.154937  330
0.15494  257
0.155757  134
0.156079  378
0.156775  387
0.156838  384
0.157124  341
0.157566  398
0.157862  294
0.157878  137
0.157978  395
0.158042  392
0.158222  250
0.158262  83
0.158338  274
0.158666  377
0.159056  347
0.159141  325
0.159274  329
0.159376  365
0.159696  333
0.161472  58
0.163147  344
0.163586  19
0.163841  390
0.164539  107
0.164819  381
0.166491  373
0.166832  9
0.166891  72
0.166957  352
0.167388  130
0.167453  363
0.168357  355
0.168433  217
0.168823  368
0.169074  301
0.169076  13
0.169745  224
0.170085  76
0.170379  383
0.171371  359
0.171534  334
0.172235  332
0.172251  351
0.173609  342
0.173654  195
0.17483  364
0.175779  277
0.176263  80
0.176357  385
0.176808  349
0.177091  357
0.179379  275
0.180957  270
0.180982  380
0.181363  360
0.181761  283
0.182158  155
0.182207  370
0.182792  303
0.183463  362
0.183678  243
0.183937  21
0.184493  84
0.184634  11
0.184661  6
0.184707  318
0.184894  12
0.185282  372
0.185534  327
0.185957  150
0.186293  170
0.186367  312
0.186423  361
0.186615  79
0.186915  53
0.187289  140
0.187512  182
0.187746  139
0.188101  310
0.188219  161
0.189204  62
0.189317  110
0.189536  68
0.189727  319
0.189765  375
0.189967  233
0.190083  371
0.190407  82
0.190512  16
0.190698  356
0.190806  121
0.190856  192
0.191174  93
0.191288  338
0.191467  119
0.191515  209
0.191765  354
0.191796  221
0.191886  296
0.19217  117
0.19218  379
0.192222  77
0.192234  358
0.192346  262
0.192483  163
0.192491  210
0.192527  169
0.192528  32
0.19254  2
0.192554  214
0.192627  34
0.192728  88
0.193051  10
0.193098  382
0.193158  49
0.193311  331
0.193488  304
0.193635  386
0.194163  369
0.194265  238
0.194428  337
0.194437  92
0.194609  152
0.194623  335
0.194757  254
0.194774  199
0.194777  118
0.194785  203
0.194915  389
0.194974  336
0.195385  314
0.19541  70
0.195432  184
0.195591  367
0.195653  59
0.19566  311
0.195674  142
0.19572  307
0.195849  343
0.196017  99
0.196115  111
0.196131  313
0.196188  306
0.196346  325
0.196489  168
0.196573  102
0.196609  216
0.196682  4
0.196805  112
0.196909  89
0.196933  297
0.196963  378
0.196965  394
0.196968  366
0.197009  244
0.197166  100
0.19722  179
0.197318  395
0.197567  322
0.197599  69
0.197663  41
0.197681  374
0.197719  339
0.197894  0
0.198124  255
0.198177  330
0.198197  397
0.198211  51
0.198293  376
0.198296  305
0.198461  384
0.198726  308
0.198775  317
0.198901  323
0.198904  218
0.198921  260
0.198975  321
0.199052  302
0.19913  185
0.199219  363
0.199235  97
0.19937  131
0.199587  186
0.199598  172
0.19987  55
0.200307  157
0.200462  326
0.200578  204
0.200756  350
0.200797  289
0.200812  56
0.200877  171
0.200996  341
0.201079  174
0.201112  147
0.20114  14
0.20129  36
0.201367  158
0.201638  333
0.201641  353
0.201723  249
0.201883  194
0.201963  393
0.20202  27
0.202145  237
0.202439  253
0.202584  328
0.202767  198
0.202904  398
0.203044  189
0.203099  346
0.203464  357
0.203724  54
0.204017  200
0.204071  340
0.204166  176
0.204541  329
0.204573  206
0.20464  138
0.205023  85
0.205236  301
0.205254  381
0.205255  391
0.205503  195
0.20562  324
0.206249  390
0.206261  78
0.206875  48
0.207218  399
0.207347  145
0.207436  132
0.207563  154
0.207613  332
0.207879  252
0.207879  316
0.207911  309
0.207975  349
0.208108  348
0.208912  278
0.209047  388
0.209083  320
0.209415  274
0.209498  178
0.209734  377
0.20977  73
0.210225  60
0.210247  300
0.210736  347
0.210826  247
0.21099  135
0.211928  120
0.212076  368
0.212754  64
0.213015  396
0.213235  291
0.213268  383
0.213563  235
0.213659  352
0.213813  124
0.214001  225
0.214851  229
0.215049  334
0.215444  113
0.215759  372
0.21581  45
0.216249  181
0.216531  385
0.216847  365
0.217326  248
0.217966  360
0.217986  190
0.217992  285
0.218023  373
0.218198  7
0.218486  345
0.219446  166
0.219593  18
0.219734  280
0.219905  33
0.219989  39
0.219991  217
0.220271  5
0.221458  387
0.222037  379
0.222191  344
0.222412  310
0.222569  264
0.222775  342
0.222782  292
0.222977  94
0.22334  315
0.223354  251
0.22378  281
0.224293  350
0.224416  311
0.225083  355
0.225309  367
0.225671  267
0.225839  359
0.225877  351
0.226162  20
0.226701  303
0.226905  201
0.227084  375
0.227271  164
0.227531  234
0.227562  327
0.227738  392
0.229222  156
0.229694  50
0.230001  58
0.230074  276
0.230091  370
0.230154  177
0.230386  44
0.230629  382
0.230874  232
0.231009  103
0.231459  273
0.231517  125
0.231709  242
0.232621  19
0.233179  188
0.233812  356
0.233845  24
0.233862  290
0.233986  81
0.234051  75
0.234051  68
0.234217  241
0.234302  84
0.234617  381
0.234754  371
0.235301  1
0.235396  358
0.235525  364
0.235579  313
0.235579  173
0.235585  268
0.235758  288
0.235856  369
0.235858  187
0.235915  136
0.235922  99
0.236008  312
0.236321  304
0.236478  338
0.236567  165
0.237042  305
0.237414  226
0.237579  26
0.237679  395
0.23771  46
0.237749  28
0.238013  213
0.238031  3
0.238036  306
0.238332  240
0.238357  205
0.23836  389
0.238413  148
0.238926  215
0.23899  224
0.239055  258
0.23907  337
0.239273  295
0.239278  325
0.239304  211
0.239309  398
0.239438  361
0.239743  357
0.239746  23
0.239808  321
0.239926  146
0.239937  223
0.240006  243
0.240281  335
0.240315  230
0.240377  336
0.240448  339
0.240507  153
0.240523  380
0.240528  89
0.2407  32
0.240727  104
0.24104  2
0.241068  275
0.241111  70
0.241133  37
0.241166  208
0.241234  270
0.241291  35
0.241433  378
0.241481  386
0.241488  175
0.241488  318
0.241593  265
0.241649  256
0.241709  282
0.241747  83
0.241753  105
0.241986  66
0.242027  354
0.242101  393
0.24228  314
0.242311  307
0.242412  353
0.24256  202
0.242648  299
0.242677  63
0.242836  394
0.242935  384
0.242953  272
0.243061  269
0.243072  319
0.243077  346
0.243083  341
0.243152  397
0.243262  284
0.243342  47
0.243441  11
0.243462  126
0.243522  209
0.243661  362
0.243827  376
0.243867  131
0.244011  330
0.24421  72
0.244259  6
0.244272  331
0.244449  391
0.244457  348
0.244694  96
0.244835  367
0.244849  301
0.244853  228
0.244889  67
0.245201  231
0.245209  300
0.245252  363
0.245308  317
0.245402  221
0.245464  388
0.245668  328
0.245695  374
0.245768  74
0.245829  257
0.246115  326
0.246269  340
0.246476  333
0.246601  316
0.246749  86
0.246833  352
0.246903  91
0.247163  167
0.247603  365
0.247678  377
0.247737  383
0.248424  308
0.248829  387
0.248833  302
0.249251  372
0.249653  349
0.249808  107
0.250011  329
0.250163  271
0.250578  277
0.250752  8
0.250835  17
0.251158  15
0.251546  315
0.251894  343
0.252054  219
0.252534  399
0.252706  347
0.253008  266
0.254938  355
0.255102  123
0.25556  323
0.260671  239
0.260707  390
0.264478  322
0.265236  77
0.265429  379
0.265545  286
0.266338  82
0.266492  285
0.266501  254
0.266724  350
0.266792  159
0.267523  303
0.26882  324
0.269281  137
0.26969  169
0.269725  334
0.270558  345
0.270742  364
0.270799  53
0.270857  262
0.270924  342
0.271014  184
0.271035  227
0.271069  373
0.271123  92
0.271675  90
0.272427  0
0.272558  149
0.27311  101
0.273638  359
0.273738  161
0.273812  332
0.273846  274
0.273862  366
0.274025  30
0.274347  115
0.274473  52
0.274687  360
0.274983  108
0.275469  78
0.27551  222
0.275666  293
0.275951  25
0.276239  87
0.276287  368
0.276422  180
0.276507  338
0.276519  210
0.277184  183
0.277278  337
0.277337  287
0.277424  370
0.277475  385
0.277556  244
0.277803  163
0.277811  245
0.277959  294
0.278165  313
0.278542  160
0.278674  318
0.278777  309
0.278815  392
0.278965  320
0.279138  398
0.279452  119
0.279574  122
0.279697  195
0.279856  344
0.280083  155
0.280126  267
0.280178  357
0.280222  152
0.280333  14
0.280493  386
0.280516  238
0.280692  124
0.280814  176
0.280844  189
0.280882  396
0.280946  100
0.281  62
0.281043  327
0.281171  351
0.28119  185
0.281242  193
0.281302  358
0.281344  168
0.281503  22
0.281504  312
0.281792  371
0.281986  305
0.282148  172
0.282713  280
0.282841  128
0.282979  151
0.282982  127
0.283045  216
0.283097  356
0.283407  220
0.283412  6
0.283434  194
0.28348  147
0.283494  158
0.283826  182
0.284079  304
0.284166  395
0.284279  71
0.284331  246
0.284339  375
0.284406  382
0.28453  143
0.284556  306
0.284683  311
0.284772  49
0.284824  389
0.285106  13
0.285269  325
0.285345  247
0.285403  336
0.285428  330
0.285464  4
0.2859  284
0.286507  85
0.286554  391
0.286652  341
0.286706  301
0.286944  106
0.286964  316
0.28712  331
0.287549  166
0.287805  319
0.28788  310
0.287934  61
0.288097  315
0.288167  378
0.288216  50
0.288288  111
0.288323  93
0.28833  399
0.288704  142
0.288815  383
0.288951  335
0.289019  131
0.289144  73
0.289224  200
0.289313  339
0.289318  365
0.289939  349
0.289966  307
0.290199  31
0.290287  283
0.290309  326
0.29035  144
0.290361  116
0.290534  329
0.290706  60
0.290874  42
0.29108  133
0.291372  233
0.291488  321
0.291667  218
0.291721  394
0.292074  369
0.292633  361
0.29267  46
0.292681  347
0.293009  80
0.293418  138
0.293653  354
0.293693  340
0.293706  317
0.294015  5
0.294314  381
0.294897  353
0.295109  98
0.295243  302
0.29569  296
0.296491  343
0.296681  380
0.296996  26
0.297073  348
0.297079  377
0.297262  362
0.297511  24
0.297941  393
0.29822  352
0.298888  300
0.299448  322
0.300073  3
0.300491  223
0.30063  367
0.300716  214
0.300776  99
0.30108  207
0.302288  337
0.302326  209
0.303376  374
0.303793  104
0.30452  90
0.304555  279
0.304811  346
0.304972  376
0.305238  164
0.30537  379
0.305983  364
0.306369  94
0.307208  7
0.308913  263
0.308949  261
0.310726  12
0.310735  259
0.311369  16
0.311791  72
0.311939  359
0.312263  303
0.312542  313
0.312672  66
0.312888  333
0.312931  350
0.313025  387
0.313199  97
0.313537  328
0.313974  63
0.314007  197
0.314348  107
0.314464  130
0.31474  384
0.314882  324
0.315478  136
0.315568  314
0.316102  241
0.316234  44
0.316374  360
0.316548  397
0.316693  372
0.316955  57
0.317075  323
0.317736  55
0.317809  236
0.318061  88
0.318684  345
0.319181  40
0.319473  388
0.320044  366
0.32088  237
0.322564  167
0.322572  355
0.322657  288
0.322792  23
0.323071  82
0.323094  69
0.323269  308
0.32333  38
0.32353  344
0.323667  368
0.323914  320
0.324094  59
0.324252  332
0.324581  150
0.324585  91
0.324691  77
0.324989  232
0.325195  370
0.325321  43
0.325424  256
0.325533  217
0.325535  114
0.32562  309
0.325689  39
0.325894  268
0.326006  179
0.326143  278
0.326171  58
0.326253  240
0.326307  54
0.326318  196
0.326424  282
0.326551  373
0.326589  255
0.326637  311
0.326711  215
0.326717  244
0.326728  177
0.326798  36
0.326814  342
0.326817  318
0.326837  146
0.326901  357
0.326922  56
0.326968  253
0.327028  53
0.327197  101
0.327223  95
0.327351  334
0.327352  291
0.327352  390
0.32751  178
0.327597  304
0.327778  67
0.327855  385
0.327968  289
0.328161  327
0.32848  48
0.328514  121
0.328619  47
0.328786  186
0.328805  76
0.328818  349
0.329031  198
0.329197  305
0.329203  306
0.32926  371
0.329352  145
0.3295  338
0.32956  204
0.329595  65
0.329746  271
0.329864  103
0.329879  375
0.329951  383
0.32996  27
0.330123  336
0.330331  157
0.330436  312
0.330654  156
0.330662  347
0.330708  189
0.330969  134
0.331019  20
0.331142  301
0.331245  298
0.331267  356
0.331396  297
0.331407  331
0.331526  228
0.331596  392
0.331613  265
0.331771  393
0.331881  378
0.331963  202
0.332051  315
0.332138  199
0.332399  183
0.332456  79
0.332488  64
0.332539  363
0.332611  299
0.332666  319
0.332675  230
0.332809  147
0.332823  188
0.332932  354
0.332946  163
0.332971  96
0.333033  325
0.333107  141
0.333239  15
0.33335  398
0.333508  29
0.333643  21
0.333697  41
0.333739  187
0.333746  45
0.333919  316
0.33392  374
0.33396  33
0.334109  351
0.334118  113
0.334248  358
0.334321  139
0.334326  181
0.334482  123
0.334503  300
0.334527  362
0.334593  396
0.334648  317
0.334782  343
0.334835  281
0.334848  254
0.334892  380
0.335013  75
0.33502  120
0.335121  339
0.335249  391
0.335321  14
0.335329  389
0.335598  250
0.335631  102
0.335656  399
0.335664  310
0.336281  257
0.336295  377
0.33631  381
0.336398  190
0.33644  361
0.336471  242
0.336547  382
0.336728  276
0.336753  212
0.336808  340
0.33702  379
0.337093  37
0.337098  283
0.337237  19
0.33724  353
0.337339  176
0.337368  201
0.337525  329
0.33755  140
0.337632  335
0.337713  286
0.337946  330
0.338003  109
0.338095  337
0.338167  129
0.338185  313
0.338216  222
0.338285  369
0.338347  274
0.33845  395
0.338587  321
0.338767  333
0.339105  359
0.339205  83
0.339253  307
0.339375  203
0.339504  292
0.339847  193
0.34002  386
0.340143  376
0.340562  10
0.340995  322
0.34106  49
0.341082  302
0.341878  149
0.342066  341
0.342424  28
0.342455  154
0.342486  132
0.342798  269
0.343037  352
0.343296  264
0.343439  326
0.343832  275
0.344009  200
0.344326  184
0.344729  118
0.345025  168
0.345283  174
0.345728  314
0.346213  266
0.346857  194
0.347405  115
0.347471  80
0.348156  142
0.348784  366
0.349534  208
0.349743  180
0.350247  17
0.351022  11
0.351341  221
0.352033  367
0.35288  71
0.352924  30
0.352993  346
0.353042  206
0.353476  365
0.353577  397
0.353785  348
0.354024  51
0.354777  328
0.355133  270
0.355202  394
0.355225  209
0.355298  89
0.355522  324
0.355563  22
0.355603  272
0.355695  100
0.356036  388
0.35608  368
0.356741  2
0.357453  303
0.357655  372
0.357775  50
0.357812  308
0.358353  60
0.359286  384
0.359355  175
0.359396  8
0.359869  160
0.360177  241
0.360207  173
0.360632  350
0.36093  169
0.361052  239
0.361054  218
0.361181  252
0.361329  219
0.361383  262
0.36143  364
0.361697  18
0.362084  334
0.362192  70
0.362215  66
0.362426  318
0.362449  357
0.362615  104
0.362658  98
0.362675  32
0.362853  387
0.36331  323
0.363543  161
0.363683  316
0.36423  360
0.3644  88
0.364456  9
0.364497  332
0.364598  380
0.364979  92
0.365046  342
0.365396  224
0.365397  34
0.365478  225
0.365712  273
0.365785  247
0.365984  116
0.366089  162
0.366289  295
0.366453  390
0.36652  398
0.366684  16
0.366764  226
0.367065  113
0.367135  287
0.36715  258
0.367209  354
0.367212  327
0.3675  112
0.367759  106
0.367834  143
0.367987  99
0.368077  108
0.368266  306
0.368399  59
0.368505  391
0.368545  311
0.368605  304
0.368906  155
0.368955  251
0.369008  305
0.369218  126
0.369419  358
0.369481  294
0.369483  338
0.369503  74
0.369582  105
0.369686  349
0.369753  293
0.369776  73
0.369799  268
0.369913  345
0.370296  127
0.370598  185
0.370599  319
0.370709  277
0.370711  375
0.370752  47
0.370783  330
0.37081  356
0.370849  171
0.370852  325
0.370865  309
0.370868  347
0.370944  373
0.371034  344
0.371139  396
0.371444  263
0.371684  24
0.371689  248
0.371777  376
0.371848  233
0.371853  62
0.372082  1
0.372143  343
0.372374  232
0.372406  386
0.372463  341
0.372972  35
0.373084  280
0.3731  363
0.373225  300
0.373363  392
0.373398  56
0.373416  359
0.373502  91
0.373599  133
0.373692  285
0.373804  333
0.37382  351
0.373935  214
0.374009  223
0.374078  312
0.374306  211
0.374312  119
0.374517  393
0.374687  383
0.375079  249
0.375121  15
0.375265  321
0.375274  385
0.375562  340
0.375596  378
0.376204  124
0.376364  370
0.376496  210
0.376714  399
0.376744  216
0.376917  322
0.376957  329
0.377041  310
0.377595  389
0.377771  377
0.378188  371
0.378305  182
0.378359  362
0.378409  21
0.378443  178
0.37862  176
0.378902  382
0.378914  131
0.378937  326
0.379641  5
0.3797  313
0.38003  317
0.38034  238
0.380579  331
0.380709  315
0.381428  141
0.38199  381
0.382783  339
0.383465  336
0.383677  152
0.384322  296
0.385179  52
0.386927  97
0.388531  68
0.388549  320
0.38871  23
0.388739  314
0.389371  196
0.389787  395
0.390043  367
0.390356  261
0.390891  397
0.391212  379
0.391366  117
0.391554  6
0.391938  61
0.393686  93
0.394242  40
0.39448  289
0.395156  102
0.395635  301
0.395808  369
0.396875  346
0.397183  84
0.397333  90
0.397504  220
0.397749  227
0.39789  12
0.39817  361
0.398269  207
0.398645  357
0.398817  348
0.398871  167
0.398888  355
0.399109  55
0.399178  324
0.39946  290
0.399526  82
0.399816  7
0.399842  158
0.399844  111
0.399853  236
0.400009  83
0.400077  365
0.400604  388
0.400983  265
0.401778  335
0.401862  235
0.401901  144
0.40198  138
0.402216  257
0.402327  96
0.402441  307
0.402475  110
0.402541  374
0.402712  136
0.402801  288
0.402885  350
0.403221  302
0.403362  202
0.40364  187
0.40365  387
0.403807  103
0.403951  360
0.40433  11
0.404371  170
0.404505  364
0.404596  19
0.40511  60
0.405119  95
0.40521  128
0.405316  177
0.405342  78
0.405492  28
0.405515  101
0.40552  215
0.406125  42
0.406224  291
0.406371  323
0.406431  154
0.406488  125
0.406534  114
0.406733  175
0.407018  333
0.407043  372
0.407086  45
0.407521  156
0.407533  356
0.407807  240
0.407824  298
0.407853  166
0.407897  394
0.407947  308
0.407949  366
0.407975  246
0.408072  380
0.408082  234
0.408093  48
0.408102  145
0.408204  86
0.408347  63
0.408418  352
0.408618  338
0.408639  303
0.408798  276
0.409241  51
0.40933  353
0.409355  299
0.40947  359
0.409492  327
0.409525  337
0.409625  258
0.40979  69
0.409868  322
0.409899  100
0.410069  282
0.410147  375
0.410283  384
0.410363  231
0.410396  332
0.410539  270
0.41054  27
0.410693  195
0.410769  81
0.410892  313
0.411054  186
0.411072  328
0.41118  30
0.411566  318
0.411575  165
0.411603  274
0.411675  311
0.411718  316
0.411772  85
0.411792  254
0.411798  340
0.411886  381
0.411946  191
0.411947  25
0.412121  377
0.412161  66
0.41237  201
0.412371  373
0.412389  376
0.412408  230
0.412429  305
0.412471  200
0.412535  292
0.412539  342
0.412618  345
0.412708  213
0.412718  325
0.41273  306
0.412967  44
0.412974  13
0.413026  70
0.413126  334
0.413218  205
0.413296  321
0.413307  209
0.413453  279
0.413544  362
0.413589  157
0.413597  358
0.413658  197
0.413666  390
0.413682  46
0.41382  319
0.413923  385
0.413937  172
0.413987  398
0.413995  225
0.41401  37
0.41426  370
0.414302  0
0.414308  312
0.414403  368
0.414471  331
0.414525  341
0.414548  396
0.414574  309
0.41477  77
0.414784  315
0.41485  41
0.414974  382
0.415646  192
0.415863  349
0.415932  112
0.416031  336
0.416441  347
0.416467  379
0.417125  392
0.417377  284
0.417419  389
0.41761  20
0.417647  351
0.417905  245
0.418189  129
0.418348  344
0.419019  182
0.419136  147
0.419354  206
0.419471  256
0.420148  354
0.420376  399
0.421077  87
0.421137  330
0.421559  99
0.421899  72
0.422028  301
0.422479  190
0.422563  217
0.422746  64
0.422791  260
0.423128  26
0.423147  339
0.423363  391
0.423457  57
0.424084  300
0.425583  67
0.425821  343
0.426884  194
0.427243  371
0.42749  317
0.427581  363
0.428522  242
0.428719  346
0.429715  329
0.429741  304
0.431411  36
0.431765  281
0.433083  395
0.434176  228
0.434356  314
0.43437  232
0.434684  326
0.434916  297
0.435958  104
0.436381  130
0.4385  79
0.438954  388
0.439059  151
0.439278  369
0.439349  47
0.440202  378
0.440326  120
0.440494  53
0.44063  204
0.44071  320
0.441063  355
0.441166  255
0.441458  250
0.441721  310
0.44198  296
0.443597  224
0.443734  219
0.444042  350
0.444434  118
0.444898  211
0.446394  397
0.447251  308
0.447689  65
0.447816  222
0.44788  306
0.448582  142
0.449272  199
0.449288  71
0.44975  267
0.450416  386
0.450461  189
0.450516  367
0.45069  262
0.450792  54
0.450798  105
0.450804  140
0.451051  327
0.451223  127
0.451345  277
0.451564  237
0.451704  5
0.451781  393
0.451834  168
0.451918  179
0.452014  148
0.45216  81
0.452392  208
0.45249  383
0.452713  303
0.452792  117
0.453068  361
0.453122  1
0.453317  106
0.453385  193
0.453464  387
0.453598  269
0.453759  92
0.453853  174
0.453901  364
0.453987  164
0.454008  43
0.454018  278
0.454036  340
0.454169  307
0.45425  390
0.454339  302
0.454441  328
0.454451  119
0.454555  380
0.454658  160
0.454763  241
0.454821  131
0.454889  372
0.455053  8
0.455079  322
0.455095  161
0.455133  394
0.455338  243
0.455429  305
0.455626  273
0.455699  384
0.455905  396
0.45592  285
0.455981  318
0.456031  132
0.456058  336
0.456222  98
0.45624  14
0.45638  376
0.456418  252
0.456459  324
0.456551  181
0.456644  163
0.456678  115
0.456709  229
0.456783  341
0.456816  365
0.456984  42
0.457002  123
0.457037  221
0.457095  235
0.457146  156
0.457154  323
0.457167  333
0.457174  362
0.457262  58
0.457271  101
0.457321  76
0.45739  370
0.457443  37
0.457455  289
0.457519  379
0.457612  381
0.457613  382
0.457719  368
0.457719  49
0.457775  188
0.457839  280
0.458021  265
0.458056  366
0.458115  198
0.458135  374
0.45815  121
0.458435  249
0.45851  261
0.45851  321
0.458537  353
0.458626  44
0.458633  245
0.458813  309
0.458824  187
0.458884  359
0.458893  338
0.458896  52
0.459  316
0.459033  244
0.45906  31
0.459073  35
0.45909  23
0.459151  180
0.45918  286
0.45931  152
0.459425  298
0.459441  392
0.459574  93
0.459575  354
0.459583  56
0.459687  357
0.459755  29
0.459821  246
0.459828  363
0.459932  319
0.460105  343
0.46011  192
0.460284  373
0.460329  134
0.460365  110
0.460385  330
0.460517  50
0.460583  349
0.460631  345
0.460717  226
0.46077  337
0.460792  348
0.460855  3
0.460968  312
0.461074  173
0.461097  275
0.461109  356
0.461216  360
0.46122  191
0.461341  342
0.461449  124
0.461451  220
0.46151  344
0.461521  385
0.461602  301
0.461629  346
0.461697  347
0.461704  398
0.461772  103
0.461861  102
0.461894  30
0.461908  311
0.462077  10
0.462107  293
0.46215  334
0.462176  109
0.462249  108
0.462256  331
0.462829  195
0.462866  389
0.462911  288
0.462935  351
0.462937  329
0.463084  335
0.463403  325
0.463617  9
0.463622  207
0.463795  107
0.464008  7
0.464015  18
0.464312  352
0.464366  133
0.464472  126
0.464707  247
0.465236  120
0.465337  48
0.465356  200
0.465368  294
0.465419  378
0.465492  371
0.465648  214
0.465666  320
0.465715  300
0.466034  216
0.466131  377
0.466145  4
0.466367  310
0.466411  248
0.467734  73
0.46776  100
0.468195  112
0.46844  203
0.468551  224
0.468606  339
0.468684  399
0.468963  257
0.469544  391
0.4696  290
0.470153  172
0.470912  258
0.471762  266
0.471874  217
0.472138  395
0.472683  139
0.472742  326
0.473358  358
0.473638  146
0.473678  375
0.474304  315
0.47484  183
0.475188  388
0.475284  75
0.47567  68
0.476587  332
0.476824  94
0.476991  304
0.477049  63
0.47735  55
0.477952  305
0.478036  314
0.478902  51
0.479036  369
0.479348  367
0.479486  125
0.479532  287
0.480303  355
0.480646  397
0.480829  212
0.481398  308
0.482985  322
0.483099  111
0.483593  336
0.483793  390
0.483841  22
0.48703  238
0.488563  317
0.489135  313
0.492398  21
0.494089  361
0.494604  213
0.494741  233
0.494885  130
0.495528  80
0.496145  350
0.496301  302
0.496651  232
0.496855  363
0.496918  263
0.497151  61
0.497251  83
0.497905  398
0.498055  186
0.498129  359
0.498442  382
0.498626  268
0.498695  338
0.49898  69
0.499062  239
0.499376  40
0.500006  386
0.500281  175
0.500621  143
0.500892  16
0.501009  328
0.501053  135
0.501136  362
0.50148  57
0.501905  240
0.501966  237
0.502394  115
0.502451  387
0.502568  190
0.502812  340
0.503062  396
0.503126  33
0.503364  91
0.503487  218
0.503607  291
0.503638  307
0.503672  196
0.503941  380
0.50418  270
0.504379  0
0.504394  364
0.504562  383
0.504576  114
0.504588  347
0.504605  66
0.504748  20
0.504817  197
0.504819  275
0.504854  316
0.504961  323
0.50517  86
0.505317  6
0.505438  300
0.505469  15
0.505489  360
0.505678  356
0.505705  49
0.505861  384
0.505953  158
0.506031  144
0.506062  176
0.50608  223
0.506137  13
0.506171  25
0.506522  210
0.506562  60
0.506865  306
0.506897  166
0.50692  318
0.506945  82
0.507179  53
0.507183  70
0.507476  206
0.507611  393
0.507667  370
0.507688  236
0.507713  301
0.507881  28
0.507891  327
0.508002  346
0.508021  249
0.508023  337
0.508114  43
0.508122  373
0.508141  154
0.508192  289
0.508298  117
0.508426  394
0.508557  101
0.508588  227
0.508671  150
0.508749  199
0.508777  366
0.50884  319
0.508854  185
0.508929  85
0.508985  371
0.509223  46
0.509307  38
0.509361  265
0.509473  377
0.509547  374
0.509589  8
0.509626  2
0.509791  344
0.509824  385
0.509909  165
0.509911  162
0.509952  29
0.51001  184
0.510085  169
0.510212  136
0.510217  89
0.510218  267
0.510227  392
0.510347  122
0.510365  251
0.510523  372
0.510535  235
0.510545  342
0.510566  348
0.510589  312
0.510689  345
0.510829  177
0.511223  211
0.511268  298
0.511324  118
0.511432  230
0.511465  335
0.511478  92
0.51149  334
0.511553  379
0.511599  378
0.51184  381
0.51187  395
0.511881  231
0.512033  182
0.512137  3
0.512172  194
0.512207  321
0.512221  226
0.512223  256
0.512259  310
0.512377  36
0.512434  391
0.512465  205
0.512521  343
0.512522  330
0.512551  315
0.512722  19
0.512839  357
0.512874  93
0.513047  339
0.513088  11
0.513202  153
0.51328  155
0.513387  333
0.513497  193
0.5135  138
0.513572  255
0.51372  62
0.513812  149
0.513888  281
0.513949  293
0.513966  121
0.514042  311
0.514151  1
0.51417  159
0.514183  109
0.514503  354
0.514546  365
0.514587  389
0.514669  35
0.514712  129
0.514747  173
0.514801  352
0.514805  201
0.514906  399
0.514911  81
0.515152  59
0.515173  358
0.515178  309
0.515179  250
0.515216  248
0.515227  324
0.515279  308
0.515352  168
0.515487  353
0.515583  314
0.515585  103
0.515623  71
0.515693  332
0.515737  351
0.515778  151
0.516178  368
0.516313  322
0.516374  73
0.516687  341
0.516775  98
0.516854  329
0.517113  50
0.517189  147
0.51723  369
0.517282  305
0.517426  120
0.51757  286
0.517599  142
0.517753  90
0.518027  252
0.518142  283
0.51818  380
0.518303  174
0.518459  58
0.518502  349
0.518532  37
0.518533  376
0.518797  64
0.518968  31
0.51897  202
0.51908  116
0.519091  39
0.5192  317
0.519319  94
0.519397  320
0.519408  304
0.519587  108
0.519649  303
0.51987  326
0.520077  272
0.520144  99
0.520162  137
0.520271  72
0.520331  21
0.520523  328
0.520635  123
0.520973  215
0.521117  273
0.521247  95
0.521417  388
0.521475  163
0.521561  170
0.521724  350
0.522006  222
0.522069  239
0.522301  191
0.522323  331
0.522691  274
0.522886  386
0.522943  362
0.523257  360
0.523284  290
0.523458  75
0.523459  382
0.52352  375
0.523541  313
0.523616  200
0.523653  156
0.524029  296
0.524058  387
0.524299  367
0.524742  299
0.524772  361
0.524877  187
0.525147  146
0.525421  266
0.52577  131
0.526228  203
0.526245  398
0.526689  284
0.52717  77
0.52754  65
0.527988  355
0.528275  396
0.528499  22
0.528728  279
0.528914  383
0.52893  323
0.528984  278
0.529086  104
0.529096  12
0.529795  390
0.530331  325
0.530567  157
0.531275  370
0.532265  336
0.53294  79
0.53312  364
0.533294  301
0.533514  363
0.533927  338
0.534516  359
0.535528  259
0.535763  195
0.536486  172
0.539128  348
0.539362  397
0.539655  235
0.540044  344
0.540254  262
0.540955  297
0.541  97
0.541276  135
0.542405  192
0.542798  342
0.543932  327
0.544392  372
0.544445  347
0.544944  69
0.545228  316
0.545262  115
0.54665  136
0.547333  346
0.54958  374
0.550234  196
0.550284  356
0.551619  288
0.551985  106
0.552052  87
0.552646  14
0.552729  399
0.552831  307
0.553406  309
0.553483  270
0.55378  354
0.554654  384
0.555331  337
0.555415  23
0.556469  285
0.556644  371
0.556645  394
0.556937  105
0.556941  282
0.557023  343
0.557892  306
0.558084  44
0.559026  294
0.55914  393
0.559167  388
0.559571  74
0.560136  353
0.560237  126
0.560817  107
0.56082  125
0.561018  13
0.561072  341
0.561331  300
0.561493  369
0.561557  311
0.561583  351
0.561776  48
0.561816  330
0.561826  373
0.562072  303
0.562222  320
0.562683  321
0.562952  295
0.563007  119
0.563128  377
0.563229  378
0.563232  34
0.563312  340
0.563321  166
0.56359  268
0.563683  165
0.563746  241
0.563931  302
0.564162  84
0.564342  148
0.564362  261
0.564438  143
0.564969  112
0.565161  389
0.565296  6
0.565352  55
0.565564  102
0.565582  352
0.565808  111
0.566116  392
0.566281  54
0.566324  164
0.56636  313
0.566596  113
0.566814  214
0.566854  365
0.567245  3
0.567386  257
0.567531  46
0.567702  366
0.567883  140
0.56792  333
0.567985  32
0.568147  103
0.568223  80
0.568551  234
0.568717  86
0.568847  45
0.568943  128
0.569108  100
0.569187  381
0.569322  322
0.569387  229
0.569398  289
0.569457  232
0.56952  216
0.569556  258
0.56956  379
0.569675  233
0.569853  349
0.569949  124
0.570112  385
0.570131  70
0.570224  308
0.570286  252
0.570397  326
0.570597  161
0.570665  395
0.570725  291
0.570808  61
0.571107  317
0.571247  314
0.571252  228
0.571327  360
0.571487  319
0.571671  357
0.571694  310
0.57174  332
0.571773  304
0.572041  213
0.572103  27
0.572446  345
0.572681  52
0.572765  253
0.572833  362
0.572882  387
0.573012  221
0.573317  139
0.573341  120
0.57393  179
0.574069  391
0.5741  240
0.574119  312
0.574163  328
0.574167  208
0.574392  301
0.574417  167
0.574525  186
0.574537  29
0.574694  386
0.574706  376
0.574751  77
0.574799  209
0.574817  335
0.574866  375
0.574868  184
0.575007  269
0.575235  359
0.575238  76
0.575268  244
0.575273  367
0.575386  339
0.575431  334
0.575527  178
0.575627  110
0.575746  227
0.575751  315
0.575772  188
0.575977  383
0.576206  242
0.576297  50
0.576684  331
0.576704  329
0.576907  305
0.577024  230
0.577075  189
0.577287  8
0.577352  370
0.577389  358
0.577396  42
0.577445  338
0.577517  127
0.577904  24
0.578056  176
0.57817  49
0.578319  324
0.578371  51
0.578373  390
0.578481  265
0.578841  368
0.578865  41
0.578945  60
0.579394  249
0.5794  35
0.579515  147
0.580004  318
0.580265  263
0.580553  361
0.580646  226
0.580759  238
0.58077  256
0.580931  62
0.580974  316
0.581165  380
0.581238  293
0.581386  323
0.581403  67
0.581946  336
0.582222  243
0.582663  20
0.582909  382
0.582927  97
0.583416  219
0.58434  152
0.584445  348
0.584627  169
0.584659  327
0.584829  355
0.585035  325
0.585083  396
0.585252  309
0.585423  141
0.5861  306
0.586647  151
0.586655  159
0.58671  225
0.587317  85
0.587601  183
0.587676  133
0.587844  267
0.587956  197
0.588908  363
0.58905  88
0.589096  374
0.589298  397
0.589781  337
0.59003  347
0.590095  78
0.590123  218
0.590132  344
0.590442  73
0.590479  350
0.590894  158
0.591192  342
0.591269  163
0.591668  379
0.59191  303
0.592231  138
0.592245  96
0.592647  351
0.593122  298
0.593437  366
0.593516  377
0.593628  283
0.593752  204
0.59459  212
0.594644  307
0.595412  190
0.596213  371
0.596215  91
0.596665  369
0.59709  68
0.597259  394
0.597583  28
0.597693  321
0.597864  5
0.597878  364
0.599571  343
0.600144  320
0.600238  346
0.600629  153
0.601187  239
0.601447  330
0.601723  392
0.602181  210
0.602504  217
0.602509  381
0.60322  38
0.603224  277
0.603504  154
0.603533  255
0.603631  95
0.604569  352
0.604991  358
0.605143  63
0.605591  162
0.605736  289
0.605831  39
0.606007  40
0.606101  290
0.606321  146
0.606406  4
0.606773  17
0.606781  340
0.606816  185
0.606901  353
0.607987  354
0.608119  0
0.608187  398
0.608308  292
0.608317  399
0.608323  254
0.608342  308
0.608496  202
0.608677  387
0.608694  310
0.609436  360
0.609654  113
0.610054  65
0.610185  326
0.610252  2
0.610544  104
0.61069  59
0.610715  372
0.610889  101
0.611051  271
0.61108  260
0.611163  33
0.611217  373
0.611378  300
0.611395  177
0.611396  224
0.612014  349
0.612141  118
0.612232  384
0.61225  341
0.612326  311
0.612717  356
0.612841  393
0.613209  388
0.613524  317
0.613925  117
0.613973  53
0.614102  149
0.614382  386
0.614424  93
0.614449  322
0.614584  206
0.614605  131
0.615052  357
0.61541  47
0.615691  173
0.615846  395
0.615988  194
0.61608  375
0.616304  314
0.617513  334
0.617573  276
0.617726  108
0.61799  390
0.618292  56
0.618639  1
0.618649  378
0.618661  286
0.618677  367
0.618783  362
0.618951  339
0.619288  180
0.619367  332
0.619889  72
0.620005  312
0.620575  389
0.620639  165
0.621076  175
0.621565  247
0.621579  385
0.621888  315
0.62203  318
0.62215  313
0.622198  150
0.622388  302
0.623424  301
0.623982  83
0.624541  382
0.625534  305
0.626314  329
0.626656  278
0.626725  182
0.62921  376
0.629223  327
0.629734  345
0.629779  273
0.632212  368
0.63229  205
0.632396  331
0.632599  333
0.63268  12
0.632962  142
0.633528  365
0.633859  361
0.63442  64
0.634679  324
0.635085  203
0.635492  90
0.636082  89
0.636273  112
0.636302  304
0.637476  342
0.637748  391
0.637782  136
0.63815  269
0.638447  306
0.639378  155
0.639611  325
0.639649  336
0.640599  337
0.640983  105
0.641913  364
0.641975  328
0.642276  383
0.642382  208
0.643004  134
0.643056  66
0.64314  123
0.64331  186
0.643927  338
0.644439  252
0.64474  396
0.644816  320
0.64503  207
0.645409  171
0.645465  370
0.645816  374
0.645929  380
0.645953  193
0.646028  344
0.646925  25
0.647551  272
0.647649  119
0.647871  355
0.648284  335
0.648355  75
0.648465  44
0.648478  347
0.649592  61
0.649718  299
0.649776  297
0.649926  287
0.650264  316
0.650367  319
0.650568  351
0.650739  323
0.650782  394
0.65085  215
0.650943  109
0.651029  7
0.651228  114
0.651254  14
0.651369  45
0.651381  211
0.651921  18
0.651932  366
0.652412  359
0.652691  307
0.652957  341
0.653012  309
0.653647  166
0.653664  235
0.653843  397
0.653869  246
0.653931  363
0.654106  340
0.654532  372
0.65474  222
0.655018  23
0.655401  339
0.655551  209
0.655609  377
0.655619  223
0.655636  226
0.655677  19
0.655789  349
0.656096  237
0.656111  135
0.656207  395
0.656535  129
0.656582  94
0.656673  300
0.657312  350
0.657588  179
0.657599  352
0.657663  187
0.658183  348
0.658209  26
0.658362  330
0.658464  379
0.65886  156
0.658993  388
0.659189  354
0.659482  48
0.65951  92
0.659543  9
0.659685  353
0.659699  398
0.660025  145
0.66011  261
0.66021  369
0.660518  160
0.66053  128
0.660627  168
0.660721  387
0.660765  250
0.661085  37
0.66112  292
0.661318  57
0.661331  96
0.661443  236
0.661555  282
0.661597  321
0.661943  174
0.661946  85
0.661959  360
0.662024  371
0.6621  124
0.662328  293
0.662359  63
0.662441  229
0.662674  346
0.662794  79
0.662922  181
0.663097  399
0.663291  343
0.663308  212
0.663329  317
0.663342  303
0.663459  378
0.663589  6
0.663739  322
0.664473  358
0.664624  381
0.664882  151
0.665063  357
0.665128  249
0.665132  103
0.665379  191
0.665587  152
0.66586  315
0.665923  4
0.665957  107
0.665995  213
0.666095  291
0.666178  305
0.66641  332
0.666466  147
0.666664  84
0.666739  356
0.666819  375
0.666975  259
0.667163  382
0.667241  110
0.667459  126
0.667736  389
0.667795  244
0.667797  172
0.667927  58
0.667968  288
0.667995  262
0.668001  392
0.668069  362
0.668355  192
0.668945  201
0.668989  308
0.6692  373
0.669222  384
0.669373  248
0.669549  87
0.669558  116
0.669982  69
0.67019  131
0.67065  115
0.670714  245
0.670854  93
0.670987  167
0.671018  81
0.67105  311
0.67154  391
0.671551  256
0.671599  386
0.671834  162
0.671867  314
0.672106  157
0.672155  62
0.672215  274
0.672267  78
0.672336  15
0.672444  385
0.67247  198
0.672499  296
0.672966  11
0.673032  86
0.673083  130
0.673236  393
0.673305  270
0.67341  333
0.673411  310
0.673488  327
0.673605  376
0.673658  132
0.673756  312
0.674019  100
0.674231  324
0.674334  122
0.674478  46
0.674498  121
0.674734  361
0.674776  264
0.674901  177
0.675137  196
0.675337  102
0.675616  325
0.67567  364
0.675874  306
0.676299  13
0.676392  54
0.67662  153
0.676645  253
0.676645  281
0.676671  390
0.676823  319
0.676998  175
0.677025  233
0.677095  239
0.6771  231
0.677332  134
0.677498  331
0.677507  271
0.677664  336
0.677665  318
0.677778  302
0.677836  221
0.677949  127
0.677956  30
0.678334  304
0.678441  216
0.678478  140
0.678514  70
0.67853  342
0.6787  218
0.678812  301
0.678889  225
0.678931  143
0.678933  326
0.6792  21
0.679286  366
0.67941  29
0.679588  184
0.679638  98
0.679675  334
0.679709  313
0.6798  178
0.679843  222
0.680049  338
0.680108  188
0.680183  52
0.680242  71
0.680264  51
0.680674  345
0.680849  303
0.680887  377
0.681002  380
0.681042  234
0.681047  154
0.681626  368
0.681689  232
0.681755  137
0.681868  329
0.681891  99
0.682046  182
0.682127  40
0.682164  20
0.682288  268
0.682325  199
0.682333  341
0.682621  227
0.682645  316
0.682654  309
0.682658  367
0.682698  286
0.682711  383
0.682979  363
0.683037  47
0.683085  263
0.683168  22
0.683241  347
0.683317  117
0.68333  344
0.683997  355
0.684208  370
0.684599  129
0.684813  144
0.684953  295
0.685002  59
0.68508  133
0.685126  55
0.685394  320
0.68542  354
0.685598  335
0.685696  290
0.685713  340
0.685975  211
0.685986  350
0.686034  374
0.686101  360
0.686134  300
0.686171  41
0.686578  217
0.686609  74
0.6868  323
0.686815  228
0.686855  337
0.687995  307
0.688172  185
0.688501  138
0.688561  369
0.688683  395
0.68906  359
0.689159  397
0.689299  277
0.689321  339
0.68979  36
0.690018  373
0.690417  343
0.690742  206
0.691211  251
0.691554  365
0.691585  358
0.691602  155
0.692334  314
0.693078  111
0.693556  18
0.6936  165
0.693726  202
0.693791  283
0.693901  379
0.694155  280
0.694245  142
0.694418  200
0.695318  399
0.696022  146
0.696345  328
0.696557  372
0.696996  387
0.697276  210
0.697502  398
0.697777  80
0.697848  90
0.697989  351
0.699748  240
0.700054  276
0.700185  381
0.700267  208
0.700359  136
0.70077  10
0.701133  348
0.701336  97
0.701612  310
0.703429  394
0.703647  357
0.704693  93
0.704738  169
0.704983  189
0.705514  66
0.705744  68
0.706292  118
0.706301  384
0.706793  39
0.707377  67
0.707479  333
0.707636  171
0.707675  205
0.707759  77
0.708225  241
0.708445  353
0.70847  284
0.708793  322
0.709063  83
0.709193  33
0.709219  392
0.709334  382
0.709457  332
0.709488  362
0.709591  95
0.710168  330
0.710322  31
0.71038  260
0.710866  321
0.710991  257
0.711029  82
0.711425  88
0.71201  32
0.712061  346
0.712378  371
0.71251  299
0.712715  396
0.713116  317
0.713497  275
0.713587  25
0.713642  383
0.713708  388
0.713791  327
0.713897  226
0.714088  336
0.71415  120
0.714218  349
0.714324  378
0.714351  161
0.714379  106
0.714431  7
0.714909  298
0.715679  193
0.716054  164
0.716074  356
0.716483  352
0.716953  391
0.717115  366
0.717131  305
0.71759  73
0.717626  89
0.717816  273
0.717852  389
0.718256  375
0.718456  367
0.718591  8
0.718712  53
0.71887  76
0.718886  230
0.719015  181
0.719468  302
0.719517  244
0.720017  331
0.720059  313
0.720397  24
0.720979  294
0.721072  192
0.721224  252
0.721568  380
0.72175  361
0.722091  390
0.72219  328
0.722413  126
0.722428  296
0.722854  247
0.723174  26
0.723462  104
0.723753  258
0.723865  306
0.724056  386
0.72417  385
0.724656  72
0.724811  167
0.725143  325
0.725179  309
0.72547  308
0.725818  368
0.725865  219
0.725944  148
0.726033  0
0.726294  250
0.726497  42
0.726692  304
0.727036  303
0.72762  311
0.728253  312
0.728485  224
0.728668  231
0.72873  319
0.728782  376
0.729403  341
0.729649  338
0.729665  370
0.729955  1
0.730368  377
0.730427  343
0.730661  324
0.730757  360
0.730759  114
0.731425  307
0.731646  369
0.731698  326
0.731699  269
0.731719  340
0.732913  350
0.732963  79
0.733485  355
0.733665  342
0.73372  334
0.733849  320
0.734543  335
0.735873  152
0.735882  107
0.736139  354
0.738562  287
0.740464  365
0.740682  397
0.74113  23
0.741157  62
0.741247  315
0.742314  345
0.744175  259
0.74542  364
0.746778  359
0.747661  198
0.748152  318
0.74886  94
0.749021  372
0.749039  50
0.749171  119
0.749397  128
0.749498  373
0.749949  329
0.750685  17
0.751641  314
0.751985  357
0.751989  131
0.752186  141
0.753098  140
0.753137  344
0.753557  363
0.753603  399
0.753661  289
0.75368  348
0.75383  384
0.754017  123
0.754074  339
0.754164  134
0.754598  395
0.754918  398
0.754952  300
0.755295  109
0.755346  186
0.755702  228
0.755837  265
0.75603  362
0.756405  235
0.756475  177
0.756679  321
0.75676  337
0.756982  267
0.757184  279
0.75732  86
0.75759  44
0.757765  145
0.757901  381
0.758452  270
0.758494  158
0.758511  297
0.759244  310
0.760503  58
0.760542  353
0.761233  81
0.761465  45
0.761697  3
0.761721  393
0.761788  374
0.761893  347
0.762187  330
0.762415  199
0.762792  323
0.762881  209
0.76296  243
0.76302  157
0.763041  336
0.763564  322
0.763626  249
0.763653  203
0.763718  135
0.763904  392
0.763946  197
0.764833  91
0.765187  30
0.76531  332
0.765808  379
0.766567  19
0.766671  358
0.766716  137
0.767002  133
0.76707  28
0.767122  38
0.767483  190
0.767583  6
0.767631  387
0.76781  346
0.767931  245
0.767941  366
0.767965  130
0.767979  16
0.768134  227
0.768192  351
0.768864  388
0.76915  338
0.769208  156
0.769289  220
0.769673  214
0.769799  316
0.769818  125
0.769841  35
0.769913  29
0.770031  101
0.770415  176
0.770527  285
0.770529  371
0.770569  272
0.770695  155
0.770756  396
0.770777  151
0.770907  110
0.770938  74
0.771091  333
0.771136  356
0.771404  59
0.77141  194
0.771465  325
0.771596  163
0.771849  262
0.771892  213
0.772002  394
0.772009  5
0.772096  2
0.772223  246
0.772329  48
0.772339  144
0.772564  46
0.772623  266
0.772697  382
0.772717  311
0.772728  390
0.772755  361
0.772825  97
0.772881  215
0.772917  290
0.772998  124
0.77313  188
0.773162  383
0.773411  313
0.773471  368
0.773498  327
0.773556  331
0.773925  57
0.773976  367
0.774051  349
0.774155  47
0.774375  77
0.774488  240
0.774527  13
0.774601  207
0.774645  301
0.774765  389
0.774986  87
0.775028  271
0.775037  204
0.775082  142
0.775119  41
0.775143  61
0.77535  84
0.775354  150
0.775478  111
0.775653  312
0.775661  354
0.775763  136
0.775814  305
0.775816  64
0.775928  352
0.776019  306
0.776056  11
0.776059  341
0.776135  115
0.776137  221
0.77623  105
0.776258  165
0.77626  385
0.776298  232
0.776309  375
0.776338  33
0.776407  36
0.776452  211
0.776595  380
0.776626  102
0.776766  205
0.776815  360
0.776839  317
0.776869  304
0.77688  369
0.776927  117
0.776983  108
0.777079  292
0.77712  103
0.777232  384
0.777349  182
0.777455  56
0.777544  342
0.777548  236
0.777578  15
0.777655  324
0.777699  31
0.777759  278
0.777771  43
0.777772  264
0.777787  132
0.777843  276
0.777902  55
0.777958  343
0.778053  75
0.77811  224
0.778137  391
0.778198  96
0.778311  309
0.778313  340
0.778348  386
0.778401  308
0.778431  70
0.778538  40
0.778559  335
0.77862  154
0.778659  175
0.778685  377
0.779026  288
0.779075  93
0.779158  372
0.779182  359
0.779271  237
0.779336  248
0.77941  347
0.779441  307
0.779453  315
0.779606  326
0.779625  219
0.779667  139
0.77982  303
0.779842  344
0.779995  339
0.780048  319
0.780115  118
0.780148  370
0.780274  0
0.780308  302
0.780432  256
0.780477  184
0.78064  286
0.780653  159
0.7808  20
0.78083  127
0.781007  203
0.781047  69
0.781154  328
0.781331  355
0.781403  253
0.781468  192
0.781647  320
0.781729  191
0.781885  180
0.781911  85
0.781988  122
0.782109  234
0.782126  381
0.782342  334
0.782347  364
0.782359  172
0.782364  153
0.78242  365
0.782491  21
0.782507  73
0.782632  318
0.782662  348
0.782801  121
0.782805  378
0.782919  397
0.782945  244
0.783171  162
0.783286  222
0.783342  399
0.783381  129
0.783458  68
0.783527  395
0.783741  350
0.783799  392
0.783876  65
0.783961  314
0.784032  166
0.784137  362
0.784268  193
0.784308  329
0.78439  258
0.784426  98
0.784442  67
0.784642  300
0.78484  92
0.784843  373
0.785167  357
0.785336  196
0.785403  393
0.785673  51
0.785758  83
0.787008  169
0.787051  323
0.787338  376
0.787648  398
0.787865  261
0.787884  231
0.78832  34
0.789202  259
0.789326  116
0.789353  345
0.789755  195
0.78982  363
0.790265  330
0.790875  353
0.791237  148
0.791683  14
0.791882  310
0.792143  39
0.792444  226
0.79337  238
0.794009  27
0.794412  216
0.794973  252
0.795805  322
0.79587  25
0.797243  183
0.797499  321
0.797631  337
0.79772  208
0.797982  295
0.798377  336
0.79861  230
0.799153  368
0.799931  387
0.800399  383
0.804082  338
0.80452  218
0.805008  32
0.805478  327
0.805707  361
0.805802  104
0.805962  332
0.806178  8
0.806429  374
0.807525  100
0.808382  379
0.808555  311
0.809077  298
0.80919  351
0.809199  325
0.81065  306
0.810669  225
0.81099  52
0.811561  80
0.812682  4
0.812914  217
0.813283  130
0.813288  382
0.813396  113
0.813618  260
0.814188  126
0.814265  396
0.814397  371
0.814645  366
0.815038  340
0.815369  152
0.815449  346
0.815803  359
0.81598  223
0.816129  380
0.816157  71
0.816184  389
0.816273  255
0.816891  281
0.816978  370
0.817413  227
0.817541  354
0.817666  22
0.817745  86
0.81848  385
0.81877  305
0.819529  241
0.8198  350
0.819824  349
0.8204  198
0.820641  242
0.820644  164
0.820729  106
0.821252  250
0.821571  12
0.822064  314
0.822256  79
0.822303  211
0.822383  107
0.822416  313
0.823047  315
0.823084  293
0.823146  324
0.823147  304
0.823228  375
0.823311  99
0.823623  149
0.823767  239
0.824163  251
0.824265  37
0.82444  173
0.824648  119
0.82466  101
0.82479  347
0.82489  289
0.824893  358
0.824921  309
0.825263  42
0.825442  270
0.825719  167
0.825846  202
0.82605  229
0.826247  328
0.826317  320
0.82632  301
0.826548  131
0.826548  378
0.826806  285
0.826816  282
0.826818  394
0.826837  334
0.826857  95
0.826971  151
0.827599  194
0.827712  319
0.827714  179
0.827737  356
0.827801  50
0.827841  190
0.827865  331
0.827993  372
0.828112  145
0.828171  344
0.828282  395
0.82891  388
0.829158  273
0.829197  88
0.82933  72
0.829331  124
0.829356  326
0.829381  219
0.829426  92
0.829527  308
0.829681  24
0.829983  364
0.830104  343
0.830135  352
0.830324  75
0.830423  29
0.830446  210
0.830576  290
0.830925  60
0.830946  170
0.831002  342
0.831079  345
0.831319  201
0.831319  302
0.831367  76
0.831489  184
0.831864  339
0.831954  384
0.832637  204
0.832641  391
0.83274  140
0.832761  365
0.832927  316
0.83313  269
0.833194  23
0.833217  348
0.833445  277
0.833446  386
0.833577  333
0.834534  392
0.83457  312
0.834601  158
0.834757  300
0.83478  390
0.834889  257
0.834919  387
0.834968  303
0.835045  369
0.835558  7
0.835636  399
0.83588  153
0.835883  363
0.836046  307
0.83638  189
0.836742  323
0.837252  341
0.837379  64
0.837461  367
0.837617  376
0.837862  377
0.83846  310
0.838754  134
0.839366  10
0.839391  278
0.840929  112
0.841277  336
0.841763  120
0.842321  85
0.843116  353
0.844043  62
0.844402  335
0.845522  318
0.846474  357
0.846948  355
0.846982  338
0.848056  327
0.848283  317
0.848887  233
0.850603  379
0.850615  306
0.851501  195
0.852983  185
0.853889  162
0.854525  360
0.855394  175
0.855408  362
0.856  28
0.856038  26
0.857124  330
0.857351  169
0.857848  393
0.858377  351
0.858412  66
0.858745  383
0.858916  93
0.859053  137
0.85961  272
0.859827  322
0.860715  84
0.860819  294
0.860914  274
0.861066  332
0.861238  127
0.861332  19
0.861461  150
0.861704  116
0.861965  381
0.862463  373
0.862638  240
0.862661  94
0.862982  397
0.863162  359
0.863218  128
0.863286  374
0.863563  78
0.863989  45
0.864093  329
0.864366  314
0.864768  296
0.864789  148
0.864869  13
0.86491  313
0.864917  346
0.864921  97
0.864929  368
0.864931  49
0.864959  168
0.865175  91
0.865178  215
0.865323  337
0.865397  287
0.865448  228
0.865517  340
0.865554  145
0.865861  382
0.865866  53
0.866099  366
0.866151  138
0.866207  268
0.866426  89
0.866434  271
0.866639  96
0.866685  141
0.866909  244
0.867127  147
0.867648  111
0.86783  102
0.867929  275
0.867946  247
0.868016  142
0.868526  129
0.868672  396
0.868723  325
0.868806  254
0.868882  3
0.868948  258
0.869115  90
0.869333  371
0.869417  132
0.869453  52
0.869532  177
0.86971  6
0.869944  279
0.870172  35
0.870177  197
0.870308  181
0.870328  267
0.870329  321
0.870689  5
0.870714  389
0.870831  361
0.870999  68
0.871028  348
0.871069  344
0.871083  2
0.871104  87
0.871123  103
0.871163  174
0.871219  249
0.871304  354
0.871446  214
0.871501  398
0.871502  100
0.871535  352
0.871538  395
0.871642  297
0.871744  18
0.87178  183
0.871829  261
0.871873  286
0.871875  70
0.871956  319
0.871957  385
0.871975  38
0.872003  358
0.872009  299
0.872045  44
0.872132  154
0.872301  345
0.87231  199
0.872353  157
0.872542  300
0.872553  203
0.872558  16
0.872597  394
0.87266  207
0.872667  260
0.872715  370
0.872731  347
0.87274  143
0.872781  315
0.872868  380
0.872917  304
0.873001  17
0.873053  176
0.873105  81
0.873172  30
0.873299  391
0.873414  107
0.873455  252
0.87377  0
0.873824  378
0.873856  309
0.873887  305
0.873893  387
0.874065  277
0.874177  262
0.874227  372
0.874275  178
0.874278  316
0.874317  43
0.874357  21
0.87438  51
0.874384  331
0.874399  320
0.874491  72
0.874537  206
0.874674  20
0.874744  377
0.874785  170
0.874818  328
0.874832  225
0.874884  276
0.874952  163
0.875007  281
0.875041  308
0.875062  390
0.875069  376
0.875074  343
0.875103  166
0.875114  251
0.87515  235
0.875167  121
0.875226  349
0.875275  367
0.875351  1
0.875373  341
0.875379  73
0.875407  375
0.875452  288
0.875481  54
0.875504  364
0.87557  336
0.875594  212
0.87562  335
0.875654  144
0.875685  114
0.8757  399
0.875803  236
0.876019  369
0.87606  187
0.876073  388
0.876115  63
0.876208  342
0.876311  334
0.876383  104
0.876397  159
0.876513  123
0.876565  74
0.876565  365
0.876609  363
0.87676  307
0.876848  213
0.876987  386
0.877324  160
0.877373  253
0.877411  23
0.87755  263
0.877565  312
0.877626  360
0.877713  69
0.877722  180
0.87791  327
0.878053  155
0.878123  226
0.878153  115
0.878365  248
0.87847  34
0.878734  208
0.878893  234
0.878901  217
0.878972  362
0.878989  105
0.879146  47
0.879184  302
0.879347  224
0.879397  330
0.879611  339
0.879612  200
0.879612  221
0.879639  333
0.879659  311
0.879725  317
0.87976  384
0.879763  171
0.879847  310
0.880057  301
0.880076  306
0.880166  356
0.880339  164
0.880564  95
0.88089  350
0.880968  27
0.881001  323
0.881175  357
0.881248  57
0.882001  210
0.882042  239
0.88262  353
0.882666  190
0.882822  392
0.882861  215
0.882999  55
0.883123  381
0.883223  165
0.883478  173
0.883502  179
0.883523  324
0.884131  161
0.884445  109
0.884459  99
0.884543  98
0.88477  205
0.884973  379
0.885133  340
0.885453  40
0.88559  298
0.885764  326
0.886401  41
0.88715  393
0.887243  196
0.887357  12
0.887475  25
0.887681  156
0.888059  338
0.888089  318
0.888416  351
0.888487  191
0.889294  354
0.889385  359
0.88963  67
0.889708  283
0.889944  147
0.890129  303
0.890582  314
0.890983  209
0.892834  58
0.892884  146
0.893115  332
0.893227  397
0.893456  373
0.893581  241
0.893918  39
0.894361  237
0.894876  182
0.894889  322
0.89595  305
0.896878  122
0.89742  136
0.897455  29
0.897625  48
0.897844  256
0.897953  153
0.898342  119
0.89902  194
0.899525  284
0.8998  346
0.900391  337
0.900476  15
0.901078  92
0.901814  289
0.901978  150
0.902422  268
0.90264  257
0.902822  93
0.902883  389
0.903116  90
0.903538  355
0.903989  348
0.904149  202
0.904269  231
0.904695  198
0.905007  352
0.905034  266
0.905141  184
0.905181  75
0.905209  396
0.905404  304
0.905622  229
0.905644  341
0.905671  325
0.905926  308
0.906074  292
0.906545  370
0.906551  315
0.906919  383
0.907049  219
0.907072  300
0.907182  366
0.907535  138
0.908704  71
0.908729  361
0.908749  42
0.909194  108
0.90928  291
0.90932  130
0.909539  140
0.909673  382
0.909702  77
0.909779  385
0.910224  246
0.910484  7
0.910547  222
0.910658  313
0.910817  101
0.910971  371
0.911321  46
0.91153  344
0.911732  372
0.911753  125
0.911879  211
0.911987  106
0.912018  328
0.91221  335
0.912549  9
0.912622  145
0.912709  280
0.912842  220
0.912917  378
0.9133  243
0.913386  113
0.913473  4
0.913477  377
0.913547  62
0.913555  240
0.913698  168
0.913796  321
0.91391  311
0.91409  329
0.914439  358
0.914514  22
0.914611  295
0.914646  386
0.914699  86
0.914709  235
0.914803  110
0.915215  336
0.91531  278
0.91559  61
0.915644  343
0.915838  189
0.916294  375
0.916327  238
0.916353  312
0.916409  387
0.916416  363
0.916424  306
0.916767  388
0.916814  149
0.916996  395
0.917014  254
0.91705  250
0.917135  360
0.917289  317
0.917429  37
0.917436  285
0.918207  128
0.918303  310
0.918347  376
0.91835  85
0.918403  282
0.918477  374
0.918598  394
0.918704  107
0.918721  324
0.919079  368
0.919237  137
0.91932  87
0.919503  349
0.919616  207
0.919899  132
0.919979  223
0.92003  269
0.920164  294
0.920204  399
0.920215  331
0.920806  17
0.920895  36
0.920979  347
0.921037  82
0.921281  76
0.921359  379
0.921853  59
0.92196  80
0.922303  340
0.922392  214
0.92243  362
0.922795  181
0.922978  390
0.923318  201
0.923609  367
0.923921  154
0.9241  318
0.924104  322
0.924385  320
0.924702  79
0.924861  262
0.925134  56
0.925519  159
0.925693  338
0.925717  126
0.925855  345
0.925936  334
0.926294  393
0.926313  307
0.926323  369
0.926437  381
0.92654  272
0.926546  391
0.926564  364
0.92736  351
0.927763  232
0.927816  342
0.927837  45
0.928512  180
0.928589  16
0.928611  373
0.92873  242
0.928851  95
0.929442  332
0.930023  333
0.930083  290
0.930149  350
0.930248  73
0.930768  293
0.930786  193
0.931014  316
0.931462  397
0.931603  296
0.931653  129
0.933754  118
0.934229  302
0.934304  319
0.934424  259
0.934605  330
0.934656  133
0.934876  204
0.935057  325
0.935268  303
0.935338  314
0.935835  175
0.936678  192
0.937518  396
0.938078  249
0.938423  354
0.93872  337
0.939117  305
0.940534  19
0.940673  190
0.942171  323
0.942219  398
0.942548  315
0.942715  356
0.942761  200
0.944516  341
0.94462  380
0.945287  357
0.945557  309
0.946255  88
0.946845  339
0.947212  158
0.948176  313
0.948676  91
0.949546  66
0.949879  166
0.95008  98
0.950192  99
0.950218  144
0.95027  212
0.951315  39
0.951698  304
0.952356  174
0.952423  14
0.952658  346
0.952659  359
0.952966  370
0.953641  306
0.953655  89
0.954568  258
0.954968  311
0.955129  384
0.955303  195
0.955381  135
0.955765  117
0.955819  326
0.955999  389
0.956372  281
0.956727  10
0.956738  352
0.957005  41
0.957148  109
0.957484  301
0.957829  263
0.95793  385
0.957987  327
0.95844  35
0.958545  65
0.958908  11
0.959471  247
0.960111  353
0.960118  377
0.960271  52
0.960565  382
0.960737  383
0.960768  300
0.960862  366
0.96101  170
0.961054  100
0.96121  392
0.961414  94
0.961435  112
0.961499  328
0.961643  122
0.961939  96
0.96199  253
0.962206  32
0.962461  177
0.963013  188
0.963031  61
0.963185  265
0.963431  115
0.963494  127
0.963505  361
0.963521  227
0.963991  84
0.964056  244
0.964375  277
0.964377  161
0.964796  283
0.965015  51
0.965064  286
0.965214  153
0.965233  399
0.965302  365
0.965318  371
0.965559  378
0.96568  245
0.966241  21
0.966476  376
0.966501  213
0.96652  197
0.966579  297
0.96668  199
0.966991  374
0.967071  150
0.96713  60
0.967245  26
0.967295  167
0.967321  67
0.967423  251
0.96751  128
0.967696  8
0.967696  183
0.967726  318
0.967841  329
0.968137  142
0.968198  71
0.968281  6
0.968343  176
0.968445  268
0.968508  64
0.968603  335
0.968687  17
0.968697  157
0.968698  231
0.968718  344
0.968776  103
0.968798  317
0.968848  224
0.968902  210
0.968949  198
0.969245  160
0.969268  307
0.969276  348
0.969297  119
0.969309  299
0.969368  162
0.969384  347
0.969443  349
0.969454  97
0.969457  70
0.969481  0
0.969514  308
0.969614  217
0.969691  221
0.969701  236
0.96974  250
0.969744  395
0.969767  321
0.969789  31
0.969793  343
0.969806  120
0.969837  342
0.969988  179
0.970031  273
0.970045  165
0.97007  131
0.970177  373
0.970253  173
0.970337  20
0.970384  387
0.97039  143
0.970412  48
0.970468  355
0.970537  25
0.970539  246
0.970555  233
0.970608  320
0.970667  312
0.970699  33
0.970711  324
0.970722  391
0.970724  367
0.970732  372
0.970753  24
0.970769  226
0.970827  386
0.970854  264
0.97088  18
0.970909  42
0.971012  228
0.971095  314
0.971164  44
0.971187  47
0.971251  388
0.971334  358
0.971336  169
0.97134  181
0.971355  50
0.971368  74
0.971527  338
0.971549  184
0.971569  323
0.971652  319
0.971678  83
0.971738  114
0.971754  350
0.971793  148
0.971843  380
0.971911  379
0.971932  5
0.971937  171
0.971973  248
0.972063  310
0.972122  110
0.97216  180
0.972278  316
0.97228  134
0.972343  136
0.972385  341
0.972473  394
0.972499  124
0.972505  302
0.972652  280
0.972764  296
0.972767  208
0.972776  336
0.972814  375
0.97284  216
0.97288  334
0.972903  141
0.972959  92
0.973001  325
0.97307  182
0.973095  390
0.973133  322
0.973136  368
0.973171  397
0.973366  4
0.973367  304
0.973373  62
0.973455  309
0.973459  191
0.973514  381
0.973546  287
0.973565  293
0.973565  145
0.973583  354
0.973623  315
0.97368  178
0.973699  78
0.973707  206
0.973759  270
0.97381  364
0.973891  298
0.973912  2
0.973913  333
0.974027  279
0.974042  385
0.97407  369
0.974086  303
0.974282  69
0.974288  340
0.974311  332
0.974321  121
0.974488  104
0.974629  396
0.974828  331
0.974887  130
0.974946  305
0.975023  202
0.975055  330
0.975068  337
0.975185  34
0.975305  155
0.975405  393
0.975517  89
0.975608  256
0.975654  123
0.975709  327
0.975879  186
0.97596  80
0.976028  185
0.976273  328
0.976315  205
0.97634  362
0.976449  3
0.976461  352
0.97647  345
0.976596  356
0.976604  252
0.976616  195
0.976664  234
0.976951  291
0.976975  398
0.977088  262
0.977211  57
0.97733  139
0.977397  196
0.977451  36
0.977596  374
0.977618  389
0.977711  77
0.977759  201
0.977769  351
0.977817  156
0.977836  58
0.977881  102
0.977907  285
0.977925  88
0.97813  384
0.978256  306
0.978318  140
0.978338  218
0.978372  357
0.978477  90
0.978479  229
0.978574  278
0.978653  313
0.978915  219
0.979094  326
0.979111  54
0.979265  223
0.979467  204
0.979509  85
0.979978  292
0.980057  359
0.980489  81
0.980574  288
0.98063  360
0.981153  175
0.981292  272
0.981372  138
0.981485  269
0.981695  346
0.981845  243
0.981941  13
0.982221  147
0.982291  266
0.982514  17
0.982813  133
0.982885  363
0.982906  177
0.983164  311
0.983186  378
0.983359  203
0.98344  215
0.983722  212
0.983827  214
0.983854  274
0.983925  318
0.984191  235
0.984192  301
0.984369  271
0.984949  111
0.98544  300
0.985542  237
0.985769  174
0.985775  289
0.986114  239
0.98624  342
0.986454  366
0.986461  377
0.986649  194
0.987223  241
0.98729  376
0.987336  12
0.987338  72
0.987537  261
0.987942  242
0.987961  347
0.987977  348
0.988025  294
0.988128  382
0.989215  129
0.98924  399
0.990156  63
0.990389  146
0.990641  371
0.991006  375
0.991253  324
0.991848  370
0.991909  340
0.992645  10
0.992793  22
0.993463  379
0.993821  254
0.994831  126
0.994905  73
0.995083  367
0.995372  381
0.995496  14
0.995568  343
0.995732  322
0.996184  350
0.996791  394
0.997821  349
0.999654  319
