1.50072e-06  113
1.84984e-06  205
5.59872e-06  57
8.02713e-06  117
1.74706e-05  109
1.81171e-05  8
2.23312e-05  207
2.37026e-05  85
2.38525e-05  49
2.93919e-05  175
3.12307e-05  75
3.73848e-05  100
3.76333e-05  51
4.25926e-05  127
4.45976e-05  95
4.5704e-05  136
5.39579e-05  193
5.69163e-05  25
5.73316e-05  171
6.52237e-05  116
6.74998e-05  52
7.11068e-05  108
7.43804e-05  103
7.87212e-05  59
8.7117e-05  199
9.00592e-05  65
9.03644e-05  180
9.11438e-05  183
9.18428e-05  187
9.37273e-05  60
9.80848e-05  111
0.000100561  139
0.000102914  151
0.000104909  191
0.000105176  147
0.000107511  131
0.000107738  195
0.000117387  55
0.000119623  24
0.000119906  204
0.000119938  129
0.000123161  121
0.000126609  27
0.000126746  92
0.000129209  184
0.000134816  235
0.000139692  188
0.000142246  101
0.000145227  87
0.000149149  40
0.000152116  123
0.000156898  256
0.000157523  107
0.000162078  185
0.000164122  132
0.00016576  104
0.000167624  72
0.000168594  71
0.000169992  221
0.000170619  216
0.000173206  192
0.000175042  83
0.000176285  225
0.000178732  148
0.000179002  73
0.000179758  160
0.000182845  149
0.00018443  168
0.000188443  11
0.00018856  56
0.000190803  9
0.00019223  257
0.000192541  197
0.000207034  45
0.000207639  128
0.000212225  84
0.000213812  119
0.000223511  172
0.000227253  99
0.000230999  159
0.000238342  125
0.000243039  91
0.000246401  28
0.000250166  163
0.000250645  133
0.000252714  93
0.000253659  77
0.000264141  41
0.000270816  167
0.000271127  97
0.00027201  96
0.000275291  76
0.000276167  196
0.000284416  53
0.000284761  217
0.000285146  179
0.000288175  141
0.00028985  233
0.000291405  220
0.000298909  115
0.000301633  177
0.000310107  43
0.000315673  44
0.000320842  232
0.000328185  219
0.000328843  140
0.000330878  120
0.000331221  164
0.000334385  135
0.000336469  224
0.000338724  157
0.000353603  161
0.00035402  105
0.000366407  137
0.000375389  31
0.000377187  89
0.000383203  112
0.000385989  79
0.000400811  144
0.000407308  229
0.000413351  173
0.000416059  64
0.000417006  231
0.000419084  223
0.000429672  81
0.000432217  63
0.000432318  156
0.000436445  67
0.000446394  169
0.000447596  69
0.000449491  165
0.000452935  80
0.000453622  181
0.000482167  227
0.000505228  124
0.000517762  47
0.000530015  48
0.000556349  145
0.000566246  259
0.000576425  61
0.000584547  88
0.000618924  176
0.00062672  143
0.000767796  68
0.00078374  29
0.0010199  189
0.00114254  228
0.00256047  269
0.00291558  369
0.00346595  310
0.00363726  386
0.00363989  287
0.00380547  319
0.00394538  365
0.00397574  317
0.00398604  372
0.00398911  381
0.00402423  357
0.0040395  387
0.00404121  339
0.00415663  395
0.00418534  295
0.00420327  301
0.00421431  383
0.00422992  328
0.00426073  330
0.00427366  349
0.00432103  397
0.00439856  382
0.0044898  391
0.00449604  355
0.00450936  373
0.00461006  347
0.00462253  361
0.00465347  338
0.00466705  388
0.00468646  368
0.00477385  327
0.0047837  341
0.0048288  378
0.00488232  320
0.00491732  380
0.00492098  273
0.00494983  282
0.00501624  333
0.00506379  334
0.00516715  246
0.00535185  389
0.00539519  384
0.00543056  392
0.00547627  321
0.00553522  308
0.00560882  300
0.00563611  209
0.00568826  371
0.00569208  394
0.00591569  363
0.00597097  331
0.00630569  314
0.00640197  238
0.00641077  360
0.00641361  343
0.00665145  393
0.00705289  316
0.00741434  326
0.00742288  362
0.00763367  302
0.00782639  2
0.00800687  345
0.00801548  336
0.00868439  311
0.00888322  356
0.009142  385
0.00957325  352
0.0100487  309
0.0103969  306
0.0104009  377
0.0107835  303
0.0109208  212
0.0114819  332
0.0118833  370
0.0131611  396
0.0132318  390
0.0133678  348
0.0133881  375
0.0136385  367
0.0136936  350
0.0137251  322
0.0137833  242
0.0144549  351
0.0148838  315
0.015799  398
0.017249  305
0.0174011  38
0.0178667  307
0.0184402  374
0.0192224  340
0.0203605  337
0.0209044  318
0.0210504  312
0.0211172  379
0.021226  364
0.0217539  358
0.0219788  278
0.0234461  329
0.025927  376
0.0271825  277
0.0282521  342
0.0307094  354
0.0310951  323
0.0341535  313
0.0348282  304
0.0349273  359
0.0349383  366
0.0362955  325
0.0367151  346
0.0379547  335
0.0416253  324
0.0426748  260
0.044658  353
0.0456857  3
0.0472348  280
0.047254  211
0.0475226  22
0.04892  154
0.049313  213
0.0495687  67
0.0495843  263
0.0501814  208
0.0502007  236
0.0502014  1
0.0502595  266
0.0502985  34
0.0505118  248
0.0507071  0
0.0507472  200
0.0508305  19
0.0509999  201
0.0515302  20
0.0516314  237
0.0516442  399
0.0516514  289
0.0517854  153
0.0520105  296
0.0520389  292
0.0520676  21
0.0525343  369
0.0525889  344
0.0527729  215
0.0530144  255
0.0534111  373
0.0534353  361
0.0534953  252
0.0534971  331
0.0536321  382
0.0538107  339
0.0538275  284
0.0541783  262
0.0545748  275
0.054619  13
0.0546447  336
0.054686  365
0.0552099  250
0.0553606  347
0.0555857  23
0.0558108  391
0.0560849  7
0.0565489  338
0.0571708  311
0.0574918  317
0.0577513  259
0.0578233  115
0.0580968  261
0.0581715  301
0.0586196  327
0.0586555  203
0.0586721  243
0.0590055  381
0.0594931  241
0.0595805  145
0.0598535  4
0.05995  360
0.060045  332
0.0601663  372
0.0601792  306
0.0604146  388
0.0606833  380
0.0610289  293
0.0615016  322
0.0621318  395
0.0623885  315
0.0628502  32
0.0633267  385
0.0634973  279
0.0636228  392
0.0640259  5
0.0641661  377
0.0642141  303
0.0649219  358
0.0659214  309
0.0660343  334
0.0663856  316
0.0668861  15
0.0672435  321
0.0675691  312
0.0677112  386
0.0677446  254
0.0681089  384
0.0687172  371
0.0690754  374
0.0692078  246
0.0695575  300
0.0706493  310
0.0707438  320
0.0708645  319
0.0723263  364
0.072976  349
0.0739713  265
0.0746751  333
0.0756143  367
0.0757607  357
0.077115  345
0.0778905  308
0.0788529  181
0.0789831  302
0.0792578  375
0.0807873  343
0.080824  370
0.0816669  251
0.0824505  378
0.0825735  38
0.0831934  393
0.0834919  363
0.0838918  359
0.0844768  355
0.0846668  398
0.085117  33
0.0861512  119
0.0868544  350
0.0874492  329
0.087827  389
0.0880166  36
0.0888608  288
0.0894975  63
0.090075  397
0.0908806  340
0.0920689  342
0.0923191  394
0.0931997  80
0.0934576  318
0.0934846  337
0.0940261  341
0.0946465  283
0.0957976  103
0.0960374  270
0.0965252  376
0.0966387  396
0.0967109  239
0.0969985  18
0.0975987  27
0.0978557  387
0.0979266  314
0.0979805  356
0.0985558  304
0.0991484  69
0.10027  379
0.100754  328
0.100784  362
0.101145  326
0.101262  390
0.10181  299
0.101915  228
0.102483  330
0.10319  244
0.103214  351
0.10387  352
0.104652  77
0.105048  354
0.105615  210
0.107646  346
0.107719  104
0.107849  368
0.108532  305
0.108544  294
0.109524  307
0.109542  182
0.109931  41
0.110145  144
0.1111  273
0.11118  223
0.111304  39
0.111557  325
0.111706  272
0.111748  76
0.111813  238
0.112035  17
0.112215  167
0.112491  286
0.112866  214
0.113201  247
0.113252  348
0.1133  152
0.113316  209
0.113564  123
0.113769  87
0.11408  366
0.11415  365
0.114303  313
0.114406  391
0.11448  317
0.114704  267
0.115259  129
0.11552  298
0.115615  57
0.115701  276
0.116092  274
0.116345  361
0.116349  160
0.116555  88
0.116635  360
0.116675  277
0.116688  383
0.116702  196
0.116725  269
0.117017  112
0.117095  54
0.117136  97
0.11723  384
0.117284  297
0.117345  271
0.117428  240
0.117599  324
0.117759  192
0.117879  217
0.117884  381
0.117899  163
0.117954  176
0.118002  141
0.11817  219
0.118185  335
0.118247  125
0.118285  327
0.118509  22
0.118604  183
0.118635  295
0.118804  369
0.118979  58
0.119035  303
0.119257  159
0.119497  179
0.119638  139
0.119702  372
0.119828  388
0.120198  245
0.120246  61
0.120392  189
0.120465  338
0.120527  184
0.120562  216
0.120578  336
0.120592  374
0.120643  359
0.120807  108
0.120967  311
0.121137  392
0.121387  248
0.121802  229
0.121914  319
0.122706  102
0.123382  136
0.123403  14
0.123449  373
0.123463  380
0.123564  91
0.123845  107
0.123949  100
0.124178  211
0.124312  155
0.124897  204
0.124956  370
0.124973  241
0.12501  35
0.125289  339
0.125357  50
0.1254  375
0.125491  371
0.125637  386
0.125649  31
0.125678  202
0.125777  329
0.125844  308
0.12585  395
0.125893  12
0.12609  312
0.126168  59
0.126527  306
0.126623  345
0.126813  199
0.126836  253
0.126893  364
0.126947  264
0.126994  99
0.127325  53
0.127705  117
0.128039  331
0.128094  385
0.128184  293
0.128618  393
0.128665  121
0.128779  131
0.128992  344
0.129115  349
0.129166  156
0.12922  382
0.129298  350
0.129471  126
0.129785  367
0.129953  377
0.130266  310
0.13032  323
0.130326  287
0.13082  394
0.131089  115
0.131678  66
0.131801  68
0.132031  25
0.132805  315
0.132842  309
0.133385  343
0.133427  322
0.134222  347
0.134385  109
0.1344  316
0.134438  357
0.136421  354
0.136576  389
0.137169  45
0.13742  158
0.137514  337
0.137629  341
0.138162  304
0.139379  334
0.139478  2
0.140088  362
0.14035  368
0.141824  154
0.142842  399
0.143304  353
0.143327  292
0.143702  302
0.143858  320
0.143875  268
0.144102  236
0.144153  137
0.144603  363
0.144793  224
0.145106  365
0.145145  280
0.14542  132
0.145509  65
0.145545  351
0.145603  328
0.146654  342
0.14685  330
0.147219  225
0.147407  289
0.147421  120
0.147664  275
0.147863  317
0.148345  332
0.148631  346
0.14886  194
0.148893  378
0.150602  16
0.150981  333
0.151152  321
0.151441  356
0.151582  358
0.151737  396
0.151829  21
0.152077  318
0.153348  325
0.153508  387
0.157112  301
0.159034  379
0.159604  60
0.159968  270
0.160496  398
0.160765  352
0.160849  3
0.160952  326
0.161496  233
0.161509  200
0.161779  250
0.16186  124
0.161904  101
0.162122  165
0.162476  300
0.162697  56
0.163063  340
0.163157  355
0.16319  64
0.163341  290
0.16345  348
0.163663  195
0.163806  257
0.163963  237
0.164026  314
0.164174  149
0.164798  89
0.16485  105
0.164879  232
0.165036  390
0.165357  73
0.165406  297
0.165411  366
0.165568  44
0.16559  93
0.165786  371
0.165948  252
0.165957  48
0.166002  36
0.166082  336
0.166117  307
0.166287  227
0.166554  240
0.166727  185
0.167018  72
0.167454  187
0.167574  49
0.167639  142
0.167713  335
0.167829  90
0.168171  324
0.168547  258
0.168607  23
0.168729  190
0.169125  151
0.169332  96
0.169333  315
0.169464  38
0.169629  37
0.169643  397
0.169676  218
0.169722  144
0.169832  157
0.169928  266
0.169944  86
0.170059  395
0.170333  376
0.170383  113
0.170398  123
0.170407  61
0.17043  4
0.170587  239
0.170714  372
0.170815  310
0.170928  118
0.171129  256
0.171358  203
0.171398  197
0.171481  380
0.171525  30
0.171571  305
0.171601  173
0.171803  71
0.171813  12
0.171828  26
0.171885  41
0.172036  207
0.172043  47
0.172091  213
0.172136  374
0.172281  319
0.172314  182
0.172353  143
0.172395  198
0.172486  369
0.172519  262
0.1727  393
0.172826  81
0.172872  40
0.17288  388
0.173065  385
0.173149  103
0.173229  311
0.17334  20
0.173488  231
0.173534  377
0.173568  309
0.173659  176
0.173665  313
0.173759  359
0.173867  114
0.173938  76
0.173992  129
0.174028  178
0.174052  384
0.174128  370
0.174377  316
0.174382  111
0.17441  362
0.174471  337
0.174619  339
0.174774  263
0.174847  249
0.175304  70
0.175322  367
0.175476  206
0.17586  85
0.17588  329
0.175963  373
0.176099  162
0.17632  193
0.176456  92
0.176615  382
0.176817  104
0.176843  147
0.177192  63
0.177359  391
0.177619  308
0.177817  344
0.177899  55
0.178119  140
0.178125  322
0.17819  360
0.178595  375
0.178623  327
0.178648  69
0.178818  181
0.179011  389
0.179053  171
0.179068  318
0.179122  242
0.179266  136
0.179323  330
0.179691  386
0.179805  334
0.179905  378
0.180184  347
0.180193  170
0.180239  33
0.180337  345
0.180591  392
0.180619  54
0.180631  323
0.18071  152
0.180891  102
0.181645  328
0.181727  134
0.182211  180
0.182225  27
0.182394  17
0.182484  312
0.182515  301
0.182757  13
0.18297  358
0.183507  79
0.183581  148
0.184307  343
0.184748  153
0.185129  219
0.185337  350
0.185401  303
0.185437  394
0.185556  341
0.185945  278
0.186039  357
0.186077  205
0.186181  363
0.186838  5
0.187039  255
0.187309  251
0.188136  172
0.188202  346
0.188232  146
0.188609  272
0.188704  135
0.18897  130
0.189059  97
0.189265  381
0.189404  138
0.189543  302
0.189639  321
0.189653  304
0.189747  221
0.189762  7
0.189932  0
0.19033  349
0.191191  331
0.19123  353
0.191262  226
0.191378  306
0.192093  51
0.192109  95
0.192303  80
0.192558  215
0.193005  379
0.193049  320
0.19308  43
0.193103  317
0.193274  398
0.193398  132
0.193516  244
0.193596  281
0.193614  361
0.193636  399
0.193842  150
0.194037  283
0.194046  351
0.194061  15
0.194241  52
0.194599  371
0.195518  356
0.195557  365
0.195719  368
0.195737  383
0.195858  159
0.196372  31
0.196587  296
0.196769  243
0.196851  274
0.197  128
0.197202  291
0.197417  352
0.197481  224
0.197614  78
0.198232  246
0.19826  139
0.198546  212
0.198649  29
0.198677  288
0.198912  6
0.198963  74
0.1993  240
0.199467  354
0.199665  333
0.199779  396
0.19984  216
0.200453  155
0.200543  24
0.200708  163
0.200739  228
0.200847  332
0.200982  161
0.201047  338
0.201449  222
0.201495  179
0.201556  295
0.201729  35
0.201774  342
0.201877  265
0.201899  32
0.202034  316
0.202072  289
0.202121  336
0.202187  337
0.202589  299
0.202763  145
0.202861  208
0.203133  275
0.203216  282
0.203359  166
0.203525  164
0.203543  300
0.204029  235
0.20448  210
0.204509  271
0.204735  286
0.204815  60
0.205054  372
0.205114  119
0.20523  42
0.205353  127
0.205427  77
0.205497  325
0.205706  340
0.205718  194
0.20572  1
0.205977  285
0.206013  64
0.206352  339
0.206463  364
0.206489  199
0.206574  355
0.206715  254
0.206747  169
0.207068  160
0.207346  374
0.207379  125
0.207566  53
0.207589  126
0.207687  82
0.207877  318
0.20788  268
0.207895  68
0.207922  314
0.207991  343
0.208122  380
0.208273  106
0.208398  329
0.20852  322
0.208567  156
0.208757  389
0.208825  186
0.209007  230
0.209091  330
0.209104  167
0.209482  366
0.209541  8
0.209726  323
0.209842  341
0.209895  131
0.210315  107
0.21049  188
0.210661  247
0.210708  9
0.210734  21
0.210777  270
0.211067  28
0.211102  277
0.211303  293
0.211406  165
0.211478  62
0.211576  192
0.211956  345
0.212031  189
0.2122  382
0.212265  312
0.2123  359
0.212345  108
0.212728  261
0.212814  301
0.212838  315
0.212963  143
0.213043  260
0.213185  257
0.213504  376
0.213548  321
0.213565  344
0.214009  369
0.21452  305
0.214614  117
0.21463  388
0.214735  259
0.214757  279
0.214921  59
0.214989  393
0.215355  360
0.215534  140
0.215623  373
0.215626  209
0.215678  309
0.215831  245
0.216353  313
0.216493  324
0.216567  262
0.216882  110
0.216901  378
0.2172  331
0.217764  137
0.218308  54
0.218387  377
0.218514  83
0.218566  158
0.218655  45
0.218995  307
0.219126  39
0.219196  241
0.219199  303
0.219239  115
0.219345  370
0.219349  385
0.219711  347
0.219976  269
0.220053  326
0.220111  196
0.220145  18
0.220185  177
0.220388  225
0.22042  319
0.220961  362
0.221153  327
0.221178  375
0.222013  387
0.222062  397
0.222415  394
0.222713  184
0.223069  91
0.223835  58
0.22392  390
0.223923  84
0.223967  311
0.224265  66
0.224367  335
0.224459  371
0.224625  11
0.224921  320
0.225524  386
0.225582  205
0.225762  361
0.225802  280
0.226263  368
0.226551  204
0.226872  304
0.227007  317
0.227128  65
0.227351  384
0.227636  223
0.227757  175
0.228151  353
0.22821  398
0.228379  217
0.23149  48
0.232346  116
0.232525  356
0.232537  383
0.232678  162
0.232774  348
0.233032  252
0.233397  399
0.23376  198
0.234756  346
0.235125  367
0.235126  350
0.235484  306
0.235759  395
0.235883  310
0.235918  37
0.236619  102
0.236694  40
0.23731  349
0.237823  207
0.238387  276
0.23918  308
0.239198  157
0.239376  50
0.239414  352
0.239553  379
0.239712  358
0.239774  333
0.24109  351
0.241216  291
0.24148  227
0.242237  391
0.24234  19
0.242665  56
0.242729  46
0.243141  341
0.243168  392
0.243278  302
0.243419  381
0.245001  253
0.245779  215
0.245891  180
0.246059  363
0.246505  365
0.247112  334
0.247738  332
0.248234  284
0.248459  342
0.248469  92
0.248624  187
0.249418  312
0.249455  94
0.249986  396
0.250172  328
0.250306  144
0.251418  206
0.251649  120
0.252015  211
0.2526  10
0.252976  142
0.253013  57
0.253205  173
0.253376  100
0.253529  213
0.253667  324
0.253812  89
0.254095  16
0.254201  14
0.254257  32
0.254301  323
0.254316  191
0.254333  168
0.254603  321
0.255151  354
0.25525  340
0.255312  343
0.255469  87
0.256032  81
0.256035  147
0.25606  159
0.256174  337
0.25623  292
0.256246  114
0.256418  98
0.256744  221
0.256819  132
0.256831  231
0.257184  300
0.257278  250
0.25742  99
0.25743  79
0.257448  339
0.257488  134
0.257543  174
0.257771  240
0.257927  345
0.257993  129
0.258025  287
0.258105  382
0.258111  313
0.258255  366
0.258319  256
0.258976  376
0.259059  75
0.259075  67
0.259187  322
0.259307  388
0.259658  290
0.260069  326
0.260519  338
0.260682  362
0.260879  359
0.261046  330
0.261124  20
0.26121  329
0.26158  355
0.261691  153
0.261961  378
0.262149  113
0.262176  34
0.262419  71
0.26267  331
0.262768  234
0.263022  133
0.263391  190
0.263624  327
0.264489  325
0.264831  397
0.264835  195
0.265372  12
0.265465  318
0.265604  249
0.26562  13
0.265651  128
0.265716  0
0.265801  101
0.265817  183
0.265857  316
0.265873  271
0.265953  372
0.266001  197
0.26622  238
0.266776  393
0.266874  336
0.267313  182
0.267361  384
0.267682  364
0.269096  15
0.269116  107
0.269132  264
0.269155  394
0.269161  8
0.269257  298
0.269292  148
0.269599  24
0.270068  301
0.27036  369
0.270471  309
0.270561  229
0.270597  259
0.270973  319
0.271066  104
0.271713  385
0.271877  315
0.272159  152
0.272225  36
0.272349  61
0.272466  358
0.272493  305
0.272539  373
0.272652  357
0.272861  307
0.273086  31
0.273283  69
0.274234  68
0.274463  374
0.274537  389
0.274951  356
0.275109  248
0.275265  320
0.275391  109
0.275558  232
0.275858  360
0.275942  317
0.276068  42
0.276123  244
0.276168  311
0.276272  383
0.276323  200
0.277004  387
0.2771  77
0.277425  122
0.277888  136
0.277997  176
0.278583  17
0.278687  146
0.278733  40
0.27877  189
0.278994  304
0.279188  26
0.279274  380
0.279337  349
0.279413  308
0.279497  245
0.279817  106
0.279971  375
0.28  348
0.280268  395
0.280755  25
0.281843  386
0.282445  352
0.28245  258
0.282563  365
0.282694  273
0.282887  303
0.283381  297
0.283484  361
0.283517  334
0.283881  363
0.284639  344
0.285049  392
0.285515  85
0.286797  22
0.286894  294
0.28733  86
0.287346  335
0.287378  314
0.287957  346
0.28806  381
0.288124  295
0.288288  96
0.288444  371
0.288612  2
0.288792  212
0.289127  252
0.28955  272
0.289645  353
0.290306  285
0.290444  236
0.290647  367
0.290963  368
0.290984  80
0.291111  270
0.291244  306
0.291262  370
0.291534  242
0.292149  289
0.292236  310
0.29233  112
0.292607  350
0.292835  23
0.292852  391
0.293443  398
0.293449  342
0.293468  172
0.293659  333
0.293829  204
0.293965  90
0.294175  6
0.294338  343
0.294602  246
0.294784  302
0.295066  158
0.295076  46
0.295097  299
0.295849  44
0.295896  341
0.29617  201
0.2966  399
0.296881  225
0.297042  293
0.297156  165
0.297235  76
0.298032  339
0.298191  135
0.298435  390
0.298585  243
0.298719  209
0.298928  377
0.29914  257
0.299344  345
0.299608  97
0.299827  202
0.299853  239
0.300032  38
0.300315  332
0.300494  219
0.300732  203
0.300792  130
0.300828  178
0.300852  328
0.301042  351
0.301174  378
0.301247  54
0.301257  70
0.301374  138
0.301782  207
0.30187  39
0.30188  266
0.30199  347
0.302414  396
0.302596  300
0.302617  171
0.303279  53
0.303301  287
0.303361  145
0.303426  63
0.30347  58
0.303513  278
0.30355  324
0.303598  275
0.303741  379
0.304048  121
0.304152  73
0.304253  336
0.304395  64
0.304402  196
0.304812  150
0.304952  214
0.305029  143
0.305104  74
0.305142  7
0.30526  354
0.305307  323
0.305396  193
0.305561  29
0.30558  321
0.305586  325
0.30559  268
0.305839  163
0.305923  251
0.306179  312
0.306262  144
0.306455  383
0.306468  188
0.306506  181
0.306557  374
0.306801  388
0.306805  103
0.306882  84
0.307147  119
0.307458  65
0.307602  240
0.307749  88
0.307798  364
0.307815  52
0.30793  41
0.308078  313
0.308208  217
0.308411  317
0.3086  93
0.308618  164
0.309209  322
0.309246  393
0.309386  250
0.30939  151
0.309444  59
0.30958  397
0.309669  198
0.30971  149
0.309711  72
0.309741  340
0.309828  357
0.309856  156
0.309912  359
0.310001  337
0.31006  20
0.310111  175
0.310119  394
0.310295  316
0.310928  78
0.311517  127
0.3116  376
0.311627  281
0.311687  216
0.311738  159
0.311917  326
0.312346  55
0.312389  241
0.312673  4
0.312746  49
0.312957  349
0.313  366
0.31306  372
0.313196  205
0.313287  338
0.313384  115
0.313386  233
0.313511  329
0.313688  367
0.313722  107
0.3139  395
0.313923  173
0.314107  314
0.314119  43
0.314133  331
0.314317  94
0.31445  62
0.31446  319
0.314541  48
0.314546  247
0.314577  307
0.314654  315
0.314896  318
0.315079  380
0.315124  190
0.315164  36
0.315477  356
0.315673  167
0.316308  195
0.316635  265
0.316775  91
0.316813  117
0.316956  310
0.317165  384
0.31777  353
0.317878  208
0.318108  305
0.318655  352
0.318899  385
0.319352  102
0.319383  355
0.31943  177
0.319434  346
0.319569  344
0.319695  286
0.320592  373
0.320601  284
0.320944  304
0.321579  362
0.32178  369
0.321943  320
0.323051  141
0.323754  389
0.323906  230
0.32397  301
0.323987  13
0.324159  66
0.324297  348
0.324713  311
0.325111  330
0.325177  179
0.325896  361
0.326019  185
0.326039  37
0.326074  333
0.327366  335
0.327693  124
0.327705  35
0.328566  334
0.328747  260
0.329027  82
0.329152  276
0.32931  375
0.329488  306
0.329592  137
0.329599  309
0.329807  387
0.329814  113
0.330177  327
0.330694  342
0.331417  140
0.332572  77
0.332813  382
0.333568  226
0.333585  398
0.33433  279
0.33495  303
0.335703  45
0.335857  255
0.335875  302
0.336349  274
0.33647  27
0.336521  378
0.336543  358
0.33689  363
0.337176  308
0.337341  118
0.337383  99
0.339199  254
0.339532  343
0.339735  368
0.339748  168
0.339795  365
0.339797  386
0.340065  339
0.340188  170
0.340306  345
0.34144  222
0.34224  31
0.342287  105
0.342797  111
0.343067  86
0.343089  202
0.343329  90
0.343466  263
0.343487  396
0.343894  390
0.343953  381
0.344171  354
0.34421  108
0.344358  238
0.344618  392
0.344707  28
0.344739  298
0.34519  371
0.345199  294
0.345307  1
0.34549  33
0.345932  9
0.345969  213
0.346122  47
0.346326  211
0.346383  223
0.347021  312
0.347374  162
0.347547  290
0.347682  388
0.347932  95
0.348002  131
0.348068  42
0.348214  157
0.348429  399
0.348542  261
0.348562  120
0.348667  210
0.348824  8
0.348886  360
0.348934  30
0.348985  283
0.349079  17
0.349111  332
0.349266  87
0.349268  166
0.349342  374
0.349456  67
0.349501  324
0.3497  187
0.349862  184
0.350069  229
0.350075  153
0.350414  155
0.350591  145
0.350714  347
0.350747  169
0.351043  75
0.351204  194
0.35137  3
0.351511  288
0.351623  271
0.351654  285
0.351715  58
0.351739  5
0.351759  350
0.352004  71
0.352541  267
0.352574  393
0.352656  18
0.352722  52
0.352866  341
0.352897  318
0.352929  248
0.352937  215
0.352952  364
0.35299  61
0.353193  148
0.353222  280
0.35324  26
0.353263  126
0.353356  217
0.353406  395
0.353426  359
0.35346  300
0.353495  234
0.353501  349
0.353525  323
0.35353  315
0.353546  316
0.353584  19
0.353692  383
0.353822  192
0.353883  80
0.354022  175
0.354092  351
0.354492  244
0.354582  171
0.354717  98
0.354771  370
0.354801  36
0.354818  83
0.354954  232
0.354963  326
0.355047  106
0.355072  56
0.355203  289
0.3554  51
0.355438  206
0.355508  40
0.355537  262
0.355543  366
0.35584  101
0.356043  352
0.356081  310
0.356116  50
0.356179  353
0.356261  282
0.356448  292
0.356456  228
0.356579  212
0.35661  89
0.356655  340
0.356727  336
0.356739  123
0.356779  160
0.356827  41
0.356852  256
0.356898  116
0.356918  44
0.357072  355
0.357163  183
0.357265  328
0.357294  337
0.357364  376
0.357371  362
0.35738  321
0.357428  356
0.357599  128
0.357625  301
0.357664  189
0.357744  322
0.357867  329
0.358313  379
0.358785  357
0.358794  224
0.359217  309
0.35924  49
0.359883  92
0.359915  368
0.359949  237
0.35995  372
0.360015  384
0.360102  378
0.36036  22
0.360483  338
0.361027  380
0.361253  385
0.361483  344
0.362158  161
0.362395  377
0.362933  314
0.363085  306
0.364441  220
0.364619  313
0.364916  369
0.365541  235
0.365689  325
0.366106  335
0.366119  249
0.366308  373
0.366439  327
0.366781  348
0.367027  330
0.367414  114
0.367518  209
0.36817  394
0.368428  94
0.368956  391
0.369474  205
0.370012  62
0.370363  397
0.370506  317
0.372151  21
0.372264  339
0.373083  10
0.373143  334
0.373705  358
0.374122  319
0.374258  119
0.374514  307
0.374618  133
0.37468  24
0.374898  269
0.375086  275
0.375115  55
0.375241  81
0.375361  389
0.375452  142
0.376612  333
0.376682  186
0.376839  367
0.377112  375
0.377229  342
0.377609  251
0.378187  2
0.378424  100
0.378694  259
0.378944  158
0.379317  331
0.379528  143
0.379613  371
0.379699  177
0.379821  112
0.37987  252
0.379892  59
0.379913  363
0.379931  104
0.380132  311
0.380248  204
0.380767  361
0.380833  332
0.380949  130
0.381256  257
0.381293  305
0.381348  243
0.381446  302
0.381518  138
0.381648  320
0.381776  396
0.381876  304
0.382246  246
0.382815  91
0.383572  247
0.384918  63
0.38534  48
0.385344  382
0.385684  173
0.385957  260
0.385986  74
0.386107  390
0.386278  12
0.387061  346
0.387468  300
0.387657  96
0.387662  365
0.387849  147
0.388018  398
0.388386  286
0.388537  387
0.388593  341
0.388604  214
0.389234  268
0.389403  360
0.389645  308
0.389654  124
0.389779  85
0.390087  231
0.390326  216
0.390364  121
0.390572  110
0.390627  149
0.390777  240
0.390936  291
0.391814  64
0.392123  227
0.392328  278
0.392528  287
0.392711  343
0.393201  79
0.393407  97
0.39342  146
0.393502  152
0.393664  219
0.393712  381
0.393722  393
0.393822  295
0.393907  53
0.393944  38
0.393985  172
0.394031  297
0.394305  376
0.394375  392
0.394402  273
0.394538  303
0.394665  284
0.394713  51
0.394729  312
0.394969  16
0.395041  162
0.395082  120
0.395085  208
0.395136  196
0.395171  150
0.395229  356
0.395289  77
0.395329  258
0.39539  277
0.395489  350
0.395526  218
0.395546  137
0.395637  17
0.395641  179
0.395709  321
0.395721  281
0.395751  386
0.395926  108
0.395941  45
0.395972  207
0.396016  347
0.396058  324
0.396088  230
0.396115  122
0.396139  60
0.396169  364
0.396184  165
0.396326  200
0.396405  253
0.396906  54
0.397042  232
0.397053  86
0.397178  233
0.397187  139
0.397215  270
0.39725  111
0.397256  248
0.39732  20
0.397365  327
0.397407  203
0.397565  264
0.397582  362
0.397736  323
0.397815  316
0.397879  25
0.397902  154
0.397958  368
0.398035  357
0.398163  310
0.3982  344
0.398445  198
0.398524  373
0.398551  385
0.398619  335
0.398734  197
0.398966  318
0.399017  296
0.399022  349
0.399367  345
0.399452  123
0.399844  340
0.399921  366
0.400024  90
0.400219  351
0.400285  348
0.400405  42
0.400445  399
0.400538  76
0.400598  95
0.400609  372
0.400694  141
0.40099  276
0.401182  326
0.401215  383
0.40164  384
0.401684  167
0.402239  338
0.402277  285
0.402345  84
0.402453  88
0.402543  328
0.403004  309
0.404132  113
0.404525  306
0.404549  185
0.404663  29
0.404666  380
0.404702  159
0.404717  352
0.404911  199
0.405274  330
0.405418  342
0.405475  322
0.405583  313
0.405602  359
0.405604  37
0.405877  397
0.406179  329
0.406774  377
0.407438  14
0.407465  336
0.40748  371
0.407704  394
0.407771  353
0.408103  307
0.408605  325
0.411416  145
0.412714  374
0.412763  217
0.41303  301
0.413616  69
0.413643  78
0.41383  7
0.414019  369
0.414245  181
0.414365  178
0.414517  354
0.414545  334
0.414798  182
0.415404  136
0.415717  126
0.416118  355
0.416756  396
0.417447  314
0.417587  367
0.417878  109
0.418077  32
0.419192  267
0.419252  93
0.419426  305
0.419566  295
0.419806  174
0.419859  140
0.419946  379
0.419955  22
0.420822  378
0.420948  361
0.421384  157
0.421641  395
0.42199  31
0.422133  13
0.422136  315
0.42258  317
0.422961  293
0.423394  388
0.423551  6
0.423857  370
0.424417  255
0.424425  311
0.424591  33
0.424837  245
0.424848  177
0.425248  266
0.425285  27
0.425372  191
0.42552  358
0.425631  299
0.425738  210
0.425864  228
0.426003  337
0.426187  163
0.426418  134
0.426715  391
0.427244  360
0.427555  288
0.427602  381
0.427663  73
0.427727  339
0.428339  300
0.428392  187
0.428528  382
0.428597  319
0.428694  34
0.42877  262
0.429349  18
0.429447  209
0.42953  148
0.429661  106
0.429723  265
0.430563  375
0.431191  271
0.431248  9
0.432126  46
0.432153  332
0.43238  250
0.432559  131
0.432688  312
0.432837  52
0.432913  302
0.433029  129
0.433034  274
0.433074  132
0.433223  5
0.433254  390
0.433269  91
0.433328  125
0.433807  58
0.433943  169
0.434034  142
0.434127  183
0.434497  70
0.434523  75
0.434613  310
0.43462  40
0.434784  304
0.434837  239
0.434888  303
0.434927  229
0.434952  204
0.434956  180
0.43503  283
0.435064  173
0.435064  104
0.435089  320
0.435194  357
0.435263  237
0.435403  83
0.435732  308
0.43574  389
0.435752  373
0.436064  105
0.436192  172
0.436321  341
0.436352  263
0.436386  128
0.436521  127
0.436575  385
0.436714  366
0.43712  252
0.437179  26
0.437185  176
0.437381  201
0.437483  327
0.437488  4
0.437556  68
0.437613  326
0.437641  11
0.437682  188
0.4377  65
0.437772  328
0.437919  24
0.437968  8
0.438002  322
0.438247  362
0.438311  363
0.438361  371
0.438463  23
0.4385  72
0.438645  87
0.438913  246
0.438949  66
0.438967  398
0.439681  356
0.43971  121
0.439748  71
0.440052  333
0.44008  351
0.440304  344
0.440522  340
0.440552  193
0.440644  99
0.440703  376
0.44072  350
0.440838  316
0.44084  272
0.440963  343
0.441193  392
0.441352  49
0.441486  349
0.44168  386
0.441747  325
0.442102  161
0.442229  81
0.44231  347
0.44336  47
0.443376  3
0.443776  336
0.443787  168
0.443983  359
0.444648  10
0.444811  98
0.445039  323
0.445314  222
0.445365  369
0.445386  387
0.44579  301
0.445944  294
0.44617  166
0.446263  82
0.44658  223
0.446872  199
0.447193  152
0.447194  102
0.447282  313
0.447507  275
0.447568  135
0.447568  335
0.447827  59
0.44788  345
0.448096  2
0.448246  103
0.448519  225
0.448551  393
0.448611  365
0.448665  307
0.448757  196
0.448833  380
0.449191  372
0.449356  90
0.449379  309
0.449599  0
0.449753  329
0.449819  364
0.449889  383
0.449944  331
0.449996  164
0.450028  290
0.450575  334
0.451207  144
0.45169  324
0.452085  368
0.452089  50
0.452401  57
0.453226  330
0.453272  338
0.453546  137
0.453837  315
0.453842  318
0.454699  370
0.455123  74
0.455788  352
0.455828  143
0.456028  394
0.456446  88
0.456635  120
0.4581  292
0.458148  280
0.45824  1
0.458281  21
0.458315  241
0.458431  374
0.458792  54
0.458975  215
0.459169  342
0.45945  190
0.459455  235
0.459696  396
0.459755  224
0.459887  314
0.460182  348
0.460368  51
0.460715  267
0.460732  321
0.460827  48
0.460883  232
0.460891  367
0.461223  117
0.461378  354
0.461388  399
0.461626  384
0.462376  397
0.462468  192
0.462694  116
0.462771  186
0.46292  282
0.462964  339
0.463525  206
0.46354  41
0.464144  317
0.464335  296
0.464534  238
0.464662  346
0.464813  226
0.465051  319
0.465202  260
0.465383  236
0.465841  379
0.465918  140
0.466086  67
0.466176  124
0.466193  378
0.466635  306
0.466794  94
0.46686  202
0.466966  337
0.467314  388
0.467886  207
0.46792  130
0.467978  302
0.468007  373
0.468229  357
0.468338  218
0.468435  298
0.468538  92
0.468613  355
0.468734  122
0.468866  303
0.469337  289
0.470115  332
0.470967  395
0.471292  310
0.472335  362
0.472483  139
0.472615  360
0.472693  200
0.472705  398
0.473183  311
0.47347  85
0.473893  261
0.47432  377
0.474615  273
0.474648  133
0.474662  351
0.474826  269
0.476084  19
0.476125  112
0.476166  353
0.476226  96
0.476339  305
0.476341  279
0.476351  326
0.476405  80
0.476599  198
0.476645  359
0.476807  386
0.476876  304
0.477029  264
0.477063  361
0.47727  171
0.477394  300
0.477481  333
0.477864  100
0.478866  364
0.479087  343
0.479546  205
0.480075  53
0.480265  179
0.480346  325
0.481382  115
0.481676  363
0.482655  385
0.483007  381
0.483985  158
0.484116  371
0.484294  114
0.484353  246
0.48542  58
0.485632  194
0.486025  93
0.486297  138
0.486321  211
0.48638  345
0.486481  356
0.486762  358
0.487118  216
0.487281  278
0.487281  233
0.487312  234
0.487406  145
0.487796  254
0.488289  340
0.488297  243
0.488446  213
0.488526  119
0.488632  18
0.488699  308
0.488718  175
0.488744  195
0.488929  37
0.489171  336
0.48947  244
0.489553  95
0.489686  169
0.489719  147
0.489754  39
0.489764  111
0.489797  160
0.489838  312
0.489841  212
0.489997  242
0.490012  309
0.490056  210
0.490098  68
0.490109  60
0.490186  148
0.490223  390
0.490548  288
0.490664  328
0.490774  118
0.490777  347
0.490874  55
0.491025  208
0.49113  391
0.491246  38
0.491348  62
0.491349  365
0.491359  152
0.491396  97
0.491414  320
0.491724  350
0.491734  63
0.491757  151
0.491811  389
0.491953  174
0.492109  132
0.492128  287
0.4923  103
0.492363  17
0.492479  301
0.492633  12
0.49274  43
0.492843  25
0.492911  316
0.492941  313
0.493107  344
0.493296  341
0.4933  376
0.493311  123
0.493401  247
0.49341  78
0.493414  86
0.493495  322
0.493507  214
0.493659  342
0.493873  217
0.494006  126
0.494011  331
0.494048  375
0.494185  354
0.494221  88
0.494237  369
0.494299  324
0.494415  327
0.494441  149
0.494668  366
0.494686  44
0.495352  393
0.495885  162
0.496044  16
0.496489  394
0.496522  14
0.496781  32
0.497269  6
0.497409  203
0.497506  315
0.497823  156
0.497831  368
0.497842  335
0.49797  314
0.498001  251
0.498017  382
0.49812  257
0.498379  35
0.498652  89
0.498824  281
0.499004  392
0.499107  199
0.499356  348
0.499612  334
0.499884  69
0.500655  105
0.500704  346
0.501039  256
0.50172  395
0.50191  91
0.502045  329
0.50214  15
0.502209  352
0.502468  185
0.502478  323
0.502479  64
0.502499  249
0.502755  297
0.502873  270
0.503276  36
0.503609  318
0.503611  77
0.503641  76
0.503649  386
0.503772  380
0.504424  370
0.504629  235
0.504752  155
0.505027  378
0.505175  193
0.50527  361
0.505355  3
0.505598  388
0.505934  189
0.505951  325
0.505968  230
0.506027  121
0.506506  240
0.50661  99
0.506712  238
0.507439  398
0.507571  268
0.507632  228
0.507641  146
0.507744  332
0.507819  397
0.508207  154
0.508331  225
0.508361  283
0.508567  306
0.508587  384
0.508593  396
0.50883  286
0.509065  387
0.509087  321
0.509142  248
0.509707  399
0.51009  204
0.510452  291
0.510716  379
0.510717  61
0.510797  338
0.511053  110
0.511086  326
0.511094  113
0.511139  170
0.511268  161
0.511323  272
0.511926  221
0.512117  220
0.512151  201
0.512246  353
0.512367  252
0.512395  74
0.512509  10
0.512712  141
0.51281  357
0.513041  106
0.513086  372
0.513293  364
0.513354  330
0.513374  303
0.51378  339
0.513879  4
0.514022  333
0.514105  191
0.514157  373
0.514288  186
0.514391  167
0.514508  304
0.514593  120
0.514624  150
0.514725  355
0.514878  311
0.514895  307
0.51657  24
0.516871  383
0.517289  359
0.517606  381
0.517832  168
0.518182  56
0.518214  377
0.518793  280
0.51891  308
0.519141  66
0.519312  300
0.519445  142
0.519551  310
0.519815  107
0.51989  59
0.52038  343
0.520593  367
0.520872  258
0.520916  331
0.520994  342
0.521138  87
0.52123  349
0.521472  362
0.521576  197
0.521911  116
0.521937  285
0.521987  276
0.522314  345
0.522961  22
0.522999  385
0.523469  182
0.524593  207
0.525107  317
0.52521  84
0.525298  237
0.52532  109
0.525388  319
0.525414  49
0.525614  75
0.525784  376
0.526063  305
0.526123  295
0.526194  173
0.526245  371
0.526289  351
0.526794  0
0.526877  101
0.526978  290
0.527047  275
0.527143  33
0.527419  337
0.527468  178
0.527728  269
0.527823  188
0.527979  392
0.528658  302
0.529022  255
0.529074  374
0.529136  264
0.529914  51
0.529954  164
0.530093  284
0.530286  172
0.530503  7
0.53061  31
0.530669  316
0.530734  163
0.53083  309
0.531132  360
0.531878  375
0.531991  363
0.532594  256
0.53274  313
0.532771  296
0.533144  318
0.533194  354
0.533423  369
0.53355  358
0.533585  181
0.533617  47
0.534035  227
0.534066  176
0.534259  320
0.534341  169
0.534376  340
0.534764  274
0.534865  279
0.535104  2
0.535444  70
0.535901  393
0.536375  125
0.536463  301
0.536894  294
0.536931  112
0.537459  45
0.537804  115
0.538028  229
0.538297  104
0.538346  341
0.53837  72
0.53838  378
0.538457  312
0.538519  206
0.539097  177
0.539329  196
0.539469  265
0.539581  46
0.539628  397
0.539936  96
0.540189  231
0.540252  396
0.540294  21
0.540391  157
0.540419  346
0.540444  9
0.540627  185
0.540628  82
0.540666  23
0.540769  247
0.540955  298
0.54099  202
0.54105  218
0.541156  390
0.541569  314
0.541584  344
0.541597  98
0.541646  368
0.541689  382
0.54173  293
0.542259  180
0.542534  200
0.542676  336
0.542785  347
0.542845  315
0.542969  219
0.543018  332
0.543294  322
0.543555  266
0.54365  230
0.543658  394
0.543959  334
0.544009  292
0.544027  348
0.544163  389
0.545177  135
0.545804  395
0.546056  100
0.546496  335
0.546597  40
0.546614  223
0.546688  8
0.546695  209
0.547061  260
0.547118  183
0.547395  65
0.547441  323
0.547477  287
0.547742  372
0.547759  27
0.547972  338
0.548059  28
0.548118  167
0.548604  380
0.54883  203
0.548907  289
0.549104  356
0.54925  343
0.549272  327
0.549293  386
0.549815  398
0.549967  257
0.550035  306
0.550422  365
0.550638  39
0.550666  391
0.55098  388
0.551123  215
0.551605  329
0.551608  379
0.551725  303
0.551873  143
0.55258  357
0.552616  330
0.552713  25
0.553106  321
0.554089  53
0.554305  326
0.554494  387
0.555336  310
0.555354  364
0.555399  399
0.555834  362
0.557416  376
0.557603  328
0.558332  58
0.558518  192
0.558781  366
0.558858  359
0.56008  349
0.561139  384
0.561966  350
0.562219  128
0.56246  331
0.563375  16
0.563572  361
0.564068  111
0.56477  317
0.564828  34
0.566687  342
0.567106  351
0.567279  299
0.567408  352
0.567594  102
0.568022  63
0.568096  117
0.568149  42
0.568219  97
0.568568  259
0.568571  324
0.568749  5
0.568932  353
0.569295  345
0.569501  29
0.569723  373
0.569858  277
0.570203  78
0.570593  316
0.570645  92
0.57104  119
0.571185  80
0.571481  73
0.571969  381
0.572061  270
0.572099  26
0.572145  205
0.572268  300
0.572609  339
0.57263  308
0.572695  245
0.572739  288
0.572836  20
0.573219  159
0.573228  271
0.573463  325
0.573605  333
0.573905  134
0.57406  313
0.574164  319
0.574314  44
0.574832  385
0.57514  302
0.575438  371
0.575599  132
0.575636  155
0.575839  360
0.576088  38
0.576437  124
0.576735  152
0.576829  212
0.576855  363
0.577044  158
0.577877  145
0.577953  305
0.578111  3
0.578421  375
0.578919  210
0.579398  6
0.579552  94
0.579716  383
0.579738  86
0.57977  141
0.579789  301
0.580081  297
0.580579  68
0.580752  90
0.58081  181
0.581124  309
0.58125  198
0.581316  108
0.581373  311
0.581599  355
0.581604  340
0.581834  48
0.581932  10
0.582143  208
0.582192  392
0.582327  307
0.582456  233
0.582638  138
0.583297  282
0.58339  239
0.583813  156
0.584005  370
0.584203  354
0.584353  221
0.584413  54
0.584642  369
0.584687  243
0.584771  175
0.584784  229
0.584798  253
0.585208  151
0.585271  222
0.585375  91
0.585475  304
0.585554  225
0.585575  346
0.585591  165
0.585664  341
0.585671  171
0.585707  326
0.585896  89
0.58596  144
0.586172  137
0.586573  142
0.586647  190
0.586727  84
0.587061  386
0.587088  69
0.587201  290
0.587241  344
0.587324  131
0.58735  315
0.587365  320
0.587388  12
0.587459  52
0.587476  267
0.587607  367
0.587647  378
0.587706  306
0.587754  55
0.587963  32
0.588288  207
0.588319  348
0.588428  77
0.588443  312
0.58874  114
0.588775  366
0.588904  276
0.588918  23
0.589012  398
0.589094  60
0.589207  356
0.589214  318
0.589217  85
0.58933  211
0.589382  314
0.589581  347
0.589607  64
0.589686  47
0.589887  272
0.589902  358
0.59017  387
0.590226  56
0.590288  199
0.590322  273
0.590477  337
0.590606  391
0.590705  335
0.590882  66
0.591103  268
0.591394  397
0.591609  390
0.592023  237
0.592551  139
0.592594  127
0.59264  166
0.592672  338
0.592688  232
0.592878  280
0.593153  148
0.593442  228
0.593701  322
0.593735  174
0.594182  220
0.594268  43
0.594285  374
0.594412  364
0.594497  264
0.594511  261
0.594649  275
0.595031  372
0.595056  234
0.595093  334
0.595137  332
0.595278  342
0.595503  125
0.595521  254
0.595664  67
0.595678  88
0.595836  170
0.596138  112
0.596158  192
0.596216  123
0.596226  285
0.59623  350
0.596307  359
0.59659  19
0.596701  289
0.596823  388
0.597296  258
0.597333  163
0.597373  389
0.597431  169
0.597438  352
0.597621  286
0.597638  368
0.597818  394
0.597827  284
0.597879  250
0.598001  323
0.598136  303
0.598223  330
0.598372  336
0.598672  365
0.598796  377
0.598881  362
0.598947  310
0.600234  204
0.600256  329
0.600266  129
0.600319  381
0.60069  226
0.600969  396
0.601306  11
0.601751  109
0.601931  327
0.602139  393
0.602738  328
0.602922  57
0.603557  184
0.603776  283
0.60409  216
0.604095  385
0.604122  251
0.604227  380
0.604228  382
0.605252  331
0.606258  349
0.606277  260
0.606512  218
0.60678  379
0.607495  41
0.607692  343
0.608099  186
0.608752  361
0.608806  357
0.608831  319
0.608848  195
0.609485  373
0.609759  291
0.60997  17
0.609979  4
0.610232  18
0.610825  213
0.611121  113
0.611126  167
0.611332  242
0.611535  384
0.61154  188
0.611591  262
0.611655  345
0.611706  22
0.611811  136
0.612036  130
0.612175  50
0.612234  307
0.612301  179
0.612481  201
0.612621  317
0.612742  13
0.612933  278
0.613063  44
0.61311  346
0.613434  173
0.613449  36
0.613507  325
0.613515  149
0.613535  154
0.613543  103
0.613551  300
0.613716  265
0.613798  61
0.614028  110
0.614175  321
0.61433  224
0.614462  294
0.614645  353
0.614778  301
0.615041  231
0.615049  77
0.615112  339
0.615164  302
0.615176  252
0.61524  399
0.615252  146
0.615373  351
0.615429  83
0.615537  122
0.615643  7
0.615765  217
0.615871  305
0.616292  111
0.61637  371
0.616903  376
0.616905  248
0.617131  344
0.617335  335
0.617509  185
0.617632  215
0.618634  46
0.619034  1
0.619288  87
0.619357  81
0.61938  309
0.619567  367
0.619654  37
0.619698  326
0.619969  296
0.620091  227
0.620329  206
0.620563  94
0.620862  49
0.620893  313
0.621077  235
0.621156  324
0.621257  308
0.621669  255
0.621693  42
0.621973  249
0.622116  193
0.622129  398
0.622257  182
0.622416  274
0.622589  74
0.622646  118
0.622676  79
0.622736  95
0.62274  150
0.62277  189
0.622834  15
0.623003  392
0.623009  312
0.623213  341
0.623583  59
0.623598  348
0.623674  366
0.623703  40
0.623757  133
0.623818  98
0.623829  293
0.623871  340
0.623958  51
0.624172  120
0.624423  298
0.624694  383
0.624785  157
0.62516  241
0.625278  93
0.625299  72
0.625401  311
0.625402  391
0.625402  246
0.625581  162
0.625687  395
0.625789  30
0.625833  140
0.625839  354
0.626097  145
0.626103  142
0.626249  135
0.626256  338
0.626279  389
0.626334  128
0.626578  355
0.627087  387
0.627225  304
0.627241  76
0.627353  370
0.627424  240
0.627464  360
0.627696  333
0.627721  396
0.627772  303
0.628714  397
0.629649  332
0.629812  306
0.629919  214
0.629954  386
0.630061  27
0.630102  356
0.630166  126
0.63024  0
0.630513  256
0.630607  102
0.630632  75
0.630676  362
0.630814  238
0.630874  286
0.630941  358
0.630984  245
0.631949  375
0.632201  359
0.632613  116
0.632794  318
0.633003  337
0.633593  374
0.633855  263
0.634028  270
0.634109  364
0.634338  350
0.634657  336
0.634872  343
0.634954  138
0.635174  368
0.635817  315
0.63618  330
0.636278  377
0.636305  101
0.636866  314
0.637802  104
0.638411  322
0.638549  158
0.638649  3
0.639204  257
0.639482  66
0.640097  351
0.640169  388
0.641119  160
0.641283  363
0.641937  65
0.64209  25
0.64228  119
0.642542  390
0.642629  369
0.642889  45
0.64313  281
0.643175  153
0.643197  316
0.643376  9
0.643639  161
0.643651  385
0.643821  34
0.644342  346
0.644346  329
0.64485  323
0.64503  35
0.645118  236
0.645444  327
0.645467  357
0.645523  328
0.645554  207
0.645577  307
0.645731  372
0.645933  48
0.646336  68
0.647992  308
0.648216  172
0.648495  384
0.648593  205
0.649747  347
0.650554  44
0.650941  290
0.651355  373
0.651382  378
0.65146  349
0.652202  320
0.65238  381
0.653327  221
0.653754  168
0.654179  379
0.654397  334
0.65554  365
0.655812  52
0.656055  394
0.656707  361
0.657454  272
0.657545  302
0.657688  393
0.657723  197
0.657822  144
0.658003  86
0.65844  53
0.658539  177
0.659579  376
0.659918  325
0.66001  399
0.660402  232
0.660615  352
0.660622  155
0.661073  11
0.661321  317
0.661794  243
0.661837  212
0.661863  24
0.661894  84
0.662084  310
0.662685  331
0.663569  164
0.663707  178
0.663768  216
0.663913  244
0.664623  333
0.664895  97
0.664966  367
0.664972  156
0.664991  14
0.665224  121
0.66534  91
0.66539  64
0.66539  342
0.666317  259
0.666385  183
0.666391  295
0.666542  137
0.666727  254
0.666863  210
0.666877  297
0.667239  391
0.667262  31
0.667371  339
0.667414  301
0.667558  5
0.667638  392
0.667704  33
0.667717  260
0.66781  130
0.667831  92
0.668004  115
0.668143  306
0.668205  2
0.66842  55
0.668699  141
0.668885  266
0.668964  96
0.669033  108
0.669053  20
0.669087  345
0.669148  344
0.669461  380
0.669478  269
0.669498  305
0.669549  335
0.669582  366
0.669602  383
0.669617  300
0.669848  312
0.669936  176
0.670244  191
0.670283  303
0.67068  271
0.670688  353
0.670705  315
0.670976  324
0.671033  82
0.671039  354
0.671236  374
0.671351  219
0.671455  337
0.671672  196
0.671961  223
0.671961  311
0.671982  382
0.672757  332
0.672914  131
0.673784  319
0.676356  239
0.676357  348
0.676568  359
0.676688  174
0.677649  326
0.678037  358
0.678159  214
0.678387  398
0.679671  28
0.680014  190
0.680618  371
0.680786  167
0.681015  151
0.681015  229
0.681112  396
0.681195  313
0.681386  364
0.681662  285
0.681936  321
0.682264  287
0.682509  143
0.682823  132
0.683507  264
0.683668  314
0.683737  62
0.683812  185
0.68391  99
0.68392  288
0.683939  387
0.684024  291
0.684378  29
0.684666  187
0.684963  351
0.685102  21
0.685186  173
0.685464  133
0.685667  309
0.685759  258
0.685806  41
0.685811  338
0.685853  8
0.686003  253
0.686127  328
0.686443  56
0.686491  4
0.686535  284
0.686548  6
0.686656  165
0.686687  349
0.686802  357
0.687104  103
0.687105  340
0.687219  194
0.6873  89
0.687331  67
0.687413  362
0.687738  330
0.687754  299
0.687776  105
0.68796  140
0.688068  368
0.688078  73
0.688319  22
0.688352  304
0.688356  39
0.688367  350
0.688373  109
0.688422  370
0.688516  395
0.689136  255
0.689155  325
0.689256  397
0.689298  372
0.689402  146
0.689461  159
0.690118  334
0.690396  343
0.690642  171
0.690734  292
0.690807  282
0.69103  228
0.69132  385
0.691547  329
0.691958  388
0.692041  373
0.692127  265
0.692213  63
0.692362  117
0.692634  384
0.692652  316
0.693605  386
0.693897  389
0.694051  355
0.694418  127
0.694676  283
0.694939  317
0.695001  12
0.695199  124
0.695295  224
0.695621  322
0.695721  363
0.69589  227
0.69596  248
0.696337  7
0.696345  71
0.696666  369
0.696997  201
0.697637  147
0.697854  60
0.698145  399
0.69852  390
0.698982  308
0.699174  356
0.699354  289
0.699478  32
0.69954  134
0.699849  175
0.699954  257
0.70006  80
0.700216  331
0.700577  46
0.70069  170
0.700707  346
0.700971  277
0.700984  38
0.701076  323
0.701134  393
0.7017  58
0.7024  78
0.702573  43
0.702698  69
0.702788  336
0.703019  380
0.703236  192
0.703314  245
0.703393  361
0.703444  27
0.703659  148
0.703808  104
0.703872  161
0.703961  276
0.704056  310
0.704086  347
0.704415  279
0.704599  249
0.704621  138
0.704774  45
0.704826  209
0.704884  376
0.705151  294
0.705173  110
0.705204  250
0.705251  341
0.705337  210
0.705598  136
0.705732  391
0.705876  378
0.706155  315
0.706346  123
0.706554  70
0.706576  252
0.706728  392
0.706731  225
0.706783  307
0.706856  379
0.707114  320
0.707199  215
0.707269  102
0.707353  129
0.707367  74
0.707378  87
0.707556  327
0.707603  169
0.707641  0
0.707807  273
0.707841  394
0.707887  374
0.708078  203
0.708251  332
0.708573  25
0.708775  359
0.709321  345
0.70933  213
0.709405  15
0.709562  199
0.709828  118
0.709863  198
0.710002  381
0.710134  19
0.710298  377
0.710316  186
0.710331  360
0.710429  218
0.710466  79
0.710873  335
0.711028  311
0.711241  112
0.711461  371
0.711631  318
0.711912  50
0.712508  207
0.712678  301
0.712695  16
0.712736  160
0.71296  367
0.713205  358
0.713262  193
0.713363  375
0.713377  145
0.714107  280
0.714239  180
0.714357  222
0.714393  383
0.714903  290
0.714905  324
0.715039  339
0.715193  353
0.715197  342
0.715222  344
0.715271  135
0.715524  351
0.715765  398
0.716066  326
0.716155  90
0.716283  302
0.717087  382
0.717989  313
0.718858  293
0.719212  314
0.71957  220
0.719796  119
0.720609  395
0.721402  337
0.721791  387
0.721814  142
0.722082  338
0.722226  226
0.722343  303
0.72268  75
0.722709  54
0.72293  184
0.723  232
0.723035  72
0.723056  181
0.723056  85
0.723102  107
0.7234  366
0.723639  59
0.723639  397
0.723691  247
0.723721  246
0.723835  396
0.723919  312
0.724014  239
0.72413  13
0.724187  230
0.724412  365
0.72456  368
0.725325  305
0.725393  340
0.725664  157
0.725926  308
0.726039  334
0.726156  354
0.726644  231
0.727954  95
0.728018  352
0.728218  164
0.728324  179
0.728757  364
0.728836  350
0.729537  23
0.729653  304
0.729671  81
0.729683  278
0.730201  316
0.730622  295
0.73112  263
0.731258  372
0.731327  328
0.73137  76
0.73156  82
0.731999  55
0.732156  384
0.732175  357
0.732314  163
0.732498  106
0.732561  205
0.732579  9
0.732697  306
0.733102  111
0.733189  202
0.733623  288
0.733841  93
0.733857  386
0.733963  30
0.733997  144
0.734055  298
0.734127  389
0.73419  176
0.734212  300
0.734431  126
0.734521  346
0.734726  325
0.736099  128
0.736162  329
0.736452  153
0.736746  204
0.736762  139
0.736815  286
0.736937  195
0.737075  177
0.737079  152
0.737122  251
0.737429  333
0.737526  168
0.737629  149
0.737696  349
0.737821  321
0.737857  355
0.737909  172
0.737912  370
0.738032  41
0.738153  66
0.738269  240
0.738413  319
0.738422  262
0.738697  254
0.738971  68
0.739227  317
0.739351  348
0.739467  274
0.739689  221
0.739837  380
0.739858  399
0.739887  125
0.739993  200
0.74011  269
0.740156  265
0.74019  362
0.740223  309
0.7403  270
0.740505  219
0.740638  97
0.740795  256
0.740844  88
0.74113  109
0.741235  330
0.741277  369
0.741284  120
0.741564  356
0.742259  182
0.742415  217
0.742436  96
0.742745  100
0.74287  2
0.742879  390
0.742998  65
0.743103  48
0.743104  40
0.743113  233
0.743211  52
0.743319  17
0.743345  322
0.743352  114
0.743537  336
0.743676  385
0.743685  206
0.743745  214
0.74379  22
0.743826  51
0.744182  92
0.744299  374
0.744422  91
0.744449  131
0.744747  271
0.74478  292
0.744996  344
0.745001  8
0.74525  86
0.745312  275
0.745411  42
0.745433  122
0.745565  379
0.745672  83
0.745745  175
0.745969  361
0.746008  178
0.746028  28
0.746051  341
0.746177  21
0.746281  190
0.7463  101
0.74631  323
0.746314  259
0.746689  391
0.746756  358
0.746912  261
0.747142  282
0.747156  382
0.747178  396
0.747235  73
0.747559  201
0.747567  310
0.74767  343
0.747691  266
0.747928  371
0.747939  237
0.747978  20
0.748075  307
0.748193  388
0.748237  332
0.748264  383
0.748357  296
0.748782  331
0.748927  387
0.749118  342
0.749224  24
0.749266  320
0.749353  315
0.749584  18
0.749899  140
0.750298  71
0.750545  287
0.75058  377
0.750634  6
0.751177  143
0.751351  314
0.751423  398
0.751564  14
0.751583  359
0.751672  174
0.751678  268
0.75169  327
0.751694  394
0.751864  208
0.751944  108
0.752144  166
0.752259  194
0.752301  311
0.752407  216
0.752452  60
0.752814  326
0.75336  303
0.753409  249
0.753508  318
0.753514  227
0.753539  211
0.753575  36
0.753726  347
0.753764  228
0.753909  392
0.754112  393
0.754205  78
0.75444  77
0.754555  302
0.754644  104
0.754897  376
0.755144  94
0.755314  351
0.755556  340
0.756354  26
0.756534  154
0.757009  305
0.757095  360
0.757365  37
0.757659  339
0.757952  188
0.758002  135
0.758061  363
0.758504  312
0.758526  155
0.758703  300
0.75878  297
0.758848  242
0.758981  58
0.759034  301
0.759039  187
0.759192  129
0.759405  324
0.759655  366
0.759681  335
0.759764  316
0.759824  183
0.760111  367
0.760337  308
0.760777  328
0.762585  375
0.76278  151
0.763281  334
0.764122  267
0.764302  354
0.76455  35
0.764583  158
0.765629  338
0.766292  99
0.766487  257
0.767025  57
0.76715  38
0.767167  364
0.767645  244
0.767963  53
0.768131  167
0.768564  368
0.76857  281
0.768687  260
0.768759  196
0.768776  345
0.768895  10
0.768895  378
0.768949  0
0.769431  62
0.769519  39
0.769554  223
0.769617  150
0.769683  247
0.769757  384
0.770144  136
0.770153  353
0.770294  55
0.770529  9
0.770636  313
0.770901  137
0.770917  142
0.771127  280
0.771295  1
0.771472  12
0.771556  215
0.771568  165
0.771609  113
0.771675  85
0.771693  350
0.771735  207
0.771874  397
0.771959  46
0.771978  15
0.772076  116
0.772277  329
0.772392  381
0.772432  365
0.772494  317
0.772696  69
0.772779  352
0.772915  245
0.77292  162
0.772967  197
0.77307  181
0.773411  395
0.773497  362
0.773557  134
0.773583  325
0.773776  11
0.774756  273
0.7749  355
0.775228  236
0.775397  44
0.775687  337
0.776011  333
0.776087  373
0.776246  90
0.776264  372
0.776292  19
0.776391  361
0.776448  192
0.776688  306
0.776904  43
0.77697  290
0.776983  298
0.777181  72
0.77756  346
0.777586  321
0.777644  349
0.777923  148
0.778772  278
0.779239  110
0.779348  115
0.779349  356
0.779825  105
0.779846  330
0.779941  74
0.780296  370
0.780441  119
0.780547  102
0.780676  327
0.781023  203
0.781385  342
0.781516  380
0.781648  84
0.781788  146
0.782286  49
0.782315  393
0.782353  304
0.782635  323
0.782674  336
0.782718  331
0.783171  130
0.783541  344
0.783604  399
0.784007  79
0.784121  319
0.784875  369
0.785503  390
0.785778  45
0.785936  163
0.786059  230
0.786131  387
0.78621  348
0.786664  117
0.787178  47
0.787331  324
0.787344  379
0.788447  394
0.788652  198
0.789076  320
0.789172  359
0.789708  87
0.79028  157
0.790308  303
0.790342  27
0.790413  258
0.790661  95
0.791743  383
0.792089  341
0.792146  311
0.792679  210
0.793447  126
0.794024  328
0.794173  343
0.794346  13
0.794363  347
0.794437  386
0.794886  388
0.795005  385
0.795012  189
0.795095  8
0.795327  32
0.795534  186
0.797126  222
0.797801  322
0.7979  315
0.798005  392
0.798454  250
0.798561  391
0.798771  340
0.798819  389
0.799335  226
0.799491  34
0.799796  312
0.800064  231
0.800822  123
0.801552  300
0.801642  284
0.801656  70
0.802615  302
0.803291  374
0.803651  169
0.803703  382
0.803954  334
0.804304  309
0.804308  103
0.804488  144
0.804915  263
0.805137  31
0.805313  288
0.80568  351
0.80576  33
0.806313  22
0.806562  360
0.806629  357
0.806674  112
0.806754  310
0.806811  80
0.807038  173
0.807118  396
0.807315  161
0.807529  218
0.807706  164
0.807982  212
0.808017  132
0.808064  335
0.809077  217
0.809232  339
0.80958  143
0.809769  276
0.809827  41
0.8106  60
0.810681  376
0.810721  56
0.810724  83
0.810744  345
0.810765  307
0.811086  175
0.81126  301
0.81164  326
0.811715  61
0.811856  268
0.812017  81
0.812149  107
0.813303  184
0.813361  317
0.813623  314
0.813739  185
0.813753  308
0.813771  165
0.813829  3
0.813838  283
0.813863  241
0.813974  224
0.81404  78
0.814291  20
0.8143  299
0.81435  316
0.814656  318
0.814691  398
0.814752  168
0.814772  363
0.814804  384
0.814869  375
0.814988  16
0.815146  190
0.815184  333
0.815208  229
0.815237  2
0.815423  29
0.815506  355
0.815536  366
0.815549  358
0.815649  154
0.815654  202
0.816274  353
0.816521  25
0.817822  371
0.817886  378
0.818235  313
0.818265  67
0.818471  364
0.818743  338
0.81891  225
0.81899  332
0.81923  336
0.819462  209
0.820131  0
0.820361  191
0.820857  234
0.821355  71
0.821373  156
0.821939  76
0.822462  377
0.822697  275
0.822927  86
0.823156  10
0.823217  368
0.823275  5
0.823337  329
0.823659  327
0.82454  323
0.824558  305
0.824622  264
0.824799  228
0.824945  252
0.825002  176
0.82526  28
0.825443  289
0.825598  399
0.825658  361
0.825801  370
0.82604  73
0.826103  48
0.826134  52
0.826449  24
0.826585  174
0.826603  139
0.826694  7
0.827023  277
0.827067  352
0.827282  387
0.827624  49
0.827823  342
0.827848  120
0.827899  348
0.828312  365
0.828337  30
0.828479  130
0.828516  59
0.828909  337
0.829221  233
0.829226  88
0.829503  350
0.829548  259
0.829566  271
0.829875  227
0.829935  134
0.829951  160
0.830201  372
0.830285  171
0.830287  390
0.830337  395
0.830372  240
0.830478  121
0.830569  194
0.830588  344
0.830773  379
0.830868  23
0.831146  394
0.831458  354
0.831688  246
0.831765  356
0.831862  89
0.832155  6
0.832207  349
0.832328  331
0.832815  98
0.833239  93
0.833266  397
0.833301  220
0.833367  311
0.833397  38
0.833603  219
0.833641  204
0.833838  72
0.833847  239
0.833905  124
0.834105  66
0.834244  248
0.834309  346
0.834418  330
0.834551  85
0.834583  325
0.834692  126
0.83514  148
0.835166  118
0.835438  294
0.835569  341
0.835717  374
0.835739  26
0.835789  269
0.835876  359
0.835904  232
0.83594  381
0.835998  386
0.836111  243
0.836113  302
0.836143  65
0.836296  64
0.836391  199
0.836812  319
0.836864  17
0.837227  300
0.837514  132
0.837542  197
0.837616  373
0.837695  282
0.838406  367
0.838425  347
0.839118  193
0.839249  369
0.839351  393
0.839352  297
0.839582  310
0.839666  106
0.839859  166
0.840088  183
0.840332  291
0.840777  15
0.841246  251
0.841758  147
0.841782  321
0.842155  21
0.842246  94
0.842252  309
0.842262  285
0.842438  322
0.842454  137
0.842455  43
0.842697  36
0.842722  19
0.842794  312
0.842802  343
0.842927  127
0.842961  181
0.843185  357
0.843236  123
0.843253  44
0.843284  206
0.843343  334
0.843403  315
0.844108  396
0.844155  320
0.844276  303
0.844453  388
0.844591  324
0.844626  138
0.844867  8
0.84493  74
0.844965  91
0.845056  385
0.845715  189
0.845775  380
0.84646  383
0.846556  14
0.846568  135
0.846745  306
0.846869  339
0.847223  351
0.847235  274
0.847762  101
0.847836  153
0.848361  340
0.848385  382
0.849027  125
0.849152  326
0.849182  304
0.849765  362
0.849813  140
0.850032  4
0.85074  301
0.85119  213
0.851198  360
0.851651  392
0.851795  316
0.852935  261
0.853113  128
0.853241  158
0.853455  384
0.853522  353
0.853542  287
0.853706  352
0.854522  186
0.854555  113
0.8547  328
0.854807  345
0.856068  56
0.85618  99
0.856332  336
0.85674  250
0.856914  201
0.857581  112
0.857918  40
0.858161  358
0.858194  237
0.858534  391
0.858807  366
0.859031  295
0.859171  149
0.859271  249
0.859386  364
0.859653  376
0.859723  260
0.859777  9
0.860262  221
0.860348  307
0.860358  18
0.860638  308
0.860706  13
0.861209  313
0.861243  50
0.861264  378
0.861285  355
0.861512  375
0.861848  279
0.862079  272
0.862885  335
0.863069  75
0.863514  317
0.86381  332
0.863876  154
0.863951  46
0.863956  210
0.864145  195
0.86459  238
0.864822  58
0.86485  151
0.865035  372
0.865136  361
0.865389  389
0.865526  266
0.865994  363
0.866339  370
0.866548  190
0.867064  188
0.867146  55
0.867188  377
0.867661  258
0.868012  244
0.868278  152
0.869033  257
0.869089  142
0.869296  203
0.869633  110
0.869848  346
0.87001  66
0.870185  208
0.870191  131
0.870243  70
0.870336  245
0.870413  286
0.870493  329
0.870547  338
0.870781  255
0.870972  215
0.871061  350
0.87121  222
0.87128  354
0.871421  170
0.871569  104
0.871604  284
0.87168  161
0.871687  218
0.871697  27
0.87178  173
0.871804  111
0.871909  256
0.872008  145
0.872008  235
0.872217  30
0.872218  216
0.872307  22
0.872317  144
0.872343  241
0.872347  394
0.872433  11
0.872472  234
0.872608  226
0.872819  368
0.87282  293
0.872892  51
0.872935  342
0.872936  270
0.872971  273
0.873181  96
0.873357  314
0.873384  337
0.873435  217
0.873545  57
0.873624  399
0.873714  146
0.873727  292
0.873786  103
0.873905  141
0.873992  157
0.874207  315
0.874214  334
0.874244  268
0.874273  323
0.874278  398
0.874345  179
0.874407  299
0.874433  62
0.874472  300
0.874498  34
0.874526  102
0.874611  82
0.874679  100
0.874735  239
0.874823  79
0.874878  395
0.874892  311
0.87506  42
0.875254  331
0.87533  302
0.875389  16
0.875656  290
0.875785  379
0.875854  108
0.875862  263
0.875889  371
0.87599  386
0.876017  343
0.876133  333
0.876224  322
0.876258  324
0.876395  116
0.876441  177
0.876598  211
0.876642  348
0.876697  254
0.876782  33
0.876841  280
0.877074  165
0.877261  387
0.877569  301
0.877634  97
0.877703  54
0.87781  341
0.878003  390
0.878151  117
0.878152  264
0.878401  321
0.87841  225
0.87842  84
0.878425  381
0.878497  52
0.878572  199
0.878627  164
0.878746  312
0.879095  150
0.879261  209
0.879317  373
0.879877  357
0.87991  303
0.880088  392
0.880137  319
0.880157  393
0.88023  205
0.880311  344
0.880662  76
0.880703  95
0.880839  31
0.88091  339
0.880972  91
0.881397  396
0.881688  349
0.881702  380
0.882273  35
0.88237  362
0.882544  320
0.88311  345
0.883407  382
0.883588  316
0.883927  355
0.884077  304
0.884111  155
0.884992  139
0.886127  318
0.886357  246
0.886403  259
0.886985  136
0.887041  185
0.887501  327
0.887703  307
0.887834  374
0.887848  359
0.887862  39
0.888079  32
0.888262  389
0.888544  358
0.888582  214
0.88863  369
0.888763  59
0.888892  248
0.889071  120
0.889194  347
0.889251  330
0.889308  125
0.889416  306
0.889652  367
0.889809  278
0.890479  335
0.890708  325
0.890934  365
0.892568  388
0.892877  356
0.892996  41
0.894546  317
0.894905  171
0.895236  354
0.895444  133
0.89654  385
0.896664  193
0.896714  175
0.897322  309
0.897448  87
0.897512  275
0.897678  198
0.897936  172
0.898601  397
0.898825  310
0.898949  189
0.899382  123
0.900165  61
0.900472  69
0.900482  384
0.900509  40
0.900686  119
0.900849  130
0.901779  88
0.901873  289
0.902127  26
0.902392  352
0.902443  105
0.902474  36
0.902481  50
0.902691  351
0.902703  47
0.902786  71
0.902841  21
0.902933  253
0.903032  8
0.903048  107
0.90336  192
0.903389  353
0.903401  313
0.903686  201
0.903715  1
0.90376  63
0.903923  17
0.903928  60
0.903985  156
0.904072  391
0.904077  236
0.904276  340
0.904368  328
0.904434  162
0.904513  231
0.904587  276
0.904734  326
0.904812  85
0.905149  366
0.905334  277
0.905479  242
0.905527  262
0.905537  267
0.905682  305
0.905917  288
0.906  122
0.906025  296
0.906079  194
0.90613  220
0.906146  207
0.906473  372
0.906484  98
0.906606  375
0.906623  90
0.90675  360
0.906816  283
0.90702  129
0.907107  56
0.907177  168
0.907286  269
0.907404  167
0.907431  174
0.90748  9
0.907592  109
0.907626  128
0.907677  334
0.907947  29
0.907971  73
0.908075  28
0.908297  14
0.90833  383
0.908429  195
0.908447  178
0.908508  127
0.908558  243
0.908607  274
0.908623  144
0.908695  92
0.908751  68
0.908768  378
0.908982  364
0.909108  399
0.909213  24
0.909246  229
0.909343  348
0.909348  380
0.909407  12
0.909545  316
0.909559  43
0.909592  153
0.909594  346
0.909745  113
0.909761  118
0.909837  390
0.909845  93
0.909861  160
0.90988  72
0.909939  89
0.910046  3
0.91011  182
0.910139  362
0.91028  377
0.9103  298
0.910317  176
0.910335  20
0.910471  2
0.910485  16
0.91061  300
0.910684  297
0.910792  285
0.910858  308
0.910877  137
0.910962  338
0.911163  48
0.911183  249
0.911282  265
0.911399  233
0.911412  295
0.911485  183
0.911564  343
0.911604  65
0.911688  357
0.911771  395
0.911941  323
0.911983  237
0.912049  376
0.912086  333
0.912126  210
0.912214  138
0.912256  84
0.912391  13
0.912479  166
0.912575  83
0.912579  371
0.912607  184
0.91271  64
0.912734  329
0.912763  281
0.912823  349
0.912826  185
0.912842  304
0.912869  303
0.912894  191
0.912961  321
0.912983  25
0.912984  37
0.913315  350
0.913376  368
0.913394  396
0.913536  314
0.913852  282
0.913886  18
0.913897  126
0.913917  322
0.914211  31
0.914464  336
0.914682  386
0.914783  398
0.914817  319
0.915148  332
0.915203  339
0.915762  317
0.91604  124
0.916603  175
0.916699  80
0.916877  312
0.916882  247
0.917136  373
0.917282  99
0.917326  354
0.917384  335
0.917446  379
0.917573  392
0.917747  393
0.91802  337
0.918093  23
0.91823  387
0.918641  108
0.918969  146
0.918989  331
0.919187  114
0.919376  355
0.919516  252
0.920451  327
0.920657  382
0.921229  356
0.921743  370
0.921893  232
0.921971  311
0.922  240
0.922045  324
0.922497  359
0.923902  344
0.924607  394
0.924922  0
0.925123  341
0.926055  216
0.926456  200
0.926491  385
0.926582  45
0.926657  301
0.926728  251
0.9268  320
0.926965  187
0.927032  318
0.927224  188
0.927904  358
0.928222  121
0.928418  381
0.92845  49
0.928453  309
0.92875  164
0.928804  365
0.929864  223
0.930135  363
0.930433  132
0.932202  367
0.932398  306
0.932904  397
0.932937  384
0.933532  369
0.933923  374
0.93429  389
0.93449  361
0.934571  6
0.935469  307
0.936235  227
0.937677  209
0.938823  345
0.939532  86
0.939718  254
0.939754  219
0.940123  343
0.940391  152
0.940454  330
0.940659  106
0.941072  315
0.941978  177
0.94218  32
0.94267  342
0.942688  325
0.942725  347
0.942977  44
0.943385  107
0.943398  94
0.943539  221
0.943598  102
0.943764  110
0.943974  190
0.94415  165
0.944517  150
0.944557  287
0.944564  55
0.944583  135
0.945  302
0.945061  112
0.945487  226
0.945502  388
0.946432  291
0.946619  159
0.947086  399
0.947619  196
0.947786  151
0.947828  353
0.947848  351
0.948066  101
0.948191  148
0.948196  329
0.948266  261
0.948904  377
0.948976  186
0.949112  366
0.949278  131
0.949573  46
0.949577  4
0.949611  208
0.949862  5
0.949873  204
0.94993  18
0.950167  37
0.950252  271
0.950286  313
0.950465  266
0.950521  95
0.950869  61
0.950939  52
0.951224  173
0.951265  84
0.951326  163
0.951339  228
0.951401  294
0.951493  10
0.951593  222
0.95166  171
0.951768  230
0.951803  334
0.951819  76
0.951902  115
0.95207  319
0.952071  170
0.952098  379
0.952115  54
0.952132  154
0.952182  259
0.952269  203
0.952273  213
0.952319  286
0.952419  50
0.95244  350
0.952476  371
0.95248  395
0.952583  328
0.952696  17
0.952701  92
0.952863  392
0.952885  326
0.95289  244
0.952953  47
0.953366  197
0.953505  120
0.953515  373
0.953841  323
0.95387  147
0.954076  289
0.954177  11
0.954414  141
0.954433  304
0.954594  386
0.954671  311
0.954898  189
0.955086  324
0.95526  215
0.955553  273
0.955903  59
0.955999  378
0.956136  310
0.956156  333
0.956228  103
0.956577  39
0.956679  340
0.956683  270
0.957238  69
0.957254  387
0.957302  67
0.957392  316
0.957463  305
0.957542  380
0.957581  382
0.957632  290
0.957866  344
0.957975  299
0.958008  174
0.958098  348
0.958188  391
0.958286  158
0.958525  268
0.959315  279
0.959333  307
0.9594  63
0.959418  355
0.959496  297
0.960103  320
0.960373  198
0.960508  77
0.960525  139
0.960582  317
0.960859  136
0.96101  169
0.9612  241
0.961244  318
0.961422  394
0.961476  172
0.961513  352
0.961611  331
0.961613  356
0.96163  272
0.96167  372
0.961737  314
0.961781  369
0.962029  365
0.96223  349
0.963221  354
0.963738  396
0.963891  368
0.964106  338
0.964309  390
0.964326  238
0.964565  109
0.965209  185
0.965561  346
0.966508  376
0.966544  342
0.966768  362
0.966873  343
0.967495  336
0.967643  393
0.967861  143
0.968453  257
0.969513  49
0.970301  71
0.971269  322
0.971359  398
0.97161  300
0.972005  357
0.972197  360
0.973368  374
0.973671  179
0.973787  301
0.974388  367
0.974992  161
0.975319  347
0.975402  330
0.976741  202
0.976815  358
0.977115  327
0.97771  149
0.978538  341
0.979121  384
0.979267  192
0.979512  99
0.979573  383
0.979795  66
0.979819  58
0.979894  359
0.98026  41
0.980394  308
0.981675  26
0.981719  256
0.981761  132
0.981963  361
0.982265  78
0.982272  280
0.982974  258
0.983394  370
0.98371  117
0.983895  397
0.983965  0
0.984248  306
0.98426  309
0.984469  364
0.985603  321
0.985607  332
0.986171  345
0.986432  389
0.9882  134
0.98824  381
0.988482  303
0.990928  312
0.991354  20
0.991363  62
0.99165  27
0.992263  329
0.992663  217
0.992764  377
0.99337  337
0.993478  98
0.994004  388
0.994037  75
0.994204  302
0.9949  97
0.994967  233
0.995006  7
0.99572  335
0.996139  65
0.99656  278
0.996922  296
0.997198  3
0.997322  375
0.997449  126
0.997542  285
0.997805  353
0.997902  260
0.997999  142
0.998082  85
0.998171  100
0.998267  166
0.998377  247
0.998406  74
0.998565  30
0.998782  114
0.99886  60
0.998911  239
0.99939  15
0.999501  156
0.999578  138
0.999677  130
0.999871  13
0.999934  363
