9.37648e-06  89
1.27513e-05  149
1.36617e-05  128
1.70223e-05  184
2.92677e-05  229
3.49393e-05  164
4.43393e-05  68
4.803e-05  60
5.08117e-05  88
6.10081e-05  165
6.20858e-05  77
6.25403e-05  181
6.32135e-05  231
7.06157e-05  121
7.56293e-05  119
7.95627e-05  136
8.22585e-05  115
8.63481e-05  63
8.83255e-05  232
9.23092e-05  93
9.49488e-05  53
0.000106351  107
0.000115627  256
0.000122105  180
0.000123955  11
0.000130813  139
0.000131212  216
0.00013178  220
0.000134163  195
0.000137297  96
0.000137645  109
0.000144026  111
0.000148321  79
0.00015238  113
0.000152807  6
0.000153045  117
0.000153381  103
0.00015699  45
0.000158348  148
0.00015873  156
0.000169791  83
0.000172092  197
0.000172492  228
0.0001771  173
0.000177199  112
0.000181822  81
0.00018402  160
0.000186012  140
0.000187381  167
0.000189603  43
0.000190319  163
0.000193074  120
0.000198045  27
0.000203822  73
0.000204029  71
0.000207421  72
0.000210321  161
0.000212882  76
0.000214734  205
0.000217746  101
0.000220243  75
0.00022114  144
0.00022717  137
0.000228543  192
0.000228858  176
0.00023015  175
0.00023133  105
0.000234998  143
0.000236973  55
0.000241393  67
0.00024292  84
0.000245931  168
0.000247143  127
0.000250398  219
0.000256006  132
0.000256337  235
0.000265577  47
0.000265798  191
0.000269428  31
0.000276981  196
0.000278448  80
0.000280364  91
0.000284643  133
0.000286528  116
0.000289957  49
0.000306951  179
0.000308835  41
0.000318842  99
0.000329293  207
0.000333887  29
0.000340272  233
0.000341301  147
0.000343088  172
0.000345661  25
0.000352516  69
0.000352795  65
0.00036267  57
0.000366249  185
0.000367772  129
0.000375088  223
0.000377608  40
0.000390401  59
0.000395663  9
0.000400354  64
0.00040223  61
0.000403374  145
0.000404282  187
0.000409125  100
0.000410397  159
0.000414477  87
0.00041719  51
0.000419185  188
0.000425264  199
0.000430479  28
0.000431965  124
0.000435372  92
0.00043826  259
0.000444091  44
0.00044549  123
0.000453204  257
0.000463699  224
0.000481769  221
0.00048249  193
0.000491998  8
0.00050682  131
0.000508288  141
0.000510257  171
0.000535933  217
0.000544326  177
0.000550667  151
0.000555687  227
0.000558382  125
0.000586322  95
0.000626704  108
0.000668161  189
0.000686686  97
0.000709806  169
0.000738663  56
0.000801249  183
0.000814269  52
0.000824407  85
0.000835587  157
0.000851469  48
0.00086359  135
0.000871698  204
0.000897899  104
0.00093148  2
0.00095071  24
0.00105216  225
0.0026361  265
0.00313975  263
0.00321463  38
0.00354433  338
0.00364413  323
0.00364658  332
0.00369031  398
0.00370673  324
0.00375206  345
0.00381855  392
0.00384759  266
0.00386031  356
0.00391645  359
0.00396321  381
0.00400276  5
0.00406522  376
0.00413612  271
0.00417694  238
0.00417878  360
0.00422763  347
0.00425086  351
0.00426179  339
0.004262  267
0.0042926  350
0.00432265  246
0.00433354  287
0.00441977  395
0.00447531  239
0.00448174  371
0.00451333  300
0.00452435  202
0.00454322  367
0.0045587  313
0.00457174  303
0.00460443  305
0.00460804  326
0.00462618  273
0.00462646  370
0.00463073  352
0.00463268  329
0.00464858  383
0.00465256  349
0.00466721  368
0.00469868  293
0.00475174  378
0.00476719  391
0.00478869  377
0.00479109  298
0.00479374  317
0.00480211  337
0.00484083  393
0.00485089  355
0.00486121  330
0.00488391  155
0.0048842  387
0.00488429  358
0.00490327  372
0.00492186  341
0.00493257  333
0.00496443  306
0.00503301  315
0.00504242  321
0.00504952  365
0.00505583  336
0.00505594  242
0.00507973  302
0.00508757  322
0.00511894  213
0.00511954  364
0.00514834  153
0.00516201  399
0.00516239  346
0.00517027  308
0.00527749  331
0.00528634  397
0.00529614  13
0.0053384  374
0.00535928  335
0.00538857  208
0.00540355  15
0.0054703  310
0.00547306  279
0.00549733  343
0.00550259  318
0.0055497  289
0.00558794  152
0.0056128  385
0.00561612  362
0.00564241  301
0.00571236  348
0.00571412  353
0.00571625  375
0.00574771  319
0.00575151  357
0.00575863  389
0.00577664  251
0.00582806  388
0.00583284  312
0.00584006  384
0.00584397  304
0.00586981  342
0.00590064  369
0.00592592  380
0.00593159  344
0.00596566  311
0.00601898  394
0.00602005  309
0.00602957  282
0.00606097  366
0.00608435  334
0.00608526  275
0.0061261  212
0.006139  382
0.00618864  314
0.00620506  327
0.00628689  237
0.00630037  390
0.00630351  284
0.00641376  354
0.00641702  35
0.00658416  373
0.00661192  285
0.00669477  294
0.00669478  276
0.00670922  320
0.00671859  316
0.00672774  379
0.00673759  154
0.00676077  16
0.00688388  272
0.00692861  325
0.00693312  386
0.00695638  4
0.0070915  274
0.00711683  361
0.00730947  292
0.00735046  328
0.00735427  12
0.00749154  396
0.00771739  260
0.00822106  21
0.00849024  65
0.00858622  295
0.00963125  340
0.00966339  244
0.00968166  32
0.00997321  283
0.0103933  203
0.0105456  37
0.0107693  307
0.011294  261
0.0113843  171
0.0119184  3
0.0122682  252
0.0126237  14
0.0142001  363
0.0142697  215
0.0155405  280
0.0161735  18
0.0165182  209
0.0168775  34
0.0195479  240
0.0248275  324
0.0249614  29
0.0250058  296
0.0254461  323
0.0264679  355
0.0299399  345
0.0309112  159
0.0309524  330
0.0333424  36
0.0338909  299
0.0340355  372
0.0345809  17
0.0349176  376
0.0350827  105
0.0353036  332
0.0363568  343
0.0373915  290
0.0376454  247
0.0377311  381
0.0377829  28
0.0380311  346
0.0380647  177
0.0382741  264
0.0386085  319
0.0387475  25
0.0387676  342
0.0389015  398
0.0389039  388
0.0389439  99
0.039022  326
0.0392136  341
0.0395638  238
0.0406405  356
0.0412528  147
0.0419199  302
0.0421728  347
0.0424703  370
0.042615  19
0.0429075  265
0.0430767  1
0.0434481  387
0.0441531  350
0.0441669  357
0.0443353  383
0.0443777  303
0.044574  354
0.0451253  7
0.045712  307
0.0457334  256
0.0459463  351
0.0467033  358
0.0473331  308
0.047417  217
0.048041  8
0.048219  287
0.0486563  55
0.0492826  201
0.0493474  317
0.0494094  362
0.0495345  389
0.0495839  321
0.0496434  331
0.0499971  181
0.0500854  281
0.0501175  243
0.0503918  395
0.0510192  378
0.0510476  361
0.0511409  262
0.0514076  191
0.0519291  367
0.0520696  352
0.0526261  24
0.0527737  187
0.0528563  399
0.0528841  335
0.0530184  120
0.0530428  344
0.0530766  336
0.0530841  360
0.053849  339
0.0543063  49
0.0546443  322
0.054807  253
0.0551977  377
0.0552558  371
0.0554028  214
0.05624  160
0.0567123  373
0.0567928  306
0.0572632  257
0.05769  270
0.057839  173
0.0582141  151
0.0584029  382
0.0584604  374
0.058491  338
0.0590458  80
0.0590892  397
0.0597143  297
0.0598126  23
0.0602204  121
0.0603105  315
0.0605406  38
0.0606486  349
0.0615977  320
0.0619747  273
0.0620256  131
0.0627564  391
0.0628169  208
0.0628412  393
0.06308  380
0.0631525  246
0.0631757  272
0.0644066  245
0.0644636  369
0.064734  305
0.0648144  254
0.0648984  278
0.0651577  334
0.0652847  88
0.0653797  277
0.0654681  328
0.0656056  337
0.0657094  375
0.0659423  365
0.0659874  327
0.0661753  368
0.0664086  211
0.0671609  312
0.0678483  284
0.068446  157
0.0686547  313
0.0687644  267
0.0688483  301
0.0691249  249
0.0694961  79
0.0699743  353
0.0701053  309
0.0708514  31
0.0710869  164
0.0711495  200
0.071456  239
0.0715577  316
0.0719419  366
0.072303  364
0.072802  39
0.0729514  318
0.0736821  250
0.0737537  0
0.0737674  5
0.0739813  304
0.0740097  310
0.0745689  329
0.0747786  340
0.0750592  396
0.076949  180
0.0772466  20
0.0778068  385
0.0788044  390
0.0811173  204
0.0832498  197
0.0832576  259
0.0847174  300
0.0856971  384
0.0864349  104
0.087963  359
0.0883414  394
0.0884456  199
0.0893896  143
0.0897105  140
0.091118  87
0.0915169  96
0.091567  346
0.0916135  388
0.0918313  363
0.0919836  101
0.0920318  372
0.0923957  356
0.092723  291
0.0929686  232
0.0930167  330
0.0931948  44
0.0933369  268
0.0934994  193
0.0938092  319
0.0939166  345
0.0943675  298
0.0944871  341
0.0946697  269
0.0955696  236
0.0959729  288
0.0962949  333
0.0964188  123
0.096428  203
0.0965658  276
0.0968044  97
0.0968853  19
0.0970099  155
0.0975084  145
0.0975837  381
0.0976331  184
0.0976367  207
0.0978945  325
0.0979755  56
0.098015  251
0.0980922  360
0.0981461  343
0.0982849  392
0.0983988  379
0.0986173  241
0.0986564  336
0.0988447  339
0.0988469  233
0.0990536  92
0.0992047  355
0.0992536  342
0.0992615  112
0.0993086  332
0.099368  350
0.0994158  90
0.0994814  72
0.0994954  224
0.0994994  326
0.0996428  351
0.0997064  352
0.0997462  311
0.0998474  323
0.0998866  238
0.0999064  53
0.0999273  302
0.100772  202
0.100901  29
0.100908  271
0.100925  377
0.100935  240
0.101105  307
0.101537  367
0.101716  314
0.101775  34
0.102337  275
0.102351  324
0.102422  308
0.102545  357
0.103102  337
0.103249  67
0.1036  303
0.103951  348
0.104281  235
0.104728  51
0.104771  248
0.104879  315
0.105087  295
0.105191  321
0.10523  358
0.10536  95
0.105675  354
0.10581  331
0.106463  163
0.10656  227
0.106789  287
0.107017  393
0.107017  382
0.107586  12
0.107802  305
0.108122  378
0.10872  299
0.109653  370
0.110261  283
0.110441  361
0.110622  373
0.110767  129
0.110965  374
0.112553  376
0.113197  383
0.11324  71
0.113803  36
0.114137  255
0.114375  395
0.115255  25
0.116975  391
0.117181  150
0.117758  213
0.118009  76
0.118117  362
0.118722  177
0.11889  353
0.119045  328
0.119156  237
0.119455  317
0.119478  215
0.119852  322
0.120013  387
0.120246  148
0.120315  312
0.120802  371
0.121301  327
0.121703  359
0.122217  225
0.122273  108
0.122344  318
0.12236  159
0.122535  158
0.123058  85
0.123129  335
0.124094  52
0.124471  168
0.124472  120
0.125078  344
0.125496  385
0.125799  47
0.126573  169
0.126987  365
0.127018  368
0.127448  22
0.127829  364
0.128106  398
0.128745  211
0.128763  304
0.128812  115
0.129095  334
0.129375  301
0.129931  122
0.130539  309
0.131165  239
0.131309  366
0.132024  310
0.132305  338
0.132315  116
0.132876  172
0.133011  222
0.133059  119
0.133212  57
0.133666  59
0.133715  399
0.133989  300
0.134092  214
0.134101  389
0.134317  6
0.134339  285
0.134364  35
0.134917  266
0.135052  375
0.135079  216
0.135524  313
0.135635  83
0.135707  372
0.135879  173
0.135953  45
0.136019  279
0.136069  210
0.136438  340
0.136467  306
0.136579  20
0.136636  229
0.136858  37
0.136895  320
0.136929  280
0.137243  349
0.137399  380
0.137698  347
0.137732  319
0.137875  191
0.138042  369
0.138043  77
0.138115  265
0.138327  13
0.138369  360
0.138482  14
0.138632  153
0.138857  69
0.138911  346
0.139018  386
0.139547  149
0.139581  311
0.14007  226
0.140427  70
0.140581  356
0.140997  2
0.141113  394
0.141188  27
0.141565  167
0.141663  89
0.141705  351
0.141813  384
0.142104  388
0.142117  146
0.142222  250
0.142246  377
0.142328  54
0.14241  125
0.142863  381
0.142988  63
0.143021  117
0.143383  294
0.143469  124
0.143495  114
0.143618  1
0.143764  4
0.143888  329
0.144074  39
0.144278  397
0.144298  289
0.144361  274
0.144368  355
0.144433  28
0.144857  223
0.144919  390
0.145021  8
0.145066  252
0.14537  135
0.145519  40
0.145617  147
0.145685  130
0.145741  136
0.145756  326
0.145903  286
0.145947  374
0.146225  249
0.146368  99
0.146527  343
0.14673  273
0.147032  98
0.147099  345
0.147116  9
0.147183  24
0.14721  196
0.147274  341
0.147322  144
0.147344  314
0.147408  292
0.147435  96
0.147516  332
0.14761  217
0.147655  55
0.147666  243
0.147713  392
0.147726  84
0.147777  330
0.147968  256
0.148156  231
0.14824  183
0.148245  354
0.148453  10
0.148492  305
0.148534  187
0.148577  180
0.148603  257
0.148627  333
0.148686  342
0.148705  3
0.149025  325
0.149074  246
0.149097  291
0.149101  278
0.149167  296
0.149169  336
0.149317  255
0.149325  363
0.149395  331
0.149399  312
0.149512  323
0.149526  58
0.149541  316
0.14961  396
0.149622  367
0.149655  232
0.149717  156
0.149721  350
0.149746  46
0.149845  378
0.150003  258
0.15003  209
0.150059  376
0.150106  317
0.150223  181
0.150278  324
0.150354  145
0.150448  293
0.150468  370
0.150557  244
0.150595  315
0.150628  185
0.150799  18
0.150955  176
0.151038  33
0.1511  21
0.151296  104
0.1513  200
0.15133  158
0.151427  163
0.15143  287
0.151504  230
0.151671  352
0.151687  235
0.151724  373
0.151739  348
0.151898  199
0.151997  151
0.152536  321
0.152684  17
0.152717  353
0.152756  204
0.153046  302
0.153148  382
0.15333  221
0.153409  154
0.153413  88
0.153419  100
0.153428  398
0.153441  228
0.153552  307
0.153704  304
0.153803  277
0.153924  170
0.153943  368
0.153977  357
0.154031  171
0.1541  166
0.154188  175
0.15441  205
0.154588  106
0.15473  387
0.1548  11
0.1551  245
0.155246  344
0.15536  301
0.155382  290
0.155484  43
0.15552  395
0.155701  393
0.155936  268
0.155987  224
0.156058  212
0.156093  15
0.156139  383
0.15636  87
0.156537  303
0.157033  79
0.157108  197
0.157116  358
0.157177  103
0.157269  337
0.157287  339
0.157628  86
0.157943  389
0.157954  308
0.158151  52
0.158193  340
0.158483  53
0.158496  264
0.158609  365
0.159125  41
0.159129  272
0.160126  360
0.160184  322
0.16019  219
0.160362  236
0.16045  371
0.160478  282
0.160789  48
0.160825  259
0.160888  97
0.16096  361
0.161009  30
0.161041  266
0.161474  327
0.16158  329
0.161745  81
0.162306  218
0.162637  335
0.162673  351
0.162676  179
0.162737  139
0.162955  364
0.162966  12
0.163167  359
0.163176  190
0.163442  271
0.163449  309
0.163926  113
0.164265  300
0.164295  318
0.164692  346
0.164884  121
0.164928  310
0.164988  36
0.165019  38
0.165178  138
0.165712  374
0.166909  334
0.166967  397
0.16719  247
0.167637  388
0.167763  345
0.167768  319
0.168113  328
0.16834  349
0.16836  76
0.168399  208
0.168511  248
0.168821  305
0.169017  270
0.169096  399
0.169473  347
0.169502  384
0.169844  57
0.17037  306
0.170579  134
0.17147  7
0.171786  67
0.171881  385
0.172216  369
0.172571  119
0.173467  366
0.174102  362
0.174112  251
0.174174  128
0.174448  141
0.174491  186
0.174972  105
0.175701  379
0.17641  376
0.176601  90
0.178565  356
0.178685  198
0.179591  394
0.179912  213
0.180034  375
0.1801  193
0.181684  391
0.181721  110
0.181792  372
0.1819  108
0.182107  162
0.183272  44
0.184669  338
0.185531  381
0.18557  320
0.186247  75
0.186601  118
0.187127  276
0.187362  312
0.18808  342
0.18865  143
0.188785  380
0.189762  386
0.190568  267
0.190749  227
0.191114  101
0.191995  355
0.192009  172
0.192034  242
0.192389  49
0.192633  164
0.192694  260
0.193353  331
0.193529  239
0.193543  363
0.19356  0
0.193894  129
0.193952  341
0.194082  215
0.194156  47
0.194208  80
0.194211  324
0.194229  332
0.1944  302
0.194507  74
0.194621  9
0.194945  82
0.195393  325
0.195853  314
0.196117  137
0.196121  336
0.196361  315
0.196872  316
0.197103  165
0.197409  206
0.197477  333
0.197719  240
0.197816  184
0.197842  150
0.198092  189
0.198152  295
0.198168  28
0.198168  132
0.198426  326
0.198592  211
0.198983  343
0.198986  367
0.199192  392
0.199301  155
0.199335  26
0.199347  55
0.199464  352
0.199715  102
0.199763  252
0.199769  274
0.199833  261
0.199943  311
0.200127  288
0.200196  313
0.200203  354
0.200314  144
0.200397  37
0.200635  323
0.201134  330
0.201542  393
0.201682  237
0.201831  370
0.201899  279
0.202019  357
0.202152  13
0.202207  64
0.202294  77
0.202343  238
0.202355  382
0.202399  112
0.202451  377
0.202526  390
0.203147  232
0.203267  229
0.20352  225
0.203559  250
0.203608  140
0.203822  280
0.204009  292
0.204016  182
0.204257  120
0.204273  353
0.20441  181
0.204472  5
0.204568  32
0.205025  111
0.205084  297
0.205114  304
0.205185  169
0.20521  130
0.205327  262
0.205331  226
0.205404  339
0.205738  16
0.205907  300
0.205933  308
0.205992  34
0.206018  358
0.206072  395
0.20611  348
0.206474  166
0.20649  307
0.206542  398
0.206565  25
0.206575  148
0.206606  2
0.206631  199
0.206668  263
0.206911  387
0.207027  256
0.207071  51
0.207227  345
0.207484  317
0.207538  40
0.207585  234
0.207621  383
0.207624  92
0.207631  97
0.207684  361
0.207745  334
0.208302  396
0.208768  388
0.20881  359
0.208879  29
0.208943  84
0.208985  322
0.209003  368
0.209034  284
0.20904  1
0.209129  125
0.209183  350
0.209196  6
0.209208  20
0.209269  305
0.20935  4
0.209411  320
0.20946  366
0.209472  303
0.209621  329
0.209802  187
0.20985  195
0.210152  218
0.210245  201
0.210365  373
0.210408  321
0.210505  223
0.210591  337
0.21063  364
0.210807  376
0.210988  306
0.211375  69
0.211476  347
0.211527  107
0.211798  399
0.212442  365
0.212471  335
0.212732  340
0.212873  154
0.212995  360
0.213051  356
0.213346  327
0.213365  50
0.213819  117
0.214055  106
0.214214  286
0.214325  30
0.214423  351
0.214541  96
0.214561  216
0.214626  378
0.214648  131
0.214918  328
0.215495  374
0.215704  245
0.216285  371
0.216363  243
0.216457  369
0.217589  68
0.217848  33
0.218179  325
0.218191  185
0.218821  384
0.218898  389
0.2189  282
0.218988  319
0.219079  342
0.219878  190
0.219891  394
0.220846  19
0.221137  338
0.221172  31
0.221974  375
0.222484  331
0.223101  363
0.223714  301
0.224206  205
0.227011  380
0.228575  318
0.229732  386
0.231086  156
0.23158  341
0.231939  349
0.232459  299
0.234783  362
0.235044  346
0.235997  391
0.237527  324
0.23753  114
0.238892  370
0.239338  91
0.240215  372
0.240513  203
0.240921  22
0.241241  315
0.242928  175
0.243255  310
0.244035  336
0.244114  367
0.244798  38
0.244987  217
0.245103  231
0.245318  296
0.246373  54
0.246716  39
0.246955  281
0.247479  258
0.248257  344
0.248417  392
0.24892  42
0.249101  385
0.249124  314
0.249365  207
0.250653  200
0.250727  71
0.250973  379
0.251067  134
0.251183  309
0.251256  121
0.251408  197
0.251813  233
0.252037  103
0.252135  311
0.252141  294
0.252165  355
0.252352  381
0.252485  312
0.252617  253
0.252822  142
0.252889  46
0.253004  270
0.253032  202
0.253097  397
0.253298  116
0.253842  264
0.253895  305
0.25398  65
0.254092  321
0.254184  332
0.254209  333
0.25421  238
0.254369  152
0.254448  304
0.254618  173
0.254646  254
0.254804  139
0.25489  388
0.254922  330
0.254937  377
0.254953  72
0.254999  135
0.255176  113
0.25519  168
0.255262  3
0.25534  153
0.255341  45
0.255678  127
0.25573  358
0.255778  101
0.255871  146
0.255888  183
0.255934  303
0.255991  191
0.256309  393
0.256349  63
0.256434  248
0.256533  373
0.256545  165
0.256553  323
0.256583  15
0.256614  352
0.256898  259
0.256963  230
0.257038  398
0.257058  107
0.257075  160
0.257237  390
0.257264  257
0.257274  343
0.257534  345
0.257617  313
0.257686  192
0.257761  225
0.257782  277
0.2578  354
0.257811  302
0.25782  100
0.258092  85
0.258385  210
0.258561  347
0.258658  27
0.258941  11
0.259052  366
0.25909  383
0.259294  357
0.259307  52
0.259345  353
0.259499  361
0.259515  115
0.259582  169
0.259613  143
0.259866  21
0.259952  306
0.260117  382
0.260217  387
0.260352  75
0.260458  350
0.260673  99
0.260777  283
0.260799  364
0.260849  368
0.26091  300
0.260964  196
0.261107  326
0.261336  399
0.261369  1
0.261387  359
0.261462  247
0.261654  128
0.261928  56
0.261943  378
0.262273  290
0.262382  285
0.26245  208
0.262474  23
0.262517  60
0.262838  214
0.263006  334
0.263018  14
0.263109  17
0.263159  293
0.263324  317
0.263392  136
0.2639  272
0.264106  161
0.264117  224
0.264125  316
0.26413  36
0.264404  374
0.264456  55
0.264506  62
0.264705  325
0.264728  322
0.264793  327
0.264795  24
0.264808  73
0.264879  147
0.26491  255
0.264913  68
0.265019  232
0.265044  287
0.265231  308
0.265319  119
0.265357  29
0.265457  342
0.265497  340
0.265506  338
0.265793  278
0.265894  188
0.265897  328
0.266172  229
0.266359  269
0.266525  369
0.26663  159
0.266703  206
0.266719  194
0.266782  10
0.266917  319
0.267018  34
0.267173  228
0.267205  376
0.267696  120
0.267731  189
0.267767  348
0.267877  339
0.26799  360
0.268015  90
0.268154  396
0.268169  395
0.268201  94
0.268232  394
0.268392  351
0.268405  363
0.268475  307
0.268508  162
0.268599  88
0.268636  109
0.269091  66
0.269397  362
0.26986  151
0.269862  174
0.270097  141
0.270119  43
0.270173  144
0.270351  337
0.270387  81
0.270475  370
0.270602  320
0.270621  301
0.270669  190
0.270709  76
0.271117  321
0.271121  371
0.271174  123
0.271289  244
0.271371  289
0.27143  246
0.271513  384
0.271535  380
0.271664  365
0.27179  274
0.27187  356
0.271944  67
0.272063  213
0.272076  276
0.272155  329
0.272437  37
0.272671  9
0.272767  331
0.272893  375
0.273132  177
0.273207  349
0.273663  223
0.273839  391
0.274166  318
0.274342  125
0.275162  310
0.27544  266
0.27566  265
0.275672  156
0.275952  105
0.275954  212
0.275987  271
0.276236  110
0.277012  114
0.277937  0
0.278131  220
0.278506  187
0.278583  138
0.278702  324
0.278814  389
0.278936  236
0.279018  179
0.279161  58
0.279181  315
0.279292  148
0.279294  392
0.279599  341
0.279692  367
0.279906  112
0.280164  336
0.280638  231
0.280823  129
0.280846  372
0.28098  16
0.281172  350
0.281403  207
0.281911  304
0.282321  260
0.282477  78
0.282559  149
0.282723  398
0.283314  251
0.28344  242
0.284025  344
0.284136  323
0.284564  89
0.284572  377
0.284589  385
0.284658  335
0.284721  346
0.284816  357
0.284843  368
0.284885  50
0.28701  227
0.287344  170
0.288571  386
0.28893  309
0.289261  273
0.289587  330
0.290198  333
0.291311  313
0.291839  355
0.291954  381
0.292094  40
0.292313  263
0.292765  122
0.292775  373
0.292825  186
0.293538  165
0.294008  198
0.294126  314
0.294463  347
0.294855  157
0.294934  388
0.296514  352
0.296649  399
0.296742  172
0.296759  51
0.297815  145
0.297949  387
0.298224  383
0.298313  61
0.298323  209
0.298946  200
0.299642  127
0.299744  397
0.30027  361
0.300496  241
0.300747  359
0.300934  268
0.300981  147
0.301201  345
0.301515  133
0.301625  353
0.30169  87
0.30198  390
0.302076  19
0.30245  332
0.302547  219
0.302581  74
0.302729  308
0.302813  326
0.303179  358
0.303197  291
0.303204  239
0.303227  171
0.303978  382
0.304139  64
0.304521  340
0.30531  354
0.305338  393
0.305805  13
0.306317  311
0.30643  262
0.306552  243
0.306852  379
0.306943  92
0.306949  378
0.307317  132
0.30733  215
0.30757  364
0.307664  334
0.307908  302
0.307936  238
0.307973  115
0.308134  284
0.308178  38
0.308583  93
0.308771  211
0.308806  166
0.309222  306
0.309867  218
0.309889  221
0.30989  322
0.310044  312
0.310454  279
0.310519  395
0.311047  86
0.311287  79
0.311319  374
0.311747  384
0.311776  118
0.311812  48
0.311875  108
0.312243  18
0.312674  72
0.312853  54
0.313057  237
0.313181  30
0.313309  4
0.313335  203
0.313419  152
0.313606  191
0.313623  2
0.313784  102
0.314046  95
0.314185  370
0.314403  328
0.314481  339
0.314601  321
0.314699  305
0.31484  185
0.315076  267
0.315299  180
0.315488  167
0.315752  85
0.315791  33
0.315802  301
0.31582  258
0.315881  104
0.316023  137
0.316146  375
0.316243  36
0.316298  163
0.316681  288
0.316772  329
0.316912  5
0.31701  250
0.317076  351
0.317154  343
0.317166  35
0.31718  396
0.31725  324
0.317338  299
0.317376  298
0.317448  319
0.317471  303
0.317644  317
0.317758  181
0.317779  184
0.317814  392
0.317848  32
0.317966  338
0.318286  252
0.318316  130
0.318343  39
0.318346  53
0.318406  216
0.318503  65
0.318675  44
0.318812  126
0.318865  7
0.3189  366
0.318911  380
0.318962  17
0.319008  371
0.31906  327
0.319075  84
0.319293  300
0.319303  330
0.319336  320
0.319455  316
0.319707  394
0.319724  182
0.320001  337
0.320172  356
0.320257  69
0.320411  325
0.320467  363
0.320662  116
0.32073  360
0.320733  217
0.320802  315
0.320925  248
0.320974  150
0.320978  389
0.32204  376
0.322513  235
0.322619  282
0.322652  140
0.323171  193
0.323287  270
0.323305  318
0.323362  344
0.323371  22
0.323487  214
0.323563  286
0.323618  331
0.323692  365
0.324077  304
0.3245  20
0.324525  349
0.32493  307
0.325804  260
0.325977  121
0.326108  169
0.326221  41
0.32626  367
0.326575  369
0.32662  362
0.327019  31
0.327294  1
0.327391  247
0.327478  240
0.32748  15
0.327524  143
0.32774  345
0.32818  197
0.328406  398
0.328434  310
0.3297  357
0.329721  346
0.32982  368
0.329875  71
0.32999  342
0.330096  381
0.330768  361
0.331132  249
0.331452  391
0.33155  245
0.3316  386
0.331971  296
0.33248  251
0.332699  261
0.332955  347
0.332986  55
0.333717  348
0.334736  399
0.335207  280
0.335848  278
0.336247  372
0.337298  156
0.337903  397
0.338052  353
0.338296  358
0.33835  146
0.338905  390
0.339064  277
0.340681  352
0.34113  91
0.341138  199
0.341187  350
0.341249  379
0.341272  153
0.341354  139
0.341861  333
0.341988  259
0.342181  206
0.342205  326
0.342371  341
0.342578  289
0.342806  309
0.343605  183
0.343681  388
0.344694  128
0.345141  83
0.345371  355
0.34547  321
0.345606  313
0.345776  378
0.346001  323
0.34617  306
0.347733  98
0.349447  336
0.349467  276
0.349891  205
0.350114  94
0.350263  335
0.35034  57
0.351067  327
0.351101  297
0.351105  364
0.351646  373
0.351653  70
0.35211  170
0.352471  328
0.352854  78
0.352975  308
0.353282  62
0.353379  351
0.353461  380
0.354004  164
0.354478  138
0.354577  192
0.354736  377
0.355515  322
0.355791  97
0.355881  302
0.356704  210
0.356839  393
0.357643  207
0.357874  340
0.358402  354
0.358796  314
0.358903  384
0.35895  382
0.35913  395
0.359639  387
0.360018  21
0.3607  42
0.361442  158
0.361458  281
0.361766  222
0.362068  46
0.36214  359
0.362256  111
0.362366  166
0.362496  312
0.362682  81
0.36294  385
0.362944  51
0.362988  105
0.36312  96
0.363876  375
0.363918  293
0.36457  3
0.364661  383
0.364694  332
0.36522  343
0.36552  189
0.365568  317
0.366581  300
0.366642  329
0.367099  271
0.367239  12
0.367271  202
0.367979  376
0.368589  131
0.36871  337
0.368747  254
0.369179  103
0.369337  303
0.369392  159
0.369486  311
0.369708  370
0.370048  257
0.370074  318
0.370547  396
0.370856  291
0.371171  49
0.37129  316
0.37166  365
0.372053  52
0.372098  339
0.372174  204
0.372434  56
0.372662  25
0.372708  177
0.372794  115
0.372877  301
0.373326  285
0.373973  13
0.37416  124
0.374386  68
0.374487  178
0.37451  26
0.374534  320
0.374611  9
0.375004  290
0.375337  190
0.375437  133
0.375455  39
0.375557  305
0.375865  132
0.375954  0
0.376133  232
0.376186  43
0.376415  366
0.376736  63
0.376766  331
0.376777  195
0.376811  218
0.37692  224
0.377045  392
0.377438  37
0.377461  398
0.377549  374
0.377591  361
0.377635  315
0.377723  294
0.377756  368
0.377779  268
0.377921  24
0.378028  292
0.378092  391
0.378179  160
0.378214  230
0.378307  388
0.378452  92
0.378586  394
0.378736  179
0.378739  188
0.378749  267
0.378781  347
0.378914  325
0.379153  284
0.379224  238
0.379268  389
0.379344  119
0.379422  358
0.379453  40
0.379563  266
0.379609  208
0.379763  334
0.379784  253
0.379846  369
0.380055  165
0.380362  129
0.380378  324
0.380679  356
0.380796  196
0.380813  362
0.381144  99
0.381206  360
0.381207  287
0.381222  241
0.381382  363
0.381475  95
0.381515  117
0.381615  349
0.381752  236
0.381816  60
0.382027  346
0.382227  125
0.382238  286
0.382354  182
0.382485  142
0.382518  307
0.382662  163
0.382689  353
0.382902  350
0.383239  319
0.383379  145
0.383406  108
0.383655  174
0.383692  20
0.383706  28
0.383708  344
0.383887  379
0.383891  67
0.384019  175
0.384226  116
0.38447  8
0.384496  66
0.384639  275
0.38485  118
0.384934  381
0.384952  140
0.385117  64
0.38514  342
0.3852  321
0.385275  242
0.385287  134
0.385314  77
0.38535  1
0.385375  310
0.385419  244
0.385506  341
0.38572  186
0.385777  338
0.385825  372
0.385858  367
0.385938  10
0.385946  326
0.385955  120
0.386092  220
0.386277  304
0.386282  233
0.386333  264
0.386385  330
0.386388  390
0.386584  87
0.386594  2
0.386765  246
0.386784  352
0.386884  109
0.386898  23
0.386913  47
0.386989  221
0.387017  335
0.387353  385
0.387358  6
0.387379  106
0.387396  181
0.387472  90
0.387648  340
0.38768  283
0.387848  161
0.387936  397
0.387939  154
0.38794  387
0.388047  386
0.388188  395
0.388379  323
0.388388  127
0.388699  306
0.388751  71
0.388803  300
0.388863  382
0.388891  345
0.389181  74
0.389219  309
0.389226  231
0.389312  384
0.389443  380
0.389494  80
0.389508  328
0.389619  373
0.389622  4
0.38965  184
0.389729  11
0.38982  378
0.389882  54
0.390264  302
0.390288  399
0.39035  57
0.390353  211
0.390577  272
0.390614  112
0.390653  377
0.390728  354
0.390954  314
0.391018  237
0.39193  280
0.391997  357
0.391999  327
0.392364  336
0.392477  311
0.392774  226
0.392928  364
0.393417  193
0.393777  333
0.394173  351
0.395061  332
0.395172  229
0.395241  137
0.395672  371
0.396276  59
0.397933  348
0.398021  234
0.401036  316
0.402048  136
0.402598  299
0.403576  391
0.404303  17
0.40547  203
0.405587  207
0.40707  48
0.407182  121
0.4075  313
0.407617  361
0.40845  359
0.408719  303
0.409219  180
0.409638  259
0.409764  252
0.411721  76
0.412013  398
0.412356  329
0.412777  187
0.412778  240
0.413246  172
0.41354  70
0.41492  75
0.415747  29
0.415943  396
0.416061  113
0.416321  144
0.416462  209
0.416835  343
0.416922  383
0.417024  168
0.417106  153
0.417148  392
0.417576  256
0.417693  318
0.417896  155
0.417905  199
0.41815  214
0.418158  331
0.41821  97
0.418212  369
0.418221  36
0.418435  164
0.418534  308
0.418588  322
0.418757  253
0.418882  34
0.41912  84
0.419661  281
0.419798  215
0.41987  349
0.41991  131
0.419955  393
0.419968  149
0.420033  258
0.420042  198
0.420445  362
0.420827  98
0.420882  111
0.420904  162
0.421005  45
0.421017  355
0.421025  235
0.421095  293
0.421253  85
0.421286  376
0.421482  185
0.421625  102
0.421653  194
0.421736  65
0.421774  337
0.421794  262
0.421852  334
0.422043  126
0.422048  248
0.422191  30
0.422202  277
0.422225  158
0.422239  18
0.422283  50
0.422516  375
0.422553  58
0.422563  86
0.42267  305
0.422689  213
0.422727  157
0.42273  191
0.422844  388
0.422881  285
0.422919  176
0.423067  273
0.42307  352
0.423166  31
0.423202  315
0.423236  100
0.423355  138
0.423508  288
0.423513  135
0.423524  339
0.423731  245
0.423751  312
0.423764  263
0.423867  12
0.423952  62
0.423988  368
0.424057  91
0.424063  309
0.424102  38
0.424153  146
0.424165  395
0.424207  378
0.42433  270
0.424429  317
0.4245  360
0.424566  381
0.424719  26
0.424747  325
0.424845  345
0.425072  358
0.425146  384
0.425158  265
0.425178  139
0.425191  225
0.425278  141
0.425318  340
0.42533  301
0.425385  307
0.425397  122
0.425402  0
0.425436  81
0.425518  389
0.425523  7
0.425563  82
0.425595  332
0.425604  239
0.425672  290
0.425732  166
0.425752  347
0.425754  41
0.425761  344
0.425763  216
0.425765  379
0.42585  321
0.425875  382
0.425882  208
0.425897  39
0.426042  274
0.426103  254
0.426143  319
0.426155  129
0.426231  93
0.426346  255
0.426425  79
0.426434  353
0.426434  374
0.426552  377
0.426563  52
0.42657  167
0.426595  370
0.426599  350
0.426666  130
0.426668  5
0.426788  20
0.42681  143
0.426832  397
0.42686  323
0.426907  147
0.427029  365
0.427145  292
0.427287  189
0.427302  310
0.427371  324
0.427391  28
0.427409  327
0.427506  330
0.427511  326
0.427624  320
0.427631  306
0.427712  394
0.427726  300
0.427764  78
0.427773  46
0.427776  205
0.427881  367
0.428097  110
0.42847  222
0.428489  387
0.428508  356
0.428638  302
0.428737  390
0.42878  63
0.42878  346
0.428796  372
0.428809  103
0.428932  67
0.428963  328
0.429214  104
0.429285  357
0.429438  366
0.429524  364
0.429531  338
0.429578  25
0.429655  296
0.429992  55
0.430007  314
0.430114  386
0.430311  21
0.430478  14
0.430891  197
0.431075  212
0.431422  354
0.431484  363
0.431551  399
0.431578  246
0.431656  348
0.431726  233
0.432559  351
0.432996  391
0.433025  8
0.433081  73
0.433469  385
0.43381  120
0.434195  260
0.434646  313
0.434908  342
0.435073  218
0.435277  376
0.436938  335
0.437396  175
0.437523  95
0.438114  276
0.438389  329
0.43843  318
0.438839  380
0.439437  392
0.440429  398
0.44113  341
0.442301  304
0.442454  231
0.442985  196
0.444116  311
0.444654  396
0.445376  322
0.446678  71
0.45319  249
0.454023  105
0.454901  210
0.455478  291
0.456371  151
0.45692  303
0.45698  373
0.457223  19
0.45749  257
0.457507  247
0.457722  316
0.45832  200
0.458597  286
0.459529  66
0.459836  101
0.460053  279
0.46049  232
0.461322  359
0.461787  333
0.461845  179
0.461999  371
0.462629  106
0.462845  272
0.463151  308
0.463658  32
0.463672  289
0.463878  204
0.464199  22
0.4642  16
0.464542  305
0.464684  343
0.465223  33
0.465257  90
0.465354  148
0.465551  9
0.465683  23
0.465871  360
0.466213  109
0.466368  152
0.466381  211
0.466698  378
0.466708  361
0.466735  61
0.466754  182
0.466906  219
0.467  44
0.4671  369
0.467115  92
0.467116  99
0.4673  354
0.467334  88
0.467354  267
0.467552  297
0.467584  137
0.467693  69
0.467697  96
0.46775  284
0.467767  241
0.467784  56
0.467822  355
0.468057  192
0.468131  331
0.468326  51
0.468333  10
0.468421  37
0.468448  370
0.468566  315
0.468794  114
0.468843  221
0.468907  336
0.468948  340
0.469053  132
0.469115  350
0.469162  224
0.469314  173
0.469329  346
0.469378  2
0.469427  13
0.469511  180
0.469515  298
0.469559  388
0.469594  389
0.469597  207
0.469647  139
0.469661  117
0.469686  338
0.469767  309
0.469777  193
0.469811  383
0.469938  357
0.469974  206
0.469983  27
0.470068  183
0.470087  352
0.470136  387
0.470251  345
0.470256  264
0.470284  238
0.470296  24
0.470311  202
0.470366  107
0.470478  83
0.470497  190
0.470536  159
0.47057  317
0.470845  261
0.470889  301
0.470892  26
0.470908  327
0.470964  347
0.470997  362
0.471104  243
0.471134  349
0.471151  337
0.471189  72
0.471215  169
0.471238  229
0.471286  172
0.471323  136
0.471323  125
0.471343  170
0.471377  94
0.471382  334
0.47141  395
0.471421  375
0.471445  164
0.471465  228
0.471465  165
0.471472  118
0.471573  323
0.471584  251
0.471887  310
0.471921  344
0.471931  390
0.472023  319
0.472148  216
0.472271  259
0.472276  324
0.47233  124
0.472343  240
0.472358  325
0.472377  366
0.472377  30
0.472385  98
0.472538  89
0.472573  394
0.472595  266
0.472599  217
0.47266  171
0.472667  342
0.472779  348
0.47278  236
0.472865  320
0.472897  393
0.47292  384
0.472981  353
0.472997  397
0.473126  226
0.473209  398
0.473239  385
0.473313  278
0.473322  358
0.473339  306
0.473608  322
0.473645  177
0.473656  59
0.4737  368
0.473736  374
0.473793  379
0.473825  223
0.473881  380
0.473946  214
0.473964  372
0.474065  377
0.474104  318
0.474181  134
0.474189  50
0.4742  365
0.47425  330
0.474317  326
0.47452  282
0.474542  339
0.474702  299
0.474731  15
0.474753  103
0.474769  140
0.474822  367
0.474839  55
0.474883  391
0.474887  356
0.47492  332
0.475041  335
0.475133  176
0.475162  201
0.475363  230
0.475441  321
0.475449  392
0.475548  81
0.475552  144
0.475654  341
0.475913  153
0.476056  49
0.476072  188
0.476131  163
0.47626  85
0.476343  82
0.476349  386
0.476349  311
0.476429  376
0.47647  271
0.476664  174
0.476701  74
0.476773  160
0.476799  399
0.476807  20
0.476823  104
0.476955  220
0.47703  41
0.477057  313
0.477324  3
0.477479  364
0.477493  382
0.477555  300
0.477856  307
0.478055  0
0.478127  57
0.478581  255
0.478754  329
0.478791  237
0.479113  252
0.479613  64
0.479714  280
0.48031  93
0.480965  244
0.480993  396
0.481059  102
0.481256  316
0.481257  302
0.481263  149
0.481603  181
0.481679  351
0.48184  381
0.482098  143
0.485095  154
0.485822  6
0.488255  363
0.489556  343
0.490799  231
0.491227  70
0.492908  328
0.496302  198
0.498567  304
0.499152  91
0.500568  312
0.50235  317
0.502565  314
0.502937  250
0.502955  331
0.503259  186
0.503793  203
0.503804  106
0.504341  355
0.504794  123
0.504976  42
0.505155  394
0.50516  142
0.505187  393
0.505474  113
0.505598  373
0.505876  129
0.50619  277
0.506305  333
0.506306  362
0.506364  44
0.506517  7
0.506942  253
0.507213  345
0.507471  303
0.507474  156
0.507505  378
0.507638  384
0.507683  288
0.507835  208
0.507851  315
0.508583  121
0.508786  100
0.508807  340
0.508959  383
0.509096  372
0.509353  175
0.509406  112
0.510106  109
0.510206  48
0.510341  274
0.510372  273
0.510443  19
0.510514  236
0.510573  308
0.510752  167
0.510785  390
0.511194  162
0.5112  166
0.511669  349
0.511902  290
0.51203  164
0.51218  133
0.512557  387
0.512605  76
0.512783  15
0.512875  268
0.512922  336
0.512978  67
0.513194  262
0.513446  388
0.513588  242
0.513653  256
0.513973  359
0.514129  29
0.514555  248
0.514556  361
0.514563  127
0.514614  322
0.514645  195
0.514721  370
0.514756  347
0.514771  147
0.514785  338
0.514883  344
0.515064  221
0.515115  161
0.515179  389
0.515267  165
0.515525  4
0.51555  43
0.515593  213
0.515621  226
0.515651  187
0.516041  352
0.516064  257
0.51619  399
0.516299  292
0.516322  357
0.516412  342
0.516478  107
0.516571  326
0.516715  283
0.516903  71
0.516941  371
0.516954  354
0.517014  306
0.517123  120
0.517237  395
0.517272  96
0.517278  214
0.517368  75
0.517416  374
0.517497  301
0.517693  309
0.517815  77
0.517958  327
0.517992  360
0.518135  285
0.518157  178
0.518196  348
0.518306  398
0.51836  386
0.518378  254
0.518479  337
0.518528  35
0.518568  47
0.518576  356
0.518587  350
0.518609  66
0.518644  334
0.518735  80
0.518807  14
0.518952  110
0.51911  310
0.519127  324
0.519229  23
0.519328  45
0.519349  311
0.519398  95
0.519415  366
0.519576  295
0.5197  65
0.519838  10
0.520148  232
0.520338  392
0.520351  330
0.520383  289
0.520522  116
0.520616  287
0.520645  157
0.520946  305
0.520948  173
0.520954  351
0.520957  172
0.520993  141
0.521047  73
0.521072  335
0.521199  119
0.521204  376
0.521242  339
0.52132  206
0.521575  329
0.521789  260
0.521863  364
0.521934  323
0.521949  38
0.522153  279
0.522271  111
0.522551  318
0.522558  396
0.522565  148
0.522626  369
0.522747  353
0.522755  293
0.522763  160
0.522812  313
0.522999  1
0.52303  346
0.523599  245
0.523638  332
0.523895  375
0.524227  255
0.524832  341
0.525441  275
0.525891  319
0.526017  267
0.526214  294
0.526537  385
0.526649  379
0.526922  52
0.527064  145
0.527137  70
0.527158  365
0.527353  325
0.527799  243
0.527816  358
0.527842  397
0.52787  367
0.528713  222
0.528718  176
0.528827  331
0.529452  377
0.530123  191
0.530185  217
0.530451  328
0.530491  155
0.531068  391
0.5311  320
0.532341  151
0.532982  393
0.533031  16
0.535164  316
0.535498  64
0.536581  380
0.537435  314
0.539421  363
0.540251  125
0.540406  343
0.542754  345
0.543555  68
0.543618  247
0.544178  302
0.544621  286
0.544806  291
0.544877  381
0.545268  362
0.545984  31
0.546168  207
0.546417  307
0.54699  304
0.547082  59
0.547268  149
0.548538  227
0.549257  90
0.549711  386
0.549843  315
0.549977  382
0.550683  153
0.550769  383
0.55265  39
0.552659  182
0.552668  372
0.553677  201
0.553703  12
0.553722  171
0.55375  84
0.553873  378
0.553888  190
0.554005  312
0.55485  181
0.555192  13
0.555996  237
0.556019  158
0.556675  390
0.556907  24
0.556935  37
0.557224  322
0.557243  384
0.557327  300
0.557508  130
0.55775  230
0.557781  135
0.557954  82
0.558187  128
0.558219  340
0.558654  373
0.558722  22
0.558751  197
0.558928  199
0.558933  20
0.558992  54
0.559245  333
0.559326  132
0.559371  193
0.559493  347
0.559526  89
0.55954  219
0.559785  392
0.559797  200
0.55994  338
0.560057  336
0.560608  184
0.560679  204
0.560792  272
0.560816  5
0.560915  140
0.560976  138
0.561019  170
0.561023  369
0.561084  317
0.561098  174
0.561189  368
0.561352  344
0.561375  30
0.561495  46
0.561559  146
0.561677  348
0.561705  81
0.561725  357
0.561846  334
0.561862  205
0.561922  361
0.561976  234
0.562141  342
0.562341  25
0.562376  355
0.562479  276
0.562688  144
0.562724  187
0.562874  309
0.562895  269
0.563092  298
0.563094  159
0.563236  53
0.563304  177
0.563346  101
0.563441  352
0.563518  122
0.563542  240
0.563545  301
0.563655  366
0.563693  79
0.563731  124
0.563798  229
0.56383  209
0.563884  210
0.564181  239
0.56429  321
0.564323  280
0.564356  389
0.564427  292
0.564532  97
0.564554  114
0.564613  251
0.564628  167
0.564636  152
0.56465  371
0.56468  398
0.564811  278
0.564833  326
0.564901  387
0.565086  308
0.565284  360
0.565287  399
0.565322  241
0.565373  323
0.565478  34
0.565516  349
0.565552  341
0.565566  303
0.56564  69
0.56583  113
0.565944  337
0.565973  118
0.566008  105
0.566025  350
0.566037  168
0.566236  192
0.56631  394
0.566372  257
0.566426  92
0.566517  194
0.5666  354
0.566665  313
0.566693  63
0.566746  62
0.566772  305
0.566993  330
0.567043  36
0.567049  164
0.567059  388
0.567224  17
0.567292  50
0.567343  247
0.567442  351
0.567454  364
0.567562  359
0.56758  395
0.567753  262
0.567754  44
0.567774  396
0.567784  16
0.568032  93
0.568056  189
0.568147  40
0.568366  228
0.568441  370
0.568448  231
0.568582  367
0.568806  353
0.568913  183
0.569033  226
0.569051  325
0.56907  261
0.569092  324
0.569217  56
0.569242  103
0.569283  27
0.569349  327
0.569362  302
0.569544  339
0.569593  86
0.569664  232
0.569784  270
0.569815  284
0.569996  76
0.570018  358
0.570113  263
0.570158  18
0.570168  264
0.570327  2
0.570436  310
0.57047  365
0.570488  320
0.570499  346
0.570517  332
0.570622  225
0.570714  202
0.570715  362
0.570769  331
0.570813  397
0.570905  252
0.571001  318
0.571286  311
0.571308  345
0.57132  154
0.571332  329
0.571824  314
0.571825  70
0.571852  380
0.571981  88
0.572237  335
0.57234  108
0.572411  393
0.572883  142
0.572899  83
0.573337  196
0.573474  383
0.573657  266
0.573761  297
0.573834  375
0.574071  282
0.574074  306
0.574263  356
0.574551  104
0.574647  374
0.574916  28
0.57499  391
0.575053  9
0.575122  21
0.575131  363
0.575147  216
0.575237  236
0.576256  376
0.576368  48
0.576586  148
0.576732  139
0.576754  322
0.577624  58
0.578139  304
0.578443  385
0.578486  279
0.578741  372
0.578775  110
0.578855  328
0.578904  74
0.579129  0
0.579517  379
0.57965  94
0.579714  179
0.580093  249
0.580502  343
0.580598  307
0.580707  293
0.580733  315
0.581377  32
0.581438  381
0.583003  35
0.584133  173
0.584218  377
0.58456  392
0.585405  254
0.586149  244
0.586237  290
0.586851  258
0.588551  259
0.588767  316
0.588936  299
0.589111  230
0.589493  41
0.589707  133
0.589849  378
0.590145  281
0.590178  288
0.590451  84
0.590608  150
0.590822  162
0.591238  386
0.592391  246
0.592555  267
0.592942  176
0.593061  348
0.593414  371
0.593451  277
0.593877  147
0.594191  42
0.594592  260
0.595064  382
0.595429  271
0.595499  389
0.595781  384
0.595885  251
0.595937  64
0.59642  287
0.596971  182
0.597167  349
0.597883  60
0.598121  312
0.598369  321
0.598517  300
0.599297  212
0.599351  11
0.599697  197
0.599929  355
0.600073  369
0.600239  131
0.60025  336
0.600324  169
0.600985  347
0.601257  224
0.601429  206
0.601692  250
0.601692  275
0.601726  341
0.602003  373
0.602113  361
0.60251  398
0.603019  387
0.603035  342
0.603402  136
0.603484  77
0.603629  38
0.603746  14
0.604112  188
0.604218  221
0.604462  102
0.604584  319
0.604678  295
0.60511  73
0.605256  215
0.605379  98
0.605521  163
0.605551  57
0.605817  352
0.605858  65
0.606153  238
0.60618  95
0.60636  394
0.606442  152
0.606494  8
0.606612  145
0.606736  338
0.60679  195
0.607111  72
0.607121  330
0.607444  52
0.607492  125
0.607669  239
0.607729  317
0.607768  278
0.607978  191
0.608005  7
0.608024  203
0.608072  344
0.608701  3
0.60875  397
0.608819  357
0.608828  329
0.609152  99
0.609185  115
0.609214  151
0.609419  23
0.609441  49
0.609487  318
0.609716  296
0.609895  395
0.610184  337
0.610238  396
0.610257  61
0.610325  354
0.610342  30
0.610563  117
0.610632  301
0.610778  308
0.611025  370
0.611141  170
0.611168  388
0.611234  294
0.611235  55
0.611239  143
0.611276  56
0.611469  157
0.611555  67
0.61158  360
0.611632  233
0.611701  313
0.611702  340
0.611779  365
0.611779  39
0.611815  334
0.611909  324
0.611928  399
0.612049  376
0.612075  22
0.612121  333
0.612135  323
0.612187  356
0.612212  100
0.612234  335
0.61224  80
0.612246  350
0.61226  51
0.612438  391
0.612571  326
0.612686  393
0.612719  306
0.612899  220
0.612994  13
0.61306  96
0.613157  339
0.613336  113
0.613393  351
0.613407  134
0.613647  34
0.613859  19
0.613865  309
0.614064  198
0.614207  374
0.614266  366
0.614339  201
0.614402  315
0.614464  327
0.614524  346
0.614635  202
0.614745  12
0.61477  101
0.614873  234
0.614888  112
0.614909  183
0.614931  390
0.615116  314
0.615142  331
0.615406  368
0.615433  305
0.615437  36
0.61558  364
0.615591  362
0.615797  123
0.615962  1
0.616065  358
0.616073  343
0.616202  310
0.616429  114
0.61643  367
0.616532  121
0.616571  50
0.616706  304
0.616993  122
0.617088  270
0.617577  256
0.617944  363
0.618206  15
0.618543  302
0.618976  172
0.618992  235
0.619479  124
0.619529  156
0.61968  271
0.619967  325
0.620216  359
0.620576  243
0.622074  307
0.622602  353
0.622676  199
0.623872  380
0.624026  386
0.624179  107
0.625415  375
0.62762  274
0.628631  283
0.628647  62
0.62982  372
0.630128  383
0.630651  85
0.631121  381
0.632358  371
0.632636  389
0.633356  92
0.633654  120
0.634101  116
0.634162  392
0.634708  311
0.63493  248
0.635002  159
0.635101  332
0.635309  328
0.635642  379
0.636346  229
0.637162  377
0.637362  223
0.639046  185
0.63944  90
0.639465  289
0.640819  210
0.640937  186
0.641152  303
0.641254  78
0.641492  175
0.641793  25
0.642245  382
0.642303  230
0.642404  118
0.642529  292
0.642856  349
0.642897  321
0.64313  132
0.643952  265
0.644087  312
0.644202  16
0.644363  79
0.644388  208
0.644428  213
0.644929  2
0.645011  47
0.645116  66
0.645148  177
0.645226  181
0.645498  146
0.645712  109
0.645712  184
0.645794  361
0.645921  84
0.645928  266
0.645949  345
0.646013  37
0.646205  197
0.646206  94
0.646265  254
0.646396  395
0.646589  140
0.64659  33
0.64663  204
0.646693  316
0.646826  104
0.647009  6
0.64701  160
0.647024  255
0.647097  268
0.647211  338
0.647313  288
0.647786  178
0.647818  227
0.647953  387
0.648086  322
0.648101  44
0.648127  240
0.648146  150
0.648176  129
0.648266  247
0.648308  228
0.648514  60
0.648686  385
0.648725  369
0.64881  214
0.648837  165
0.648893  275
0.648904  171
0.648981  273
0.649001  241
0.649024  45
0.649046  354
0.649089  111
0.649126  334
0.649194  4
0.649283  257
0.649344  86
0.649384  245
0.649419  337
0.649426  65
0.649445  20
0.649472  76
0.64951  216
0.649669  81
0.649672  351
0.649733  350
0.649827  167
0.649888  318
0.64991  119
0.649972  164
0.649976  347
0.650003  320
0.650045  344
0.650047  398
0.650072  384
0.650106  226
0.650177  301
0.650238  317
0.650285  166
0.650337  291
0.650345  31
0.650381  69
0.65046  285
0.650511  231
0.650512  373
0.650563  378
0.650575  28
0.650578  203
0.650635  388
0.650719  360
0.650722  370
0.650746  158
0.650784  242
0.651026  190
0.651041  391
0.651063  397
0.651127  211
0.651179  340
0.651192  71
0.651236  162
0.651239  105
0.651243  127
0.651259  93
0.651301  319
0.651344  393
0.651483  366
0.651493  217
0.651504  396
0.651602  339
0.651662  309
0.651712  324
0.651806  219
0.651877  390
0.651913  298
0.651937  161
0.652089  5
0.652154  330
0.652186  356
0.652194  300
0.652226  329
0.652331  70
0.652478  335
0.652492  363
0.652508  343
0.652523  0
0.65276  346
0.652835  348
0.652843  342
0.652863  46
0.652928  221
0.652975  305
0.652998  261
0.653014  376
0.653106  10
0.653108  299
0.653136  269
0.653278  336
0.65329  188
0.653317  199
0.653394  310
0.653415  284
0.653614  304
0.653666  238
0.653782  251
0.653844  306
0.653879  43
0.653896  365
0.653966  367
0.653996  106
0.654002  131
0.654008  117
0.654016  98
0.654056  280
0.654079  7
0.654251  249
0.65432  32
0.654349  323
0.654369  133
0.654446  30
0.654479  399
0.654503  333
0.654641  352
0.65474  368
0.654751  83
0.654775  3
0.654781  394
0.654898  206
0.655298  328
0.655352  314
0.655477  374
0.655502  58
0.655715  270
0.65589  357
0.655919  149
0.655924  359
0.655986  358
0.656065  18
0.656091  137
0.656205  135
0.656379  235
0.656412  193
0.656561  383
0.656654  264
0.656787  96
0.656844  302
0.656881  325
0.656941  256
0.656956  307
0.656971  180
0.657004  222
0.657006  341
0.657111  125
0.657147  19
0.65729  68
0.657675  326
0.65807  355
0.658081  308
0.6581  381
0.658254  122
0.658632  21
0.658633  364
0.659159  321
0.659391  313
0.659404  24
0.659748  380
0.6601  73
0.660457  392
0.660522  293
0.660676  294
0.661242  327
0.661366  153
0.661545  172
0.661871  332
0.66229  147
0.662798  29
0.663569  371
0.663782  386
0.664073  246
0.664782  141
0.664874  252
0.666491  279
0.666857  303
0.667216  95
0.667781  331
0.670286  61
0.670556  372
0.671764  377
0.672678  103
0.67269  362
0.67273  353
0.674285  39
0.674979  155
0.676173  41
0.676182  124
0.676993  48
0.677285  375
0.677356  89
0.67819  67
0.679392  236
0.67968  315
0.679729  347
0.679804  91
0.680689  54
0.680899  296
0.681443  379
0.682098  397
0.682194  145
0.683087  320
0.683315  209
0.684107  387
0.684459  351
0.685219  250
0.685531  389
0.685885  90
0.68589  366
0.685953  152
0.686616  398
0.686737  182
0.687635  107
0.687863  40
0.688014  34
0.688508  297
0.688574  53
0.688695  276
0.68884  143
0.688845  100
0.689062  205
0.689172  237
0.689302  72
0.68933  136
0.689389  384
0.689489  50
0.689662  87
0.689692  49
0.689879  52
0.690372  361
0.690404  334
0.690446  134
0.690453  121
0.690613  316
0.690629  354
0.690722  395
0.690907  225
0.691268  123
0.691628  263
0.691704  210
0.69182  360
0.691842  207
0.692125  278
0.69229  197
0.692326  151
0.692813  322
0.692879  281
0.693097  283
0.693124  94
0.693351  309
0.693612  342
0.693686  144
0.693722  99
0.693744  64
0.694118  258
0.694227  382
0.694356  82
0.694555  301
0.694597  381
0.694902  329
0.694965  368
0.695012  340
0.695022  373
0.695035  312
0.69506  337
0.695082  4
0.695107  304
0.695242  350
0.695291  51
0.695548  170
0.695613  394
0.695646  1
0.695649  215
0.695933  80
0.695967  38
0.695989  56
0.696229  341
0.696446  371
0.696508  47
0.69652  93
0.696562  26
0.696653  23
0.696872  311
0.697128  12
0.697142  343
0.697221  300
0.697228  92
0.697423  346
0.697464  385
0.697471  35
0.697471  77
0.697622  138
0.697721  289
0.697754  116
0.697788  243
0.697838  183
0.697843  324
0.697883  130
0.697967  349
0.698051  357
0.698082  310
0.698116  327
0.698133  249
0.698155  277
0.698195  113
0.698205  339
0.698227  127
0.698277  102
0.698456  139
0.698565  390
0.69862  115
0.698791  20
0.698847  307
0.698972  142
0.699088  60
0.699164  228
0.699175  380
0.69922  15
0.699287  363
0.699297  344
0.699434  365
0.699463  370
0.69951  319
0.699514  254
0.699559  195
0.69959  88
0.69961  85
0.699679  333
0.699818  272
0.699861  359
0.69988  29
0.699894  109
0.699963  369
0.700072  202
0.700301  335
0.700394  63
0.700436  173
0.700495  338
0.700724  55
0.700809  218
0.700816  336
0.700849  177
0.701065  321
0.701226  44
0.701429  331
0.701518  374
0.701595  274
0.701629  208
0.701666  166
0.701697  314
0.701709  295
0.701955  306
0.702359  244
0.702462  200
0.702474  206
0.70248  399
0.702502  11
0.702542  201
0.702587  290
0.702733  16
0.702756  313
0.702883  189
0.703144  76
0.70322  391
0.703263  27
0.703304  378
0.703308  352
0.703364  216
0.703419  305
0.703536  78
0.703645  386
0.703678  330
0.70377  317
0.703939  17
0.703951  259
0.703962  162
0.703969  318
0.704047  348
0.704067  323
0.704214  105
0.704222  388
0.704305  98
0.704378  376
0.704631  328
0.704678  326
0.704808  356
0.704897  239
0.705344  292
0.70556  181
0.705576  362
0.705635  268
0.705647  377
0.70578  118
0.705997  119
0.706034  186
0.706043  358
0.706274  383
0.706441  332
0.706458  393
0.706508  379
0.706516  45
0.706692  120
0.706692  255
0.706772  303
0.706966  353
0.707061  235
0.70719  28
0.707254  227
0.707484  364
0.707529  158
0.707643  367
0.70795  273
0.708671  308
0.708761  5
0.709222  131
0.709592  265
0.709663  392
0.709711  247
0.709835  112
0.710585  3
0.711237  14
0.711406  203
0.711707  325
0.711924  174
0.712224  168
0.712698  372
0.713323  79
0.7144  236
0.714763  223
0.715895  180
0.716312  397
0.717401  396
0.717645  159
0.718309  140
0.718613  302
0.71931  345
0.719347  214
0.719347  366
0.719791  320
0.720774  357
0.72273  269
0.723693  309
0.723922  347
0.723976  315
0.724327  169
0.725638  34
0.727354  280
0.727395  19
0.72743  351
0.727464  196
0.727645  176
0.72829  160
0.728297  226
0.728459  398
0.728501  179
0.728732  148
0.728823  281
0.729318  262
0.729464  104
0.729516  355
0.730747  275
0.731199  240
0.731207  361
0.731346  154
0.731397  13
0.731479  296
0.731552  212
0.731706  165
0.731932  37
0.732655  86
0.732806  299
0.732997  389
0.733035  384
0.733042  111
0.733529  141
0.73356  344
0.733601  375
0.733811  380
0.73383  137
0.734008  304
0.734068  172
0.734189  256
0.734361  170
0.734597  233
0.734663  110
0.73494  266
0.734944  381
0.735003  301
0.735112  185
0.735125  74
0.735134  161
0.735448  360
0.7356  286
0.735634  306
0.735647  101
0.735703  18
0.735705  229
0.735958  258
0.735968  350
0.73599  368
0.736104  340
0.736217  31
0.736315  157
0.736452  150
0.736493  373
0.736539  333
0.73708  238
0.73722  204
0.737341  97
0.737564  343
0.737569  287
0.737671  30
0.737688  230
0.737707  6
0.737755  248
0.737785  66
0.737852  283
0.737875  250
0.737898  163
0.737913  341
0.737914  207
0.737925  327
0.737982  188
0.737995  319
0.738026  324
0.738065  387
0.738164  33
0.738366  155
0.738386  374
0.738466  219
0.738591  294
0.738797  316
0.738903  322
0.739013  32
0.739041  54
0.739128  367
0.739163  293
0.739228  81
0.739246  369
0.739319  334
0.739326  395
0.739448  364
0.739492  310
0.739549  382
0.73962  103
0.739727  117
0.739834  307
0.740098  311
0.740102  232
0.740114  358
0.740185  41
0.740195  386
0.740403  8
0.740419  253
0.740509  178
0.740556  321
0.740582  95
0.740617  114
0.740711  349
0.74079  383
0.740866  222
0.740921  342
0.741078  25
0.741235  391
0.741356  388
0.741383  156
0.741453  390
0.741471  303
0.741609  338
0.742113  308
0.742211  363
0.742231  252
0.742493  39
0.742581  288
0.742634  376
0.742861  284
0.742903  314
0.74303  58
0.743085  339
0.743463  312
0.743724  332
0.74392  164
0.744743  348
0.745013  285
0.745281  71
0.745585  329
0.746003  330
0.746599  65
0.747227  328
0.747339  365
0.747354  239
0.747477  173
0.74749  291
0.747524  15
0.747563  337
0.747702  326
0.747821  394
0.748285  116
0.749663  354
0.750566  336
0.750854  353
0.751135  331
0.75157  251
0.751865  335
0.752003  372
0.753595  93
0.754538  318
0.75657  370
0.756771  300
0.757592  352
0.759913  393
0.763172  347
0.764173  42
0.76444  399
0.764456  279
0.764744  385
0.765365  355
0.76539  361
0.766643  357
0.767039  45
0.767234  359
0.767389  193
0.767724  11
0.768126  75
0.768136  362
0.768232  396
0.769256  351
0.769672  325
0.769958  346
0.770702  190
0.770735  317
0.772633  231
0.772809  267
0.773282  52
0.774647  84
0.774846  36
0.775253  377
0.775423  323
0.775735  125
0.775857  171
0.776021  215
0.776271  199
0.77628  19
0.776299  115
0.776943  183
0.776958  379
0.777685  378
0.777691  392
0.777822  313
0.778142  124
0.778152  0
0.778457  217
0.778507  68
0.778648  356
0.778704  371
0.778797  309
0.778924  48
0.778997  242
0.778998  320
0.779157  345
0.779371  182
0.779394  24
0.779434  106
0.779449  61
0.779548  282
0.779603  59
0.779649  186
0.779679  40
0.779717  132
0.780006  109
0.780247  216
0.780406  126
0.780456  290
0.780462  197
0.78063  350
0.780675  305
0.780684  304
0.780697  26
0.780916  194
0.781114  129
0.781174  69
0.781325  175
0.781677  302
0.781705  133
0.781988  271
0.782103  7
0.782107  120
0.782112  191
0.782286  397
0.782298  146
0.782443  94
0.782833  278
0.78301  78
0.783018  341
0.783046  100
0.783138  384
0.783178  91
0.783455  340
0.783534  79
0.783719  108
0.783748  209
0.78377  187
0.784024  380
0.78405  306
0.784085  83
0.784197  375
0.784255  16
0.784272  198
0.784383  236
0.784391  153
0.784503  339
0.784528  73
0.784568  298
0.784568  89
0.784604  310
0.784873  85
0.784933  264
0.784977  344
0.785125  10
0.785239  23
0.785249  88
0.785266  382
0.78535  315
0.785384  189
0.785478  322
0.785561  383
0.785643  211
0.785695  99
0.785987  136
0.785988  214
0.786005  373
0.786011  283
0.786017  110
0.786048  55
0.786085  342
0.78611  147
0.786148  105
0.786222  381
0.786306  368
0.78632  117
0.786569  348
0.786594  261
0.786613  107
0.786736  324
0.786781  270
0.786823  135
0.786878  260
0.786978  389
0.786989  387
0.787032  192
0.787102  90
0.787255  395
0.787273  29
0.787301  314
0.787317  263
0.787325  4
0.787377  370
0.78741  335
0.787633  321
0.787669  60
0.787797  331
0.787861  152
0.787939  31
0.787955  203
0.788011  144
0.788032  151
0.788039  9
0.78806  326
0.788135  21
0.788177  180
0.78824  343
0.788259  334
0.788271  269
0.788287  67
0.788334  255
0.78845  46
0.788596  337
0.788646  111
0.788712  312
0.788737  92
0.78896  388
0.788969  272
0.788975  98
0.789067  268
0.789067  391
0.789085  359
0.789091  101
0.789156  308
0.789161  219
0.789162  338
0.789201  362
0.789223  225
0.789253  367
0.789297  208
0.789385  154
0.789425  166
0.78943  221
0.789444  226
0.789475  77
0.789519  82
0.78953  222
0.789569  327
0.789662  41
0.78972  250
0.789779  149
0.78982  51
0.789919  354
0.790072  17
0.790096  360
0.790196  281
0.790203  319
0.790273  349
0.79031  228
0.79032  127
0.79039  301
0.790417  93
0.790456  30
0.790461  366
0.790467  376
0.790474  206
0.790541  390
0.790557  328
0.790614  285
0.790614  332
0.79064  363
0.790643  374
0.790649  372
0.790737  121
0.791105  289
0.791106  230
0.791217  233
0.791253  220
0.791272  184
0.79131  394
0.791316  72
0.791401  240
0.791447  386
0.79145  102
0.791588  156
0.791594  2
0.791656  25
0.791695  295
0.791704  329
0.79171  12
0.79171  123
0.791757  57
0.791777  150
0.791799  307
0.791807  398
0.791864  330
0.791869  64
0.791877  303
0.791932  274
0.791935  205
0.792055  70
0.792201  128
0.792236  241
0.792362  234
0.79238  399
0.792417  325
0.792479  311
0.792568  249
0.792661  167
0.792722  143
0.792731  155
0.792829  353
0.792859  393
0.79291  352
0.792974  227
0.792977  336
0.792987  201
0.793006  358
0.793164  369
0.793264  377
0.793304  38
0.793335  396
0.793392  213
0.793429  63
0.793494  18
0.793499  34
0.793596  357
0.793766  284
0.793782  318
0.793782  259
0.793842  288
0.793955  176
0.794061  351
0.794116  392
0.794169  277
0.794178  296
0.794187  316
0.794243  200
0.794312  364
0.794444  365
0.794508  104
0.794565  232
0.794652  188
0.794659  333
0.794669  223
0.79471  346
0.794823  196
0.794918  28
0.794923  244
0.795285  262
0.795462  252
0.795535  361
0.79564  162
0.795772  161
0.795822  13
0.795875  323
0.795958  32
0.796054  384
0.796063  174
0.796371  356
0.79646  355
0.796674  317
0.796955  130
0.796989  49
0.797021  1
0.797193  245
0.797675  163
0.798123  258
0.798298  320
0.798401  256
0.798464  378
0.798524  87
0.798559  172
0.798765  160
0.798783  35
0.799281  173
0.799879  61
0.800069  271
0.800254  342
0.80155  65
0.801715  297
0.802173  368
0.802222  385
0.802445  387
0.802644  340
0.80282  309
0.802966  5
0.803353  113
0.803563  247
0.803996  300
0.80409  22
0.804346  302
0.804386  347
0.804443  47
0.804538  379
0.80478  380
0.80498  319
0.805432  350
0.806072  345
0.806367  389
0.806481  76
0.80665  190
0.807439  306
0.807599  235
0.80941  239
0.80953  324
0.81299  335
0.81418  229
0.814883  40
0.81531  80
0.817741  242
0.817939  371
0.817998  56
0.818196  343
0.818298  397
0.81917  304
0.819477  257
0.819753  164
0.819975  75
0.819979  140
0.82184  354
0.822849  293
0.822879  207
0.822884  334
0.82314  322
0.823719  119
0.824288  177
0.824681  122
0.824818  10
0.82495  395
0.825396  382
0.825599  375
0.82563  388
0.825772  337
0.825993  181
0.826339  96
0.826397  94
0.826518  84
0.826638  193
0.827049  158
0.827462  286
0.827831  305
0.827888  383
0.828311  394
0.828422  124
0.828446  391
0.82847  313
0.828628  45
0.828999  376
0.829162  301
0.829316  266
0.8298  73
0.830044  341
0.830211  344
0.830807  184
0.833591  373
0.833688  131
0.833836  66
0.834268  349
0.834516  9
0.834555  110
0.835208  194
0.835477  248
0.83552  357
0.835593  310
0.83582  159
0.835906  51
0.83597  44
0.836223  338
0.836291  156
0.837226  137
0.837415  390
0.837499  20
0.837615  351
0.837656  314
0.837805  361
0.837848  152
0.837857  280
0.837969  157
0.838621  276
0.838716  353
0.838761  275
0.838779  210
0.838779  6
0.838785  224
0.838897  312
0.838944  321
0.839065  240
0.839156  315
0.839207  3
0.839232  116
0.83932  372
0.839384  360
0.839643  331
0.839699  183
0.839854  367
0.839976  145
0.840345  86
0.840357  12
0.840461  11
0.840501  267
0.84095  398
0.841087  141
0.841183  348
0.841225  251
0.841297  307
0.841346  325
0.841396  62
0.841458  265
0.841484  215
0.841485  36
0.841626  330
0.841676  345
0.841691  339
0.841926  326
0.842291  134
0.84236  71
0.842388  254
0.842415  359
0.842527  328
0.842571  264
0.842664  195
0.842929  33
0.842978  49
0.843228  231
0.84348  336
0.843776  74
0.843778  392
0.843876  185
0.843971  319
0.844172  352
0.844251  370
0.844283  385
0.844395  95
0.844439  358
0.844469  83
0.844626  332
0.844655  85
0.844936  14
0.845002  273
0.845105  368
0.845638  58
0.845739  43
0.845784  117
0.845847  347
0.845855  378
0.846155  384
0.846172  377
0.846181  366
0.84635  98
0.846386  17
0.84639  333
0.846985  365
0.84707  389
0.847184  291
0.847194  55
0.847328  396
0.847337  238
0.847587  311
0.847696  302
0.848023  316
0.848222  327
0.848311  165
0.848375  205
0.848446  371
0.848544  228
0.848856  242
0.849237  399
0.849357  303
0.849474  387
0.849483  50
0.84988  29
0.849989  346
0.850085  249
0.850174  335
0.850527  323
0.850594  285
0.850646  334
0.850663  148
0.850775  308
0.850807  317
0.850917  318
0.851518  329
0.852124  350
0.852854  324
0.853157  379
0.85335  103
0.853713  133
0.855312  27
0.855785  32
0.855824  355
0.857531  218
0.858241  380
0.859059  386
0.859302  340
0.860584  320
0.862469  226
0.862736  381
0.863736  106
0.863936  167
0.86431  374
0.864474  162
0.86692  342
0.867416  57
0.867525  246
0.867655  48
0.867994  388
0.869151  363
0.869288  364
0.870121  100
0.870367  147
0.8704  306
0.871365  243
0.871824  225
0.871846  237
0.872138  382
0.872406  369
0.872474  153
0.873667  166
0.873779  354
0.873894  175
0.874005  376
0.874251  59
0.874405  393
0.874597  394
0.876139  24
0.876417  151
0.87713  290
0.877175  232
0.877206  172
0.877316  362
0.877607  356
0.877629  309
0.877666  203
0.877721  271
0.877891  395
0.878014  310
0.878168  70
0.878339  142
0.878389  343
0.878469  97
0.878667  283
0.87872  180
0.878789  201
0.878845  278
0.879503  307
0.880192  305
0.881485  146
0.881547  292
0.88162  390
0.88171  300
0.882096  199
0.882183  241
0.88244  115
0.882501  344
0.882776  353
0.882788  125
0.882994  89
0.882998  270
0.883163  312
0.88348  52
0.883641  301
0.883825  191
0.884209  88
0.884717  82
0.885358  229
0.885372  375
0.885411  328
0.885463  168
0.885524  298
0.885746  69
0.885792  101
0.885802  19
0.885909  299
0.886025  217
0.886174  118
0.886294  179
0.886302  262
0.886328  41
0.886431  263
0.886432  2
0.886449  204
0.886498  294
0.886502  79
0.886524  111
0.886667  28
0.886756  178
0.886772  250
0.886828  123
0.886867  338
0.886961  319
0.887049  391
0.887111  192
0.887151  144
0.887258  219
0.887282  136
0.887341  337
0.887423  373
0.887496  202
0.887608  351
0.887675  233
0.887747  113
0.887762  158
0.887799  286
0.887916  258
0.887933  365
0.888152  211
0.888158  389
0.88826  397
0.888354  322
0.888401  129
0.888446  114
0.888544  171
0.888578  220
0.888671  30
0.888749  23
0.888767  163
0.888789  311
0.888797  289
0.888915  372
0.889083  334
0.889096  165
0.889152  341
0.889211  304
0.889279  303
0.889289  169
0.889308  256
0.889406  398
0.889413  358
0.889429  18
0.889504  8
0.889686  90
0.889695  65
0.889726  386
0.88975  332
0.889937  128
0.889999  253
0.890006  279
0.890011  80
0.890037  99
0.890065  313
0.890087  63
0.890095  198
0.890128  288
0.890199  348
0.890239  329
0.890281  368
0.890304  335
0.890314  196
0.890327  4
0.89039  176
0.890472  357
0.89058  255
0.890584  330
0.890698  68
0.89075  164
0.89075  331
0.890756  208
0.89081  190
0.891012  347
0.891042  349
0.891045  269
0.891094  384
0.891299  109
0.891338  53
0.891343  67
0.891344  277
0.891424  38
0.891428  316
0.891433  274
0.891436  15
0.89153  379
0.891569  383
0.89169  392
0.891694  93
0.891694  326
0.891728  377
0.89174  276
0.891789  399
0.891857  120
0.891882  209
0.891897  317
0.891926  380
0.892052  260
0.892084  360
0.892134  361
0.892243  321
0.892286  182
0.892342  64
0.892369  1
0.892382  197
0.892401  359
0.892405  39
0.892445  371
0.892486  323
0.892514  224
0.892547  127
0.892563  226
0.892723  308
0.892785  47
0.892814  314
0.892899  231
0.893063  346
0.893173  339
0.893204  325
0.893204  366
0.89323  87
0.893468  149
0.893555  13
0.893556  336
0.893609  54
0.893713  350
0.893808  369
0.893819  5
0.893857  327
0.893981  83
0.894017  378
0.894044  81
0.894065  318
0.894247  222
0.894266  187
0.894299  157
0.894359  35
0.894439  295
0.894458  267
0.894482  239
0.894534  388
0.894634  155
0.89475  324
0.894828  355
0.894842  230
0.895264  315
0.895331  352
0.895445  374
0.895462  387
0.895533  92
0.896047  370
0.896246  154
0.89657  10
0.896877  333
0.897156  268
0.897344  363
0.897539  394
0.897658  46
0.897976  107
0.898107  306
0.89838  32
0.898475  138
0.898479  345
0.898628  102
0.898629  382
0.898704  124
0.898988  356
0.899034  343
0.899062  61
0.899229  287
0.899307  34
0.899339  234
0.899798  131
0.899943  353
0.899974  385
0.900068  396
0.900132  85
0.900447  245
0.900635  281
0.900858  302
0.901545  94
0.901707  25
0.901834  390
0.901852  205
0.902003  27
0.902118  75
0.902514  293
0.902963  91
0.903987  301
0.904094  310
0.904169  26
0.905069  240
0.905466  145
0.905799  342
0.906266  309
0.907553  170
0.908066  364
0.90816  45
0.908571  201
0.908739  252
0.908846  312
0.909106  311
0.909549  42
0.909701  143
0.909844  337
0.909959  43
0.910542  367
0.910804  320
0.910891  351
0.910964  48
0.911679  132
0.911723  117
0.911733  162
0.911854  264
0.91236  195
0.912375  305
0.912584  282
0.912675  254
0.912834  108
0.913267  72
0.913741  135
0.914967  119
0.915359  266
0.915595  376
0.915673  332
0.915811  56
0.916505  232
0.916606  362
0.916701  361
0.917025  354
0.917807  381
0.917963  166
0.918058  300
0.918771  335
0.919249  58
0.920039  249
0.920144  86
0.920321  285
0.920978  391
0.921077  16
0.92133  375
0.921462  261
0.921772  50
0.921831  344
0.921936  31
0.922007  225
0.922394  126
0.923106  71
0.923172  200
0.9238  366
0.923847  290
0.923862  393
0.924018  383
0.924309  395
0.924554  316
0.924593  62
0.924594  386
0.924645  389
0.924852  397
0.924911  307
0.924947  84
0.925114  340
0.925116  78
0.925508  251
0.925655  185
0.926443  20
0.926929  384
0.92763  314
0.927808  368
0.928619  212
0.928721  297
0.929367  341
0.929482  398
0.929536  199
0.929574  338
0.929957  347
0.930141  315
0.930658  236
0.930701  291
0.930883  357
0.930978  115
0.931143  349
0.93117  67
0.931704  303
0.931743  191
0.932101  167
0.932337  183
0.932553  334
0.932701  125
0.932849  313
0.933314  9
0.933738  346
0.933762  242
0.933838  371
0.934001  326
0.934061  239
0.934269  284
0.934514  7
0.934648  350
0.934864  377
0.935017  210
0.935661  6
0.93572  139
0.935854  336
0.936138  333
0.936259  372
0.938599  304
0.938653  97
0.938914  348
0.938915  226
0.939024  247
0.939053  321
0.939266  399
0.939779  51
0.939842  363
0.939999  373
0.940243  221
0.940651  44
0.940946  328
0.941515  161
0.941539  324
0.941853  302
0.941934  217
0.942445  365
0.94401  319
0.944488  330
0.944693  374
0.945018  353
0.945489  22
0.946632  325
0.946964  70
0.947092  358
0.947624  322
0.948024  327
0.948264  339
0.948364  323
0.948441  160
0.948638  93
0.94879  388
0.949666  369
0.950522  281
0.950951  177
0.952448  308
0.952632  396
0.952983  178
0.953045  118
0.953545  309
0.955271  189
0.955367  256
0.956185  258
0.956232  53
0.956692  272
0.956822  392
0.957507  356
0.957907  14
0.95838  165
0.95845  259
0.958751  359
0.959417  77
0.959674  142
0.959904  214
0.960046  36
0.960275  49
0.960391  171
0.96087  153
0.961245  362
0.96133  13
0.961407  370
0.961608  378
0.961862  146
0.961864  306
0.961876  310
0.962258  317
0.962388  364
0.962605  244
0.963148  366
0.963521  235
0.963699  347
0.963958  141
0.964078  173
0.964083  345
0.964094  342
0.964556  112
0.964657  279
0.964687  209
0.964703  105
0.964735  140
0.964786  129
0.964817  379
0.964912  270
0.964961  194
0.965247  380
0.96527  393
0.965407  193
0.965924  329
0.966057  331
0.966193  76
0.966347  41
0.966614  55
0.966632  355
0.966673  223
0.966935  203
0.96702  250
0.967039  98
0.967071  352
0.967085  277
0.967214  23
0.96745  385
0.967598  390
0.967836  301
0.967982  394
0.968018  318
0.968127  286
0.968259  227
0.968401  150
0.96847  220
0.968953  361
0.969027  12
0.969127  123
0.969551  215
0.969696  172
0.969702  104
0.969779  60
0.970166  389
0.970334  52
0.97039  4
0.970815  241
0.970916  367
0.970955  243
0.971074  149
0.971157  35
0.971256  66
0.971374  109
0.97141  176
0.971489  100
0.971825  9
0.97187  240
0.972088  314
0.972127  28
0.972184  376
0.972218  137
0.972253  300
0.972418  81
0.972704  344
0.972716  387
0.972893  208
0.972931  206
0.972938  305
0.972978  273
0.972997  351
0.973105  96
0.973106  337
0.973162  95
0.973415  62
0.973428  381
0.973437  151
0.973535  316
0.973799  207
0.973871  368
0.973878  0
0.974019  158
0.974044  360
0.974175  116
0.97418  21
0.97442  175
0.974447  315
0.974486  18
0.974491  245
0.974553  303
0.974554  40
0.974749  103
0.974763  38
0.974835  391
0.974919  127
0.974955  338
0.975044  218
0.975163  383
0.975248  332
0.975261  287
0.975329  56
0.97569  312
0.975697  233
0.975796  348
0.975863  320
0.975904  59
0.975943  377
0.975946  110
0.976124  350
0.976157  339
0.976381  373
0.976395  131
0.976451  398
0.976795  15
0.976881  311
0.97697  2
0.977077  225
0.977078  349
0.977331  288
0.977339  271
0.977341  122
0.977363  396
0.977404  382
0.977636  266
0.977643  354
0.978341  263
0.978374  106
0.978402  37
0.978422  336
0.97848  397
0.978549  155
0.978573  136
0.978766  395
0.978816  50
0.978856  255
0.978986  346
0.978991  298
0.97901  74
0.979234  152
0.979265  335
0.979686  343
0.979897  101
0.97993  58
0.980066  80
0.980119  147
0.980125  388
0.980276  309
0.980369  5
0.980443  282
0.980475  307
0.98048  82
0.980494  192
0.980554  6
0.980598  29
0.980647  308
0.980648  8
0.980732  181
0.980767  399
0.980984  213
0.981112  333
0.981178  187
0.981237  212
0.98125  375
0.981429  73
0.981452  257
0.981611  159
0.981731  88
0.981989  238
0.982015  372
0.982157  326
0.98221  205
0.982263  99
0.982359  327
0.98245  357
0.982482  234
0.982506  63
0.982592  353
0.982645  184
0.982735  293
0.982864  321
0.98298  17
0.983025  325
0.983126  252
0.983198  144
0.983363  135
0.983468  294
0.983508  380
0.98355  107
0.98367  363
0.98379  362
0.983904  248
0.983905  132
0.983962  324
0.98406  374
0.984137  276
0.984256  251
0.98455  328
0.984563  340
0.984831  334
0.984941  323
0.985014  304
0.985049  200
0.98529  85
0.985437  108
0.985609  34
0.985637  237
0.986012  124
0.986334  222
0.986339  302
0.986563  341
0.986791  329
0.987009  156
0.987136  322
0.987207  180
0.987256  211
0.987407  347
0.987454  319
0.9875  365
0.987633  392
0.987665  370
0.987668  253
0.987757  174
0.988052  394
0.988123  359
0.98845  3
0.988486  306
0.988563  83
0.988795  385
0.988862  386
0.988911  64
0.989138  25
0.989264  384
0.989921  102
0.99  313
0.990257  371
0.990885  143
0.991233  265
0.991822  260
0.991925  364
0.992658  246
0.992968  280
0.993018  366
0.993487  77
0.993705  285
0.99383  11
0.994103  163
0.994357  128
0.994551  125
0.99473  310
0.994819  45
0.995062  355
0.995768  311
0.997636  356
0.998268  361
0.999262  369
0.999527  93
