4.51835e-06  256
1.21504e-05  49
1.30726e-05  192
1.55415e-05  92
2.0667e-05  132
3.08653e-05  160
3.18816e-05  44
4.00181e-05  133
4.30718e-05  56
4.40746e-05  84
4.98751e-05  143
5.39266e-05  231
5.45416e-05  96
5.47687e-05  199
5.93049e-05  144
6.17554e-05  195
6.18362e-05  123
6.65562e-05  163
6.73195e-05  175
7.15384e-05  189
7.39909e-05  188
7.60257e-05  25
7.72744e-05  131
8.52535e-05  57
8.65828e-05  124
8.69315e-05  168
8.76617e-05  141
9.64368e-05  223
9.64401e-05  187
9.93266e-05  183
0.000101665  259
0.000101792  135
0.000103123  81
0.000104644  108
0.000115487  227
0.000122233  181
0.000130357  68
0.000130392  216
0.00013183  95
0.00014281  61
0.000142888  40
0.000144779  117
0.000147992  225
0.000150612  196
0.000151011  179
0.000152108  235
0.000152912  197
0.000153409  233
0.000155459  219
0.000160177  167
0.000163483  99
0.00016437  184
0.000166446  48
0.000170735  109
0.000173006  147
0.000174446  119
0.000177395  87
0.000179041  29
0.000186139  164
0.000187634  145
0.000191096  185
0.000191709  79
0.0001936  149
0.000194189  104
0.000195611  120
0.000199204  107
0.000200604  89
0.000201562  116
0.000201674  205
0.00020178  76
0.000203344  47
0.000211227  9
0.000213503  159
0.000215402  171
0.000218909  169
0.000222192  176
0.000222311  51
0.000223534  71
0.000223704  127
0.000225207  139
0.000225527  31
0.000225731  65
0.000236515  221
0.000242106  115
0.000242556  232
0.00024571  24
0.000248866  191
0.000254352  137
0.00025866  52
0.000259253  8
0.000267078  93
0.00027112  224
0.000276671  11
0.000278825  101
0.000278888  64
0.000280833  88
0.000281906  148
0.000286182  60
0.000292483  6
0.000303522  157
0.000305363  105
0.000308285  28
0.000308339  204
0.00031182  83
0.00031519  53
0.000315801  173
0.000317606  77
0.000327811  140
0.000328703  103
0.000331948  177
0.0003329  257
0.000335264  125
0.000343036  80
0.000345253  91
0.000346774  121
0.000361409  161
0.00036389  136
0.000367909  156
0.000376711  69
0.00038446  27
0.000390242  72
0.000396387  67
0.000403491  85
0.000425786  2
0.000443809  217
0.000448833  229
0.000449515  55
0.000451635  111
0.000455535  45
0.000480711  113
0.000485008  41
0.000485869  180
0.000506685  75
0.000509559  172
0.00054592  128
0.000548727  165
0.000551436  129
0.00056151  63
0.000581772  112
0.000605702  228
0.000635732  97
0.000668075  43
0.000772353  207
0.000796962  100
0.000811686  151
0.000842702  73
0.000893221  59
0.00103374  220
0.00164326  193
0.00273102  310
0.00327255  316
0.00339495  392
0.00343425  301
0.00359174  318
0.00359595  389
0.00360314  336
0.00360501  351
0.00382389  302
0.00384656  334
0.00387815  285
0.00396107  320
0.00400891  338
0.00402158  342
0.0040326  387
0.00409524  364
0.00409764  325
0.00416484  378
0.0041931  319
0.00419786  307
0.00434357  333
0.00434553  313
0.00436974  383
0.00441779  308
0.00445502  244
0.00447628  356
0.00447891  381
0.00448258  335
0.00453357  368
0.00455564  376
0.00457084  324
0.00457845  341
0.004579  279
0.00459489  377
0.00464308  373
0.0046458  339
0.00465896  362
0.00467849  328
0.00468329  215
0.00468872  352
0.00472147  399
0.00473518  398
0.00474557  391
0.00479353  370
0.00479706  365
0.00480379  357
0.004817  331
0.00484322  311
0.00486563  300
0.00486735  359
0.00486889  238
0.00502384  306
0.00503497  237
0.00507203  273
0.00507896  0
0.0051013  396
0.00511188  386
0.00519931  322
0.00521557  327
0.00523474  340
0.00524122  17
0.00527544  375
0.00527586  314
0.0052807  390
0.00529328  23
0.00529328  344
0.00530716  393
0.00533328  326
0.00540748  369
0.00547392  330
0.00551419  382
0.00554074  384
0.00559465  347
0.00565728  385
0.0056755  304
0.00570153  350
0.00573208  345
0.00574777  312
0.00578403  355
0.0058102  394
0.00582037  354
0.00592135  363
0.00592515  380
0.00596814  323
0.00597166  371
0.00597654  210
0.00600287  374
0.0060428  348
0.00605586  379
0.00607171  343
0.0060888  397
0.00610223  254
0.00617296  346
0.00619788  309
0.00623567  269
0.00633795  315
0.00647298  37
0.00653867  317
0.00655769  388
0.00655825  305
0.00678261  337
0.00685227  277
0.00695129  349
0.00702794  372
0.00704711  361
0.00705807  284
0.00711902  332
0.0076824  321
0.00846171  286
0.00884164  212
0.00886701  358
0.0090142  15
0.00912034  353
0.0102491  360
0.0103916  22
0.0110494  395
0.0118147  329
0.0179518  366
0.0261035  303
0.0276683  389
0.0340664  13
0.0366891  367
0.0387325  333
0.040047  173
0.0417874  38
0.0424517  376
0.0426423  301
0.0428623  8
0.0433759  69
0.0435305  325
0.0436745  342
0.0441692  307
0.0443611  383
0.0464492  85
0.0469212  310
0.04871  316
0.0488757  306
0.0493656  51
0.0496355  100
0.049657  282
0.0500759  336
0.0500885  330
0.0501022  324
0.0502819  359
0.0503565  117
0.0505257  247
0.0513532  317
0.0514505  121
0.0515805  319
0.0518454  318
0.0521661  211
0.052922  302
0.0529519  298
0.0531604  75
0.0532701  21
0.0538206  341
0.0540226  392
0.0548053  137
0.0549459  207
0.0551774  375
0.0554502  246
0.0555549  242
0.0557796  322
0.0557826  213
0.0559731  278
0.0560062  323
0.0562262  351
0.0565348  156
0.0565939  52
0.0568158  357
0.0572842  44
0.0578177  370
0.0578585  297
0.0579796  365
0.0579925  4
0.0582129  201
0.0586034  292
0.0587417  55
0.0587787  312
0.0590655  377
0.0594526  131
0.059688  262
0.0597009  374
0.0599178  111
0.0600331  331
0.0601746  353
0.0603314  308
0.0603719  59
0.0607133  304
0.0608946  347
0.0613773  373
0.0614942  43
0.061572  349
0.0615869  266
0.0616647  253
0.0619192  386
0.0622612  53
0.0626859  381
0.06306  154
0.0630691  108
0.0632854  20
0.0635203  399
0.0636367  232
0.0636398  396
0.0641783  296
0.0644209  394
0.064484  239
0.0649503  132
0.0649829  215
0.0649869  384
0.0650649  391
0.065372  1
0.0657266  380
0.0658495  153
0.0658878  397
0.065888  345
0.066059  309
0.0661961  299
0.0662959  327
0.0665747  390
0.0666911  328
0.067033  362
0.0670604  295
0.0672034  385
0.0672631  6
0.0674348  378
0.0674621  288
0.0675008  398
0.0677411  379
0.0678478  311
0.0679414  63
0.0683672  2
0.0684367  340
0.0686148  344
0.0690746  339
0.0696499  371
0.0697714  338
0.0702797  274
0.0703893  249
0.0705902  147
0.0708489  368
0.0714733  16
0.0714767  155
0.0716215  343
0.0716515  387
0.0720074  355
0.0721627  45
0.072803  275
0.0737992  49
0.0742925  354
0.0753408  223
0.0761553  300
0.076447  361
0.0764815  169
0.0766331  208
0.0768928  321
0.0770465  313
0.0772905  393
0.0774593  268
0.0779288  346
0.078219  281
0.078525  294
0.0785398  285
0.0787793  267
0.0789789  352
0.0790384  209
0.0791751  367
0.0792579  326
0.0798209  363
0.0800098  364
0.0803053  382
0.08035  337
0.0810024  91
0.0815197  7
0.0827953  332
0.0831464  335
0.084517  388
0.0850919  376
0.0851169  350
0.0852627  318
0.0858169  314
0.0864667  389
0.0896061  165
0.0916508  270
0.0917257  259
0.0927266  263
0.0930287  152
0.0934082  348
0.0937775  306
0.0939615  32
0.0946558  160
0.0947542  315
0.0952524  73
0.0954254  195
0.0958281  358
0.0971077  395
0.0974335  14
0.0974814  372
0.0982152  289
0.0987144  252
0.0987791  193
0.0989772  65
0.0989912  320
0.0991683  366
0.099864  342
0.100042  236
0.10127  254
0.101514  353
0.10166  303
0.101857  97
0.102353  231
0.102374  319
0.102584  92
0.103477  135
0.103497  276
0.103498  171
0.103519  96
0.103547  237
0.103803  240
0.103878  18
0.103976  48
0.104568  356
0.104803  369
0.104959  334
0.105203  360
0.10579  330
0.105793  333
0.106319  172
0.10641  316
0.106543  99
0.106972  88
0.107021  392
0.107218  291
0.107245  40
0.107658  301
0.108149  375
0.10816  79
0.108316  28
0.108316  311
0.108357  383
0.108489  302
0.1085  257
0.108511  184
0.108788  185
0.10885  269
0.108897  203
0.109019  243
0.109031  39
0.109582  214
0.109812  233
0.11007  381
0.110847  255
0.110901  5
0.111166  260
0.111252  312
0.111429  336
0.111528  323
0.111772  3
0.111787  325
0.11191  107
0.11218  19
0.112306  11
0.112392  12
0.112491  385
0.11276  359
0.112792  394
0.112842  117
0.112883  115
0.112897  329
0.113326  264
0.11337  271
0.113796  241
0.113804  398
0.113817  377
0.113824  286
0.113876  140
0.113979  283
0.114  373
0.114057  386
0.114281  296
0.114402  248
0.115357  29
0.115379  76
0.115521  391
0.115671  112
0.115691  347
0.1158  346
0.116005  219
0.116019  26
0.116299  393
0.116495  390
0.116729  31
0.116872  379
0.116886  6
0.116999  15
0.117046  337
0.117158  310
0.117255  83
0.117313  119
0.11732  33
0.117396  101
0.117786  378
0.117822  93
0.117854  304
0.117887  362
0.11793  71
0.117934  36
0.117951  77
0.118003  279
0.118142  220
0.118293  212
0.118345  321
0.118483  100
0.118496  69
0.118519  309
0.118788  67
0.118852  290
0.11899  95
0.11904  177
0.119132  345
0.119135  327
0.119405  81
0.119421  41
0.119447  384
0.1199  261
0.119913  82
0.120019  228
0.120033  35
0.120115  207
0.120147  399
0.120235  364
0.120304  365
0.120329  72
0.120499  324
0.120506  371
0.120576  339
0.120593  382
0.120641  149
0.120649  367
0.120772  265
0.121091  313
0.121118  349
0.121128  217
0.12118  178
0.121248  380
0.121276  374
0.121327  293
0.121347  167
0.121353  340
0.12136  338
0.121498  317
0.121509  361
0.121876  300
0.121929  326
0.122069  125
0.122117  60
0.122334  397
0.122489  343
0.122525  341
0.122818  396
0.123128  315
0.123182  328
0.123501  222
0.123575  376
0.123868  318
0.123883  354
0.124053  263
0.12408  163
0.124229  87
0.124245  13
0.124507  314
0.124592  351
0.124727  64
0.125337  352
0.125876  204
0.126805  2
0.126911  111
0.127221  63
0.127595  358
0.127878  173
0.128157  120
0.128256  308
0.1285  355
0.129775  344
0.130206  368
0.132124  17
0.132295  272
0.133161  366
0.133467  322
0.135666  180
0.136081  370
0.136413  389
0.137376  357
0.137752  224
0.139963  307
0.140261  179
0.140681  395
0.141207  342
0.141483  306
0.145385  74
0.145541  256
0.14608  273
0.146544  388
0.14754  211
0.147569  136
0.148452  59
0.14846  118
0.148518  335
0.149103  305
0.150022  266
0.150358  331
0.150945  360
0.151355  158
0.151666  153
0.152045  4
0.152196  50
0.152915  152
0.153275  319
0.153315  330
0.153505  332
0.153638  65
0.153872  147
0.154225  316
0.154591  54
0.154674  242
0.154898  250
0.154956  104
0.155326  372
0.155357  226
0.155966  387
0.156116  192
0.156236  151
0.156412  85
0.156562  350
0.157113  70
0.157195  209
0.157213  225
0.157255  162
0.157349  363
0.157517  280
0.157517  299
0.157729  80
0.157773  392
0.157838  150
0.157965  127
0.158291  103
0.158356  148
0.158413  288
0.158484  312
0.158497  356
0.158502  113
0.158516  22
0.15862  245
0.158707  7
0.158851  201
0.158852  49
0.158882  369
0.159093  309
0.159139  21
0.159295  313
0.159441  249
0.159494  164
0.159507  68
0.159622  251
0.159626  359
0.159807  145
0.159817  205
0.159953  301
0.160015  294
0.160027  23
0.160045  34
0.160058  233
0.16012  139
0.160239  16
0.160364  121
0.160407  9
0.160567  52
0.160612  353
0.16071  27
0.160719  274
0.160751  303
0.160796  244
0.160812  348
0.160887  126
0.160892  277
0.160898  287
0.161054  1
0.161153  42
0.161167  282
0.161196  329
0.161293  246
0.161297  310
0.161328  208
0.161365  333
0.161419  123
0.161575  200
0.161579  374
0.161595  168
0.16161  234
0.161627  32
0.161669  194
0.161701  197
0.161732  364
0.161746  129
0.16175  390
0.161833  57
0.16186  325
0.161874  262
0.161895  327
0.161968  137
0.162001  128
0.162008  304
0.162034  156
0.162055  88
0.162198  341
0.162216  320
0.162247  157
0.162261  235
0.162394  181
0.162439  398
0.162446  381
0.162476  53
0.162603  105
0.162637  51
0.162691  379
0.16271  44
0.16272  377
0.162724  116
0.162842  106
0.162926  171
0.163002  365
0.163057  308
0.163074  311
0.163134  346
0.163166  230
0.163226  334
0.163295  362
0.163312  232
0.163318  43
0.163342  56
0.163354  45
0.163357  196
0.163383  321
0.163407  174
0.163457  399
0.163463  382
0.163464  165
0.163587  6
0.163619  227
0.163676  286
0.163706  351
0.163747  378
0.163846  55
0.163894  315
0.163912  102
0.163975  108
0.164091  37
0.164126  376
0.164128  352
0.164136  107
0.164179  393
0.164209  20
0.164209  340
0.164262  367
0.164297  397
0.164399  254
0.164464  221
0.164492  354
0.164563  371
0.164625  229
0.16464  183
0.164697  215
0.164752  375
0.164814  336
0.164828  278
0.164842  373
0.164853  213
0.165005  268
0.165016  25
0.165107  302
0.165173  391
0.165202  314
0.165245  384
0.165267  202
0.165349  328
0.165405  337
0.165413  385
0.165451  396
0.165464  96
0.165514  361
0.165552  324
0.165562  33
0.16558  169
0.165615  161
0.165673  394
0.165896  345
0.165952  339
0.166031  114
0.166193  98
0.166214  160
0.166263  338
0.166337  10
0.16642  187
0.166506  355
0.166838  349
0.166878  155
0.167052  358
0.167096  289
0.167166  12
0.16738  343
0.167583  380
0.167596  368
0.167747  130
0.167798  386
0.167813  344
0.168014  290
0.168016  82
0.168066  198
0.168549  149
0.169052  220
0.169178  323
0.169192  207
0.169498  177
0.169748  383
0.169885  326
0.170089  317
0.170297  131
0.170362  38
0.170617  78
0.17087  175
0.171035  90
0.171226  395
0.171322  318
0.171608  99
0.171628  347
0.171892  203
0.172336  11
0.172347  342
0.172437  163
0.172567  41
0.173022  389
0.173296  319
0.17351  24
0.174487  73
0.174568  188
0.174596  119
0.174847  300
0.175751  370
0.176414  307
0.17703  237
0.180231  15
0.180409  306
0.181607  95
0.182527  357
0.182732  316
0.183919  112
0.183952  295
0.184095  170
0.18446  369
0.186251  387
0.18674  335
0.186934  191
0.18776  284
0.187895  147
0.188193  305
0.188779  331
0.18895  135
0.189112  118
0.189248  366
0.189633  360
0.190047  312
0.191512  210
0.191566  84
0.19309  353
0.193761  81
0.193941  364
0.19438  363
0.194579  392
0.195277  2
0.195614  279
0.195818  264
0.196162  50
0.196177  374
0.196662  40
0.197139  291
0.198312  332
0.198412  58
0.198495  309
0.198539  100
0.198581  341
0.198796  388
0.199077  348
0.199079  293
0.199083  269
0.199236  390
0.199944  167
0.200118  320
0.20027  313
0.200321  238
0.200492  97
0.20056  8
0.200764  223
0.200982  47
0.20154  0
0.201764  297
0.201987  122
0.202174  59
0.202318  26
0.202395  365
0.202705  111
0.203428  381
0.203445  340
0.203487  241
0.203494  172
0.203563  29
0.20357  199
0.203594  391
0.204047  275
0.204595  133
0.204828  351
0.204844  71
0.204961  178
0.205091  69
0.205114  129
0.205116  63
0.205147  189
0.205432  322
0.205579  367
0.205895  35
0.205957  138
0.20599  228
0.205993  193
0.20617  60
0.206276  337
0.206554  270
0.206607  85
0.206819  346
0.206956  301
0.207007  352
0.207073  314
0.207288  356
0.207297  329
0.207308  328
0.207479  62
0.207583  359
0.207665  372
0.207885  380
0.20791  219
0.208195  378
0.208213  304
0.208335  28
0.208338  377
0.208557  303
0.208583  173
0.20859  362
0.208693  325
0.2088  350
0.208863  376
0.208903  76
0.208993  94
0.209513  152
0.209715  232
0.209812  302
0.209989  197
0.210079  330
0.210104  382
0.210294  311
0.21062  396
0.210704  334
0.210817  266
0.210909  185
0.210998  327
0.211062  308
0.211522  132
0.211552  214
0.211994  212
0.212157  399
0.212158  106
0.212367  260
0.212606  310
0.213234  286
0.213335  315
0.213387  397
0.213741  255
0.213827  120
0.214231  83
0.21433  386
0.214476  321
0.214792  211
0.214956  383
0.216397  89
0.21654  154
0.217044  336
0.217178  384
0.217214  79
0.217239  333
0.218012  14
0.218061  72
0.218115  338
0.218356  140
0.21847  342
0.218584  53
0.218669  361
0.219168  387
0.219383  373
0.219584  163
0.21978  86
0.219888  349
0.220356  385
0.220588  398
0.221655  393
0.222217  379
0.222521  22
0.22314  354
0.223213  3
0.223398  317
0.223523  283
0.223802  31
0.223828  30
0.22415  236
0.22465  323
0.225012  93
0.225429  18
0.225548  355
0.227319  180
0.227439  257
0.22782  109
0.229282  101
0.229827  5
0.229904  358
0.230169  146
0.230186  277
0.230326  221
0.230623  43
0.230908  151
0.230977  353
0.231068  56
0.231675  395
0.23172  128
0.231991  271
0.232042  326
0.232587  263
0.232641  347
0.232933  33
0.233119  51
0.233147  229
0.233927  335
0.23396  348
0.23401  370
0.23432  306
0.234377  88
0.234464  6
0.234612  162
0.234797  259
0.234963  394
0.2351  1
0.235209  319
0.235319  74
0.235339  345
0.235366  368
0.235664  32
0.23568  389
0.235745  234
0.235792  250
0.235817  37
0.235835  284
0.235884  343
0.236159  107
0.236257  267
0.236422  157
0.236683  148
0.236765  144
0.236944  324
0.237032  92
0.237201  39
0.237234  110
0.237255  187
0.237308  166
0.237527  213
0.237563  181
0.237599  64
0.237666  288
0.237723  61
0.237754  294
0.237787  380
0.237801  220
0.237829  75
0.237979  344
0.23806  316
0.238353  311
0.238504  261
0.238582  299
0.23869  216
0.238877  87
0.239004  331
0.239206  143
0.239456  254
0.239522  300
0.239635  222
0.23964  305
0.239674  337
0.23988  318
0.239972  391
0.239996  307
0.240158  375
0.24017  41
0.240341  102
0.240362  36
0.240375  116
0.240494  183
0.240498  248
0.240568  365
0.240584  82
0.240622  235
0.240634  339
0.240972  369
0.240984  176
0.241026  125
0.241028  252
0.241114  70
0.241296  314
0.241357  341
0.241459  91
0.241728  276
0.241762  366
0.241832  360
0.241932  312
0.242181  153
0.24229  124
0.242413  296
0.242577  374
0.242599  178
0.242603  309
0.242708  301
0.242825  378
0.242896  367
0.243095  363
0.2431  328
0.243104  388
0.24325  49
0.243484  390
0.243676  16
0.243783  258
0.243918  334
0.244072  304
0.244547  73
0.244551  243
0.244752  268
0.244783  231
0.245  356
0.245045  308
0.245114  332
0.245161  158
0.245244  196
0.245261  226
0.245345  364
0.245627  115
0.245641  392
0.245688  90
0.245736  184
0.245806  209
0.245966  303
0.246191  239
0.246206  385
0.246233  150
0.246472  77
0.246519  46
0.246572  113
0.246663  127
0.246693  393
0.246841  352
0.246976  23
0.246985  397
0.247025  179
0.24724  371
0.247241  357
0.247465  145
0.24772  44
0.247765  203
0.247815  55
0.247826  313
0.248304  34
0.248537  399
0.248719  298
0.248953  265
0.249014  396
0.249076  281
0.249169  329
0.249192  240
0.249287  381
0.249334  382
0.25024  65
0.250268  186
0.250383  359
0.250537  350
0.250835  323
0.250844  327
0.250929  342
0.251154  210
0.251401  361
0.251526  15
0.25179  325
0.251942  362
0.252065  333
0.252334  372
0.252407  11
0.25286  21
0.252988  182
0.253446  293
0.253868  351
0.25428  398
0.254376  190
0.254432  384
0.254872  315
0.255146  383
0.255486  67
0.257417  376
0.257538  379
0.257574  192
0.25812  233
0.258241  147
0.259179  346
0.260067  134
0.260666  218
0.261498  302
0.262302  273
0.262611  230
0.262708  326
0.263964  317
0.26528  330
0.266249  2
0.266353  387
0.267332  7
0.267484  80
0.267877  14
0.268093  95
0.268316  97
0.269013  175
0.269238  310
0.26978  244
0.270138  247
0.270659  354
0.271158  338
0.271255  321
0.271778  215
0.272656  331
0.273916  193
0.274179  320
0.274311  370
0.275367  339
0.275472  99
0.276118  394
0.27623  305
0.276441  47
0.277451  391
0.277807  262
0.277834  345
0.278864  223
0.278922  228
0.279043  168
0.279154  63
0.279207  347
0.27941  132
0.279442  131
0.279736  312
0.27984  117
0.280161  373
0.280175  241
0.280463  251
0.280602  103
0.281014  283
0.281041  20
0.281711  205
0.281937  225
0.281955  119
0.281976  336
0.282107  118
0.282329  278
0.282526  106
0.282632  363
0.282684  355
0.282698  322
0.282876  123
0.282996  377
0.283095  129
0.283112  353
0.283123  389
0.283211  202
0.283442  217
0.283803  136
0.283808  360
0.283911  367
0.28399  81
0.283993  86
0.28402  164
0.284225  219
0.284376  319
0.284506  285
0.284521  307
0.284702  195
0.284733  242
0.284837  340
0.284898  200
0.285086  395
0.285173  253
0.285236  349
0.285348  306
0.28549  311
0.285545  139
0.285716  8
0.285921  344
0.286185  343
0.286429  280
0.286463  133
0.286477  172
0.286517  206
0.286598  263
0.286637  264
0.286709  83
0.28677  335
0.286958  292
0.286999  332
0.287035  3
0.287058  53
0.287101  122
0.287273  318
0.287387  10
0.287955  301
0.287967  348
0.288035  108
0.288352  386
0.288352  245
0.288395  380
0.288477  329
0.28857  93
0.288584  288
0.288707  35
0.28879  198
0.288832  112
0.28887  171
0.288895  255
0.288954  111
0.289065  328
0.289199  44
0.28924  358
0.289243  369
0.289245  98
0.289276  297
0.289359  0
0.289451  309
0.289622  374
0.289681  238
0.289683  137
0.289788  27
0.289864  12
0.289877  277
0.289904  269
0.289924  188
0.290076  141
0.290128  303
0.29017  62
0.290202  85
0.290335  170
0.290336  341
0.290425  257
0.290506  300
0.290589  392
0.290813  337
0.290928  256
0.290969  315
0.29099  356
0.29102  383
0.29103  58
0.291124  324
0.291139  167
0.29115  79
0.291207  366
0.29122  208
0.291385  357
0.291478  207
0.291626  138
0.291656  158
0.291669  236
0.291701  327
0.29191  316
0.291917  60
0.291978  304
0.292019  31
0.29212  161
0.292124  59
0.29232  314
0.292325  26
0.292346  40
0.292561  66
0.292644  368
0.292952  155
0.292973  279
0.293015  160
0.293058  362
0.293121  82
0.293218  342
0.29364  229
0.29378  321
0.293793  135
0.293857  302
0.293887  396
0.294011  25
0.294126  399
0.294154  224
0.294231  350
0.294281  71
0.294305  333
0.294448  17
0.294484  78
0.294499  393
0.294583  313
0.294712  148
0.294857  64
0.294948  371
0.294995  325
0.295083  216
0.295152  382
0.295179  326
0.295212  397
0.295227  174
0.295514  390
0.295536  232
0.295651  381
0.295774  142
0.29583  231
0.295834  388
0.295884  294
0.295938  159
0.296002  76
0.296036  147
0.296041  197
0.296246  124
0.296276  162
0.296519  372
0.29656  38
0.296652  32
0.296687  183
0.296775  249
0.296957  149
0.296973  398
0.296973  274
0.296989  352
0.297147  378
0.297233  220
0.297353  334
0.297575  346
0.297743  189
0.297758  354
0.29804  105
0.298114  260
0.298302  173
0.298438  73
0.298679  45
0.298692  317
0.2988  365
0.298815  359
0.298985  218
0.299407  222
0.299417  48
0.29946  379
0.299512  194
0.299513  376
0.299583  54
0.299629  265
0.299708  364
0.299712  290
0.300182  126
0.300238  22
0.300529  121
0.300551  144
0.300572  140
0.300578  282
0.300602  165
0.300804  244
0.300956  336
0.301014  214
0.301339  107
0.301446  385
0.301691  355
0.301813  179
0.301909  39
0.302106  384
0.302129  43
0.302138  310
0.302159  308
0.3022  320
0.302239  375
0.302492  157
0.302519  92
0.30258  276
0.302917  51
0.302945  210
0.303285  52
0.303338  104
0.303344  331
0.303368  191
0.303546  312
0.30362  186
0.304101  154
0.30423  289
0.304866  307
0.305166  275
0.305262  387
0.305329  196
0.305446  391
0.305878  235
0.305885  42
0.306069  68
0.306262  213
0.30653  94
0.30672  200
0.306761  65
0.30678  243
0.306933  273
0.306974  91
0.307167  163
0.307341  49
0.307403  75
0.30746  24
0.307543  127
0.307615  252
0.307704  96
0.307737  394
0.307796  120
0.307849  363
0.307904  335
0.307915  201
0.30792  281
0.308136  339
0.308164  349
0.30844  351
0.308474  109
0.308539  176
0.308617  377
0.308887  240
0.309007  373
0.309016  151
0.309404  319
0.309589  114
0.309851  395
0.310106  136
0.310279  344
0.310418  305
0.310671  309
0.310809  212
0.310827  9
0.310987  348
0.31106  367
0.311117  266
0.311195  347
0.311268  360
0.31129  323
0.31137  182
0.311381  358
0.311388  70
0.311434  11
0.311761  272
0.311867  113
0.312023  361
0.312276  332
0.312712  396
0.313439  322
0.314049  370
0.314566  72
0.31496  338
0.315378  369
0.316102  89
0.316161  77
0.316172  340
0.316423  316
0.316921  221
0.316956  87
0.317275  246
0.318391  399
0.321572  392
0.321864  393
0.323793  254
0.324013  380
0.32437  330
0.325153  388
0.325428  356
0.32614  366
0.327825  321
0.328503  333
0.329321  50
0.331192  99
0.331367  397
0.332031  219
0.332326  331
0.333283  100
0.333354  118
0.333879  311
0.333998  327
0.33413  132
0.334443  199
0.334479  325
0.334492  259
0.334585  318
0.33463  84
0.334651  123
0.334741  326
0.335253  386
0.335335  372
0.335549  301
0.335879  313
0.336919  304
0.337106  125
0.337485  398
0.337572  354
0.338142  353
0.338404  116
0.338551  350
0.338667  35
0.338713  303
0.33891  381
0.338953  374
0.338963  158
0.339219  267
0.339353  36
0.339447  86
0.339581  384
0.340091  324
0.340113  12
0.340795  345
0.341148  13
0.341329  74
0.341591  23
0.341982  302
0.342122  202
0.342369  15
0.342554  362
0.342582  389
0.343479  180
0.344148  187
0.344431  30
0.344531  137
0.344581  203
0.34493  29
0.345328  314
0.345454  315
0.345503  382
0.345751  334
0.345833  383
0.346043  355
0.346642  300
0.347184  357
0.347373  368
0.347656  328
0.348034  37
0.348133  293
0.348446  61
0.348487  250
0.349491  337
0.349694  373
0.350126  343
0.350553  317
0.35076  166
0.350809  130
0.351261  335
0.351786  257
0.351931  111
0.352361  306
0.353873  167
0.354983  16
0.355791  248
0.356136  192
0.357368  323
0.359175  262
0.359552  377
0.35989  131
0.360324  329
0.360612  346
0.361116  10
0.361216  281
0.361748  296
0.362153  108
0.362287  305
0.36231  359
0.362362  371
0.362896  396
0.363315  336
0.364568  177
0.364689  122
0.365089  312
0.365283  365
0.365332  90
0.365422  239
0.365552  286
0.365707  234
0.365871  173
0.365925  204
0.36629  270
0.367047  155
0.367144  379
0.367477  6
0.367667  361
0.367779  143
0.367993  320
0.368073  295
0.368365  233
0.368704  316
0.368934  352
0.368963  157
0.369057  28
0.369211  310
0.369263  391
0.369321  5
0.369356  226
0.369381  390
0.369389  388
0.369569  4
0.369599  208
0.370043  0
0.370271  370
0.370397  375
0.370607  109
0.37066  378
0.370852  62
0.370857  309
0.370982  117
0.371237  386
0.371315  364
0.371535  211
0.371642  33
0.371706  195
0.37184  367
0.371956  319
0.372014  360
0.372177  393
0.372218  339
0.372301  25
0.372582  183
0.372584  2
0.373159  228
0.373331  164
0.373388  97
0.373419  201
0.373491  176
0.373772  215
0.37385  193
0.373872  341
0.37405  169
0.374162  153
0.37432  307
0.374357  144
0.374427  242
0.374545  64
0.374616  179
0.374616  347
0.374827  66
0.374907  79
0.374935  363
0.375031  308
0.375391  342
0.375419  287
0.375432  58
0.375608  170
0.375642  209
0.375793  139
0.375945  81
0.376098  227
0.376329  344
0.376446  258
0.376482  392
0.376774  394
0.376796  19
0.376821  205
0.376964  225
0.377025  56
0.377054  385
0.377064  387
0.377106  351
0.377272  106
0.377327  184
0.37738  269
0.377432  237
0.377458  140
0.377484  338
0.377534  300
0.377537  275
0.377575  39
0.377584  283
0.377666  47
0.377725  95
0.377726  63
0.377732  376
0.377748  356
0.37788  196
0.377957  324
0.37813  358
0.378157  395
0.378179  369
0.378194  326
0.378274  69
0.378382  299
0.378561  107
0.378674  349
0.378834  285
0.378839  332
0.378843  327
0.378887  348
0.378964  357
0.378992  1
0.379016  380
0.379183  85
0.379295  330
0.379367  311
0.3794  221
0.379418  333
0.379556  174
0.379676  384
0.379768  340
0.379785  181
0.379853  213
0.379869  88
0.379961  145
0.380333  253
0.38054  345
0.380625  317
0.380628  216
0.380653  120
0.380759  261
0.380781  115
0.380855  303
0.380871  219
0.381017  291
0.38102  301
0.381041  165
0.381129  93
0.381252  362
0.381539  110
0.381547  313
0.381713  232
0.381715  159
0.381748  318
0.381789  67
0.381877  354
0.382094  331
0.382123  304
0.382171  105
0.382208  152
0.382226  98
0.382378  160
0.382437  230
0.382679  22
0.382722  135
0.38281  229
0.382811  325
0.382873  121
0.38291  302
0.38299  321
0.383385  171
0.383444  222
0.383562  24
0.383584  103
0.383889  350
0.383949  272
0.384231  149
0.38426  372
0.384391  322
0.384481  251
0.384701  20
0.384822  383
0.384989  346
0.384992  373
0.385001  266
0.385327  38
0.38569  328
0.385696  397
0.385815  116
0.38593  34
0.386329  381
0.386408  48
0.386466  44
0.386599  247
0.386847  314
0.386987  398
0.387268  252
0.387739  377
0.388007  245
0.388018  141
0.388394  334
0.388948  343
0.388964  355
0.389009  128
0.38948  68
0.389637  337
0.389996  187
0.390063  374
0.390457  119
0.390707  146
0.390944  23
0.391055  156
0.391896  310
0.392014  366
0.392406  131
0.392488  57
0.392547  185
0.392634  368
0.392658  277
0.392675  162
0.393189  312
0.393306  353
0.393566  8
0.393618  315
0.393767  359
0.393985  190
0.393989  9
0.394066  87
0.394099  191
0.394759  389
0.394974  250
0.39502  306
0.395078  279
0.395116  124
0.395244  379
0.395337  94
0.395427  127
0.395518  125
0.396523  55
0.3967  186
0.396717  13
0.397039  375
0.397094  378
0.397904  256
0.398399  386
0.398762  21
0.399303  27
0.399483  371
0.399595  352
0.400718  136
0.400891  308
0.400951  278
0.401395  396
0.401777  82
0.402074  382
0.402118  316
0.402814  284
0.40291  241
0.403023  28
0.403485  76
0.403859  273
0.404717  83
0.40518  61
0.405521  390
0.405581  319
0.405697  370
0.406057  18
0.406059  180
0.406065  335
0.406153  189
0.406301  399
0.406514  14
0.406538  342
0.406587  163
0.406588  391
0.406828  338
0.406984  45
0.407335  91
0.407382  388
0.407518  175
0.407813  40
0.407846  7
0.407966  50
0.407981  150
0.407991  243
0.408143  75
0.408162  323
0.408275  365
0.408517  361
0.408632  363
0.408645  349
0.408909  395
0.409007  367
0.409018  217
0.409133  238
0.409297  172
0.409378  210
0.409462  385
0.409749  339
0.409779  364
0.409849  297
0.409895  102
0.410368  369
0.410584  198
0.411214  41
0.412043  336
0.412083  194
0.412596  357
0.412727  358
0.412758  326
0.412927  31
0.413088  161
0.413113  330
0.413743  282
0.413804  114
0.413859  324
0.413978  274
0.414036  199
0.41489  12
0.415143  231
0.415405  59
0.415417  320
0.415452  332
0.415572  46
0.415826  30
0.41608  74
0.416316  305
0.416658  394
0.416798  255
0.416866  36
0.417127  307
0.417243  202
0.417641  333
0.41843  346
0.418456  301
0.418588  354
0.418994  72
0.419321  392
0.419326  384
0.419664  263
0.419764  17
0.419889  206
0.419954  35
0.420361  380
0.420418  341
0.420557  235
0.420639  329
0.42064  3
0.420808  300
0.421685  32
0.422023  211
0.422314  387
0.422353  317
0.422439  350
0.422953  348
0.423515  351
0.423739  309
0.424107  280
0.424181  298
0.424295  142
0.42512  397
0.426275  345
0.428067  360
0.42826  262
0.429081  225
0.429874  381
0.430085  340
0.431255  347
0.431356  322
0.431611  344
0.432052  42
0.433327  311
0.433811  100
0.433958  203
0.434152  271
0.434868  97
0.435973  92
0.436051  315
0.436465  80
0.436734  212
0.437473  362
0.437494  356
0.437789  327
0.437937  337
0.437958  265
0.438283  376
0.438455  398
0.43878  173
0.438879  328
0.439024  276
0.439502  310
0.439719  355
0.439991  112
0.440018  352
0.440237  338
0.441419  192
0.441457  389
0.441648  325
0.442823  304
0.443069  118
0.443182  314
0.443287  393
0.443539  195
0.444504  334
0.444741  183
0.444842  374
0.445452  386
0.44578  84
0.445823  275
0.446125  132
0.446341  123
0.446425  51
0.44645  137
0.446727  366
0.446863  302
0.447057  254
0.447115  268
0.447548  33
0.447559  26
0.448376  371
0.44877  372
0.448854  342
0.448939  70
0.448945  157
0.448987  331
0.449534  306
0.449671  124
0.44999  101
0.450367  226
0.4504  343
0.450444  224
0.4506  349
0.451118  287
0.451252  289
0.451275  58
0.451295  63
0.451356  19
0.451533  312
0.45162  303
0.451797  69
0.452023  77
0.452175  295
0.452197  16
0.452231  148
0.452313  111
0.452396  218
0.452607  182
0.452757  138
0.4531  66
0.453165  170
0.453259  143
0.453379  147
0.453474  383
0.453666  24
0.453989  318
0.454089  373
0.454103  73
0.454187  375
0.454223  335
0.454261  359
0.454416  291
0.454464  4
0.454672  264
0.45486  78
0.454925  103
0.454987  233
0.454999  79
0.455043  353
0.455062  130
0.455147  29
0.455341  365
0.455461  126
0.455788  171
0.455814  168
0.4559  115
0.455973  152
0.456016  321
0.456021  166
0.456053  247
0.456182  261
0.456236  207
0.456287  399
0.456308  378
0.456419  260
0.456479  288
0.456664  364
0.456805  332
0.45688  323
0.456895  336
0.456973  382
0.457178  316
0.457187  313
0.457277  52
0.457295  109
0.457531  396
0.457618  307
0.457692  368
0.457835  388
0.457861  377
0.458032  259
0.45809  363
0.458136  117
0.458471  65
0.458597  85
0.45868  178
0.458763  169
0.458866  281
0.458965  160
0.458975  361
0.459226  390
0.45928  1
0.459282  134
0.459432  296
0.459651  248
0.459783  204
0.459805  369
0.459963  236
0.459972  209
0.459991  357
0.460056  133
0.460099  257
0.460117  379
0.460266  385
0.460286  140
0.46047  95
0.460755  74
0.461135  176
0.461218  320
0.461343  324
0.461497  18
0.461578  290
0.461624  391
0.461742  220
0.461989  258
0.462052  339
0.462196  155
0.462318  196
0.46237  43
0.462458  358
0.462471  262
0.46251  22
0.462594  164
0.462676  110
0.462821  93
0.463124  44
0.463226  305
0.463399  159
0.463504  299
0.463594  350
0.463665  136
0.464006  351
0.464139  380
0.464165  263
0.464348  232
0.464363  119
0.464436  11
0.464526  184
0.464631  328
0.464738  395
0.464889  397
0.46513  376
0.465343  367
0.46538  337
0.46539  64
0.465443  200
0.46563  188
0.465768  341
0.465782  37
0.465801  343
0.465804  346
0.465916  387
0.465994  162
0.466012  228
0.466144  301
0.466195  190
0.466281  231
0.466312  271
0.466507  392
0.466587  278
0.466643  326
0.466755  394
0.466992  319
0.467014  266
0.467106  55
0.467137  98
0.467189  370
0.467317  325
0.467445  308
0.467595  53
0.467889  389
0.467894  381
0.468029  120
0.468105  254
0.468169  322
0.468177  125
0.468228  347
0.468499  309
0.468512  139
0.468568  179
0.468678  0
0.46873  145
0.468802  25
0.468814  272
0.468895  99
0.469093  329
0.469155  345
0.469261  371
0.469288  240
0.469308  340
0.46947  127
0.469843  330
0.470101  360
0.470337  20
0.470446  310
0.470974  352
0.471055  213
0.471123  300
0.471454  304
0.471763  199
0.472596  298
0.472793  241
0.472804  292
0.473211  327
0.473585  141
0.473629  244
0.473633  212
0.474036  189
0.474239  225
0.474404  398
0.474785  154
0.475067  270
0.475156  21
0.475219  185
0.475387  356
0.475408  372
0.476111  229
0.476293  373
0.476523  348
0.476556  354
0.476711  374
0.477087  384
0.477274  167
0.477639  23
0.478425  333
0.479977  249
0.480151  105
0.480766  362
0.480836  221
0.482602  323
0.482887  315
0.48318  128
0.483517  393
0.484596  10
0.486534  238
0.487142  27
0.48776  251
0.488016  359
0.488036  332
0.488089  47
0.48828  56
0.488584  335
0.488625  342
0.488878  14
0.49096  344
0.491492  245
0.492043  317
0.493035  314
0.493371  86
0.49386  135
0.494514  89
0.494602  282
0.495144  165
0.495272  303
0.496206  312
0.496398  33
0.496433  109
0.496488  197
0.496612  377
0.496996  39
0.497073  302
0.497441  222
0.497582  386
0.497584  206
0.497901  365
0.498238  334
0.498557  360
0.498585  234
0.498972  306
0.499341  15
0.499382  286
0.500439  218
0.500676  90
0.500759  17
0.500984  357
0.501562  227
0.501892  48
0.501997  364
0.50206  267
0.502225  68
0.502333  355
0.502563  104
0.502747  97
0.50307  260
0.503109  9
0.503408  293
0.503488  116
0.503571  383
0.503632  38
0.503773  208
0.503896  390
0.504377  4
0.504532  146
0.504532  72
0.504544  338
0.504546  399
0.504551  250
0.504651  113
0.504869  328
0.504929  313
0.505214  307
0.505286  316
0.505321  280
0.505479  353
0.505573  75
0.505589  363
0.505724  274
0.505942  177
0.505992  122
0.506046  230
0.506165  70
0.506282  151
0.506532  366
0.506642  46
0.506647  41
0.506655  187
0.50677  6
0.50683  131
0.507082  239
0.507089  388
0.507282  168
0.507337  112
0.507395  94
0.507467  305
0.507656  3
0.507676  106
0.50776  214
0.507891  83
0.507892  155
0.507897  311
0.507949  318
0.507952  186
0.507953  161
0.507961  92
0.508025  378
0.508054  323
0.508149  301
0.508192  13
0.508307  67
0.508421  217
0.508479  291
0.508497  202
0.508523  324
0.5086  341
0.508658  320
0.5088  77
0.508812  349
0.508934  242
0.509044  201
0.509048  243
0.509118  71
0.509155  319
0.50917  50
0.50924  193
0.509338  321
0.509367  180
0.509473  352
0.509505  382
0.509571  375
0.509673  198
0.509696  347
0.509727  252
0.509814  49
0.509891  16
0.509937  210
0.509986  156
0.510075  391
0.510214  367
0.510256  369
0.51026  294
0.510406  370
0.510415  74
0.510515  374
0.51057  170
0.510837  107
0.510849  396
0.510852  114
0.51088  147
0.510948  111
0.510965  384
0.511035  19
0.511039  330
0.511142  331
0.511202  276
0.511347  297
0.511418  142
0.511574  28
0.511619  309
0.511679  376
0.511807  329
0.51181  162
0.511906  290
0.512055  124
0.512124  350
0.51213  397
0.512298  62
0.512315  261
0.51238  343
0.512392  121
0.512517  368
0.512731  379
0.512744  351
0.512814  29
0.512866  248
0.512871  195
0.512896  308
0.512929  361
0.513039  253
0.513121  387
0.513141  275
0.513153  359
0.513274  392
0.513356  395
0.513495  7
0.51354  54
0.513555  163
0.513572  304
0.513575  59
0.5136  380
0.513669  215
0.513671  342
0.513828  223
0.513902  356
0.513966  371
0.513979  191
0.513983  300
0.514097  20
0.514103  24
0.51413  322
0.514225  389
0.514296  344
0.514346  284
0.514617  336
0.514697  88
0.514732  35
0.51477  57
0.51484  393
0.514881  315
0.514896  129
0.514964  108
0.51526  339
0.515402  95
0.515436  176
0.5156  221
0.515781  335
0.515948  358
0.516151  32
0.516232  241
0.516476  166
0.51672  136
0.516888  172
0.516973  317
0.517323  337
0.517354  235
0.517409  333
0.517592  258
0.517739  211
0.517797  327
0.517801  299
0.518056  73
0.518163  398
0.518221  346
0.518328  348
0.518334  354
0.518355  394
0.518392  22
0.518415  332
0.518707  372
0.518728  386
0.519162  64
0.519228  277
0.519259  278
0.519448  377
0.519479  167
0.519919  12
0.519948  326
0.52017  158
0.520228  340
0.520424  153
0.520727  310
0.520967  345
0.521216  30
0.522572  182
0.523559  66
0.523835  60
0.524297  360
0.524496  251
0.52541  58
0.525613  362
0.525689  381
0.526729  160
0.527024  269
0.52711  314
0.528937  246
0.529212  61
0.530202  120
0.531594  373
0.533536  45
0.534438  312
0.534551  133
0.534794  349
0.53536  190
0.536102  385
0.536648  96
0.536719  149
0.537752  323
0.538509  390
0.538976  363
0.539862  87
0.539961  355
0.540117  352
0.540589  65
0.540683  224
0.540783  334
0.540991  378
0.541124  144
0.541542  4
0.541665  205
0.541865  338
0.542425  302
0.543265  365
0.543709  137
0.543869  268
0.544433  325
0.545272  51
0.545547  115
0.545726  109
0.545761  321
0.546223  357
0.546854  280
0.547193  350
0.547662  303
0.54769  259
0.547885  37
0.548341  256
0.548499  5
0.548637  192
0.548684  55
0.54889  36
0.549039  86
0.549184  306
0.549396  52
0.549867  26
0.55014  382
0.550256  82
0.550321  123
0.550375  388
0.550461  157
0.550967  331
0.550998  76
0.551107  307
0.551116  374
0.551176  100
0.551334  222
0.551346  233
0.551391  159
0.551442  351
0.55173  17
0.551775  328
0.55195  313
0.552024  38
0.552036  229
0.552277  225
0.552353  8
0.552535  272
0.552794  156
0.552801  34
0.552825  127
0.552842  174
0.552923  101
0.553377  216
0.55348  376
0.553495  347
0.553508  173
0.553643  181
0.553915  189
0.553971  125
0.554052  78
0.554143  397
0.554175  369
0.554199  39
0.55422  387
0.554356  339
0.554447  320
0.554513  395
0.554722  384
0.554759  148
0.554968  353
0.555028  335
0.555122  257
0.55518  143
0.555225  169
0.55525  264
0.555409  197
0.555463  40
0.555506  63
0.555699  364
0.55573  48
0.555738  262
0.555847  146
0.555884  265
0.555978  318
0.556111  226
0.556155  267
0.556351  292
0.556416  361
0.556448  2
0.556513  164
0.556542  81
0.556586  304
0.556599  199
0.556642  370
0.556678  324
0.556828  152
0.556845  346
0.556962  315
0.55701  279
0.557018  343
0.557084  99
0.557173  150
0.557254  10
0.557303  305
0.557306  47
0.557333  383
0.557497  396
0.557558  367
0.557575  341
0.557592  110
0.557688  332
0.557761  379
0.557924  319
0.558226  301
0.558226  44
0.558248  247
0.558365  375
0.558409  330
0.558466  372
0.558618  309
0.558726  177
0.55882  273
0.558877  126
0.559226  399
0.559472  102
0.559563  344
0.559568  380
0.559574  237
0.559619  366
0.559735  242
0.559749  105
0.559906  316
0.559942  270
0.56007  266
0.560322  377
0.560679  103
0.560808  249
0.56087  348
0.560882  178
0.560978  359
0.560982  337
0.561074  329
0.561078  340
0.561399  354
0.561459  393
0.561495  285
0.561496  371
0.561522  41
0.561801  24
0.562037  46
0.562062  398
0.56222  31
0.562277  27
0.562847  42
0.564117  314
0.564242  322
0.5644  283
0.564621  381
0.564911  311
0.565336  325
0.565741  345
0.565752  23
0.566121  317
0.566633  360
0.56672  342
0.5669  310
0.569721  236
0.570529  327
0.571342  142
0.575166  333
0.575477  392
0.576343  358
0.576814  238
0.579406  373
0.579588  67
0.579696  362
0.580342  300
0.582115  326
0.584146  18
0.584987  84
0.585063  302
0.585669  194
0.586351  184
0.587132  240
0.587313  363
0.587608  140
0.587773  350
0.588128  323
0.588429  141
0.588621  312
0.588722  77
0.589539  232
0.58968  308
0.589702  391
0.589875  334
0.590192  356
0.590247  389
0.590444  147
0.591779  172
0.59187  248
0.593102  349
0.59315  182
0.59316  347
0.5941  58
0.594563  112
0.594637  386
0.594646  368
0.595067  336
0.595311  89
0.595453  355
0.595615  227
0.595787  36
0.596275  113
0.596275  45
0.596675  394
0.597258  122
0.597326  106
0.597373  57
0.597571  338
0.597633  162
0.597906  118
0.598596  93
0.598648  129
0.598877  108
0.599003  161
0.59902  211
0.599032  15
0.599065  128
0.599379  183
0.599397  175
0.599501  170
0.599565  62
0.599571  339
0.599602  220
0.599602  138
0.599705  158
0.600048  351
0.600163  219
0.600314  193
0.600493  30
0.600567  25
0.600593  290
0.600669  9
0.600955  19
0.601126  213
0.601221  365
0.601261  212
0.601317  21
0.601318  195
0.601369  119
0.601392  244
0.601523  379
0.601588  230
0.601619  133
0.60162  203
0.601682  187
0.601694  357
0.601711  251
0.601834  228
0.601846  254
0.601893  224
0.601901  95
0.601922  136
0.601981  190
0.602024  145
0.602133  281
0.602477  94
0.602578  328
0.602607  14
0.602615  324
0.602674  364
0.602701  207
0.602718  329
0.602872  79
0.602909  376
0.602945  56
0.602964  69
0.603043  107
0.60307  235
0.603072  397
0.603387  271
0.603419  306
0.603468  335
0.603489  387
0.603491  166
0.603539  180
0.603622  367
0.603714  217
0.603733  390
0.603748  186
0.60382  396
0.60384  66
0.603843  299
0.603846  214
0.603901  80
0.603935  218
0.603982  85
0.603987  287
0.604003  385
0.604011  303
0.604085  370
0.604161  353
0.604182  354
0.604184  86
0.604193  314
0.604263  315
0.604265  210
0.604281  321
0.604288  388
0.604316  286
0.60433  196
0.604375  309
0.604417  307
0.604418  111
0.60458  380
0.604605  337
0.604635  171
0.604652  378
0.604676  317
0.604699  163
0.60473  252
0.604825  98
0.604876  359
0.605006  3
0.605087  382
0.605175  384
0.605253  0
0.605267  383
0.605297  352
0.605327  361
0.605359  344
0.605378  374
0.605379  49
0.605424  288
0.605517  70
0.605692  72
0.605748  42
0.605849  298
0.605874  198
0.605905  125
0.605913  322
0.605952  117
0.605987  369
0.606047  320
0.606205  185
0.606214  305
0.606222  7
0.60632  319
0.606499  256
0.606744  318
0.606922  301
0.606927  139
0.606981  255
0.606988  274
0.607035  239
0.607045  51
0.607129  313
0.607154  262
0.607256  332
0.607257  167
0.607337  372
0.607359  231
0.607371  153
0.607406  346
0.607452  340
0.607544  316
0.607579  88
0.607626  216
0.607659  275
0.607772  12
0.607884  341
0.607915  377
0.607973  310
0.607986  399
0.607988  333
0.608129  168
0.608179  375
0.608188  204
0.608193  330
0.608301  131
0.60832  331
0.608362  75
0.608363  156
0.608486  200
0.6085  225
0.608559  71
0.608708  343
0.608714  137
0.608871  135
0.608968  304
0.609036  127
0.609055  91
0.609107  253
0.609272  87
0.609292  245
0.60934  393
0.609376  360
0.609405  296
0.609445  395
0.609476  381
0.60952  174
0.609557  263
0.609652  327
0.609763  366
0.609951  293
0.610032  348
0.610055  278
0.610171  284
0.610331  302
0.610375  391
0.610476  202
0.61053  345
0.610588  294
0.610598  295
0.610607  11
0.610728  373
0.610908  326
0.610924  226
0.610968  157
0.610971  371
0.611041  323
0.611129  65
0.611181  363
0.611819  29
0.61186  355
0.611933  13
0.611991  243
0.612013  6
0.612092  34
0.612166  349
0.612254  215
0.612318  311
0.612417  336
0.612434  285
0.612493  358
0.61279  233
0.612813  356
0.612966  201
0.612984  325
0.613297  236
0.613342  362
0.613512  206
0.61361  130
0.613852  264
0.613932  123
0.614042  237
0.614075  368
0.614118  169
0.614145  300
0.614579  165
0.614705  54
0.614828  308
0.614944  276
0.61502  191
0.615301  164
0.615667  38
0.615728  149
0.615988  39
0.616212  101
0.616677  398
0.617103  392
0.617329  265
0.61741  100
0.617518  58
0.617561  134
0.61757  261
0.617675  68
0.618854  334
0.619312  389
0.621018  342
0.622584  27
0.622704  26
0.622779  176
0.623512  23
0.623788  386
0.623811  324
0.625478  92
0.626857  297
0.626897  347
0.627355  364
0.627668  267
0.627738  181
0.629084  52
0.629191  328
0.629407  60
0.629475  354
0.629591  192
0.630479  309
0.630491  350
0.630867  124
0.631438  359
0.631845  338
0.631955  379
0.63236  83
0.633225  74
0.63324  291
0.634513  282
0.634827  312
0.635246  257
0.635328  143
0.635629  208
0.636529  223
0.636874  307
0.637355  84
0.637937  33
0.638481  394
0.638933  385
0.638985  115
0.640086  73
0.640301  81
0.640371  335
0.640684  211
0.642779  209
0.643056  55
0.643238  378
0.643284  114
0.64337  15
0.64345  367
0.643553  333
0.643609  397
0.643927  1
0.643944  345
0.643956  331
0.643967  390
0.644453  306
0.64455  227
0.644703  249
0.645351  98
0.645497  78
0.645597  30
0.645858  357
0.64604  171
0.646168  251
0.646256  61
0.646399  319
0.646463  376
0.646557  46
0.646667  199
0.646856  369
0.646922  221
0.647073  144
0.647083  154
0.647284  160
0.647304  380
0.64747  365
0.647654  361
0.647714  387
0.647798  305
0.647804  16
0.647823  344
0.647945  63
0.648231  384
0.648339  301
0.648564  106
0.648611  352
0.648639  353
0.648763  313
0.648872  146
0.649039  2
0.64962  304
0.64975  41
0.649789  373
0.65005  346
0.65012  351
0.650181  343
0.650228  194
0.650289  370
0.650311  332
0.650972  388
0.651119  62
0.651217  213
0.651279  77
0.651771  339
0.651817  150
0.65225  382
0.652289  59
0.652487  53
0.652549  317
0.652777  302
0.653278  360
0.65337  314
0.653389  371
0.653821  151
0.653854  235
0.654035  322
0.654616  300
0.655101  273
0.655443  362
0.656453  395
0.656605  329
0.656745  32
0.657211  260
0.65798  85
0.658729  82
0.659408  238
0.659553  327
0.659623  383
0.660081  259
0.660261  288
0.660292  188
0.660344  348
0.660474  393
0.660493  375
0.661155  374
0.661571  103
0.661719  241
0.661998  68
0.662143  315
0.662421  37
0.662451  310
0.663784  325
0.663843  377
0.664425  311
0.665262  24
0.665394  4
0.665426  334
0.665688  396
0.666034  320
0.66624  303
0.666484  262
0.666644  355
0.667784  363
0.668157  119
0.669312  364
0.669909  80
0.67016  347
0.670947  399
0.671546  340
0.671976  349
0.672383  40
0.673415  112
0.673991  326
0.674745  87
0.675553  389
0.676377  337
0.676933  398
0.67905  330
0.679749  318
0.68068  381
0.680863  338
0.680935  35
0.681258  316
0.681598  99
0.683331  356
0.683658  86
0.683673  104
0.685116  366
0.685137  270
0.685175  222
0.685314  153
0.685648  372
0.685857  354
0.685966  386
0.686222  141
0.686282  17
0.686369  38
0.687137  240
0.687254  126
0.687294  205
0.687343  121
0.687394  391
0.687414  341
0.688235  358
0.688507  207
0.688832  258
0.688843  323
0.689068  25
0.689072  186
0.689134  224
0.689188  67
0.689422  113
0.689637  324
0.6899  125
0.689915  107
0.690208  57
0.690539  283
0.690596  275
0.690696  48
0.690793  28
0.691069  295
0.69134  352
0.691385  379
0.691473  174
0.691601  252
0.691953  90
0.692017  307
0.692072  50
0.692188  198
0.692224  309
0.692332  306
0.692471  350
0.692479  120
0.692496  274
0.692501  91
0.692847  140
0.693025  301
0.693064  197
0.693069  392
0.693086  281
0.693107  286
0.693108  380
0.693402  173
0.693478  47
0.693645  93
0.693752  361
0.694022  246
0.694169  56
0.694222  321
0.694244  72
0.69428  385
0.694325  20
0.694329  328
0.694395  242
0.694398  183
0.694628  369
0.694756  368
0.694765  182
0.694797  299
0.695023  308
0.695135  397
0.695222  219
0.695241  12
0.695402  357
0.695471  277
0.69567  287
0.695863  109
0.695924  300
0.695984  305
0.696  237
0.696086  293
0.696135  96
0.69614  49
0.696184  36
0.696188  279
0.696255  118
0.696365  21
0.696401  345
0.696535  342
0.696745  254
0.69687  272
0.69695  212
0.696998  10
0.697014  289
0.697029  297
0.69704  344
0.697074  359
0.697096  302
0.697137  189
0.697195  161
0.697226  263
0.697256  336
0.697382  51
0.697386  248
0.697417  64
0.69754  232
0.697826  190
0.697832  18
0.698071  143
0.698085  133
0.698146  292
0.698248  353
0.698349  29
0.698391  0
0.698421  245
0.698465  335
0.698493  312
0.698552  110
0.698567  296
0.698602  264
0.698663  76
0.698681  217
0.698782  105
0.698786  196
0.698808  16
0.698879  135
0.69903  333
0.699037  39
0.699086  204
0.699134  346
0.699158  15
0.699201  388
0.699249  11
0.699267  179
0.699272  327
0.699272  373
0.699282  367
0.699309  102
0.699388  136
0.699406  378
0.699438  247
0.69963  319
0.699676  393
0.699694  70
0.69971  94
0.699758  317
0.699919  387
0.700048  201
0.700078  399
0.700152  176
0.700168  269
0.700177  377
0.700296  130
0.700313  371
0.700355  6
0.700398  239
0.700427  117
0.700446  394
0.700491  334
0.700539  395
0.700574  332
0.700578  162
0.700642  360
0.700687  78
0.700763  172
0.700813  339
0.700982  304
0.701048  318
0.701071  137
0.701096  44
0.701165  3
0.701406  384
0.701433  139
0.701445  343
0.701456  363
0.701467  375
0.701541  251
0.701826  226
0.701853  294
0.701932  97
0.702005  43
0.702192  101
0.702198  203
0.70223  100
0.702238  165
0.702249  322
0.702284  265
0.702294  95
0.702496  54
0.702606  155
0.702652  347
0.702674  311
0.702721  194
0.702735  148
0.702764  178
0.70291  355
0.70292  170
0.702976  351
0.703166  362
0.703169  7
0.703296  376
0.703346  325
0.703375  221
0.703388  230
0.703491  26
0.703507  389
0.70351  340
0.703519  374
0.703557  255
0.703565  71
0.703585  160
0.70359  244
0.703602  303
0.703682  356
0.703711  60
0.703732  310
0.703738  199
0.70377  364
0.7038  157
0.704046  243
0.704697  210
0.704784  66
0.704869  233
0.705056  324
0.705079  111
0.705148  392
0.705274  386
0.705355  313
0.705439  59
0.705721  266
0.705726  215
0.705726  390
0.705839  271
0.706314  52
0.706327  22
0.706455  382
0.706518  308
0.706578  282
0.706604  396
0.706666  9
0.706695  329
0.706725  337
0.70676  331
0.706875  192
0.706886  144
0.707168  316
0.707206  142
0.707215  58
0.707271  349
0.707395  354
0.707396  31
0.707397  184
0.707425  365
0.707482  218
0.70761  122
0.707683  348
0.70774  383
0.707795  257
0.707832  330
0.707871  379
0.708429  370
0.708452  314
0.708539  381
0.708827  2
0.709207  306
0.70929  134
0.709363  75
0.709453  112
0.709593  158
0.710118  369
0.710149  298
0.710298  8
0.710337  138
0.710368  291
0.710784  153
0.710991  320
0.711027  74
0.711334  147
0.711502  164
0.711778  235
0.712523  229
0.713563  315
0.713669  361
0.714141  129
0.714232  352
0.714605  19
0.715228  338
0.715301  372
0.716576  398
0.716752  202
0.717222  13
0.71798  345
0.718029  380
0.718926  366
0.719651  116
0.720972  106
0.722581  344
0.724473  270
0.725723  216
0.726363  305
0.726775  335
0.726858  326
0.726941  268
0.727068  332
0.727456  284
0.729603  327
0.730619  323
0.730826  92
0.730982  42
0.731982  156
0.732821  188
0.733735  290
0.734038  141
0.734054  33
0.734073  339
0.734197  175
0.734328  14
0.734426  80
0.734519  213
0.734667  397
0.734866  309
0.735556  350
0.735844  342
0.736461  333
0.736825  334
0.736861  300
0.738051  274
0.739016  301
0.739062  159
0.739206  197
0.739534  373
0.739633  259
0.739734  262
0.740095  353
0.741169  166
0.741332  341
0.742469  63
0.74291  186
0.743092  359
0.743368  238
0.743895  206
0.744033  303
0.744484  328
0.744502  278
0.745174  37
0.745301  220
0.745602  82
0.745738  390
0.745782  27
0.745812  193
0.745814  208
0.745855  250
0.745916  388
0.746035  356
0.746228  62
0.746385  231
0.746393  24
0.746531  384
0.746653  331
0.74691  128
0.746931  358
0.746964  65
0.747066  321
0.74717  357
0.747367  343
0.747451  307
0.747977  310
0.74839  312
0.748614  360
0.748794  69
0.749005  168
0.749133  302
0.749473  371
0.749483  209
0.749853  181
0.750364  56
0.750574  355
0.750652  55
0.750711  214
0.750895  304
0.750926  187
0.750966  204
0.75118  385
0.751529  340
0.751629  53
0.751658  211
0.751742  162
0.751859  395
0.751926  245
0.752043  329
0.752356  349
0.752404  198
0.75245  363
0.752474  180
0.752554  264
0.752564  10
0.752893  394
0.752979  387
0.753219  318
0.753255  317
0.753302  383
0.753326  30
0.753404  367
0.753464  382
0.753478  240
0.753491  150
0.753551  374
0.754094  346
0.754392  365
0.754521  136
0.754888  242
0.75521  57
0.75581  228
0.756107  258
0.756329  336
0.756368  392
0.756644  389
0.756848  322
0.756865  151
0.756996  351
0.757083  380
0.757404  368
0.757654  260
0.757708  352
0.758639  115
0.75875  399
0.759509  145
0.761109  313
0.761172  114
0.761244  326
0.761689  347
0.762644  241
0.763444  396
0.763943  223
0.763958  41
0.764443  364
0.76631  119
0.767111  378
0.767242  361
0.767646  89
0.767692  386
0.768116  125
0.76861  185
0.76913  269
0.769343  308
0.770075  70
0.771092  375
0.771609  393
0.771646  397
0.772343  149
0.772545  324
0.772558  345
0.772665  91
0.772717  370
0.772721  131
0.772966  372
0.773214  124
0.773568  81
0.773708  377
0.773786  17
0.773822  323
0.774115  316
0.774303  266
0.774406  290
0.774653  348
0.775465  376
0.775849  319
0.775879  88
0.776142  379
0.776341  276
0.776345  391
0.776383  225
0.776633  6
0.777186  132
0.778204  381
0.778361  163
0.778489  96
0.778679  280
0.778802  135
0.779094  77
0.779362  267
0.779401  5
0.779454  190
0.779463  98
0.779578  244
0.77968  47
0.779714  369
0.779826  297
0.780111  330
0.780693  109
0.780731  94
0.780781  306
0.781048  31
0.781278  354
0.781623  350
0.781864  84
0.782124  282
0.782168  232
0.782179  160
0.782208  12
0.782234  341
0.782276  311
0.783029  73
0.783258  294
0.783362  253
0.783555  256
0.783753  342
0.78385  105
0.783984  230
0.784053  123
0.784069  113
0.784223  143
0.784258  338
0.784281  226
0.784326  177
0.784591  164
0.784596  29
0.784608  122
0.784661  247
0.784764  157
0.784767  307
0.784845  95
0.784857  337
0.784938  315
0.785083  295
0.78511  117
0.785278  359
0.785531  85
0.785556  366
0.785567  327
0.785578  384
0.78564  333
0.785671  268
0.785703  127
0.785761  48
0.785818  362
0.785913  61
0.78595  60
0.78595  68
0.786053  167
0.78619  252
0.786285  390
0.786306  19
0.786388  71
0.786493  45
0.786493  303
0.786497  107
0.78671  171
0.786853  356
0.786986  2
0.786987  314
0.787066  339
0.787186  59
0.787236  130
0.787301  80
0.787329  67
0.787552  312
0.787799  334
0.788062  301
0.788077  332
0.788104  287
0.788201  50
0.788273  28
0.788284  270
0.788305  309
0.788305  7
0.788384  86
0.788481  285
0.788588  36
0.788639  108
0.788642  154
0.788658  93
0.788697  383
0.788707  325
0.788738  227
0.788837  254
0.788865  335
0.788874  34
0.788949  321
0.789034  101
0.789055  62
0.789079  320
0.789162  76
0.789261  398
0.789493  318
0.789589  200
0.789648  218
0.789675  317
0.789813  304
0.789968  382
0.790032  277
0.790113  326
0.790128  169
0.79013  292
0.790291  371
0.790389  300
0.79049  281
0.790592  373
0.790689  296
0.790757  1
0.790775  346
0.790878  133
0.790963  352
0.790974  261
0.791046  172
0.791143  87
0.791231  148
0.791341  353
0.791365  10
0.791379  283
0.79143  173
0.791476  355
0.791479  239
0.791802  272
0.79181  248
0.791858  387
0.791868  22
0.791936  388
0.792033  140
0.792127  392
0.792605  380
0.792616  305
0.792665  357
0.792747  175
0.79278  374
0.792792  219
0.793015  4
0.793175  195
0.793218  368
0.793238  103
0.793319  138
0.793334  344
0.793497  39
0.793576  302
0.79385  360
0.794097  40
0.79444  193
0.794466  208
0.794582  11
0.794619  308
0.794636  328
0.794673  145
0.794724  358
0.794786  207
0.794835  347
0.795086  168
0.795132  323
0.795169  340
0.795307  120
0.795308  399
0.795344  367
0.795372  397
0.795558  15
0.795635  153
0.795648  349
0.795705  83
0.795813  25
0.795909  310
0.795951  166
0.795966  161
0.796005  233
0.796018  38
0.796021  126
0.796371  32
0.796647  194
0.796663  236
0.796948  329
0.797004  375
0.797081  245
0.797116  278
0.797386  378
0.797396  271
0.797684  21
0.798208  385
0.798209  97
0.798286  46
0.798525  299
0.798698  396
0.798879  363
0.798967  313
0.799189  43
0.799227  111
0.799687  322
0.799835  343
0.800265  394
0.800549  246
0.800551  351
0.800707  75
0.800759  187
0.800812  361
0.800844  381
0.801018  386
0.801117  393
0.801148  134
0.801332  217
0.801564  345
0.80187  348
0.801896  336
0.802718  259
0.803123  20
0.803133  235
0.80314  56
0.803215  365
0.803238  377
0.803279  350
0.80344  31
0.803768  331
0.803885  370
0.803974  389
0.804062  58
0.80515  316
0.805454  221
0.806641  72
0.806673  311
0.806767  395
0.807482  198
0.810193  27
0.81038  376
0.810883  74
0.81101  251
0.811464  364
0.811603  279
0.816044  342
0.816417  79
0.817726  96
0.818215  90
0.818593  213
0.819084  26
0.820061  265
0.820361  206
0.82106  199
0.821174  64
0.821355  387
0.821365  257
0.823441  324
0.82365  354
0.824518  155
0.824941  156
0.824957  200
0.825083  151
0.825091  332
0.82518  212
0.825443  91
0.825612  337
0.825829  129
0.82593  308
0.825948  86
0.826123  3
0.82626  158
0.826341  53
0.826428  390
0.826679  306
0.826878  382
0.827068  338
0.827171  223
0.827393  280
0.827547  353
0.827609  24
0.827658  289
0.827906  231
0.828071  165
0.828253  102
0.828339  146
0.829162  89
0.829272  49
0.829381  121
0.829404  229
0.829505  57
0.829559  116
0.829594  339
0.829766  215
0.829781  391
0.829868  141
0.829947  222
0.830029  298
0.830033  37
0.830057  98
0.83007  300
0.830112  398
0.830164  379
0.830186  201
0.830244  242
0.830418  118
0.830647  104
0.830709  192
0.830885  366
0.830936  69
0.830966  286
0.830977  362
0.831066  346
0.831101  344
0.831196  369
0.83128  78
0.831322  238
0.831395  260
0.831417  384
0.831494  184
0.831561  174
0.831583  333
0.83161  359
0.831668  110
0.831709  186
0.831919  372
0.831953  334
0.83215  273
0.832183  325
0.832214  152
0.832269  307
0.83232  8
0.832388  239
0.832498  399
0.832518  189
0.832679  319
0.832687  81
0.832692  220
0.832706  5
0.832709  92
0.832723  237
0.83278  244
0.832824  303
0.832857  315
0.832978  204
0.832987  183
0.83299  191
0.832997  145
0.833142  73
0.833142  373
0.833158  23
0.833286  302
0.833325  357
0.83337  341
0.833612  335
0.83362  327
0.833678  59
0.833682  326
0.833716  181
0.833748  367
0.833762  350
0.833771  368
0.833871  70
0.833928  41
0.833937  320
0.834122  154
0.834155  4
0.834187  249
0.834278  310
0.834337  351
0.83438  323
0.83442  388
0.834544  18
0.834549  360
0.834567  331
0.834635  352
0.834933  214
0.83503  313
0.835055  380
0.835067  285
0.835152  17
0.835168  264
0.835219  13
0.835308  374
0.835311  375
0.835403  100
0.83544  115
0.835602  301
0.835634  54
0.83568  345
0.83571  356
0.836104  44
0.836124  234
0.836237  343
0.836418  318
0.836551  188
0.836606  47
0.83681  355
0.836879  180
0.836882  309
0.836888  389
0.836974  42
0.837085  330
0.837108  28
0.837156  371
0.837298  0
0.837389  149
0.837567  178
0.837576  305
0.837582  396
0.837586  316
0.837589  329
0.837617  394
0.837675  397
0.837776  243
0.837792  196
0.837932  82
0.838672  224
0.838827  83
0.838908  294
0.839222  230
0.839234  317
0.839561  385
0.839575  139
0.83963  328
0.839672  381
0.839936  185
0.840136  272
0.840266  48
0.840439  241
0.84062  207
0.840736  269
0.84137  361
0.841438  144
0.841531  147
0.841611  266
0.841678  321
0.841742  65
0.841974  157
0.842218  50
0.842281  349
0.842356  383
0.842448  142
0.842539  35
0.84263  363
0.842706  378
0.842738  358
0.842848  225
0.842851  299
0.842872  311
0.843188  137
0.843383  261
0.8436  312
0.844082  197
0.844183  128
0.844404  233
0.844893  347
0.845139  163
0.845153  256
0.845473  16
0.845763  392
0.845827  348
0.8468  336
0.847131  205
0.84746  36
0.847645  365
0.848969  87
0.849085  75
0.849089  377
0.849199  263
0.849307  393
0.849561  314
0.849883  259
0.850093  386
0.850198  202
0.850327  342
0.850679  340
0.851355  107
0.851422  395
0.852305  21
0.852495  304
0.852739  370
0.852967  322
0.853144  296
0.853773  338
0.855276  6
0.858409  136
0.858421  195
0.858725  354
0.860415  376
0.860731  226
0.862172  324
0.862264  140
0.862436  364
0.862436  262
0.86438  97
0.864894  120
0.865102  332
0.865197  51
0.865386  26
0.865965  176
0.866007  387
0.866289  357
0.866519  373
0.867195  67
0.867228  323
0.867313  123
0.867918  179
0.869462  382
0.870356  274
0.870474  253
0.870808  372
0.871332  166
0.871674  254
0.871792  124
0.871816  130
0.871907  302
0.873013  345
0.873102  282
0.873211  390
0.873314  56
0.873397  343
0.873428  300
0.874417  10
0.874793  170
0.874857  84
0.874955  337
0.875034  242
0.875064  356
0.875296  14
0.8754  255
0.875577  344
0.875937  275
0.875952  359
0.875979  190
0.876104  62
0.87617  131
0.876181  177
0.876307  339
0.876516  235
0.876694  283
0.876749  229
0.876764  301
0.877072  52
0.877307  200
0.87732  288
0.877431  80
0.877996  310
0.878023  93
0.87804  78
0.878043  112
0.878203  279
0.878454  389
0.87852  43
0.878611  270
0.878641  391
0.878761  216
0.878814  308
0.878907  368
0.879082  39
0.879098  350
0.879109  118
0.879188  12
0.879219  398
0.87952  384
0.879674  77
0.87984  380
0.879851  22
0.880063  315
0.8802  227
0.880251  199
0.880309  369
0.880331  173
0.880333  213
0.880362  334
0.880377  284
0.880433  116
0.880532  366
0.880547  168
0.880608  9
0.880663  362
0.880814  105
0.881025  335
0.881043  237
0.881211  333
0.881382  125
0.88146  45
0.881508  329
0.881522  88
0.881722  19
0.881934  143
0.881957  209
0.882202  121
0.88228  328
0.882333  381
0.88236  331
0.882411  385
0.882466  271
0.882529  388
0.882548  150
0.882559  326
0.882583  104
0.882643  375
0.88268  1
0.882961  360
0.882981  367
0.883067  46
0.88322  76
0.883292  346
0.883298  374
0.883355  38
0.88337  228
0.883387  325
0.883445  319
0.883473  327
0.883474  386
0.88356  305
0.883784  351
0.883842  341
0.883964  236
0.88406  248
0.884196  318
0.884281  340
0.884458  336
0.884527  276
0.884719  189
0.884769  257
0.884831  211
0.884867  182
0.884868  96
0.884891  25
0.884995  66
0.885043  317
0.885067  58
0.885076  192
0.885089  313
0.885199  330
0.885229  159
0.885331  175
0.885433  7
0.885516  355
0.88552  396
0.885661  82
0.88576  303
0.885837  307
0.886121  395
0.886194  309
0.886278  314
0.886331  320
0.886385  40
0.88665  153
0.886672  297
0.886702  289
0.886774  11
0.886792  264
0.886798  114
0.886945  18
0.886997  287
0.88704  252
0.887111  371
0.887311  132
0.887614  353
0.887615  161
0.887741  399
0.888319  394
0.888415  260
0.888873  397
0.889264  321
0.889295  268
0.889298  71
0.889352  304
0.889394  379
0.889477  306
0.889642  44
0.889646  392
0.889743  31
0.889836  202
0.890047  101
0.89057  363
0.89084  387
0.890889  13
0.891136  365
0.891192  293
0.891347  311
0.891415  247
0.891844  232
0.892231  352
0.892325  292
0.892493  354
0.892782  324
0.892917  220
0.893093  110
0.893185  277
0.893189  322
0.893458  64
0.893477  278
0.893585  208
0.894177  172
0.89435  111
0.894637  223
0.894759  302
0.894827  238
0.89496  377
0.895136  206
0.895233  109
0.895597  378
0.896826  239
0.897171  332
0.897875  30
0.898154  171
0.898881  103
0.899399  338
0.899534  127
0.900088  350
0.900203  323
0.900597  316
0.90079  85
0.901577  194
0.901588  358
0.901972  373
0.902034  3
0.902939  49
0.902946  273
0.90318  347
0.904337  364
0.904448  312
0.90503  361
0.906102  119
0.906211  382
0.906424  169
0.907449  390
0.908727  2
0.9092  186
0.90927  318
0.909791  250
0.909973  92
0.910445  357
0.910571  342
0.910577  376
0.910723  231
0.910765  218
0.910944  291
0.911707  393
0.912115  184
0.912628  348
0.912776  113
0.912854  16
0.912856  55
0.913077  298
0.913432  295
0.913458  154
0.914159  86
0.914299  83
0.914334  157
0.91479  370
0.915712  337
0.915969  8
0.916169  381
0.916318  23
0.916574  29
0.916577  389
0.916774  286
0.917247  94
0.91726  155
0.917418  167
0.917565  32
0.917803  133
0.917873  152
0.917916  349
0.918077  210
0.918202  47
0.918458  73
0.91847  398
0.918503  134
0.918543  141
0.918737  41
0.918806  281
0.91894  225
0.918962  33
0.919277  372
0.919731  329
0.919776  285
0.919792  366
0.919809  246
0.920234  160
0.920333  244
0.92034  100
0.920492  396
0.920647  81
0.920714  108
0.920744  383
0.92106  151
0.921235  145
0.921343  234
0.921616  353
0.921724  95
0.921737  176
0.921823  310
0.921828  335
0.921831  369
0.921905  129
0.922071  362
0.922076  380
0.922078  215
0.922528  170
0.9226  391
0.922673  91
0.923036  311
0.923152  333
0.923184  192
0.923356  315
0.923478  158
0.923536  5
0.923586  198
0.923602  69
0.923724  115
0.923746  204
0.923778  178
0.92381  35
0.923988  163
0.924109  375
0.924149  399
0.92416  168
0.924174  135
0.924526  331
0.924535  368
0.924659  65
0.924848  61
0.924954  355
0.92501  301
0.925194  304
0.925203  319
0.925203  99
0.925249  321
0.925277  290
0.925314  384
0.925365  327
0.925371  230
0.925375  20
0.925514  345
0.925518  351
0.925582  193
0.925736  317
0.925758  102
0.925829  267
0.925915  360
0.925919  320
0.925936  59
0.925963  229
0.925991  314
0.926048  371
0.926089  54
0.926128  336
0.926251  106
0.92634  196
0.926382  326
0.926697  344
0.926737  346
0.926746  183
0.926825  322
0.927015  395
0.927116  207
0.92735  98
0.92743  48
0.927984  137
0.927991  328
0.928033  343
0.928045  0
0.928239  367
0.928447  308
0.928719  307
0.928738  226
0.929033  325
0.929153  79
0.929175  84
0.929283  334
0.929432  363
0.929462  15
0.929485  132
0.929537  379
0.929601  107
0.929679  386
0.929731  62
0.929805  45
0.929926  241
0.929988  309
0.930221  341
0.930235  221
0.930274  306
0.930537  43
0.930963  269
0.931016  374
0.931159  87
0.931367  70
0.93159  387
0.931613  324
0.931645  212
0.931794  26
0.932243  385
0.932395  253
0.932431  392
0.932798  356
0.932804  25
0.933015  305
0.933081  140
0.933183  330
0.933767  299
0.933933  68
0.934159  92
0.934228  201
0.93426  12
0.934402  254
0.934458  11
0.934508  10
0.934918  251
0.934953  270
0.935232  339
0.935365  162
0.935941  359
0.936066  352
0.936249  205
0.936512  388
0.936575  394
0.937583  166
0.937833  181
0.938259  57
0.938658  122
0.939072  338
0.939147  46
0.939317  180
0.939535  302
0.939731  300
0.939992  350
0.941314  316
0.941316  159
0.941585  364
0.941912  313
0.942546  377
0.942754  378
0.942902  303
0.943341  390
0.94335  382
0.943431  76
0.944046  365
0.944723  144
0.945933  373
0.945968  342
0.946549  14
0.946862  393
0.947332  80
0.949146  17
0.94954  89
0.950221  347
0.950288  261
0.95035  200
0.950482  348
0.951303  149
0.95181  264
0.952049  30
0.952133  397
0.952894  340
0.95309  28
0.953105  318
0.953947  101
0.954083  354
0.954129  74
0.954429  238
0.955024  131
0.955327  63
0.955804  312
0.956309  259
0.957373  173
0.958147  357
0.958475  362
0.958668  376
0.959186  349
0.959218  398
0.95924  164
0.959608  217
0.96105  94
0.961388  182
0.961709  219
0.962023  148
0.962176  323
0.962851  223
0.963434  389
0.963843  39
0.96392  103
0.963997  358
0.964108  381
0.964612  361
0.964725  1
0.965343  345
0.96546  72
0.966027  279
0.966095  125
0.966746  141
0.967159  337
0.96716  332
0.967479  276
0.967503  67
0.967666  7
0.967671  64
0.96771  37
0.967801  171
0.967824  38
0.967891  255
0.967973  233
0.968118  245
0.968338  384
0.968341  370
0.968344  19
0.968365  375
0.968441  97
0.968498  111
0.968569  311
0.968611  211
0.968729  51
0.968732  383
0.968809  326
0.968878  156
0.968934  190
0.969115  110
0.969358  335
0.969372  186
0.969413  331
0.969717  216
0.969993  399
0.970244  319
0.970473  117
0.970533  396
0.970769  152
0.970912  85
0.970936  199
0.971466  314
0.971486  310
0.971548  99
0.97178  355
0.971804  320
0.971827  119
0.97195  353
0.972365  220
0.972456  179
0.972507  185
0.97253  206
0.972837  147
0.97294  136
0.972947  327
0.97315  124
0.973506  58
0.973575  120
0.973674  372
0.973721  328
0.973748  315
0.973757  292
0.973769  301
0.973937  153
0.974038  366
0.974124  322
0.974171  22
0.974239  380
0.974299  247
0.974411  317
0.974445  23
0.974604  341
0.974744  128
0.97499  304
0.975118  138
0.97517  130
0.97545  266
0.975523  351
0.975609  307
0.975686  316
0.975872  368
0.975949  294
0.975982  230
0.975984  158
0.976089  363
0.97612  369
0.976195  356
0.976742  293
0.976799  371
0.976814  127
0.976936  364
0.977164  339
0.977717  189
0.97772  275
0.977799  305
0.97811  325
0.978186  235
0.978188  391
0.978294  367
0.978435  237
0.978696  16
0.978717  306
0.978763  393
0.978788  360
0.978863  177
0.978939  24
0.978954  281
0.978955  88
0.979511  123
0.979596  387
0.979833  330
0.980606  78
0.98064  191
0.980742  379
0.980842  333
0.98087  324
0.981001  208
0.981006  100
0.981009  240
0.981164  86
0.981175  388
0.981242  114
0.981718  342
0.981955  98
0.982123  284
0.982211  271
0.982335  161
0.982357  359
0.982396  343
0.982996  308
0.983377  83
0.983754  346
0.983867  209
0.983883  77
0.984122  344
0.984157  192
0.984644  321
0.985434  288
0.985576  329
0.985607  385
0.985691  90
0.98571  338
0.985737  60
0.985882  312
0.986688  382
0.98709  392
0.98828  175
0.988758  336
0.989511  214
0.991147  374
0.992566  256
0.99266  176
0.992662  302
0.993059  18
0.993729  146
0.994  394
0.994488  289
0.994513  59
0.994561  168
0.995228  165
0.995552  265
0.99574  273
0.996427  395
0.996443  309
0.996499  274
0.99663  313
0.996753  283
0.997297  350
0.997433  390
0.997552  303
0.997643  352
0.997705  282
0.997823  34
0.99791  108
0.998114  184
0.998243  260
0.998633  257
0.998756  126
0.998834  142
0.998914  195
0.999034  386
0.999976  180
