0.035443  131
0.0374149  376
0.0374821  137
0.0379219  390
0.0388721  28
0.0392425  168
0.0394669  258
0.0394671  25
0.0399789  393
0.0400233  169
0.0400341  221
0.0402095  383
0.0402596  109
0.0403054  78
0.0403487  10
0.0404017  392
0.0404558  311
0.0405357  374
0.0405548  174
0.0406857  194
0.0407641  302
0.0408533  5
0.0408886  158
0.0409214  124
0.0411093  42
0.041183  23
0.0412233  344
0.0412997  236
0.0413011  241
0.0413019  234
0.0413107  41
0.0413695  86
0.0413766  337
0.041408  31
0.0414107  73
0.041487  103
0.0415325  287
0.0415394  286
0.0415903  33
0.0415947  102
0.0416428  147
0.0416496  46
0.041683  269
0.0417653  199
0.0417888  51
0.041819  2
0.0418216  107
0.0418351  180
0.0418522  92
0.0418848  329
0.041886  155
0.0418863  138
0.0419205  398
0.0419316  99
0.0419986  349
0.0420155  40
0.0420269  21
0.0420457  205
0.0420583  151
0.0420985  336
0.0421005  353
0.0421011  366
0.0421266  324
0.0421726  342
0.0421749  175
0.0421876  261
0.0422068  74
0.0422144  228
0.0422251  141
0.0422446  35
0.0422458  192
0.0422462  44
0.0422684  372
0.0422807  189
0.042297  335
0.0423081  348
0.0423196  246
0.0423323  273
0.0423336  123
0.0423724  240
0.0423732  213
0.0423769  190
0.0423889  19
0.0423925  370
0.0423947  54
0.0423954  207
0.0424068  326
0.0424521  144
0.0424691  14
0.0424772  34
0.0424858  159
0.0425036  134
0.0425064  319
0.0425108  0
0.0425131  191
0.0425163  136
0.0425192  251
0.0425213  253
0.0425216  300
0.0425255  16
0.0425258  323
0.0425456  310
0.0425592  396
0.0425617  132
0.0425703  104
0.0425763  113
0.0425793  381
0.042608  321
0.0426092  357
0.0426169  117
0.0426472  206
0.0426509  265
0.0426522  354
0.0426541  249
0.042658  118
0.0426636  350
0.0426766  39
0.0426793  371
0.0426837  80
0.042687  216
0.0426894  368
0.0426933  312
0.0426974  145
0.0427006  333
0.0427044  263
0.0427143  9
0.042722  177
0.0427307  327
0.042745  305
0.0427587  53
0.0427642  266
0.0427682  330
0.0427713  24
0.0427753  22
0.0427757  63
0.0427804  373
0.0427895  334
0.0427936  139
0.0427954  43
0.0427961  115
0.0428068  387
0.0428194  343
0.0428228  176
0.0428255  397
0.042832  338
0.0428323  256
0.0428477  173
0.0428517  328
0.0428647  380
0.0428809  165
0.0428892  227
0.0428932  226
0.0428984  341
0.0428999  154
0.0429008  120
0.0429018  58
0.0429083  20
0.0429182  210
0.042927  309
0.0429348  255
0.0429371  316
0.0429383  345
0.0429428  358
0.0429511  386
0.0429541  399
0.042955  268
0.0429578  32
0.0429618  275
0.0429722  351
0.0429724  49
0.0429756  89
0.0429762  347
0.0429772  340
0.042988  378
0.042993  339
0.0429943  318
0.0430081  356
0.0430168  375
0.0430307  179
0.0430339  361
0.0430378  352
0.0430422  36
0.0430441  243
0.0430587  320
0.0430671  30
0.0430719  322
0.0430794  203
0.0430834  394
0.0430942  239
0.0430945  235
0.0431005  279
0.0431006  100
0.0431016  186
0.0431055  114
0.0431056  202
0.0431108  314
0.0431187  232
0.0431306  18
0.0431384  181
0.0431465  15
0.0431467  93
0.0431487  29
0.0431755  245
0.0431841  317
0.0431958  331
0.043197  52
0.0432142  7
0.0432241  171
0.0432244  133
0.0432314  395
0.0432316  306
0.0432481  156
0.0432525  135
0.0432554  282
0.0432608  385
0.0432718  301
0.0432743  252
0.0432765  45
0.0432815  72
0.0432847  215
0.0432858  362
0.0432956  172
0.0432967  198
0.0432995  70
0.0433064  88
0.0433111  270
0.0433207  367
0.0433235  247
0.0433237  293
0.0433268  298
0.0433591  62
0.0433638  162
0.0433665  55
0.0433674  101
0.0433774  304
0.0433839  295
0.0433993  56
0.0434028  325
0.043407  110
0.0434233  1
0.0434251  48
0.0434271  280
0.0434357  185
0.0434745  223
0.0434875  307
0.043488  67
0.043495  184
0.043497  222
0.0434979  346
0.0435086  160
0.0435248  379
0.0435254  12
0.0435319  112
0.0435402  163
0.0435503  197
0.0435553  150
0.0435566  224
0.0435719  126
0.0435727  208
0.0435764  209
0.0435788  377
0.0435809  81
0.0435814  260
0.0435867  359
0.043591  281
0.0436047  76
0.0436278  13
0.0436281  193
0.0436325  178
0.0436396  229
0.0436544  313
0.0436592  315
0.0436686  237
0.0436909  382
0.0436997  61
0.043705  364
0.0437193  170
0.0437246  127
0.0437283  108
0.043737  183
0.0437455  365
0.043752  204
0.0437622  267
0.043764  384
0.0437723  285
0.0437724  360
0.0437844  303
0.043785  69
0.0437894  291
0.0437964  37
0.0438122  257
0.0438139  308
0.0438175  129
0.0438214  250
0.04384  91
0.0438444  188
0.0438481  218
0.0438522  3
0.04386  277
0.0438659  128
0.0438822  140
0.0438924  85
0.0438988  125
0.0439055  332
0.0439076  363
0.0439391  391
0.0439461  296
0.0439471  201
0.0439599  79
0.0439623  289
0.0439653  96
0.0439725  116
0.0439767  369
0.0440187  26
0.0440424  200
0.0440484  254
0.0440706  355
0.0440741  182
0.0440782  248
0.0440864  83
0.0440947  130
0.0441058  84
0.0441092  262
0.0441188  142
0.0441403  152
0.0441635  87
0.0441683  196
0.0441758  11
0.044187  231
0.0442017  38
0.0442068  121
0.044221  57
0.0442237  111
0.0442388  90
0.0442646  187
0.0442684  294
0.0443066  60
0.044312  122
0.0443403  219
0.0443847  66
0.0444021  217
0.0444089  106
0.0444142  143
0.0444241  146
0.0444272  75
0.0444435  274
0.0444765  82
0.0445191  388
0.0445236  225
0.044528  389
0.0445474  233
0.0445483  166
0.0445636  149
0.0445866  276
0.0445897  242
0.0446211  164
0.0446224  244
0.0446247  238
0.0446503  278
0.0446636  214
0.0446769  27
0.0446946  50
0.0447529  230
0.0448654  64
0.0448748  77
0.0448762  157
0.0449176  212
0.0449303  98
0.044957  97
0.0449702  195
0.0450236  148
0.0450529  65
0.0450533  299
0.045071  105
0.0450767  211
0.045129  59
0.0451639  47
0.0451785  284
0.0451789  259
0.0451892  264
0.0452811  220
0.0453915  68
0.0454887  6
0.0455882  71
0.0455926  95
0.0456014  17
0.0456561  86
0.045668  137
0.0456866  272
0.0457189  271
0.0457747  292
0.0458507  94
0.0459502  366
0.0460137  344
0.0461125  290
0.0461179  153
0.0462164  161
0.0462214  8
0.0462678  374
0.0464287  288
0.0465328  311
0.0465373  376
0.0465742  339
0.0466815  283
0.0467107  169
0.0467453  297
0.0468866  167
0.0469183  4
0.0469431  333
0.046947  342
0.0471497  190
0.0471844  5
0.0472967  14
0.0474048  361
0.0474865  28
0.0475557  373
0.0476234  168
0.0476601  131
0.0476646  390
0.0476773  308
0.0476774  175
0.0480275  392
0.0482247  43
0.0482304  335
0.0483078  352
0.0484065  375
0.0485824  317
0.0488188  236
0.0488659  369
0.0492227  76
0.0493082  330
0.0494312  346
0.0497067  155
0.04987  36
0.0498916  302
0.050162  355
0.0501792  353
0.0502039  337
0.0502415  323
0.0505377  33
0.0505653  55
0.0510129  166
0.0510611  266
0.051163  22
0.05142  321
0.0515907  295
0.051626  258
0.0516292  104
0.0517434  67
0.0518228  216
0.0519742  354
0.0521005  386
0.0522986  348
0.052486  21
0.0524901  159
0.0526075  119
0.0528769  49
0.0530476  397
0.0531413  194
0.0533271  359
0.0535981  265
0.0537156  285
0.0537781  350
0.054125  363
0.0542334  362
0.054597  313
0.0546298  7
0.0547114  81
0.0547434  334
0.0551051  132
0.055533  345
0.0556469  298
0.0562896  368
0.0566391  34
0.0567022  53
0.0567787  210
0.0568939  271
0.0570236  395
0.058056  377
0.058517  139
0.0593255  381
0.0598406  110
0.0604211  170
0.0615629  344
0.0618602  192
0.0622265  255
0.0630894  31
0.063253  198
0.063482  324
0.0641978  318
0.0642608  235
0.0650903  126
0.0656144  160
0.0658066  56
0.066907  158
0.0680805  352
0.0688025  305
0.0690946  308
0.0691786  379
0.0698673  135
0.0700937  234
0.0701232  339
0.0714609  323
0.0736633  123
0.0741753  325
0.0742354  290
0.0743694  138
0.0745999  365
0.0749362  74
0.0750002  367
0.0754726  384
0.0761848  388
0.0769288  399
0.0771246  371
0.0781034  201
0.0795022  270
0.0803884  317
0.0830624  370
0.0837853  326
0.0838188  366
0.0844729  329
0.084652  353
0.0850112  380
0.0850877  212
0.0853788  374
0.0862595  62
0.0889292  25
0.0894673  292
0.0903077  322
0.0906884  350
0.0907089  137
0.0910289  376
0.0916898  333
0.0919192  310
0.0923066  73
0.0923328  227
0.0934974  393
0.0937461  14
0.0937886  0
0.0938111  387
0.09397  63
0.0940649  314
0.0942302  275
0.0942949  97
0.0943047  68
0.0943185  349
0.0943342  19
0.0943725  303
0.0944527  309
0.0945333  328
0.0945774  99
0.0948535  312
0.0950916  302
0.0951139  360
0.0955408  373
0.0960251  46
0.0961453  186
0.0967645  301
0.0968848  341
0.0970469  340
0.0970628  248
0.0971041  382
0.097206  213
0.09724  15
0.0977259  335
0.0981012  215
0.0982496  260
0.0986064  351
0.0987808  315
0.099384  241
0.0997022  316
0.0997553  398
0.100167  42
0.100187  151
0.101363  77
0.102055  327
0.102129  29
0.10227  356
0.102327  343
0.102354  72
0.102591  394
0.102808  40
0.102862  375
0.102996  253
0.103132  347
0.103216  69
0.103288  230
0.103353  332
0.103493  304
0.103628  354
0.104447  372
0.10467  338
0.105309  143
0.105441  180
0.105857  79
0.106037  206
0.106073  1
0.106164  386
0.106401  261
0.106569  383
0.106871  358
0.106955  311
0.106964  363
0.107102  80
0.10789  381
0.10802  364
0.108373  392
0.108784  331
0.109021  396
0.109064  300
0.109509  249
0.109751  378
0.110855  185
0.111444  321
0.112275  10
0.11286  6
0.112933  172
0.112974  117
0.113286  136
0.114197  9
0.114229  190
0.114546  289
0.115155  357
0.115471  348
0.115838  134
0.115848  385
0.116955  284
0.117034  3
0.117079  342
0.117357  207
0.117457  246
0.118655  359
0.119035  336
0.119311  238
0.120161  337
0.120162  51
0.120163  4
0.120952  178
0.121298  307
0.122363  389
0.122456  391
0.122593  163
0.123338  128
0.123649  93
0.123942  32
0.123955  259
0.123964  306
0.124093  369
0.124396  203
0.124407  214
0.124565  195
0.124763  189
0.125074  368
0.125147  334
0.125427  192
0.125516  162
0.125651  174
0.125724  34
0.12573  397
0.125752  390
0.126127  45
0.126319  101
0.12648  305
0.126596  156
0.126598  41
0.126693  345
0.126907  367
0.126909  24
0.127245  109
0.127516  283
0.127563  175
0.127782  395
0.127796  35
0.127911  37
0.127973  5
0.128397  43
0.128486  324
0.12902  282
0.129059  48
0.129409  158
0.129525  320
0.129554  8
0.129576  317
0.129588  355
0.1296  344
0.129605  268
0.129795  346
0.129962  231
0.130105  11
0.13022  191
0.130272  61
0.13029  107
0.130353  361
0.130365  12
0.130605  398
0.130702  71
0.130826  323
0.130829  132
0.130902  244
0.130923  204
0.130967  379
0.131028  82
0.131034  362
0.131071  177
0.131162  112
0.131225  47
0.131447  28
0.131455  322
0.131473  50
0.131593  243
0.13186  88
0.131995  165
0.132031  90
0.132231  228
0.132367  325
0.132523  240
0.132654  65
0.132682  161
0.132735  124
0.132752  205
0.132765  312
0.132819  318
0.132853  330
0.132944  111
0.132966  384
0.132966  102
0.132976  313
0.132993  339
0.133014  319
0.133094  60
0.133151  309
0.133202  222
0.133212  153
0.133244  388
0.133278  141
0.13332  221
0.133406  152
0.133415  302
0.133419  122
0.13372  155
0.134028  399
0.134072  104
0.134093  372
0.134116  49
0.134155  247
0.134175  217
0.134212  157
0.134477  365
0.134478  296
0.134518  87
0.134565  92
0.134641  225
0.134699  374
0.134771  167
0.134898  129
0.134899  251
0.134949  126
0.135111  13
0.135114  376
0.135189  138
0.135197  274
0.135219  164
0.135231  84
0.135244  166
0.135253  314
0.135344  171
0.135368  310
0.135421  7
0.135472  332
0.135513  39
0.135572  393
0.135699  294
0.135789  179
0.135849  377
0.135881  321
0.135909  275
0.135975  110
0.135989  392
0.136091  103
0.136093  94
0.136112  378
0.136122  394
0.136124  173
0.13613  67
0.136144  256
0.136225  273
0.13624  78
0.136262  159
0.136371  116
0.136371  316
0.136396  257
0.136455  366
0.136459  140
0.136463  364
0.136517  286
0.136576  57
0.136581  304
0.136592  370
0.136623  210
0.136636  341
0.136666  371
0.136677  287
0.13669  266
0.136694  326
0.136706  383
0.13672  146
0.136745  149
0.136811  16
0.136821  329
0.13685  349
0.136875  52
0.136932  86
0.136968  22
0.137032  96
0.137046  250
0.137117  356
0.137136  17
0.137266  42
0.137278  95
0.137325  350
0.137328  301
0.137337  328
0.137365  131
0.13738  44
0.137382  80
0.137396  335
0.137434  353
0.137457  387
0.137658  98
0.137692  333
0.137844  252
0.137878  196
0.137891  194
0.137896  285
0.137992  215
0.137999  380
0.138018  186
0.138031  199
0.138132  303
0.13814  308
0.138142  360
0.138196  255
0.13838  386
0.138444  381
0.138456  220
0.138471  193
0.138503  311
0.138814  396
0.138837  236
0.138849  338
0.138884  144
0.138906  135
0.138911  363
0.139073  352
0.139089  375
0.13914  358
0.139202  224
0.139344  63
0.139368  351
0.139431  347
0.139487  59
0.139608  91
0.139747  148
0.139797  89
0.139811  33
0.139838  145
0.139878  340
0.139929  343
0.139931  113
0.139949  297
0.140024  108
0.140103  298
0.140123  118
0.140355  315
0.140356  211
0.140513  280
0.140565  382
0.140612  279
0.140618  291
0.14064  270
0.140692  307
0.140695  237
0.140728  4
0.140741  385
0.140754  357
0.140842  354
0.140848  306
0.14095  139
0.141091  327
0.14116  66
0.141209  46
0.141236  20
0.141433  348
0.141614  276
0.141738  55
0.141751  31
0.141762  331
0.141807  305
0.141818  373
0.141905  242
0.142017  30
0.142101  245
0.142185  288
0.142254  263
0.142258  342
0.142282  133
0.142605  70
0.142618  248
0.142954  83
0.143037  181
0.143109  21
0.143275  119
0.143284  265
0.143469  100
0.14357  389
0.143582  334
0.143596  324
0.14362  136
0.143686  390
0.143725  169
0.143938  27
0.143974  105
0.143997  168
0.144072  267
0.144107  64
0.144276  160
0.144311  345
0.144707  359
0.144878  187
0.145447  189
0.145521  398
0.145762  368
0.145846  3
0.146146  336
0.146228  184
0.146361  14
0.146377  154
0.146453  260
0.146467  367
0.146542  300
0.146844  290
0.14709  1
0.147642  10
0.147787  355
0.147853  212
0.147864  323
0.148013  339
0.148027  362
0.148098  337
0.148282  130
0.148502  261
0.148773  120
0.148993  121
0.149259  369
0.149446  9
0.149895  241
0.149957  322
0.150607  76
0.150889  313
0.151044  123
0.151214  29
0.151671  330
0.151741  289
0.151761  395
0.152491  151
0.152767  262
0.152826  234
0.153077  321
0.153582  258
0.155691  372
0.155827  229
0.156013  391
0.156075  344
0.156601  269
0.156621  253
0.156939  318
0.158079  349
0.158243  137
0.158298  305
0.159176  207
0.159513  140
0.159552  384
0.159927  69
0.160972  341
0.161187  361
0.161533  107
0.161832  188
0.163492  233
0.164619  238
0.165591  350
0.167142  60
0.167178  0
0.167218  36
0.16725  392
0.167658  346
0.168007  226
0.168112  281
0.169074  315
0.169268  317
0.169626  150
0.169863  294
0.16987  371
0.169996  308
0.170393  254
0.17047  383
0.172304  128
0.172504  170
0.173147  328
0.173757  112
0.174134  378
0.174168  295
0.174347  397
0.174936  379
0.17501  304
0.17514  343
0.175175  6
0.175182  396
0.175247  75
0.175302  72
0.175396  319
0.175466  98
0.175624  309
0.175658  183
0.17594  356
0.176269  182
0.176379  48
0.176502  376
0.17651  171
0.176518  195
0.176756  353
0.176824  358
0.177396  380
0.177843  381
0.178068  23
0.1781  324
0.178724  320
0.178851  351
0.17911  114
0.17913  316
0.179244  360
0.181146  155
0.182607  275
0.183354  342
0.183977  325
0.184051  106
0.184257  191
0.184888  209
0.184988  284
0.18508  336
0.185472  382
0.185623  93
0.186024  357
0.186229  34
0.18642  366
0.186491  332
0.187323  208
0.188089  204
0.188112  340
0.188573  345
0.188672  190
0.188789  74
0.188903  359
0.188979  302
0.188989  311
0.189411  329
0.189507  301
0.189852  326
0.189882  90
0.189956  26
0.189961  165
0.189964  322
0.1905  375
0.190566  216
0.191529  374
0.191956  370
0.192058  314
0.192447  394
0.192464  352
0.192741  312
0.194099  82
0.194124  363
0.194186  327
0.194356  53
0.196163  206
0.196396  266
0.197162  335
0.197223  386
0.197226  347
0.19759  303
0.19805  367
0.199319  398
0.199503  122
0.200139  25
0.200509  338
0.202966  198
0.20499  307
0.205193  202
0.205389  177
0.205459  143
0.205683  334
0.206503  388
0.207621  232
0.207644  399
0.207946  223
0.208332  354
0.208568  318
0.209321  97
0.209678  355
0.209855  391
0.209927  124
0.210075  235
0.210258  333
0.210733  147
0.210922  127
0.21197  364
0.212434  50
0.212662  116
0.21325  68
0.213327  230
0.213432  101
0.213576  173
0.214418  362
0.214565  21
0.214715  361
0.214795  339
0.21492  153
0.215219  350
0.215224  78
0.215503  377
0.215538  323
0.215774  368
0.215849  365
0.21592  104
0.216376  393
0.216824  13
0.217005  58
0.217179  287
0.217372  141
0.217376  385
0.218204  213
0.218547  138
0.218785  144
0.219459  41
0.219592  282
0.219674  85
0.219923  28
0.220074  278
0.220226  84
0.220434  142
0.220541  300
0.220564  146
0.22062  337
0.220729  243
0.22104  176
0.221071  264
0.221113  215
0.221265  269
0.221282  115
0.221301  192
0.221445  283
0.221469  32
0.221485  99
0.221491  395
0.221528  105
0.221705  67
0.22188  305
0.221901  286
0.221915  328
0.221978  331
0.222267  310
0.222273  369
0.222295  56
0.222349  313
0.222405  180
0.222408  197
0.222431  279
0.222769  219
0.222915  207
0.222957  117
0.223038  259
0.22333  348
0.223357  256
0.22336  45
0.223428  353
0.223432  166
0.223435  218
0.223489  19
0.223547  380
0.223644  172
0.223659  389
0.223678  387
0.223723  317
0.22384  157
0.223958  254
0.223989  20
0.224011  383
0.224062  237
0.224118  341
0.224127  51
0.224172  44
0.224193  189
0.22431  371
0.22435  159
0.224358  199
0.224497  261
0.224553  390
0.224561  360
0.224621  366
0.224716  379
0.224719  35
0.224845  343
0.224887  247
0.224893  373
0.224896  61
0.224924  304
0.224973  43
0.225091  64
0.225125  102
0.225145  39
0.225164  265
0.22534  324
0.225344  185
0.225405  315
0.225539  378
0.22555  397
0.225559  181
0.225575  121
0.225616  40
0.225712  179
0.225736  107
0.225763  296
0.225827  88
0.226147  9
0.22622  55
0.22625  22
0.226315  38
0.226464  277
0.22656  103
0.22661  309
0.226664  119
0.226699  349
0.226705  2
0.226759  130
0.226769  54
0.226776  227
0.226815  129
0.226821  231
0.22683  322
0.226966  271
0.227011  4
0.227044  163
0.227057  244
0.227063  306
0.227098  210
0.22716  113
0.227215  17
0.227246  203
0.227296  392
0.2273  325
0.227339  148
0.227538  332
0.227544  71
0.227574  357
0.227621  258
0.227706  3
0.227725  239
0.227824  249
0.227868  118
0.227871  57
0.227955  245
0.227967  14
0.227998  33
0.228054  344
0.228072  299
0.228079  336
0.228142  346
0.228154  342
0.228157  5
0.228191  292
0.228281  321
0.228282  246
0.228346  228
0.228417  178
0.228439  15
0.228472  384
0.228473  12
0.228477  340
0.228486  220
0.228512  186
0.228536  77
0.228542  363
0.228563  120
0.228568  302
0.228579  158
0.22866  298
0.228738  359
0.228769  30
0.22879  376
0.228806  183
0.228887  145
0.228887  374
0.228898  86
0.228942  23
0.228955  65
0.228967  109
0.229004  125
0.229034  293
0.229043  94
0.229066  205
0.229156  394
0.22931  123
0.229323  131
0.229349  289
0.229384  6
0.229427  351
0.229441  326
0.229448  303
0.229461  370
0.229477  149
0.229497  190
0.229554  312
0.229557  222
0.229574  372
0.229581  329
0.22961  382
0.229666  381
0.229732  314
0.229778  396
0.22983  354
0.229838  375
0.229894  327
0.229897  201
0.229898  8
0.229937  257
0.229988  330
0.230044  29
0.230064  169
0.23015  320
0.230211  319
0.230297  290
0.230316  202
0.230343  18
0.230357  338
0.230387  240
0.230519  62
0.230681  352
0.230723  167
0.231085  37
0.231098  364
0.231103  217
0.231141  307
0.23117  182
0.231183  135
0.231209  225
0.231235  367
0.231317  350
0.231335  386
0.231453  175
0.231518  356
0.231523  284
0.231542  273
0.2316  79
0.231662  311
0.231834  36
0.231861  60
0.231937  308
0.231954  24
0.231984  270
0.232013  334
0.232047  358
0.232153  10
0.232219  196
0.232418  272
0.232443  111
0.23246  170
0.232531  191
0.232574  98
0.232647  345
0.23272  260
0.232729  110
0.232766  398
0.233091  362
0.233099  132
0.233135  226
0.23315  229
0.233302  263
0.233307  27
0.233445  333
0.233464  69
0.233611  46
0.233669  76
0.233669  75
0.233677  301
0.233744  108
0.233898  368
0.233906  274
0.233948  316
0.234085  26
0.234138  318
0.234242  49
0.234329  388
0.234397  112
0.234419  42
0.234468  47
0.234491  385
0.234503  335
0.234528  96
0.234573  355
0.234688  337
0.234724  255
0.234726  91
0.234849  389
0.234967  136
0.235014  347
0.23505  52
0.235054  391
0.235063  331
0.235117  268
0.235364  206
0.235403  193
0.235408  80
0.235543  399
0.2357  300
0.235951  339
0.236015  209
0.236046  392
0.236602  341
0.236876  253
0.236886  187
0.236912  200
0.236943  252
0.237023  66
0.237039  278
0.237058  164
0.237335  313
0.237504  291
0.23774  100
0.237831  173
0.23801  361
0.238016  377
0.238915  199
0.238989  264
0.239052  7
0.239195  87
0.239313  122
0.239513  380
0.24006  137
0.240093  150
0.24072  214
0.24083  230
0.241304  161
0.241386  204
0.241598  126
0.24166  317
0.241961  354
0.242073  31
0.242289  325
0.242448  349
0.242597  365
0.242754  383
0.242798  188
0.242824  140
0.243505  324
0.243563  395
0.243644  72
0.244649  387
0.24476  288
0.244997  232
0.245667  327
0.245719  195
0.245784  312
0.246149  390
0.246703  360
0.24704  90
0.247109  114
0.24749  174
0.247669  143
0.248252  343
0.248309  305
0.248482  151
0.248874  133
0.248953  346
0.249174  314
0.249367  359
0.250307  342
0.250782  332
0.251207  306
0.253038  336
0.254233  160
0.254394  370
0.255808  371
0.256509  373
0.260279  374
0.260987  83
0.261161  84
0.261698  262
0.262894  348
0.263615  393
0.264102  366
0.264281  134
0.265428  302
0.266789  281
0.26803  141
0.269171  303
0.269416  330
0.269459  319
0.269547  267
0.269746  167
0.270229  139
0.270929  97
0.271818  93
0.272257  207
0.272428  358
0.272607  328
0.273201  357
0.273459  168
0.27387  197
0.273999  99
0.274162  154
0.27425  5
0.274438  352
0.274523  335
0.275033  396
0.275246  70
0.275289  382
0.275293  259
0.275543  163
0.275592  320
0.275775  249
0.275966  73
0.276178  323
0.276502  74
0.276702  105
0.276728  309
0.276854  304
0.276971  95
0.277133  171
0.277155  43
0.277339  318
0.277432  236
0.277446  250
0.27765  322
0.27783  212
0.278059  224
0.278347  289
0.27849  316
0.278537  156
0.278583  310
0.278639  211
0.278789  351
0.27895  117
0.278957  384
0.279265  398
0.279349  297
0.280649  321
0.280932  369
0.280963  368
0.281341  394
0.281347  157
0.281367  381
0.281371  176
0.28146  353
0.281656  179
0.2821  347
0.282158  63
0.28233  299
0.282415  203
0.282703  315
0.282881  120
0.28293  53
0.283059  308
0.283069  287
0.283164  147
0.283236  89
0.283448  334
0.283618  385
0.283674  248
0.283753  266
0.283885  103
0.283886  17
0.283985  397
0.284146  45
0.284272  152
0.284316  184
0.284437  165
0.28451  350
0.284625  379
0.284718  242
0.284758  392
0.284817  50
0.285101  172
0.285179  361
0.285188  40
0.285192  295
0.28538  386
0.285523  333
0.285658  294
0.285733  223
0.286195  216
0.286195  166
0.286329  378
0.286463  338
0.286507  300
0.286783  388
0.286825  38
0.286967  345
0.287093  355
0.287113  376
0.287115  389
0.287981  383
0.288192  92
0.288445  377
0.288446  399
0.288879  48
0.289219  128
0.289223  329
0.289325  339
0.289606  337
0.28961  68
0.289654  307
0.289843  356
0.289941  296
0.290266  363
0.290389  215
0.290522  370
0.291144  185
0.291493  3
0.292313  20
0.292614  331
0.292935  81
0.293376  305
0.293426  367
0.293787  365
0.293873  340
0.293972  292
0.294028  94
0.294191  364
0.294746  100
0.295302  343
0.295578  2
0.295945  372
0.296073  64
0.296262  144
0.296274  16
0.296955  7
0.297002  344
0.298232  22
0.298479  190
0.298776  362
0.299574  130
0.299826  127
0.300397  155
0.300455  360
0.300765  313
0.300806  254
0.300832  192
0.301169  269
0.301207  317
0.301308  233
0.301345  118
0.301803  375
0.302157  387
0.30257  346
0.302869  327
0.302903  342
0.303009  359
0.3032  328
0.303752  232
0.304085  55
0.304284  326
0.304597  86
0.304853  390
0.305306  79
0.305508  251
0.305614  67
0.305943  182
0.306009  245
0.306275  332
0.306492  374
0.306738  391
0.306935  11
0.30708  158
0.307267  138
0.307587  116
0.308105  21
0.30817  106
0.308264  302
0.308456  198
0.308479  306
0.308563  348
0.308654  4
0.308716  28
0.308723  280
0.308859  319
0.30902  325
0.309627  231
0.310185  352
0.310294  260
0.310322  39
0.310397  213
0.310458  0
0.310644  395
0.310676  341
0.311176  301
0.311315  41
0.311468  373
0.311556  237
0.311858  102
0.312363  315
0.312384  99
0.312929  9
0.313424  101
0.313576  324
0.313887  261
0.314429  239
0.31568  12
0.315698  247
0.315704  366
0.315737  311
0.315852  289
0.316022  256
0.316107  169
0.31614  142
0.316324  219
0.316526  234
0.316637  85
0.316809  380
0.317559  1
0.317852  244
0.317977  34
0.318437  258
0.318497  270
0.318558  83
0.318578  345
0.318609  202
0.318863  398
0.31887  268
0.318898  322
0.319437  187
0.319536  312
0.319963  279
0.319969  314
0.320552  110
0.320563  378
0.320653  146
0.320662  141
0.320784  228
0.320878  321
0.32111  220
0.321129  240
0.321303  320
0.321793  303
0.322009  330
0.322045  82
0.322052  309
0.322131  180
0.322173  59
0.322264  361
0.322462  148
0.322562  246
0.322607  95
0.322615  335
0.322752  354
0.322943  226
0.323121  368
0.323126  350
0.323156  56
0.323217  392
0.323279  78
0.323512  206
0.323539  131
0.323696  111
0.323779  393
0.323786  275
0.323835  267
0.323839  134
0.323873  222
0.323989  310
0.324023  93
0.324038  384
0.324041  347
0.324122  73
0.324146  195
0.324205  23
0.324276  349
0.324289  282
0.32451  338
0.324546  336
0.324642  371
0.324668  281
0.324763  129
0.324771  139
0.324859  227
0.324888  369
0.324903  334
0.324938  19
0.325053  396
0.325126  170
0.325178  381
0.325264  399
0.32531  40
0.325428  385
0.325454  65
0.325598  343
0.325646  107
0.325674  69
0.325822  175
0.325858  308
0.325889  96
0.325958  164
0.326054  357
0.32631  14
0.326334  46
0.326455  288
0.326622  358
0.326629  333
0.326662  150
0.326677  397
0.326709  386
0.326715  35
0.326768  6
0.326779  298
0.32681  394
0.326831  370
0.326912  249
0.326943  61
0.327029  76
0.327065  230
0.327079  351
0.327211  383
0.327218  304
0.327257  300
0.327332  356
0.32742  376
0.327742  367
0.327801  316
0.327908  377
0.327909  225
0.32796  353
0.328124  363
0.328206  307
0.328222  145
0.328515  382
0.328525  194
0.328652  77
0.328731  16
0.328995  389
0.329126  8
0.329182  331
0.329484  339
0.330108  290
0.330509  272
0.330969  43
0.331116  337
0.331706  25
0.332337  98
0.332536  178
0.332902  283
0.333157  360
0.333167  362
0.334038  113
0.334123  208
0.334129  364
0.334356  37
0.334961  285
0.335141  318
0.335242  29
0.335317  24
0.335361  390
0.335429  346
0.335553  317
0.335982  328
0.336032  379
0.336202  342
0.336558  155
0.336629  205
0.336908  391
0.336934  140
0.337385  284
0.337657  137
0.337707  207
0.338855  156
0.339032  388
0.339541  365
0.339615  326
0.340271  359
0.340791  255
0.340975  372
0.341409  313
0.342138  302
0.342956  74
0.343539  121
0.344095  210
0.344332  395
0.346095  374
0.346372  329
0.347213  306
0.347574  324
0.347753  174
0.348464  26
0.348476  327
0.349026  115
0.35189  292
0.351904  323
0.353487  375
0.354279  177
0.356394  235
0.35654  10
0.358686  165
0.358961  204
0.359382  42
0.359586  88
0.359774  49
0.359812  295
0.360121  320
0.360374  189
0.360691  123
0.360827  301
0.362223  373
0.362502  341
0.362633  109
0.362807  355
0.363026  315
0.363187  348
0.363332  242
0.363665  340
0.363791  9
0.363896  266
0.36429  286
0.364295  132
0.364382  347
0.36448  183
0.364622  30
0.364714  319
0.364944  114
0.365007  378
0.365157  63
0.365397  136
0.365479  252
0.365499  325
0.365626  398
0.365682  17
0.365854  236
0.366052  303
0.366099  276
0.366441  314
0.366586  305
0.366634  53
0.366992  28
0.367064  167
0.367081  344
0.367138  199
0.367251  197
0.367323  312
0.367352  186
0.367807  332
0.367828  166
0.367994  126
0.368048  233
0.368106  380
0.368176  143
0.368673  338
0.368739  100
0.368803  277
0.368907  15
0.36891  251
0.368974  351
0.368999  68
0.369025  92
0.369063  361
0.369184  188
0.369207  125
0.369285  91
0.369313  130
0.369475  212
0.369791  209
0.370313  310
0.370433  353
0.370489  67
0.370492  399
0.370524  213
0.370688  224
0.370784  218
0.370866  241
0.370877  397
0.370939  84
0.371  51
0.371006  200
0.371017  387
0.371081  339
0.371097  356
0.371123  184
0.371129  112
0.371186  291
0.371486  221
0.371488  352
0.371564  369
0.3716  321
0.371691  384
0.371724  367
0.371859  274
0.371959  265
0.37196  64
0.372179  104
0.372197  304
0.372362  297
0.37241  81
0.372416  5
0.372481  278
0.372628  294
0.372704  160
0.372741  161
0.372786  169
0.372821  382
0.372897  146
0.372897  288
0.373123  257
0.373207  350
0.373214  87
0.373283  307
0.373376  69
0.373402  368
0.373412  311
0.37343  157
0.37344  89
0.37345  333
0.373486  360
0.373575  118
0.373605  128
0.373621  330
0.373693  147
0.373708  376
0.373713  54
0.373894  345
0.373916  22
0.373981  371
0.374048  159
0.374051  181
0.374189  343
0.374211  117
0.374226  90
0.374259  153
0.37427  366
0.374465  393
0.374477  78
0.374552  263
0.374565  94
0.374601  334
0.374608  6
0.374762  349
0.374771  32
0.37494  253
0.375198  396
0.375265  377
0.375327  386
0.375511  86
0.375597  105
0.37579  95
0.375832  220
0.375956  300
0.375996  365
0.376026  370
0.376173  316
0.376202  381
0.376258  144
0.376313  121
0.376314  99
0.376582  383
0.376658  259
0.376748  264
0.376761  163
0.376822  329
0.376837  354
0.376837  176
0.376887  323
0.376956  337
0.376959  322
0.377022  13
0.377103  336
0.377162  282
0.377183  103
0.37726  267
0.377277  358
0.377557  244
0.37765  309
0.377655  196
0.377755  357
0.377757  293
0.378102  302
0.378151  328
0.378327  342
0.378363  35
0.37851  24
0.378525  58
0.378541  246
0.378659  372
0.378682  156
0.378767  234
0.378875  346
0.3789  150
0.379012  389
0.379025  2
0.379032  308
0.37905  250
0.379429  66
0.379491  388
0.379522  331
0.379533  392
0.379541  71
0.37956  373
0.37957  41
0.379738  317
0.379763  362
0.379772  391
0.379908  296
0.380217  52
0.38026  178
0.38031  374
0.380337  385
0.380347  394
0.380356  207
0.380623  60
0.380795  203
0.380924  287
0.381108  313
0.381203  34
0.381353  395
0.381526  280
0.381632  324
0.381662  179
0.381947  256
0.382146  154
0.382185  43
0.382802  379
0.382898  108
0.382973  237
0.382994  335
0.383137  14
0.383157  326
0.383193  57
0.383325  306
0.383468  40
0.383624  171
0.383743  225
0.384059  75
0.384138  148
0.384352  27
0.384523  141
0.385382  318
0.385468  80
0.385502  239
0.385922  390
0.386115  341
0.386254  305
0.386569  327
0.386824  74
0.387019  355
0.387394  222
0.387886  359
0.389646  289
0.389778  348
0.390057  375
0.391537  378
0.392368  268
0.394487  364
0.395791  319
0.395913  301
0.398344  116
0.402926  17
0.403265  158
0.40475  369
0.40485  198
0.406157  3
0.406238  192
0.406354  194
0.407654  106
0.407716  299
0.407834  102
0.407964  113
0.407992  11
0.408408  216
0.408835  347
0.409231  315
0.409482  138
0.409599  28
0.40996  353
0.409994  398
0.410151  351
0.410484  215
0.4106  350
0.411057  229
0.411183  96
0.411319  206
0.411393  190
0.411412  44
0.411808  0
0.412012  134
0.412116  135
0.412287  384
0.412309  271
0.412412  162
0.412469  362
0.41252  368
0.412818  49
0.412823  109
0.412842  124
0.413025  195
0.413087  31
0.413088  145
0.413252  254
0.413488  217
0.413508  98
0.413627  76
0.413657  320
0.413663  307
0.413672  310
0.41374  139
0.413938  367
0.413953  174
0.414091  67
0.41427  293
0.414284  56
0.41446  371
0.414524  18
0.414613  177
0.414654  161
0.414703  334
0.414727  133
0.414852  312
0.415011  262
0.415221  23
0.415258  142
0.415264  303
0.415294  47
0.4153  344
0.415373  236
0.415413  223
0.415435  8
0.415453  343
0.415539  211
0.415585  397
0.415625  275
0.41563  316
0.415653  85
0.415733  352
0.415741  50
0.415784  129
0.415806  325
0.415818  170
0.415891  37
0.415892  332
0.416022  388
0.416026  356
0.41607  338
0.4161  77
0.41619  120
0.416218  209
0.416235  363
0.416256  243
0.416259  21
0.416332  354
0.416392  105
0.416499  380
0.416535  122
0.416569  340
0.416621  376
0.416632  248
0.416655  361
0.416663  358
0.416703  115
0.416803  42
0.416825  311
0.417192  182
0.417499  321
0.417517  383
0.417519  51
0.417521  391
0.417556  396
0.417565  110
0.417596  366
0.417613  249
0.417856  61
0.417879  172
0.417975  314
0.418066  70
0.418195  308
0.418215  339
0.418236  143
0.418268  218
0.418276  46
0.41894  389
0.41903  327
0.419248  393
0.419279  235
0.419291  168
0.41931  309
0.41942  261
0.41944  370
0.419458  284
0.419576  199
0.419743  330
0.419863  381
0.420036  365
0.420224  63
0.420229  111
0.420433  387
0.420457  372
0.420629  19
0.420637  317
0.420881  274
0.420926  357
0.420937  360
0.42103  285
0.421047  240
0.421104  119
0.421147  149
0.421168  342
0.421174  392
0.421182  377
0.421546  382
0.421564  164
0.421747  292
0.421778  345
0.421792  333
0.42186  322
0.421873  128
0.421879  328
0.422029  379
0.422032  93
0.422255  84
0.422337  252
0.422623  10
0.422633  201
0.422789  304
0.422814  90
0.42287  204
0.42294  16
0.423042  335
0.423122  127
0.423217  65
0.423264  55
0.423295  337
0.423311  374
0.423334  394
0.423461  364
0.423465  349
0.423516  399
0.424032  385
0.424376  324
0.424473  273
0.424623  233
0.424657  386
0.42498  178
0.425264  302
0.425565  186
0.425664  313
0.425908  341
0.426171  281
0.427645  48
0.429174  260
0.431388  329
0.431417  263
0.432151  305
0.435497  369
0.436053  326
0.436413  83
0.437498  188
0.438759  114
0.438979  378
0.43906  346
0.43909  390
0.439091  306
0.440134  210
0.441288  7
0.444782  375
0.444799  173
0.445099  97
0.445166  15
0.44539  214
0.446079  348
0.446155  68
0.446279  295
0.446508  82
0.447665  353
0.447942  232
0.448029  282
0.448525  398
0.448616  212
0.448759  300
0.44936  196
0.449723  60
0.449945  323
0.450902  208
0.451248  319
0.451326  38
0.451423  191
0.451759  395
0.451766  291
0.452407  36
0.452581  202
0.452979  39
0.453253  343
0.453421  69
0.453726  362
0.453757  144
0.453758  255
0.453818  336
0.453822  237
0.454081  331
0.454215  135
0.454225  222
0.454564  253
0.454572  344
0.454757  92
0.454786  134
0.454906  9
0.455123  315
0.455253  45
0.455506  318
0.455723  247
0.455895  268
0.456359  74
0.456387  193
0.456419  355
0.456456  333
0.456734  384
0.456784  389
0.456929  370
0.456945  166
0.457169  117
0.457267  359
0.457307  99
0.457329  250
0.457344  52
0.45752  279
0.45757  20
0.457691  352
0.458045  242
0.458064  373
0.458081  338
0.458203  118
0.458241  169
0.458288  108
0.458305  340
0.458334  245
0.45863  356
0.458776  349
0.458926  367
0.459049  358
0.459268  347
0.459463  5
0.459481  324
0.459599  67
0.459667  381
0.459759  320
0.460098  361
0.460234  283
0.460391  332
0.460682  382
0.460912  294
0.460962  301
0.461514  309
0.461526  393
0.461651  350
0.462127  383
0.462231  205
0.462377  376
0.462508  264
0.462532  311
0.462627  397
0.463463  354
0.46376  157
0.46416  95
0.464233  220
0.464582  78
0.465208  307
0.465308  328
0.465353  325
0.465405  312
0.465671  213
0.465691  152
0.465798  54
0.465966  64
0.466009  388
0.466144  392
0.466259  357
0.466392  175
0.46645  43
0.466582  262
0.467076  351
0.467161  194
0.467239  265
0.467792  303
0.467864  380
0.468175  363
0.468485  80
0.468577  314
0.468914  385
0.469069  88
0.469077  297
0.469548  302
0.470219  221
0.470486  120
0.47147  244
0.471895  72
0.472086  360
0.472159  163
0.472864  345
0.472886  308
0.472935  197
0.473257  334
0.47359  13
0.473898  89
0.474496  246
0.474843  155
0.47486  176
0.475367  216
0.475376  260
0.475494  368
0.476141  396
0.476292  374
0.476639  339
0.476879  372
0.477271  28
0.477635  387
0.477734  3
0.477899  24
0.47806  112
0.478301  313
0.478861  107
0.479029  310
0.479108  317
0.479229  330
0.479275  102
0.479383  160
0.47965  258
0.479816  171
0.480431  33
0.480907  241
0.481401  399
0.481433  371
0.481868  321
0.48229  322
0.482805  335
0.483059  394
0.483387  105
0.483427  327
0.484252  269
0.484301  263
0.48436  167
0.484787  316
0.485074  62
0.485085  154
0.486327  305
0.486396  125
0.486467  34
0.486508  337
0.487028  16
0.487062  277
0.487174  58
0.48734  227
0.487543  364
0.487631  346
0.487856  304
0.487948  147
0.48806  224
0.488268  329
0.488911  90
0.489045  146
0.489141  390
0.489244  104
0.48937  101
0.48964  267
0.489652  340
0.489791  142
0.489833  249
0.48987  162
0.49027  391
0.490427  341
0.490468  63
0.490552  377
0.490574  207
0.490665  225
0.490678  124
0.49097  379
0.491234  289
0.491467  300
0.491634  23
0.491652  299
0.491829  326
0.491849  12
0.491943  386
0.492124  187
0.492512  66
0.492611  77
0.492631  130
0.492785  369
0.492826  355
0.493357  150
0.493376  251
0.49382  91
0.493848  198
0.494006  110
0.494751  219
0.494775  79
0.49484  126
0.494855  381
0.494898  348
0.495459  200
0.49553  315
0.495677  231
0.496071  356
0.496153  199
0.496187  342
0.496455  45
0.496652  333
0.496899  15
0.496911  156
0.496965  56
0.49726  278
0.497272  318
0.497291  32
0.497292  382
0.497367  51
0.497382  370
0.497406  121
0.497787  366
0.497809  136
0.497852  1
0.497887  286
0.497914  336
0.497961  353
0.498364  248
0.498409  4
0.498426  350
0.498504  42
0.498585  210
0.498596  161
0.498689  14
0.498845  29
0.498901  257
0.498933  7
0.498956  378
0.499173  123
0.499204  238
0.499242  31
0.499274  338
0.499316  65
0.499461  347
0.499495  243
0.499724  395
0.499738  331
0.499773  398
0.499825  35
0.499988  209
0.500046  185
0.500058  261
0.500099  103
0.500205  375
0.500242  323
0.500419  184
0.500507  73
0.500697  96
0.500757  259
0.500796  41
0.500838  385
0.50089  8
0.50098  383
0.501076  306
0.50108  352
0.501119  74
0.501283  284
0.501352  10
0.501426  109
0.501478  343
0.501483  201
0.501544  52
0.501585  239
0.501612  354
0.501614  204
0.501833  367
0.5019  75
0.50206  320
0.502208  108
0.502276  307
0.502514  253
0.502667  349
0.502823  332
0.503005  365
0.503035  272
0.503077  151
0.50309  135
0.503102  334
0.503179  223
0.503261  59
0.503276  384
0.503326  302
0.503576  358
0.503751  270
0.503792  83
0.50381  158
0.504062  48
0.504076  71
0.504235  363
0.504282  183
0.504389  220
0.504661  27
0.504666  373
0.504705  292
0.504771  68
0.504823  26
0.504866  393
0.504953  376
0.505001  81
0.505004  114
0.505013  132
0.505026  19
0.505207  325
0.505412  176
0.505423  122
0.505471  215
0.505529  282
0.505564  203
0.505775  313
0.505795  372
0.505808  169
0.505824  22
0.505925  389
0.505965  178
0.506005  344
0.506181  69
0.506245  311
0.506269  153
0.506394  324
0.50642  380
0.50646  256
0.50655  322
0.506592  2
0.506678  49
0.506744  351
0.506789  301
0.506857  328
0.506967  362
0.507039  230
0.507053  357
0.507056  116
0.507119  106
0.507201  192
0.507257  177
0.507274  188
0.507407  131
0.507419  273
0.507483  255
0.5075  85
0.5075  330
0.507664  155
0.507684  100
0.507698  319
0.507772  46
0.507804  312
0.507922  252
0.508242  82
0.508256  164
0.508543  275
0.50863  345
0.508805  133
0.508946  50
0.508997  173
0.509032  388
0.509263  368
0.509306  39
0.509359  327
0.509648  25
0.509809  11
0.509815  360
0.509837  304
0.509865  206
0.510161  337
0.510219  361
0.510221  189
0.510296  397
0.510495  309
0.510549  30
0.510569  119
0.510672  165
0.510695  335
0.510757  314
0.510797  310
0.511013  98
0.511974  94
0.512481  399
0.51251  293
0.512844  392
0.512849  364
0.51291  303
0.512946  212
0.512997  359
0.513165  17
0.513273  317
0.513392  197
0.514151  214
0.514427  329
0.514643  296
0.514886  297
0.515265  348
0.515535  6
0.516099  38
0.516482  333
0.516529  305
0.516534  128
0.516581  391
0.516756  229
0.517007  139
0.517094  390
0.517158  321
0.517275  341
0.517282  369
0.517398  374
0.51782  166
0.517825  326
0.518434  115
0.518512  163
0.518978  349
0.519693  263
0.519872  300
0.521146  271
0.522694  377
0.523381  205
0.524275  342
0.524739  316
0.525569  298
0.527293  315
0.527826  339
0.527874  318
0.530401  371
0.534134  352
0.534627  92
0.535104  356
0.535584  355
0.536669  386
0.538018  236
0.538132  308
0.539777  387
0.540353  394
0.541813  346
0.543783  396
0.543788  113
0.543849  134
0.544015  234
0.545063  336
0.54516  324
0.545683  306
0.546321  159
0.547408  379
0.547414  118
0.547784  295
0.548142  70
0.548167  193
0.548419  196
0.548459  37
0.54847  381
0.5485  86
0.548684  340
0.54874  162
0.548837  265
0.548918  53
0.549243  168
0.549502  93
0.549627  89
0.549677  218
0.549819  382
0.549953  21
0.549963  138
0.550183  247
0.550235  179
0.550825  367
0.551052  384
0.551349  266
0.55139  191
0.551596  54
0.551628  228
0.551823  233
0.552008  31
0.552063  376
0.552067  338
0.552243  42
0.552277  194
0.552507  385
0.552774  351
0.552845  76
0.552855  149
0.553396  347
0.553412  354
0.553442  213
0.553478  117
0.5535  334
0.553504  288
0.553572  127
0.553836  186
0.553928  95
0.553987  365
0.554119  280
0.554341  235
0.554378  66
0.554497  152
0.554567  285
0.55476  322
0.554808  141
0.554875  325
0.554996  97
0.555077  40
0.555196  146
0.555233  343
0.555383  5
0.555489  268
0.555602  120
0.555661  276
0.555751  302
0.555836  244
0.555842  99
0.555862  202
0.556058  327
0.556116  7
0.556133  145
0.556178  366
0.556338  254
0.556412  58
0.556451  331
0.556609  289
0.556633  359
0.556905  3
0.557092  147
0.557128  320
0.55725  335
0.55726  392
0.557335  323
0.557368  190
0.557549  370
0.557565  84
0.557658  363
0.557702  329
0.557842  44
0.557864  67
0.557941  33
0.557975  383
0.558013  107
0.558133  373
0.558142  154
0.558217  195
0.558243  380
0.558248  399
0.558274  140
0.558276  237
0.558378  360
0.558417  326
0.558698  56
0.558708  43
0.558826  397
0.558949  8
0.559006  157
0.559189  307
0.559205  330
0.559218  222
0.559276  345
0.559417  375
0.559431  328
0.559438  269
0.559458  319
0.559519  301
0.559803  393
0.559949  174
0.560116  357
0.560319  361
0.560349  137
0.560509  24
0.560518  389
0.560582  148
0.56065  142
0.560718  249
0.561132  398
0.561134  274
0.561223  395
0.561328  350
0.561355  378
0.561491  238
0.561577  125
0.561819  72
0.561944  211
0.562478  104
0.562575  1
0.562819  362
0.563158  9
0.563426  272
0.563428  12
0.563452  50
0.563501  321
0.563622  337
0.563976  96
0.56431  210
0.564446  102
0.564668  49
0.564747  344
0.564827  364
0.564856  165
0.564973  303
0.565076  281
0.565173  232
0.56529  369
0.565361  0
0.565393  353
0.565393  111
0.56546  348
0.565829  349
0.565887  13
0.566041  352
0.566045  332
0.566074  368
0.566159  175
0.566434  110
0.566489  286
0.566528  333
0.566576  57
0.566696  388
0.566755  250
0.566836  305
0.566893  132
0.566992  311
0.567091  358
0.567276  313
0.56748  339
0.567926  310
0.567948  304
0.568228  346
0.568478  225
0.568531  160
0.568546  182
0.568603  374
0.56889  262
0.568935  355
0.568964  377
0.569062  55
0.569769  372
0.569793  297
0.570079  300
0.570567  396
0.571135  386
0.571421  324
0.572134  308
0.572825  116
0.573072  29
0.573413  341
0.573546  387
0.573727  315
0.573772  217
0.575507  230
0.575818  251
0.578543  306
0.580484  376
0.580607  338
0.582778  394
0.582938  312
0.584559  390
0.584704  356
0.585937  171
0.586353  317
0.588576  309
0.590475  246
0.591758  336
0.591788  144
0.592249  224
0.592882  371
0.596439  264
0.596952  26
0.597025  77
0.59757  105
0.597606  184
0.597898  320
0.597937  314
0.598504  187
0.598709  115
0.598863  198
0.5989  65
0.599224  172
0.599704  342
0.599705  38
0.599919  189
0.600054  382
0.600107  92
0.600356  88
0.600683  135
0.6007  103
0.600728  267
0.60076  316
0.600777  23
0.601033  391
0.601142  318
0.601263  258
0.601306  62
0.601402  133
0.601531  299
0.601555  18
0.601838  322
0.601919  215
0.602497  8
0.602516  270
0.602779  180
0.60285  282
0.602894  208
0.603545  170
0.603729  130
0.603752  291
0.603773  33
0.603953  354
0.604018  41
0.604042  203
0.604074  20
0.604173  340
0.604175  183
0.604463  229
0.604483  39
0.604516  242
0.604543  301
0.604636  78
0.604713  248
0.604743  129
0.604756  94
0.604826  113
0.604841  80
0.6049  126
0.605008  255
0.605229  379
0.605271  389
0.60534  81
0.605354  399
0.605359  209
0.605473  323
0.605623  253
0.605684  325
0.605701  329
0.605756  87
0.605962  52
0.605977  327
0.606067  34
0.606081  241
0.606097  305
0.606103  351
0.606116  35
0.606137  384
0.606194  86
0.606262  106
0.60627  380
0.606302  192
0.606338  335
0.606437  366
0.606554  40
0.606656  122
0.606672  231
0.606679  82
0.606857  271
0.606958  370
0.606966  196
0.606981  381
0.607016  216
0.607016  234
0.607054  283
0.607101  296
0.607189  265
0.607196  120
0.607197  369
0.607215  331
0.60723  393
0.607242  398
0.607259  348
0.607635  47
0.607831  111
0.607858  343
0.607868  15
0.607902  332
0.607936  45
0.607938  363
0.607953  143
0.607972  240
0.608017  161
0.608062  91
0.608077  330
0.608133  383
0.608343  359
0.608433  247
0.608474  48
0.608586  345
0.608635  153
0.60872  74
0.608784  201
0.608939  119
0.608977  145
0.609031  338
0.609058  71
0.609081  164
0.609087  176
0.609107  243
0.60928  373
0.609298  226
0.609344  5
0.6094  276
0.609406  395
0.609485  385
0.609485  68
0.609501  353
0.609573  334
0.609581  279
0.609583  326
0.609613  375
0.609624  3
0.609677  368
0.60972  222
0.609788  220
0.609795  205
0.609797  277
0.609883  228
0.609983  79
0.610018  346
0.610077  300
0.610146  167
0.610171  319
0.610307  146
0.610385  112
0.61054  127
0.610578  290
0.61069  367
0.610761  110
0.610782  60
0.610792  372
0.610807  361
0.610942  239
0.610955  260
0.610986  221
0.611026  56
0.611042  11
0.611093  16
0.611093  199
0.611207  117
0.611265  360
0.611274  364
0.611321  397
0.61137  46
0.611381  350
0.611398  204
0.611482  333
0.611554  294
0.611575  362
0.611601  14
0.611658  252
0.611665  365
0.611672  238
0.611713  390
0.611735  90
0.611845  42
0.611854  27
0.611865  357
0.611897  304
0.611947  347
0.611987  388
0.612007  151
0.612172  202
0.612185  61
0.612224  355
0.612317  312
0.612362  310
0.612412  25
0.612415  76
0.612485  396
0.612521  58
0.612546  140
0.612566  70
0.612713  302
0.61272  337
0.612733  376
0.612744  233
0.61278  2
0.612805  344
0.612814  352
0.612845  163
0.612939  273
0.612944  7
0.612944  185
0.612987  269
0.613099  313
0.613106  339
0.613158  315
0.613218  206
0.613226  349
0.613304  328
0.613319  324
0.613396  37
0.613411  386
0.613592  341
0.613632  336
0.613637  54
0.613651  311
0.613658  197
0.613771  392
0.613787  147
0.613825  142
0.613853  150
0.614008  374
0.614027  303
0.614366  10
0.614416  121
0.614422  317
0.614446  321
0.614599  358
0.614715  4
0.614739  9
0.614743  266
0.614829  286
0.615042  116
0.615044  22
0.615474  28
0.615498  166
0.615547  93
0.615552  123
0.615631  244
0.615697  308
0.615841  109
0.615955  83
0.615992  181
0.616015  72
0.616044  281
0.616099  272
0.616166  356
0.616187  387
0.616208  67
0.61631  251
0.616389  307
0.61648  306
0.61668  309
0.616995  31
0.616998  371
0.617238  152
0.617328  173
0.617381  57
0.617721  378
0.617768  136
0.61782  107
0.617918  138
0.618001  85
0.618293  284
0.618551  21
0.619068  320
0.619068  342
0.619233  335
0.619337  63
0.619342  285
0.619463  17
0.619585  275
0.61959  377
0.619871  316
0.620142  207
0.620307  293
0.620665  298
0.620717  182
0.62104  105
0.621231  398
0.62237  340
0.622503  394
0.622729  369
0.622955  66
0.623772  59
0.62409  382
0.624915  210
0.624916  262
0.6253  343
0.625639  155
0.625725  36
0.625756  0
0.626683  373
0.627979  6
0.628102  384
0.628636  212
0.63065  149
0.630762  214
0.630868  301
0.630978  391
0.631511  379
0.631732  314
0.632509  305
0.633062  158
0.633751  168
0.63476  171
0.635358  169
0.635615  134
0.636713  351
0.636779  99
0.637338  383
0.637344  399
0.637518  332
0.638061  245
0.638302  375
0.638677  325
0.638931  219
0.639127  32
0.639243  191
0.639336  344
0.639474  322
0.639621  318
0.639772  69
0.639978  162
0.639995  310
0.640317  157
0.640457  178
0.640511  137
0.640549  223
0.640604  381
0.640932  156
0.641427  380
0.64177  237
0.64192  364
0.642476  92
0.642523  346
0.643813  353
0.644141  315
0.644435  114
0.645096  257
0.645202  19
0.64558  362
0.645638  393
0.645834  331
0.646102  359
0.646109  372
0.646169  337
0.647032  348
0.647628  333
0.64765  132
0.648879  297
0.64893  64
0.649266  361
0.649422  366
0.649433  368
0.650003  388
0.650326  370
0.650361  386
0.650622  376
0.651523  329
0.651551  339
0.651673  14
0.651826  96
0.652002  389
0.652301  200
0.652325  395
0.652411  334
0.65246  89
0.652564  328
0.65323  185
0.654768  354
0.655088  345
0.655568  365
0.655608  355
0.655615  330
0.656193  164
0.65712  374
0.660626  357
0.661199  326
0.661428  363
0.661934  250
0.66316  313
0.663506  29
0.664008  73
0.664642  232
0.665734  347
0.666696  304
0.666916  338
0.667683  289
0.66807  390
0.668608  349
0.670888  309
0.671543  358
0.671666  81
0.671676  341
0.675605  160
0.675663  52
0.675827  291
0.676503  319
0.676661  316
0.676924  177
0.677831  385
0.678108  84
0.678172  323
0.678623  356
0.678715  139
0.67905  268
0.679173  115
0.679758  120
0.680066  324
0.680078  181
0.680187  320
0.680383  288
0.680618  306
0.680688  102
0.680703  302
0.680728  312
0.680864  117
0.68137  246
0.681417  33
0.681912  287
0.681922  50
0.682234  249
0.682288  397
0.682309  128
0.682321  263
0.682368  327
0.682497  124
0.682511  71
0.682768  336
0.68295  194
0.682966  70
0.683026  215
0.683184  104
0.683339  7
0.684067  26
0.684138  34
0.684159  12
0.6842  282
0.684338  373
0.684419  377
0.684462  379
0.684517  125
0.684589  321
0.684603  299
0.684632  195
0.685094  80
0.685144  193
0.685153  261
0.685256  235
0.685737  343
0.685742  308
0.685931  296
0.686141  53
0.686151  170
0.68621  371
0.686322  62
0.686371  384
0.686464  118
0.686464  228
0.686498  241
0.686647  280
0.686914  350
0.68692  391
0.687326  24
0.687389  130
0.687395  38
0.687535  396
0.687549  352
0.687843  100
0.688011  188
0.688085  75
0.688185  307
0.688233  252
0.68824  172
0.688242  281
0.688355  97
0.688487  398
0.688514  178
0.688524  340
0.68853  131
0.688579  68
0.688834  44
0.68888  159
0.688881  48
0.688928  98
0.688936  110
0.689029  61
0.689058  254
0.689073  394
0.689101  126
0.689122  380
0.689191  153
0.68921  87
0.689218  88
0.689224  317
0.689244  206
0.689276  283
0.689285  108
0.689294  144
0.689331  43
0.689354  314
0.689432  333
0.689436  220
0.689453  154
0.68951  226
0.689605  135
0.689685  103
0.689826  49
0.689868  217
0.690002  265
0.690011  351
0.690044  60
0.690118  187
0.690134  209
0.690288  335
0.690303  141
0.690435  72
0.690487  342
0.690491  387
0.690507  375
0.690518  370
0.690557  290
0.690616  238
0.69062  315
0.69069  46
0.690732  55
0.690859  368
0.690979  231
0.691052  310
0.691093  318
0.691096  129
0.691248  32
0.691312  189
0.691382  123
0.69142  360
0.691487  367
0.691505  176
0.691521  90
0.691575  292
0.691616  101
0.691672  382
0.691804  11
0.691826  369
0.691833  205
0.691932  67
0.691941  389
0.691952  78
0.692013  148
0.692014  234
0.692073  305
0.692135  113
0.69214  15
0.692176  76
0.692184  311
0.692203  158
0.692253  346
0.692258  222
0.692273  253
0.692299  95
0.692299  30
0.692304  325
0.692384  143
0.692437  364
0.692461  236
0.692488  2
0.69263  393
0.692633  211
0.692674  240
0.692683  392
0.692744  331
0.692808  41
0.692818  381
0.692869  300
0.692877  345
0.692898  348
0.692915  162
0.692927  399
0.692931  247
0.692993  233
0.692998  171
0.693077  332
0.693097  357
0.693217  161
0.693224  344
0.693285  204
0.693303  354
0.693307  388
0.69331  190
0.693311  45
0.693366  270
0.693369  225
0.693392  359
0.693405  339
0.693454  355
0.693455  353
0.693557  175
0.693588  378
0.693628  363
0.693676  51
0.693762  199
0.69377  37
0.693813  395
0.693818  242
0.693839  112
0.693845  337
0.693955  328
0.693974  94
0.693981  122
0.694006  361
0.694038  297
0.69405  184
0.69413  365
0.694151  203
0.694155  323
0.69416  301
0.694318  28
0.694335  267
0.694373  262
0.694472  376
0.694521  149
0.69453  4
0.694756  201
0.694853  295
0.694954  18
0.694957  329
0.695009  366
0.69509  334
0.695094  306
0.695096  47
0.695162  259
0.695171  8
0.695244  13
0.695277  304
0.695305  286
0.695318  146
0.695399  106
0.695442  54
0.695475  383
0.69548  42
0.695535  152
0.695568  174
0.695589  196
0.695596  207
0.695606  338
0.695612  327
0.695612  266
0.695832  119
0.695955  258
0.696022  349
0.696069  27
0.696095  372
0.696287  302
0.696338  208
0.696358  326
0.696511  390
0.69658  1
0.69659  358
0.696635  17
0.696726  40
0.696762  150
0.696766  155
0.696773  386
0.696846  165
0.696889  347
0.697052  232
0.69707  255
0.697112  289
0.697118  93
0.69713  202
0.697135  91
0.697149  79
0.697195  322
0.6972  216
0.697308  264
0.697318  257
0.697429  168
0.697441  330
0.697487  319
0.697498  275
0.697581  12
0.697761  274
0.6979  21
0.697933  86
0.698139  239
0.698197  219
0.698307  377
0.698308  137
0.698357  362
0.698397  74
0.698417  303
0.698621  313
0.698823  356
0.69884  145
0.69896  309
0.698966  147
0.698975  279
0.699046  140
0.699052  341
0.699078  256
0.699302  114
0.699529  5
0.699647  166
0.69965  316
0.69965  116
0.700068  223
0.700114  20
0.700131  385
0.700482  324
0.700683  64
0.700755  81
0.700804  182
0.70095  229
0.700987  111
0.701197  397
0.701555  271
0.701556  321
0.701616  374
0.701673  191
0.701716  59
0.701864  210
0.701893  213
0.701934  396
0.702037  96
0.702223  85
0.702367  36
0.702368  39
0.702429  35
0.70246  198
0.702561  384
0.702644  373
0.702667  63
0.702766  244
0.702783  340
0.703039  355
0.703125  243
0.703518  134
0.703807  318
0.703809  180
0.704017  23
0.704046  371
0.704263  394
0.704343  136
0.704457  89
0.704563  224
0.704923  197
0.704948  317
0.705271  142
0.705559  227
0.705573  43
0.705629  278
0.706039  312
0.706148  364
0.706317  307
0.70648  125
0.706488  348
0.70677  343
0.706969  387
0.707414  250
0.70742  375
0.707472  245
0.707635  167
0.707934  251
0.707991  84
0.708542  379
0.708662  370
0.708677  139
0.70984  60
0.709841  331
0.709852  336
0.710298  345
0.710327  335
0.711935  19
0.712665  75
0.712756  314
0.713131  381
0.713443  65
0.713468  200
0.713691  160
0.713805  389
0.714444  98
0.715111  273
0.715182  304
0.716199  277
0.716715  156
0.716911  346
0.717171  127
0.718392  366
0.719351  342
0.720347  53
0.720505  2
0.72078  333
0.720892  221
0.721498  308
0.722041  192
0.722287  326
0.722505  352
0.723385  391
0.724072  350
0.724738  195
0.725157  392
0.725227  285
0.72693  269
0.727384  260
0.727563  183
0.727765  339
0.728539  261
0.730142  399
0.73022  376
0.730454  368
0.731113  169
0.731626  61
0.731747  9
0.73254  291
0.732976  320
0.733111  57
0.733777  16
0.733825  347
0.733888  235
0.734425  276
0.734673  293
0.734676  380
0.734914  360
0.734941  237
0.73511  359
0.73554  313
0.7356  357
0.736081  309
0.736115  395
0.736133  303
0.736134  394
0.73633  240
0.736881  82
0.737037  0
0.737814  329
0.739024  99
0.739185  315
0.739329  319
0.740284  49
0.741403  306
0.741851  194
0.741926  248
0.742023  123
0.742128  356
0.742352  272
0.742576  398
0.742636  80
0.742637  385
0.742683  69
0.742689  228
0.74272  153
0.742743  322
0.742893  327
0.742926  121
0.74304  100
0.743114  349
0.743366  109
0.743545  297
0.74396  118
0.744049  354
0.744109  311
0.74426  305
0.744544  33
0.744843  310
0.744892  132
0.744905  87
0.744975  52
0.74505  328
0.745247  3
0.745275  92
0.745503  162
0.745781  367
0.745969  334
0.746071  362
0.746147  363
0.7466  67
0.746662  70
0.747103  168
0.74741  71
0.747553  193
0.747639  361
0.747653  29
0.747789  382
0.748388  230
0.748651  290
0.748881  279
0.74929  396
0.749473  284
0.749613  353
0.74963  274
0.74967  25
0.749674  231
0.749791  372
0.749799  378
0.749852  47
0.749953  340
0.749954  351
0.749971  133
0.750037  325
0.750227  300
0.750333  56
0.750386  345
0.750459  218
0.750646  390
0.750721  77
0.750935  159
0.75112  371
0.751278  117
0.75128  15
0.751589  220
0.751674  234
0.751692  323
0.751816  365
0.751825  386
0.751825  397
0.75243  388
0.752581  369
0.752675  206
0.752851  209
0.752899  102
0.752919  301
0.753042  55
0.753214  176
0.753769  124
0.753834  171
0.753989  50
0.754076  377
0.754082  97
0.754242  172
0.754786  141
0.755164  338
0.75534  263
0.755349  247
0.75538  317
0.755974  219
0.75613  185
0.756383  321
0.756468  179
0.756515  201
0.756631  94
0.756791  316
0.757378  324
0.757869  331
0.757884  186
0.758666  366
0.758698  375
0.75879  282
0.758865  211
0.759111  332
0.759294  135
0.759447  38
0.759605  203
0.759649  212
0.759944  330
0.760352  73
0.760456  391
0.760556  326
0.760811  344
0.760961  105
0.761066  374
0.761806  337
0.762369  393
0.76246  342
0.762588  373
0.762714  177
0.76301  83
0.763799  18
0.764064  383
0.764072  341
0.764386  13
0.764466  292
0.764667  381
0.764792  143
0.764899  236
0.764932  308
0.76546  86
0.765546  259
0.765832  307
0.765847  66
0.766083  358
0.766124  370
0.767814  278
0.768147  190
0.768204  253
0.768447  262
0.768692  173
0.768971  42
0.769123  379
0.769285  318
0.769668  352
0.769768  348
0.769811  268
0.770146  281
0.770435  288
0.770589  267
0.771061  314
0.771351  335
0.771652  399
0.771884  389
0.771934  336
0.771936  151
0.771948  355
0.771994  122
0.772075  359
0.772423  347
0.772589  85
0.77262  343
0.772771  364
0.773014  392
0.774091  58
0.774488  339
0.775027  255
0.775374  20
0.776544  6
0.776587  254
0.777223  360
0.777379  91
0.777597  387
0.777696  68
0.777748  45
0.778812  126
0.779003  208
0.779057  368
0.779145  380
0.779245  10
0.779315  304
0.779363  398
0.779949  395
0.779979  319
0.780397  286
0.780674  189
0.780797  298
0.780867  31
0.781149  152
0.781184  394
0.781188  257
0.781273  329
0.781415  199
0.781524  232
0.781535  367
0.781593  157
0.78178  300
0.78283  233
0.782955  244
0.783178  114
0.783573  36
0.783733  19
0.783771  78
0.783856  239
0.783996  106
0.784038  26
0.784128  302
0.784441  354
0.784599  271
0.784673  312
0.784715  216
0.785049  242
0.785291  349
0.785386  306
0.785516  357
0.785655  181
0.78578  129
0.785933  353
0.78596  350
0.786019  356
0.786048  0
0.786092  107
0.786105  192
0.786313  54
0.786368  313
0.786864  34
0.78688  44
0.787174  210
0.787453  397
0.787819  108
0.787962  214
0.787995  309
0.788247  110
0.788476  265
0.788581  115
0.788693  136
0.788815  98
0.788848  390
0.788887  84
0.789234  376
0.789253  303
0.789357  243
0.789368  320
0.789548  95
0.789814  213
0.790067  311
0.790102  340
0.79033  134
0.790461  149
0.790486  165
0.790584  382
0.790675  261
0.790694  333
0.790998  323
0.791174  46
0.791322  248
0.791598  361
0.791699  328
0.791951  150
0.791973  384
0.791996  64
0.792144  14
0.792182  287
0.792523  184
0.792723  294
0.793048  377
0.793192  332
0.793414  81
0.793416  280
0.79344  305
0.793795  325
0.794031  127
0.794198  322
0.794263  62
0.794742  331
0.794752  100
0.794772  7
0.79478  386
0.794827  250
0.794875  391
0.795054  301
0.795257  16
0.795601  385
0.795785  222
0.795885  334
0.795896  144
0.796013  249
0.796185  90
0.796519  225
0.796649  241
0.796866  47
0.797008  1
0.797133  346
0.797379  63
0.797599  371
0.797852  104
0.797859  291
0.797894  375
0.798405  56
0.798436  315
0.798448  188
0.798504  187
0.798598  94
0.798703  327
0.798717  396
0.798717  137
0.798964  145
0.79899  358
0.799244  195
0.799394  77
0.799435  321
0.799546  61
0.799785  155
0.799899  399
0.799905  337
0.800539  71
0.800838  223
0.80097  37
0.801404  374
0.801811  226
0.802013  372
0.802144  246
0.802182  363
0.80224  344
0.802251  163
0.802415  8
0.802638  330
0.802677  138
0.802727  142
0.803069  196
0.803135  74
0.803167  338
0.803414  362
0.803604  379
0.803647  22
0.803797  59
0.803923  169
0.804083  398
0.804211  231
0.804272  57
0.804375  168
0.804402  228
0.804445  194
0.804601  178
0.804687  345
0.804761  72
0.804938  342
0.805216  308
0.805363  198
0.805609  348
0.805719  388
0.80597  380
0.806  109
0.806021  65
0.806062  351
0.806141  79
0.806214  120
0.806263  258
0.806287  317
0.806662  365
0.806663  324
0.806929  367
0.80701  310
0.807387  347
0.807593  339
0.807667  378
0.807693  156
0.808448  275
0.808546  96
0.808594  266
0.809128  27
0.809197  176
0.809474  201
0.809507  202
0.809659  341
0.809725  381
0.809736  123
0.809738  166
0.810045  366
0.810054  43
0.810116  368
0.810267  112
0.81071  4
0.810889  373
0.81092  387
0.811078  357
0.811278  60
0.81134  17
0.811709  143
0.813529  175
0.813544  383
0.813638  343
0.813909  164
0.814036  39
0.814242  397
0.814346  392
0.81453  360
0.814571  140
0.81462  350
0.814659  23
0.814783  370
0.814908  97
0.815253  215
0.815297  316
0.815313  352
0.815332  314
0.816085  307
0.816358  154
0.816486  238
0.816528  389
0.817177  82
0.81746  183
0.817576  356
0.817861  355
0.81792  128
0.818282  312
0.818314  369
0.818689  304
0.818863  5
0.819118  117
0.81925  12
0.819658  333
0.819661  147
0.819709  75
0.820154  336
0.82037  130
0.821007  268
0.821021  349
0.82109  269
0.821125  340
0.821136  9
0.821359  301
0.821901  99
0.82207  32
0.822124  205
0.822914  177
0.823023  335
0.823616  364
0.823846  132
0.824091  313
0.824144  319
0.824161  359
0.824273  393
0.824655  83
0.825  220
0.825566  353
0.825732  395
0.825987  207
0.826422  311
0.826489  230
0.827471  51
0.829511  326
0.831154  329
0.831494  171
0.831603  309
0.832347  390
0.833011  300
0.833756  160
0.834257  102
0.835439  371
0.835838  35
0.836506  218
0.836581  302
0.8367  25
0.837858  122
0.837992  116
0.838061  376
0.838477  11
0.838919  354
0.838925  306
0.839897  303
0.840418  3
0.840585  93
0.84127  318
0.841725  237
0.841775  308
0.841868  295
0.841977  386
0.842178  190
0.84258  372
0.842665  379
0.842847  20
0.843193  252
0.84349  331
0.844147  15
0.844479  297
0.844518  323
0.844799  135
0.845191  385
0.845359  103
0.845481  223
0.845548  119
0.845844  191
0.846095  133
0.846252  277
0.846416  344
0.846507  391
0.847256  347
0.847603  149
0.848199  380
0.848249  384
0.848261  158
0.848441  2
0.848502  394
0.848727  229
0.848747  199
0.849089  242
0.849213  42
0.849224  375
0.849373  373
0.849374  148
0.849452  338
0.849844  161
0.850236  361
0.850388  325
0.85051  342
0.850602  316
0.850825  70
0.850999  398
0.851224  341
0.85162  362
0.852101  296
0.852606  98
0.852633  363
0.852795  86
0.852809  367
0.853192  104
0.853197  346
0.85339  328
0.853486  126
0.853606  236
0.853828  204
0.853935  321
0.854222  52
0.854241  382
0.854473  288
0.855011  193
0.855086  351
0.855675  345
0.855721  76
0.85615  91
0.856347  141
0.856529  245
0.856574  48
0.856654  283
0.857226  327
0.85736  219
0.857787  182
0.858516  365
0.858619  67
0.858698  320
0.858802  114
0.858891  389
0.858917  29
0.85892  330
0.859515  299
0.859738  53
0.859751  358
0.859918  305
0.860047  285
0.860137  368
0.860396  289
0.860408  399
0.860525  369
0.86093  357
0.861156  74
0.861214  139
0.861448  110
0.861479  73
0.861564  348
0.861751  222
0.86233  332
0.862622  100
0.862772  16
0.862952  334
0.863209  278
0.863236  174
0.863305  339
0.863422  24
0.863439  396
0.863454  340
0.863657  315
0.86382  121
0.863881  319
0.8641  10
0.864193  337
0.86425  38
0.864527  40
0.864537  66
0.864617  387
0.864999  256
0.865057  266
0.865082  360
0.865308  196
0.86591  307
0.865931  388
0.866002  381
0.866115  111
0.866197  352
0.866293  304
0.866371  378
0.866673  377
0.866705  173
0.867024  33
0.867028  49
0.867121  310
0.867229  366
0.86791  136
0.86817  243
0.868348  333
0.868446  88
0.868478  273
0.868536  216
0.868587  89
0.868767  41
0.868774  397
0.868849  395
0.868907  170
0.869599  172
0.870144  353
0.870162  13
0.871017  322
0.871095  301
0.871709  290
0.871804  343
0.87195  55
0.871962  293
0.872198  370
0.872336  107
0.873211  228
0.874304  309
0.874365  251
0.874372  94
0.874428  142
0.874809  101
0.874838  324
0.874865  209
0.874883  292
0.875099  392
0.875105  233
0.875383  61
0.875397  212
0.875417  383
0.875564  51
0.875581  113
0.875776  80
0.875874  294
0.876032  350
0.876197  68
0.876358  235
0.876383  390
0.876654  336
0.876905  302
0.876942  234
0.877034  225
0.877872  166
0.878118  313
0.878242  226
0.878256  371
0.878539  291
0.878735  329
0.878984  185
0.879087  167
0.879188  197
0.879406  359
0.87949  308
0.879513  44
0.879538  257
0.879661  374
0.879669  208
0.880028  200
0.880033  354
0.880051  31
0.880074  159
0.880207  45
0.880552  385
0.88074  206
0.880946  259
0.881028  331
0.881323  254
0.881358  335
0.88137  253
0.881449  250
0.881562  314
0.881569  325
0.881736  317
0.882113  349
0.882318  323
0.882318  258
0.882453  6
0.882866  326
0.88298  364
0.88301  85
0.883013  215
0.883489  162
0.88365  210
0.883877  342
0.883894  26
0.884092  260
0.884196  205
0.884295  398
0.884482  386
0.884558  244
0.884668  279
0.884801  143
0.884895  151
0.884897  347
0.884915  306
0.885173  7
0.885212  183
0.885582  103
0.885668  146
0.885895  357
0.885907  83
0.885989  384
0.88623  97
0.88626  137
0.886277  23
0.886395  379
0.886541  46
0.886805  375
0.886825  263
0.886879  75
0.886894  394
0.887658  276
0.887849  393
0.887853  30
0.888061  202
0.888154  312
0.888255  303
0.888301  221
0.888386  72
0.888395  120
0.888441  321
0.888526  79
0.888563  78
0.888619  376
0.88881  175
0.888907  104
0.889131  365
0.889144  63
0.889353  186
0.889483  96
0.889683  344
0.889732  316
0.889804  153
0.89001  345
0.890355  367
0.890503  363
0.890525  0
0.890622  338
0.890635  124
0.890805  348
0.890876  271
0.890942  341
0.890958  189
0.891035  380
0.891078  355
0.891323  356
0.891641  165
0.891872  366
0.892022  144
0.892071  361
0.892096  58
0.892098  32
0.892651  280
0.892898  389
0.893006  272
0.893448  147
0.893763  382
0.893879  131
0.893952  362
0.89396  184
0.894028  122
0.894101  128
0.894224  330
0.894313  372
0.894406  300
0.894451  188
0.894904  81
0.894963  318
0.895075  378
0.895262  109
0.895642  118
0.895848  305
0.895886  315
0.895971  337
0.896137  333
0.896471  328
0.897206  155
0.897815  65
0.898983  360
0.899905  12
0.900893  145
0.901137  327
0.901684  218
0.902291  191
0.902343  105
0.902349  346
0.902579  187
0.902735  390
0.903205  334
0.90325  391
0.903265  266
0.903506  371
0.903543  320
0.903614  164
0.903715  230
0.903983  265
0.904098  62
0.904123  69
0.904171  311
0.904216  343
0.904323  332
0.904635  358
0.907016  396
0.907197  310
0.90811  8
0.908818  339
0.908891  17
0.9089  287
0.909069  39
0.909541  395
0.909711  160
0.910474  302
0.910778  28
0.910805  319
0.911049  195
0.911644  385
0.912454  25
0.912667  4
0.913681  222
0.914455  399
0.914536  37
0.914612  238
0.91529  84
0.915364  316
0.9157  370
0.916392  14
0.916444  298
0.916464  301
0.916469  115
0.91659  307
0.916683  224
0.916795  383
0.917419  388
0.917565  270
0.917579  277
0.917752  281
0.918391  219
0.918613  52
0.918947  352
0.919577  9
0.919647  34
0.92018  138
0.920237  246
0.920363  214
0.921166  335
0.92124  373
0.921274  35
0.921611  313
0.921995  369
0.9221  73
0.92264  54
0.922837  1
0.922915  231
0.92296  384
0.923198  304
0.923258  117
0.923264  92
0.923413  329
0.923444  212
0.923479  249
0.923559  397
0.923606  353
0.923799  331
0.924044  50
0.9242  336
0.924277  111
0.924373  126
0.924496  213
0.924707  98
0.924916  285
0.924959  381
0.924977  340
0.925199  27
0.925258  132
0.92553  161
0.925645  66
0.925657  284
0.925661  351
0.925715  314
0.925813  386
0.926019  180
0.926099  36
0.926109  237
0.92649  308
0.926508  317
0.926515  196
0.926615  293
0.92662  306
0.926714  368
0.926736  156
0.926787  101
0.926831  201
0.927131  227
0.927196  239
0.927256  377
0.927284  359
0.927449  204
0.927779  134
0.927779  342
0.927781  59
0.927913  322
0.928003  374
0.92807  364
0.928124  321
0.928351  90
0.928388  152
0.928438  309
0.928547  119
0.928568  325
0.928623  181
0.928652  365
0.928755  199
0.928864  362
0.928971  376
0.929273  80
0.929593  312
0.929699  130
0.92971  280
0.929815  193
0.929857  350
0.929993  324
0.930245  292
0.93035  157
0.930571  354
0.930684  296
0.930882  121
0.930999  125
0.931069  251
0.931188  274
0.931234  11
0.931265  295
0.931328  94
0.931381  128
0.931454  170
0.931481  116
0.931562  326
0.93163  347
0.931724  290
0.932121  392
0.932153  234
0.932249  247
0.932356  207
0.932387  86
0.932446  77
0.932471  323
0.932995  42
0.933022  305
0.933062  176
0.93316  341
0.933166  21
0.933195  228
0.933256  15
0.933354  112
0.933423  72
0.933424  363
0.933475  171
0.933575  398
0.93383  89
0.933857  220
0.933913  389
0.933926  267
0.934317  154
0.934379  229
0.934428  334
0.934446  378
0.934713  367
0.93476  371
0.935131  286
0.935269  87
0.935398  232
0.935402  254
0.935419  136
0.935436  330
0.935654  356
0.935816  203
0.936403  328
0.93647  10
0.936489  261
0.936792  345
0.936797  129
0.936837  344
0.936979  355
0.937172  18
0.937175  100
0.937395  16
0.937421  275
0.937489  379
0.937532  327
0.937533  194
0.937664  93
0.937783  252
0.937872  236
0.937902  333
0.937949  393
0.938086  217
0.938113  82
0.938151  338
0.938177  348
0.938282  387
0.938624  302
0.938626  216
0.938737  276
0.938758  339
0.938765  396
0.938772  262
0.938863  135
0.939024  268
0.939079  311
0.939106  294
0.939189  303
0.939363  209
0.93941  24
0.939596  43
0.939833  5
0.939837  64
0.940044  357
0.940219  310
0.940279  320
0.940515  332
0.940536  318
0.940622  264
0.940664  394
0.940976  167
0.941008  297
0.941064  29
0.941159  95
0.941227  391
0.94125  127
0.941294  41
0.941412  177
0.941465  349
0.941536  106
0.941674  56
0.941675  259
0.941835  337
0.941967  383
0.942176  315
0.942578  168
0.942608  174
0.942715  67
0.94288  185
0.943122  31
0.943174  375
0.943518  360
0.943641  385
0.943656  335
0.943798  202
0.943997  107
0.944054  316
0.944115  51
0.944179  358
0.944712  183
0.945055  47
0.945193  361
0.945397  329
0.945719  377
0.945949  74
0.946108  120
0.946155  382
0.946574  20
0.947019  372
0.947084  145
0.947147  366
0.947274  319
0.9473  288
0.947799  140
0.948097  369
0.948161  233
0.948192  273
0.948277  390
0.948949  269
0.949248  142
0.949459  230
0.94962  166
0.949903  169
0.950884  370
0.951537  384
0.951614  368
0.952155  317
0.952508  336
0.952532  346
0.953123  13
0.954215  300
0.955137  380
0.956805  359
0.956893  102
0.956941  163
0.956966  265
0.957994  313
0.958288  395
0.959397  389
0.960511  282
0.960773  243
0.961597  150
0.962537  192
0.962795  226
0.96322  304
0.963861  289
0.964058  309
0.964326  324
0.964523  331
0.965062  39
0.965362  308
0.965376  277
0.965901  397
0.966615  149
0.967293  111
0.968669  301
0.969342  386
0.96947  398
0.970709  38
0.971288  215
0.971642  374
0.971793  26
0.972345  340
0.972754  263
0.973043  352
0.973777  325
0.974035  314
0.974463  189
0.974473  388
0.974765  399
0.975427  6
0.975636  48
0.975866  272
0.975879  83
0.976176  68
0.976849  256
0.976955  186
0.977091  365
0.977496  362
0.977858  143
0.977882  117
0.977914  70
0.97799  46
0.978043  44
0.978504  96
0.978745  322
0.978799  258
0.978861  392
0.978894  307
0.979028  3
0.979552  125
0.980054  198
0.98022  115
0.980303  381
0.98037  2
0.980526  231
0.980661  148
0.980675  144
0.980786  76
0.980877  197
0.981135  326
0.981202  92
0.981304  355
0.981346  21
0.981362  363
0.981461  103
0.981462  53
0.981562  37
0.981567  23
0.981659  113
0.981682  78
0.981706  306
0.98174  350
0.981916  373
0.981989  312
0.98199  344
0.982147  30
0.982291  353
0.982572  347
0.982583  291
0.982626  367
0.982638  321
0.982764  354
0.983025  235
0.983107  71
0.983172  364
0.983335  345
0.98334  19
0.983979  376
0.98408  151
0.984197  343
0.9844  155
0.98475  310
0.985063  15
0.985238  214
0.985371  128
0.985559  250
0.985723  49
0.985811  305
0.985994  302
0.986315  124
0.9864  139
0.986458  278
0.986604  225
0.986693  80
0.987093  12
0.987204  221
0.98724  266
0.98733  57
0.987343  315
0.987387  79
0.987775  333
0.987943  264
0.987975  75
0.988062  393
0.988276  133
0.988319  36
0.988632  279
0.988994  342
0.989084  334
0.989093  335
0.989505  375
0.989594  114
0.989916  358
0.990045  108
0.990286  292
0.990361  269
0.990511  349
0.990526  380
0.990611  60
0.990618  328
0.990678  390
0.990769  357
0.990787  331
0.990818  383
0.990853  341
0.990967  147
0.991102  287
0.991442  385
0.991647  82
0.991717  320
0.991775  368
0.992067  97
0.992128  190
0.992272  330
0.992294  351
0.992389  9
0.992564  317
0.992903  179
0.993285  4
0.993557  29
0.993662  229
0.99367  85
0.993919  295
0.994014  360
0.994245  359
0.994309  182
0.99432  17
0.994347  339
0.994401  300
0.994486  84
0.994625  172
0.994812  379
0.994814  88
0.99488  298
0.994897  160
0.995002  318
0.995006  33
0.995199  395
0.99533  52
0.99542  378
0.995927  240
0.995999  332
0.996022  327
0.996026  202
0.996152  100
0.996217  73
0.996342  161
0.996564  391
0.996648  352
0.996874  384
0.996997  25
0.997125  0
0.997295  356
0.997364  319
0.997584  313
0.997665  308
0.997667  123
0.998093  238
0.99861  211
0.998682  316
0.998723  338
0.998766  5
0.998835  396
0.998879  329
0.99892  362
0.99901  309
0.999033  7
0.999303  119
0.999347  213
0.999612  399
0.999669  311
0.999814  394
0.999914  134
