1.55527e-06  49
4.59264e-06  207
1.01932e-05  259
1.26241e-05  100
1.92395e-05  220
2.0072e-05  75
2.24271e-05  173
2.27847e-05  47
2.80742e-05  112
2.90384e-05  192
2.90848e-05  63
3.2651e-05  257
4.67661e-05  180
4.84627e-05  221
5.22017e-05  28
5.30737e-05  65
5.63545e-05  128
5.78481e-05  137
5.92103e-05  225
6.29087e-05  229
6.43808e-05  11
6.83832e-05  149
7.00651e-05  163
7.36347e-05  107
7.43892e-05  92
7.92755e-05  119
8.27435e-05  89
8.27713e-05  172
8.84799e-05  223
8.93097e-05  111
8.93266e-05  183
9.35981e-05  68
9.76404e-05  144
9.84748e-05  176
0.000100557  228
0.000103245  31
0.000103978  96
0.000108608  48
0.00011033  129
0.000112523  197
0.000113419  217
0.000116589  127
0.000117188  101
0.000123497  9
0.000127896  227
0.000131667  80
0.000133717  113
0.000142012  44
0.00014652  189
0.000146539  135
0.000150836  184
0.000162999  85
0.000163313  147
0.000165612  143
0.000170439  84
0.000171674  120
0.000171751  108
0.000173204  205
0.000179035  88
0.000181101  165
0.000183637  29
0.000184732  81
0.000195539  52
0.000201414  231
0.000202622  60
0.000203586  140
0.000204822  43
0.000205051  57
0.000208532  168
0.000210223  256
0.000210471  123
0.000213408  185
0.000214141  125
0.000216836  8
0.00022007  232
0.000220884  56
0.000222927  53
0.000225909  216
0.00023029  91
0.00023376  136
0.000237023  169
0.000244314  199
0.00024705  55
0.000249874  167
0.00026966  103
0.000282648  160
0.000283762  204
0.000284122  73
0.000285341  235
0.000286485  177
0.00028683  181
0.000292425  156
0.000294532  61
0.000301157  124
0.000303169  69
0.000303958  115
0.000304251  51
0.000307517  97
0.000317114  59
0.000326485  193
0.000328908  233
0.000329803  164
0.000331896  40
0.000341279  27
0.000345845  161
0.000350422  132
0.000351622  219
0.000369491  117
0.000371229  67
0.000377857  45
0.0003802  121
0.000392815  71
0.000394582  141
0.000396025  191
0.000399531  175
0.000402662  72
0.000406477  159
0.000409387  104
0.000410345  83
0.000413954  105
0.000413999  151
0.000414389  148
0.000421588  93
0.000433239  187
0.000435349  224
0.000457423  99
0.000471743  77
0.000481943  79
0.000495099  179
0.000495763  24
0.000496006  25
0.000500397  196
0.000517023  188
0.000520283  109
0.000554344  195
0.000564144  116
0.00058591  157
0.000587107  95
0.000591814  139
0.000625609  131
0.000648889  76
0.000675913  87
0.000700131  41
0.000705223  133
0.000710985  145
0.000748653  64
0.000759836  171
0.00161829  2
0.00184903  6
0.00321616  305
0.00339793  365
0.00353963  358
0.00361858  331
0.00362468  306
0.00363408  303
0.00378518  311
0.00382904  300
0.00383425  269
0.00387611  348
0.00388314  375
0.00388346  347
0.00389747  370
0.00392865  334
0.00397218  363
0.00397953  309
0.00401836  295
0.00403199  335
0.00408192  389
0.00411629  359
0.00411707  395
0.00417895  390
0.00418253  384
0.00418793  344
0.00422404  324
0.00423808  333
0.00434272  353
0.00434573  354
0.00436083  387
0.00437927  251
0.00439727  381
0.00441324  3
0.00448133  366
0.00449722  299
0.00451125  351
0.00451539  391
0.00453677  330
0.00454187  332
0.00457559  239
0.00461866  308
0.00463559  383
0.00463633  319
0.00466108  339
0.00466606  378
0.00468467  264
0.00470005  265
0.00470935  360
0.00474099  376
0.00476221  101
0.00486855  368
0.00487062  394
0.00489555  275
0.00489797  372
0.00491616  342
0.00494699  374
0.00495513  321
0.00499858  17
0.00502743  278
0.00507967  340
0.00515507  315
0.00518338  284
0.00518696  386
0.00520834  270
0.00523233  282
0.00529385  301
0.00531873  357
0.00532206  345
0.00532969  313
0.00534427  318
0.00539489  377
0.00542421  369
0.00542437  316
0.00546044  361
0.00547496  382
0.00547805  355
0.00547877  327
0.00549309  320
0.00554013  362
0.00554876  385
0.00555981  16
0.00558438  364
0.00560503  393
0.00566948  322
0.00569217  328
0.00570306  323
0.00572257  326
0.00579897  338
0.00583571  341
0.0058592  380
0.00586099  356
0.00595811  346
0.0060199  350
0.0060359  343
0.00605018  200
0.00606475  337
0.00608067  312
0.00614266  336
0.00618031  202
0.00619846  373
0.00620545  310
0.00631636  243
0.00659473  21
0.00666382  325
0.00680693  292
0.00682717  398
0.0069863  367
0.00705774  399
0.00706132  397
0.00723416  314
0.00755336  304
0.00782654  329
0.00785648  396
0.00801289  371
0.00809395  277
0.00810477  76
0.00816442  291
0.00817216  317
0.00839744  379
0.00852216  267
0.00888569  14
0.00897071  252
0.00990197  302
0.010123  283
0.0102938  349
0.0156748  307
0.0157051  214
0.0191818  219
0.0203851  392
0.0266202  388
0.0310961  311
0.0312274  285
0.0342308  269
0.0363852  294
0.0366949  41
0.03734  276
0.0373407  20
0.0380217  286
0.0389735  53
0.0393352  199
0.0394336  281
0.0396911  40
0.0396957  348
0.0401902  261
0.040445  242
0.0405865  389
0.0408627  7
0.0413952  4
0.0413956  333
0.0419132  18
0.0419519  300
0.0419862  156
0.0421958  394
0.0422596  353
0.0425888  179
0.0426987  386
0.042982  306
0.0432451  249
0.0434138  33
0.0434194  260
0.0434219  266
0.0436609  255
0.0439402  298
0.0440256  207
0.0444959  330
0.0449031  52
0.0449183  354
0.0451224  351
0.0453464  319
0.0454169  287
0.0455502  349
0.0457271  245
0.0460624  96
0.0462588  334
0.0464378  363
0.0464845  344
0.0469196  203
0.0471046  35
0.047108  368
0.0471958  309
0.0473027  24
0.0476563  324
0.0477189  246
0.0480414  279
0.0481609  73
0.0484763  305
0.0484922  93
0.0491618  375
0.0492694  374
0.0492759  383
0.0493288  125
0.0494945  390
0.049635  272
0.0497189  358
0.0497645  153
0.0498806  296
0.0499181  169
0.0499545  159
0.0501411  208
0.0502724  321
0.0503259  301
0.0503767  288
0.0505436  268
0.0505849  393
0.050716  290
0.0507724  145
0.0509348  381
0.0509519  320
0.0509567  250
0.0510022  121
0.0511317  318
0.0513814  108
0.0517182  147
0.0517792  1
0.0520684  57
0.052148  289
0.0522525  32
0.0522712  133
0.0522831  9
0.052302  399
0.052324  89
0.052534  315
0.0527024  385
0.0529066  339
0.0531868  39
0.0532891  303
0.053314  302
0.0533195  370
0.0533678  377
0.0534219  68
0.0534563  59
0.0534985  129
0.0535249  346
0.0535331  369
0.0536925  244
0.0537158  237
0.0537748  382
0.0541387  345
0.0541605  376
0.0541718  313
0.0543336  119
0.0548584  372
0.0549046  366
0.0550284  356
0.0551427  340
0.0554581  359
0.0560237  387
0.0563907  251
0.0564474  328
0.0565959  254
0.0566189  337
0.0567324  384
0.0568926  360
0.0574815  342
0.0580517  38
0.058092  338
0.058128  336
0.0582117  293
0.058322  391
0.0589337  308
0.0590696  100
0.0592996  326
0.0593034  396
0.0594142  13
0.0596948  352
0.0603485  71
0.0609239  215
0.0613068  316
0.062126  209
0.0638256  388
0.0641  380
0.0642084  371
0.0644107  327
0.0651274  361
0.0667127  137
0.0710153  92
0.0711045  378
0.0729474  355
0.0730307  392
0.0734213  284
0.0736181  101
0.073665  365
0.0739066  317
0.0751866  262
0.0751963  314
0.0757582  310
0.0762478  217
0.0764349  275
0.0764974  5
0.0778991  335
0.0788596  160
0.0788659  323
0.0801918  332
0.0812167  107
0.0812809  304
0.0814512  325
0.0816696  329
0.0817207  331
0.0826211  343
0.0828082  257
0.0830688  373
0.0839112  139
0.0847666  312
0.0853274  347
0.0862823  29
0.0865798  307
0.0888126  357
0.0894361  148
0.0905998  65
0.0913703  364
0.0930004  322
0.0933645  389
0.0934278  64
0.093495  395
0.094049  12
0.0940985  25
0.0942304  184
0.0947447  282
0.0956555  104
0.0957705  132
0.0957803  270
0.0959137  143
0.0961575  213
0.0963675  271
0.0964231  394
0.0964238  330
0.0965145  379
0.0968958  34
0.0975804  341
0.0976772  351
0.097828  151
0.0980131  350
0.0981521  363
0.0982424  349
0.0985915  274
0.098674  233
0.0987728  398
0.098992  362
0.0990531  155
0.0991783  161
0.0995184  81
0.0997359  0
0.100168  37
0.100481  109
0.100611  247
0.100628  27
0.101016  95
0.101033  120
0.101083  214
0.101159  77
0.101853  241
0.1019  265
0.102011  311
0.102062  193
0.102239  93
0.10226  354
0.102301  154
0.102335  67
0.102362  386
0.103503  72
0.103534  327
0.103674  201
0.103692  17
0.103761  7
0.103766  16
0.104141  368
0.104144  125
0.104151  333
0.104205  300
0.10421  180
0.104262  136
0.104317  353
0.104496  188
0.104536  339
0.104595  240
0.104857  207
0.104866  345
0.104923  96
0.104932  15
0.105063  279
0.105152  87
0.105164  2
0.105361  252
0.105367  309
0.105412  255
0.10546  306
0.105496  128
0.105801  220
0.105965  372
0.105976  380
0.106083  99
0.106114  152
0.106202  385
0.106235  369
0.106281  297
0.106363  393
0.106401  88
0.106424  278
0.106424  305
0.106501  245
0.106653  144
0.106682  318
0.10669  382
0.106776  381
0.106879  52
0.10693  266
0.106932  103
0.10695  392
0.107007  319
0.107266  302
0.107333  131
0.107362  197
0.107383  172
0.107428  232
0.107453  14
0.107544  320
0.107645  321
0.10774  328
0.107744  195
0.107801  263
0.107813  55
0.107848  124
0.10791  338
0.108042  359
0.108262  71
0.108317  396
0.108361  280
0.108376  390
0.108557  23
0.108593  163
0.108616  346
0.108662  384
0.1087  4
0.108706  145
0.10871  264
0.108728  301
0.108734  334
0.10875  358
0.108915  73
0.108957  324
0.109146  323
0.109208  391
0.109227  315
0.109361  22
0.109702  348
0.109896  157
0.11011  254
0.110149  85
0.110428  299
0.110571  248
0.110604  135
0.110742  239
0.11083  45
0.110927  378
0.110946  316
0.110974  211
0.111008  397
0.111075  185
0.111152  352
0.111191  370
0.111229  210
0.111289  61
0.11149  118
0.111531  253
0.111685  285
0.112048  326
0.112282  399
0.112361  308
0.112386  196
0.112923  268
0.113241  342
0.113315  35
0.113315  20
0.113375  355
0.113568  387
0.113661  216
0.113887  383
0.114016  162
0.114119  367
0.114238  235
0.114456  105
0.114797  360
0.114988  228
0.115022  181
0.115065  292
0.115067  3
0.115069  337
0.115407  331
0.115535  13
0.115699  177
0.11577  376
0.115778  313
0.115907  364
0.116226  179
0.116449  127
0.116756  325
0.117114  168
0.11732  388
0.117382  335
0.117666  273
0.117857  19
0.118169  344
0.118181  366
0.118485  357
0.118576  141
0.118728  375
0.118915  340
0.118917  371
0.119276  129
0.119816  198
0.120052  133
0.120346  314
0.121102  80
0.121195  373
0.12167  304
0.122062  191
0.122239  92
0.122648  310
0.122997  119
0.123398  395
0.123602  108
0.124203  187
0.124244  365
0.124628  97
0.125073  322
0.125297  244
0.125568  306
0.127325  272
0.127406  356
0.127679  113
0.128044  336
0.128267  329
0.128368  98
0.128814  249
0.129673  361
0.130734  82
0.130853  91
0.130893  117
0.131289  374
0.131721  319
0.132907  379
0.133295  389
0.13435  332
0.135173  347
0.13538  362
0.135437  68
0.137034  377
0.137373  225
0.137776  295
0.137803  110
0.137976  343
0.138311  39
0.138486  300
0.138886  312
0.140149  363
0.140402  212
0.140825  294
0.140958  330
0.141411  286
0.142532  392
0.142537  258
0.142723  307
0.142807  78
0.143279  333
0.143631  121
0.144372  369
0.144375  301
0.145199  86
0.145266  75
0.145789  18
0.14587  349
0.14631  380
0.146478  267
0.146538  59
0.146568  41
0.146601  156
0.147286  83
0.147669  70
0.147746  341
0.148361  1
0.148423  28
0.148955  317
0.148986  175
0.149098  6
0.150048  171
0.150101  353
0.150273  311
0.150462  223
0.150482  394
0.150652  354
0.150803  25
0.150927  251
0.151049  226
0.151136  303
0.151157  350
0.151562  393
0.151681  359
0.151808  305
0.15194  203
0.151941  217
0.152874  339
0.153415  48
0.153706  84
0.154025  200
0.154036  30
0.154124  222
0.154207  174
0.154238  324
0.15424  327
0.154654  261
0.154677  106
0.154701  308
0.155038  63
0.155708  9
0.155712  387
0.156239  159
0.156317  194
0.156413  351
0.156439  204
0.156676  260
0.156696  215
0.157021  345
0.157291  40
0.157345  38
0.15736  101
0.157479  297
0.157517  367
0.157558  65
0.157684  178
0.158007  34
0.158155  236
0.158188  383
0.158243  309
0.158301  338
0.158454  199
0.158475  386
0.158522  183
0.158597  148
0.158601  10
0.15881  321
0.158944  348
0.159228  398
0.159407  246
0.159479  158
0.159613  44
0.159769  202
0.159774  318
0.160259  219
0.160352  69
0.160478  140
0.160766  284
0.160958  385
0.160983  124
0.161115  154
0.16116  120
0.161213  302
0.161243  90
0.161376  381
0.161622  391
0.161712  220
0.161779  112
0.161954  399
0.162015  304
0.162065  73
0.16208  276
0.162083  370
0.162219  396
0.162228  53
0.162246  262
0.162327  64
0.162464  43
0.162605  346
0.162611  241
0.162665  397
0.16273  361
0.162739  372
0.162739  334
0.162816  257
0.162951  325
0.162957  316
0.163042  0
0.163144  269
0.163286  287
0.163291  60
0.163367  313
0.163419  355
0.163532  326
0.163548  134
0.163688  237
0.163737  335
0.16375  137
0.16386  378
0.163952  375
0.164085  252
0.164096  234
0.1642  31
0.164438  323
0.164708  126
0.164752  315
0.164764  21
0.164786  371
0.164826  205
0.165297  51
0.165495  373
0.1655  344
0.165675  357
0.165706  352
0.166156  192
0.166208  89
0.166214  281
0.166685  88
0.16675  337
0.166838  368
0.166936  332
0.167016  283
0.167034  29
0.167119  160
0.16712  336
0.167146  173
0.16743  132
0.167979  310
0.16799  42
0.167995  366
0.168026  358
0.168138  322
0.168423  76
0.168443  376
0.168642  279
0.168649  176
0.168843  306
0.168864  49
0.169117  170
0.169178  395
0.169195  320
0.169198  2
0.169291  384
0.169489  80
0.169566  298
0.169595  388
0.169596  328
0.169722  382
0.170053  62
0.170398  72
0.171354  125
0.171894  27
0.172098  188
0.17233  12
0.172983  107
0.17309  331
0.173699  32
0.173727  197
0.17397  341
0.174024  26
0.174087  5
0.17446  329
0.174691  74
0.174871  300
0.175301  379
0.175581  363
0.175805  377
0.175822  353
0.175827  153
0.175827  231
0.176195  390
0.176357  360
0.176473  312
0.177018  243
0.177191  155
0.178549  277
0.179277  364
0.179299  248
0.179465  290
0.180352  307
0.180502  314
0.180877  289
0.18105  343
0.181394  374
0.182023  33
0.182903  362
0.183026  147
0.183255  356
0.184823  317
0.184913  16
0.185939  238
0.189403  165
0.189561  127
0.189592  389
0.189723  380
0.189736  387
0.19015  11
0.190478  349
0.190504  354
0.190897  113
0.191356  340
0.192749  161
0.192778  293
0.193464  319
0.193634  309
0.194366  211
0.194802  393
0.195218  184
0.195299  240
0.195339  330
0.195921  13
0.196199  93
0.196306  296
0.196998  305
0.197376  66
0.197733  327
0.197807  67
0.197986  301
0.198885  369
0.199033  4
0.199046  365
0.199059  221
0.200197  180
0.200605  186
0.200628  206
0.200997  115
0.20107  56
0.201221  351
0.201275  347
0.201346  324
0.201579  258
0.201926  370
0.201944  308
0.202219  110
0.202361  303
0.20238  383
0.202597  398
0.203119  208
0.20327  316
0.203424  333
0.2035  386
0.20494  392
0.205273  111
0.205426  275
0.205468  321
0.205637  288
0.205891  20
0.205981  229
0.206252  210
0.206301  77
0.207214  268
0.20743  185
0.207501  342
0.20763  23
0.207657  168
0.207774  57
0.207788  207
0.207815  280
0.207899  226
0.208021  255
0.208471  46
0.208599  335
0.208794  256
0.209639  394
0.209824  253
0.209875  120
0.210012  141
0.210069  82
0.210105  8
0.210191  350
0.210299  135
0.21032  157
0.210324  227
0.210584  313
0.210799  136
0.210826  224
0.210973  261
0.210984  213
0.211022  378
0.211071  6
0.211209  348
0.211345  79
0.211435  117
0.211575  88
0.211605  54
0.211608  22
0.211691  361
0.211724  311
0.211922  129
0.211977  306
0.212009  19
0.212048  34
0.212052  359
0.212158  382
0.212205  81
0.21224  265
0.212254  326
0.212316  143
0.212373  391
0.212424  397
0.212491  355
0.212697  338
0.212722  36
0.212771  346
0.212857  95
0.212929  334
0.212962  149
0.212978  166
0.212983  232
0.212988  142
0.213064  96
0.213086  367
0.213099  42
0.213132  315
0.213133  91
0.213399  331
0.213454  233
0.213483  209
0.213574  381
0.213696  396
0.214378  341
0.214379  250
0.214393  376
0.214427  214
0.214597  249
0.214782  187
0.214886  384
0.214898  399
0.215067  375
0.215223  273
0.215224  336
0.215225  343
0.215231  230
0.215298  271
0.215431  366
0.215505  97
0.215808  372
0.215915  385
0.216042  339
0.216094  300
0.216122  218
0.216193  190
0.21638  182
0.216477  151
0.216484  254
0.216532  317
0.216556  237
0.216581  318
0.216681  183
0.216961  144
0.217138  364
0.217141  90
0.217305  323
0.217411  352
0.2175  164
0.217511  83
0.217566  325
0.217575  65
0.217588  17
0.217651  100
0.217731  304
0.217813  292
0.217869  276
0.218148  150
0.218215  320
0.218235  102
0.218242  194
0.218291  217
0.218709  179
0.218714  92
0.218923  101
0.218935  337
0.218955  169
0.218983  345
0.219192  200
0.219238  344
0.219285  216
0.219341  379
0.219567  18
0.219569  146
0.219588  371
0.219706  37
0.219822  231
0.220065  228
0.220171  373
0.220197  130
0.220254  239
0.220366  307
0.220389  75
0.220432  319
0.22064  374
0.220693  389
0.220827  63
0.221013  245
0.221052  322
0.221061  360
0.221107  236
0.221121  45
0.221127  198
0.22114  139
0.221315  328
0.221388  177
0.221464  175
0.22161  354
0.221628  159
0.221742  310
0.221757  362
0.221789  47
0.221795  118
0.221831  68
0.221876  235
0.222061  3
0.222092  123
0.2221  377
0.222263  329
0.222282  212
0.222287  162
0.222376  314
0.222409  274
0.222455  356
0.222463  152
0.222677  390
0.222777  51
0.222785  270
0.222975  327
0.223051  363
0.22312  353
0.223371  357
0.223437  38
0.223555  388
0.223669  303
0.223816  41
0.223914  158
0.224048  347
0.224107  358
0.224224  242
0.224294  171
0.224319  380
0.224462  369
0.224802  181
0.224896  294
0.224906  332
0.225038  221
0.225151  305
0.225156  302
0.225192  324
0.225479  368
0.225609  312
0.226528  393
0.227235  154
0.227547  395
0.228332  134
0.228391  351
0.228827  370
0.230285  365
0.232874  286
0.233503  386
0.234402  301
0.237984  382
0.239013  272
0.239679  316
0.241589  297
0.244644  340
0.247575  193
0.24908  398
0.249344  173
0.250123  251
0.250342  342
0.251006  284
0.251021  309
0.251217  0
0.251468  378
0.251862  104
0.252005  135
0.252583  321
0.252879  33
0.253714  330
0.253785  394
0.253791  355
0.254133  262
0.254302  311
0.254611  376
0.254977  93
0.255247  44
0.255854  161
0.255889  291
0.255931  27
0.256207  85
0.256344  163
0.256357  391
0.256586  120
0.256686  349
0.256687  222
0.256856  367
0.256971  282
0.256977  387
0.2572  335
0.257461  10
0.257484  138
0.257951  160
0.258032  383
0.258049  278
0.258293  52
0.258299  14
0.258341  186
0.258774  384
0.258996  202
0.258998  170
0.259381  69
0.259558  72
0.259564  122
0.259594  333
0.259669  338
0.260195  348
0.260298  24
0.260342  71
0.260344  234
0.260355  260
0.260423  43
0.260469  259
0.260506  5
0.260513  70
0.260513  265
0.260538  244
0.260593  205
0.260751  243
0.26089  7
0.260901  49
0.260964  94
0.260964  313
0.261015  56
0.261092  99
0.261096  59
0.261128  165
0.261281  125
0.261296  227
0.261444  145
0.261472  350
0.261541  28
0.261548  35
0.261552  392
0.261561  189
0.261602  293
0.261631  308
0.261714  396
0.261746  241
0.26179  359
0.261979  50
0.261988  4
0.262116  168
0.262177  215
0.26222  48
0.262259  317
0.262354  188
0.262441  206
0.26247  366
0.262661  113
0.262663  133
0.262681  306
0.262685  247
0.262873  211
0.262875  86
0.262876  341
0.262919  325
0.26296  172
0.263046  53
0.263211  352
0.263302  360
0.263388  109
0.263413  248
0.263419  300
0.263507  381
0.263569  40
0.263658  296
0.26366  388
0.263674  256
0.26376  195
0.263778  269
0.263801  223
0.26394  124
0.263971  356
0.264036  347
0.264137  379
0.26415  346
0.264159  235
0.264189  258
0.2642  116
0.264238  334
0.264258  266
0.264299  81
0.264314  78
0.264433  318
0.264438  130
0.264495  312
0.264572  39
0.264582  1
0.264623  375
0.264659  299
0.264667  219
0.264777  344
0.264777  357
0.264835  11
0.264851  336
0.264895  26
0.265015  339
0.265042  115
0.265068  363
0.265095  399
0.265133  220
0.265195  314
0.265196  304
0.265247  329
0.265258  364
0.265299  30
0.265492  16
0.265523  66
0.265637  208
0.265648  369
0.26567  343
0.265693  310
0.265714  19
0.265727  377
0.265729  257
0.26591  197
0.265966  57
0.265986  112
0.266157  153
0.266166  319
0.266242  361
0.266389  328
0.266487  302
0.266508  196
0.266517  389
0.266532  54
0.266538  32
0.266576  323
0.266579  114
0.266709  371
0.266719  126
0.266728  178
0.266764  110
0.266777  155
0.266951  6
0.266969  25
0.267036  374
0.26711  298
0.267229  320
0.267273  315
0.267293  132
0.267345  351
0.2674  181
0.267452  370
0.267457  242
0.267471  42
0.267593  309
0.267691  305
0.267746  127
0.267788  354
0.267804  353
0.267813  74
0.267832  331
0.267842  385
0.267884  393
0.267973  31
0.268031  23
0.268042  91
0.268645  207
0.26867  358
0.268725  204
0.268754  307
0.268766  337
0.268832  12
0.268908  119
0.268918  137
0.26896  345
0.26898  326
0.269006  201
0.269016  179
0.269034  327
0.269153  332
0.269267  97
0.269306  362
0.269422  143
0.269709  397
0.269764  372
0.26991  83
0.270012  106
0.270051  380
0.270171  373
0.270536  89
0.270571  87
0.270776  217
0.270836  102
0.270874  390
0.270973  322
0.271501  131
0.271546  216
0.271824  246
0.272326  301
0.272689  245
0.273184  382
0.273307  80
0.273308  98
0.273664  395
0.273817  386
0.273978  156
0.275559  180
0.276267  303
0.276518  144
0.276529  51
0.276784  159
0.276853  321
0.276948  108
0.277339  117
0.277342  349
0.27744  77
0.277488  368
0.277725  340
0.278188  252
0.278404  338
0.278536  383
0.278779  27
0.278833  346
0.279281  324
0.279861  9
0.280091  365
0.280603  198
0.281319  283
0.281326  140
0.281886  279
0.282433  67
0.282657  154
0.282712  342
0.283642  34
0.283879  394
0.284013  151
0.284098  250
0.284688  330
0.284736  378
0.28487  263
0.28514  212
0.285252  276
0.285344  316
0.285513  177
0.287857  213
0.28847  184
0.288528  194
0.28906  285
0.289105  237
0.289477  335
0.289883  287
0.290316  22
0.290724  313
0.291335  60
0.293952  17
0.294007  199
0.294696  36
0.295435  258
0.295667  261
0.295717  105
0.295863  8
0.296299  341
0.296424  392
0.29661  58
0.296652  90
0.296703  289
0.296814  169
0.296904  210
0.297171  381
0.297233  268
0.298275  134
0.298318  92
0.298785  352
0.298827  37
0.298883  292
0.299095  308
0.299428  384
0.299462  347
0.299481  190
0.299535  367
0.300164  185
0.300234  366
0.300306  236
0.300343  363
0.300451  21
0.300512  396
0.300571  331
0.300601  65
0.300649  79
0.30067  103
0.300674  167
0.300692  99
0.300762  359
0.300932  253
0.301004  64
0.301075  18
0.301197  275
0.301204  107
0.30132  94
0.301477  158
0.301614  203
0.301632  85
0.301716  317
0.301738  393
0.301854  164
0.301864  300
0.301885  251
0.301891  174
0.301929  7
0.301965  388
0.302102  267
0.302107  355
0.302245  290
0.302441  149
0.302568  376
0.302577  333
0.302698  121
0.302706  59
0.302843  353
0.302847  0
0.302899  205
0.3031  284
0.303115  224
0.303146  374
0.303245  398
0.303357  312
0.303528  306
0.303578  320
0.30358  24
0.303668  293
0.303732  351
0.303856  141
0.303868  84
0.304134  47
0.304241  233
0.304241  336
0.304271  53
0.304288  150
0.304315  229
0.304333  371
0.304342  13
0.304405  297
0.304559  240
0.304581  391
0.304624  385
0.304632  2
0.304819  387
0.304867  231
0.304873  348
0.304923  33
0.305121  318
0.305181  372
0.305187  136
0.305332  281
0.305378  310
0.30541  176
0.30557  166
0.305655  329
0.305818  319
0.305864  307
0.305867  311
0.306158  73
0.306222  286
0.306249  265
0.306274  181
0.306276  339
0.30628  295
0.30644  208
0.306528  369
0.306537  360
0.306548  349
0.3066  314
0.306658  379
0.306748  118
0.306792  377
0.306797  302
0.306797  375
0.306865  129
0.30691  354
0.306931  160
0.306999  112
0.30705  357
0.30724  288
0.307287  309
0.307521  345
0.307608  38
0.307978  41
0.308646  325
0.308709  221
0.309148  75
0.309235  356
0.309514  66
0.309607  343
0.309724  153
0.309805  246
0.309982  304
0.310304  122
0.310318  273
0.31036  368
0.310731  269
0.310923  373
0.311033  361
0.311145  249
0.311273  358
0.311694  315
0.312124  225
0.312458  301
0.312912  96
0.313083  378
0.313486  186
0.313684  394
0.313709  76
0.314035  135
0.314279  332
0.314533  362
0.314647  192
0.314764  321
0.315101  330
0.315239  272
0.31527  350
0.315312  305
0.315757  364
0.315795  30
0.316752  247
0.316868  370
0.317656  3
0.317723  382
0.317912  337
0.317914  338
0.318033  257
0.318058  328
0.318918  397
0.318984  323
0.319458  45
0.321114  327
0.321736  248
0.32197  172
0.322156  142
0.322211  115
0.322329  255
0.322558  28
0.323274  303
0.323341  313
0.323771  389
0.324023  342
0.326255  241
0.327626  386
0.327803  132
0.328688  365
0.329187  326
0.330755  340
0.331617  322
0.332197  62
0.332447  244
0.333646  146
0.335393  152
0.33647  344
0.337333  11
0.337507  230
0.338067  206
0.339144  125
0.3396  399
0.339649  173
0.339784  57
0.340493  109
0.340723  123
0.340728  148
0.341147  395
0.341149  243
0.341496  111
0.341728  383
0.341831  147
0.341979  334
0.342079  217
0.342124  51
0.342147  380
0.342469  308
0.343022  124
0.343267  341
0.343472  298
0.343681  184
0.344058  165
0.344145  187
0.344189  177
0.344781  392
0.344895  393
0.345095  259
0.345099  214
0.345378  68
0.34552  398
0.345784  324
0.345903  72
0.346119  157
0.346357  189
0.346558  366
0.346626  133
0.346829  316
0.347268  82
0.347334  50
0.347367  74
0.347411  61
0.347439  262
0.347465  143
0.347481  280
0.347789  194
0.347838  391
0.347883  390
0.347976  264
0.348025  191
0.348151  114
0.348171  10
0.348205  290
0.348221  183
0.348379  282
0.34853  396
0.348551  77
0.34862  318
0.348768  331
0.348797  86
0.348847  7
0.348901  352
0.349177  276
0.349222  29
0.349237  375
0.349239  235
0.349338  239
0.3494  312
0.3494  6
0.349474  317
0.349541  355
0.349545  193
0.349564  69
0.349629  346
0.349775  130
0.349836  102
0.349938  358
0.350054  55
0.350099  289
0.350183  88
0.350191  100
0.350239  351
0.350298  188
0.350342  252
0.350478  95
0.350503  211
0.350527  357
0.350575  12
0.350743  144
0.35077  71
0.350924  381
0.350936  216
0.350941  164
0.350953  374
0.351026  363
0.351081  274
0.351122  343
0.351143  333
0.351164  388
0.351186  367
0.351238  119
0.351379  320
0.351409  277
0.351564  335
0.351646  304
0.351724  384
0.351734  145
0.351812  371
0.351822  19
0.351834  227
0.351907  219
0.351955  39
0.351994  287
0.352005  15
0.352171  302
0.352256  325
0.352265  131
0.352328  387
0.352381  394
0.352554  353
0.352556  222
0.352561  329
0.352606  60
0.352669  5
0.352779  349
0.352856  210
0.352897  256
0.352932  305
0.352935  345
0.353001  140
0.353052  389
0.353058  267
0.353127  70
0.353164  361
0.353198  215
0.353214  205
0.353215  179
0.353389  311
0.353402  203
0.353403  309
0.353495  128
0.353515  182
0.353629  209
0.353838  108
0.35384  25
0.353931  372
0.353946  98
0.354069  300
0.354102  223
0.354143  90
0.354149  242
0.35429  323
0.354291  92
0.354394  348
0.354403  59
0.354429  370
0.354532  379
0.354537  382
0.354569  299
0.354604  97
0.354611  319
0.354637  332
0.354659  36
0.354949  99
0.35496  326
0.354981  321
0.355078  136
0.35515  306
0.35517  238
0.355248  161
0.355396  96
0.355605  314
0.355615  286
0.355653  338
0.355698  89
0.355779  94
0.355805  271
0.355934  377
0.35604  83
0.356047  378
0.356103  155
0.356122  330
0.356217  359
0.356366  263
0.356376  265
0.356427  226
0.356428  162
0.356454  397
0.356465  369
0.356516  31
0.356554  340
0.356784  113
0.356827  342
0.357002  368
0.357076  336
0.357103  291
0.357193  1
0.357382  4
0.357425  360
0.357706  303
0.357734  328
0.357872  337
0.357974  322
0.358001  307
0.358155  313
0.358163  383
0.358189  150
0.358438  87
0.358691  204
0.35877  46
0.359165  339
0.359888  120
0.359966  385
0.360605  34
0.360643  121
0.361013  327
0.361072  350
0.361077  49
0.361136  376
0.361869  315
0.362101  212
0.362113  308
0.362293  273
0.362367  316
0.362671  166
0.362791  224
0.363341  137
0.363606  373
0.363639  297
0.363657  174
0.363918  64
0.36416  386
0.364377  362
0.365263  200
0.365688  16
0.36575  85
0.365876  354
0.365931  163
0.366895  347
0.366914  324
0.367291  301
0.367424  343
0.367488  26
0.368047  356
0.371007  364
0.374388  44
0.374858  181
0.375108  192
0.375323  310
0.376364  149
0.37666  392
0.377318  58
0.378183  245
0.378817  344
0.380012  366
0.380225  247
0.380267  331
0.381939  53
0.382794  334
0.382834  112
0.384067  54
0.384104  261
0.385152  236
0.385863  91
0.386121  399
0.386246  285
0.386253  139
0.387116  93
0.387498  355
0.387819  393
0.387886  395
0.38823  341
0.388556  101
0.389156  178
0.389451  365
0.389568  268
0.390155  72
0.390318  381
0.390582  244
0.390605  76
0.391243  361
0.391604  248
0.391907  159
0.392003  199
0.392064  380
0.392112  398
0.392837  372
0.393354  294
0.393379  374
0.393782  302
0.393782  196
0.393794  122
0.394097  20
0.394183  104
0.394947  336
0.39567  309
0.395827  213
0.396169  249
0.396273  78
0.396291  332
0.396292  318
0.396417  106
0.396561  296
0.396915  189
0.397343  146
0.397715  292
0.397756  352
0.397918  270
0.39804  312
0.39808  111
0.398099  358
0.398132  158
0.39838  304
0.398445  63
0.398474  9
0.398552  283
0.398557  229
0.398849  165
0.398936  311
0.398942  126
0.39915  250
0.399389  190
0.399513  21
0.399549  353
0.3996  367
0.399641  346
0.399642  345
0.399674  2
0.399681  388
0.399842  127
0.4  276
0.400067  257
0.400095  8
0.400162  184
0.400258  195
0.400265  220
0.400314  329
0.400436  379
0.400511  295
0.400525  319
0.400572  266
0.400788  198
0.400914  105
0.401032  241
0.401122  116
0.401221  269
0.401294  278
0.4013  360
0.401357  375
0.401398  65
0.401536  94
0.401551  66
0.401658  255
0.401665  110
0.401683  387
0.401869  62
0.401884  0
0.402015  363
0.402116  396
0.402207  24
0.402208  357
0.402212  272
0.402253  258
0.402298  280
0.402424  254
0.402463  115
0.402518  384
0.402544  394
0.402614  373
0.402635  391
0.402785  233
0.402949  48
0.40304  308
0.403073  389
0.403286  215
0.403319  22
0.403335  320
0.403344  129
0.403375  30
0.403385  390
0.403427  171
0.403438  69
0.403552  172
0.403588  226
0.403598  348
0.403771  35
0.403786  317
0.403797  323
0.403817  71
0.40394  382
0.403942  153
0.403968  157
0.403982  335
0.404111  42
0.404184  281
0.40426  37
0.404293  368
0.404388  243
0.404438  167
0.404458  351
0.404514  256
0.404586  142
0.404646  397
0.404699  145
0.404725  113
0.404741  164
0.404761  338
0.404828  154
0.404883  173
0.404994  279
0.405168  359
0.405186  314
0.405255  386
0.405293  28
0.405341  260
0.405346  369
0.40535  231
0.405414  228
0.405451  325
0.405453  208
0.405475  342
0.405556  305
0.4056  378
0.405669  326
0.405743  176
0.405995  102
0.406042  141
0.406063  169
0.406091  237
0.406124  300
0.406161  356
0.40622  123
0.406222  70
0.406226  284
0.40632  89
0.406373  57
0.406437  197
0.406501  81
0.406596  321
0.406632  315
0.406875  307
0.406897  217
0.406927  40
0.406939  84
0.407023  32
0.407147  324
0.407167  333
0.407196  152
0.407269  313
0.407286  330
0.407424  377
0.407485  322
0.407585  328
0.407662  118
0.407762  168
0.407816  364
0.407852  45
0.407888  108
0.407916  340
0.407946  103
0.408039  316
0.408044  371
0.408165  114
0.408198  383
0.408233  385
0.408266  27
0.408337  133
0.408349  138
0.408359  251
0.408422  186
0.408428  376
0.40864  132
0.408644  43
0.408675  343
0.408683  131
0.408697  242
0.408718  337
0.408901  86
0.40894  344
0.408993  362
0.409036  223
0.409068  303
0.409131  225
0.409145  349
0.409352  15
0.409369  252
0.409371  274
0.409581  124
0.409662  347
0.409701  306
0.409782  339
0.409832  175
0.410451  61
0.41046  370
0.410527  155
0.410557  134
0.410603  100
0.410721  301
0.411457  219
0.411467  310
0.411677  354
0.41172  41
0.411754  163
0.411828  381
0.411945  334
0.411955  253
0.411964  147
0.412085  151
0.412104  203
0.412124  13
0.412332  293
0.412621  67
0.412877  327
0.412979  399
0.413007  350
0.413196  119
0.413213  365
0.413813  207
0.413901  392
0.413976  191
0.414411  318
0.41442  82
0.414439  336
0.414473  29
0.414664  11
0.414881  56
0.415004  135
0.415065  264
0.415247  128
0.41525  180
0.415423  361
0.415524  355
0.415565  299
0.415747  236
0.415982  183
0.416891  345
0.417094  202
0.417433  374
0.417508  18
0.417509  271
0.417678  17
0.417692  25
0.417726  395
0.417801  366
0.418036  302
0.418474  206
0.419174  367
0.419267  85
0.419883  149
0.42052  398
0.420561  239
0.420961  311
0.421121  74
0.421683  353
0.421801  394
0.421938  76
0.422483  96
0.422726  341
0.422813  393
0.422865  193
0.423326  240
0.42433  214
0.424997  52
0.425829  308
0.427062  319
0.427505  372
0.427983  224
0.429195  380
0.429544  50
0.430225  373
0.430255  309
0.431079  143
0.433531  80
0.435922  268
0.435923  388
0.436399  73
0.436543  368
0.436576  38
0.436845  162
0.437483  358
0.438253  317
0.438391  331
0.43859  23
0.438784  139
0.438903  356
0.439268  357
0.439537  218
0.440188  332
0.440319  288
0.440385  359
0.441643  7
0.442407  31
0.443192  337
0.443367  49
0.443441  3
0.443631  72
0.443943  303
0.444227  221
0.445431  125
0.445542  287
0.445586  192
0.445886  170
0.446109  392
0.446326  4
0.446449  116
0.446643  60
0.446754  83
0.44679  77
0.446997  97
0.447052  323
0.447275  352
0.447302  312
0.447504  177
0.44766  98
0.447736  371
0.447784  396
0.447845  339
0.447981  349
0.448024  360
0.448402  172
0.448406  310
0.448461  234
0.448467  397
0.448909  320
0.448971  305
0.449096  330
0.449256  104
0.449287  247
0.449801  201
0.449909  222
0.449934  325
0.450199  329
0.450328  165
0.450757  230
0.45088  173
0.451093  188
0.451256  20
0.451386  44
0.451422  324
0.451551  379
0.451823  363
0.451898  314
0.451931  364
0.45229  63
0.452441  286
0.452961  370
0.453135  204
0.453302  369
0.453351  90
0.453363  389
0.453419  385
0.453433  346
0.453512  282
0.453561  338
0.45388  246
0.454015  384
0.45458  316
0.454674  391
0.45508  300
0.455167  354
0.455503  16
0.455805  386
0.455914  199
0.455952  140
0.456435  322
0.456577  51
0.456921  333
0.457322  244
0.457444  383
0.45765  326
0.457796  179
0.457876  342
0.458027  92
0.459295  351
0.459999  301
0.460169  304
0.46193  110
0.462025  378
0.463581  263
0.463877  227
0.464128  91
0.464542  394
0.465305  291
0.465535  399
0.466184  115
0.467035  315
0.467178  313
0.467211  390
0.467266  131
0.467346  348
0.468146  148
0.468344  152
0.46835  166
0.468707  21
0.468786  59
0.468922  376
0.46906  156
0.469946  281
0.470094  327
0.470518  362
0.470543  8
0.470763  353
0.470778  381
0.471049  147
0.471091  358
0.471142  302
0.471783  238
0.471836  367
0.471842  142
0.472442  58
0.472624  377
0.472731  46
0.472869  366
0.473207  344
0.473399  229
0.473873  205
0.47417  382
0.474371  187
0.47442  387
0.474625  306
0.475029  198
0.475312  53
0.475717  294
0.475839  47
0.475843  66
0.476219  232
0.476245  109
0.47628  347
0.476282  307
0.47629  144
0.476618  336
0.477052  297
0.477069  93
0.477111  235
0.477583  289
0.477591  194
0.478133  340
0.478261  335
0.478508  136
0.47865  309
0.478749  87
0.478983  55
0.479078  295
0.479088  395
0.479127  19
0.479516  209
0.47955  0
0.479666  75
0.479714  317
0.479793  356
0.479869  169
0.479961  237
0.480067  298
0.480089  257
0.4801  350
0.480287  54
0.480643  261
0.4807  373
0.480983  233
0.48104  61
0.481094  146
0.481175  292
0.481499  372
0.481761  167
0.48189  88
0.481894  155
0.481938  343
0.482119  101
0.482326  380
0.482452  64
0.482494  296
0.482552  359
0.48256  254
0.48281  365
0.482883  337
0.483044  68
0.483482  328
0.483512  355
0.483525  331
0.483725  319
0.483848  114
0.483941  248
0.48428  24
0.484938  361
0.484989  375
0.485147  158
0.485162  320
0.485334  22
0.485456  200
0.485467  345
0.485549  357
0.485694  397
0.485734  308
0.485947  78
0.486638  65
0.486868  398
0.486958  185
0.486969  122
0.487007  13
0.487011  14
0.487022  321
0.487213  15
0.487688  273
0.487732  223
0.48774  225
0.487829  325
0.48801  175
0.488124  290
0.488213  126
0.488422  303
0.488447  41
0.488498  210
0.488743  195
0.488904  161
0.488942  67
0.489073  26
0.489134  83
0.489139  127
0.489246  329
0.48927  33
0.489277  190
0.489313  89
0.489357  388
0.489406  354
0.489528  242
0.489543  339
0.48963  36
0.489735  84
0.49017  176
0.490195  271
0.490426  352
0.490491  1
0.490499  338
0.490576  121
0.490591  392
0.490638  300
0.490667  318
0.490682  207
0.49083  314
0.490996  234
0.491034  138
0.491145  216
0.491285  193
0.491454  211
0.49152  369
0.491533  393
0.491564  383
0.49168  250
0.491767  81
0.491993  28
0.492076  368
0.492139  324
0.492144  274
0.492211  253
0.492297  341
0.492308  154
0.492419  215
0.492429  349
0.492479  278
0.492519  379
0.492725  111
0.49298  202
0.493149  374
0.493321  79
0.493398  364
0.493417  268
0.493445  259
0.493593  213
0.493776  305
0.493785  386
0.493893  137
0.493972  360
0.494086  384
0.494113  312
0.494149  231
0.494237  17
0.494248  283
0.494251  27
0.494252  219
0.494299  4
0.494674  256
0.494683  48
0.494753  389
0.494828  262
0.494899  34
0.495215  304
0.49538  346
0.495407  191
0.495407  236
0.495414  245
0.495484  310
0.495587  32
0.495685  12
0.495688  31
0.495783  322
0.49588  332
0.496108  208
0.496138  163
0.496179  206
0.496293  35
0.49638  9
0.496409  69
0.496496  42
0.496538  333
0.49656  112
0.496622  390
0.496626  367
0.496642  387
0.4967  243
0.496832  107
0.496845  196
0.496922  330
0.497036  160
0.497069  129
0.497074  71
0.497164  362
0.497352  399
0.497382  316
0.497643  311
0.497748  159
0.497915  102
0.498035  275
0.498077  334
0.49818  95
0.498225  396
0.498395  370
0.498447  44
0.498492  56
0.498574  255
0.498608  371
0.498628  3
0.498727  351
0.498772  124
0.49883  376
0.498849  260
0.498939  203
0.499005  197
0.499064  391
0.499194  366
0.499284  301
0.499325  30
0.499354  180
0.499682  134
0.499721  133
0.499778  90
0.49987  279
0.499947  347
0.499952  39
0.500007  63
0.500119  348
0.500143  313
0.500293  252
0.500312  381
0.500321  18
0.500417  363
0.500501  6
0.500562  302
0.500578  135
0.500709  174
0.500777  327
0.50117  86
0.501211  317
0.501258  101
0.501262  77
0.501637  394
0.501638  377
0.501638  323
0.501736  309
0.50182  148
0.50192  382
0.501955  139
0.502279  385
0.502288  378
0.502477  123
0.502676  315
0.502744  115
0.502936  145
0.502998  342
0.503165  235
0.503202  326
0.503994  157
0.504167  361
0.50447  103
0.504594  340
0.504977  350
0.505478  395
0.505892  241
0.50696  178
0.50761  328
0.507916  182
0.50799  336
0.508349  91
0.508423  357
0.508738  227
0.508785  226
0.508878  355
0.509318  97
0.509824  373
0.51054  380
0.511031  189
0.511116  106
0.511187  73
0.511347  353
0.511519  87
0.511642  320
0.512116  246
0.513267  168
0.514119  293
0.514245  344
0.514256  2
0.514345  358
0.514933  354
0.516046  337
0.517905  228
0.518485  352
0.518524  117
0.51964  177
0.520962  339
0.522374  392
0.52264  217
0.523523  38
0.523593  263
0.52405  306
0.524812  356
0.525229  247
0.525787  113
0.525914  251
0.526824  100
0.526925  308
0.527169  5
0.527411  192
0.527457  162
0.527757  335
0.528952  282
0.528968  125
0.52932  386
0.52972  393
0.530156  303
0.530583  184
0.531277  54
0.531816  307
0.531862  183
0.531873  368
0.532205  76
0.53281  398
0.53304  383
0.533212  325
0.533664  343
0.534863  164
0.535159  365
0.535574  199
0.535615  312
0.535735  53
0.535775  186
0.535883  370
0.536631  80
0.536729  341
0.536783  232
0.536811  397
0.536853  8
0.537042  277
0.537154  319
0.537241  301
0.537452  329
0.537574  224
0.538105  198
0.53817  173
0.538365  57
0.538552  295
0.538683  349
0.538814  181
0.53897  314
0.538974  334
0.539213  43
0.539523  313
0.539802  249
0.539967  389
0.539973  286
0.540614  348
0.540753  258
0.540807  237
0.541134  372
0.541397  388
0.541563  149
0.54177  14
0.541901  187
0.542077  291
0.542572  82
0.542593  359
0.542613  37
0.542757  375
0.542855  25
0.542992  257
0.543204  99
0.543215  321
0.543342  140
0.543791  152
0.543822  105
0.543975  209
0.544047  366
0.544159  222
0.544217  218
0.544227  114
0.544273  292
0.544646  214
0.544647  300
0.544687  269
0.544868  280
0.544974  130
0.544998  391
0.545056  116
0.545058  69
0.545261  345
0.545649  204
0.545673  194
0.545724  176
0.545801  330
0.545901  225
0.545915  305
0.545966  322
0.546048  49
0.546055  153
0.546186  64
0.546205  190
0.546216  298
0.546225  272
0.546355  387
0.546468  384
0.546531  331
0.546621  279
0.546629  170
0.546871  333
0.546892  276
0.546959  390
0.547134  284
0.547141  212
0.547144  150
0.547225  338
0.547354  62
0.547357  21
0.547404  267
0.547654  75
0.547689  353
0.547715  347
0.547733  281
0.54784  369
0.547917  396
0.547938  98
0.548123  41
0.548188  143
0.548215  374
0.548278  163
0.548303  107
0.548336  318
0.548352  382
0.548355  45
0.548411  74
0.548481  110
0.548511  360
0.548638  364
0.548814  317
0.548853  395
0.548889  288
0.548899  324
0.548916  119
0.548982  24
0.549069  354
0.549199  239
0.549199  7
0.549239  362
0.549258  342
0.549308  201
0.549345  60
0.549448  351
0.54946  11
0.549463  191
0.549705  350
0.54974  85
0.549754  310
0.549787  254
0.549886  323
0.549916  376
0.550051  188
0.550127  399
0.550187  378
0.55019  385
0.550261  343
0.550314  304
0.550414  371
0.550442  340
0.550507  253
0.55079  326
0.550945  270
0.550962  118
0.551405  101
0.551438  132
0.551518  121
0.551953  302
0.552011  72
0.552097  20
0.552101  179
0.552129  311
0.55217  379
0.552174  336
0.552325  234
0.552374  40
0.552399  363
0.552404  328
0.552461  264
0.552514  294
0.55256  316
0.552863  144
0.553078  235
0.553398  70
0.553519  10
0.553788  19
0.553992  278
0.554101  355
0.554177  327
0.554284  4
0.554412  275
0.554448  146
0.554536  200
0.554605  127
0.554708  392
0.554872  136
0.554992  373
0.555039  238
0.555338  308
0.555438  81
0.555446  332
0.555728  357
0.556171  171
0.556172  356
0.556293  381
0.558107  368
0.558111  207
0.559077  129
0.559211  1
0.559497  233
0.559544  370
0.559948  299
0.560157  303
0.560261  319
0.560524  344
0.560859  341
0.561913  156
0.562431  18
0.562792  335
0.56324  398
0.563518  367
0.563611  0
0.56417  23
0.564264  148
0.564426  346
0.564589  221
0.564644  9
0.564665  154
0.564696  309
0.565909  274
0.565943  313
0.567327  337
0.567406  339
0.568542  377
0.569222  365
0.569751  196
0.570329  359
0.570352  271
0.570661  33
0.571618  325
0.571634  380
0.57183  268
0.572181  352
0.572936  123
0.573826  361
0.573937  96
0.574026  290
0.574404  314
0.574522  329
0.5768  320
0.577065  142
0.577161  230
0.577888  42
0.578007  115
0.578322  386
0.579623  394
0.579769  94
0.579847  358
0.579848  71
0.580003  134
0.580159  79
0.580411  166
0.580419  219
0.580595  210
0.58084  318
0.581272  389
0.581454  315
0.581546  248
0.581807  208
0.582309  251
0.58311  32
0.583197  382
0.583609  289
0.583637  67
0.583793  338
0.58381  395
0.583858  38
0.584426  349
0.584584  301
0.584616  372
0.584628  77
0.584957  312
0.585083  68
0.585393  383
0.585409  387
0.58549  169
0.585605  376
0.585762  388
0.58708  172
0.587135  307
0.587497  58
0.588803  13
0.58896  371
0.589716  189
0.58982  246
0.589931  306
0.590093  22
0.590876  331
0.591  59
0.591694  305
0.592365  342
0.592829  137
0.59289  330
0.593514  347
0.593918  147
0.593996  206
0.594061  287
0.594259  310
0.594404  362
0.594909  374
0.594924  174
0.59551  240
0.59566  321
0.596379  52
0.596454  293
0.59649  261
0.59672  149
0.597365  157
0.597855  232
0.598065  111
0.598099  202
0.598126  133
0.598247  223
0.59826  375
0.598322  323
0.598593  322
0.598628  16
0.598756  138
0.598939  227
0.599039  27
0.599164  231
0.599573  300
0.599659  344
0.599893  6
0.599936  266
0.600153  225
0.600499  177
0.600515  90
0.600541  258
0.600635  283
0.600684  95
0.600716  334
0.60075  198
0.601112  15
0.601173  93
0.601254  222
0.601342  366
0.601546  242
0.60156  285
0.602047  373
0.602302  327
0.602353  295
0.602418  355
0.602443  48
0.602484  333
0.602489  171
0.602535  392
0.602586  55
0.602824  184
0.602836  317
0.60295  43
0.602961  390
0.603047  78
0.603088  63
0.603156  126
0.603216  385
0.603229  393
0.603295  328
0.603345  364
0.603483  357
0.603485  316
0.603498  378
0.603527  384
0.603547  345
0.603629  120
0.603766  44
0.603941  265
0.604088  131
0.604214  346
0.604234  369
0.604272  311
0.604275  381
0.604412  365
0.604415  397
0.6046  302
0.604633  245
0.604646  262
0.604695  29
0.604722  368
0.604822  353
0.604859  379
0.604906  332
0.60534  165
0.605364  336
0.605471  125
0.605789  354
0.605862  360
0.60604  186
0.606174  247
0.606316  66
0.606516  319
0.606623  391
0.606758  308
0.606763  11
0.606973  343
0.606985  175
0.607069  348
0.607073  351
0.607257  339
0.607302  8
0.607409  356
0.60751  341
0.607607  143
0.607751  64
0.608111  370
0.608452  296
0.608636  36
0.608802  350
0.609039  282
0.609305  399
0.609364  83
0.610479  124
0.610576  286
0.611279  236
0.611301  100
0.61163  363
0.61171  396
0.612347  98
0.612762  270
0.614027  388
0.614056  277
0.614345  304
0.614484  313
0.61469  335
0.615377  192
0.615378  237
0.615548  166
0.61556  197
0.615693  211
0.616353  70
0.616856  309
0.617106  26
0.617394  291
0.617972  324
0.618058  276
0.618366  377
0.619331  51
0.619416  176
0.619526  173
0.61999  380
0.620192  386
0.621309  320
0.621465  41
0.621648  310
0.621841  315
0.622173  34
0.622268  331
0.622561  303
0.622668  347
0.622994  352
0.623043  337
0.623239  394
0.623406  213
0.623596  182
0.623752  398
0.625746  340
0.625857  144
0.626524  249
0.627672  12
0.627973  178
0.628418  132
0.628797  110
0.628949  160
0.629071  257
0.629365  349
0.629418  395
0.629593  306
0.629702  94
0.630368  214
0.630776  318
0.630924  298
0.63207  199
0.632085  151
0.632108  24
0.632398  268
0.632452  326
0.632827  329
0.633064  75
0.633824  139
0.634277  260
0.634382  280
0.634453  117
0.634627  361
0.634914  389
0.63499  367
0.635054  205
0.635065  372
0.635639  312
0.635773  82
0.635965  5
0.63603  56
0.636062  376
0.636067  383
0.636109  77
0.636132  121
0.636339  168
0.636671  333
0.63668  109
0.636768  241
0.636785  228
0.637022  220
0.63704  2
0.637067  314
0.637228  191
0.637299  342
0.637762  387
0.63793  28
0.638003  203
0.638177  92
0.63819  334
0.638279  102
0.638338  359
0.638482  216
0.638864  358
0.638961  325
0.639086  382
0.639172  188
0.639495  305
0.639511  252
0.640115  181
0.640201  244
0.640242  163
0.64031  239
0.640461  73
0.640541  47
0.640626  385
0.64088  355
0.640954  39
0.640986  371
0.641025  180
0.641038  224
0.64106  57
0.641139  207
0.641163  362
0.641168  190
0.641179  256
0.641299  322
0.641588  91
0.641726  74
0.641785  378
0.642142  54
0.642158  374
0.642535  212
0.642594  384
0.642741  46
0.643183  49
0.6433  97
0.643389  9
0.643587  311
0.643811  332
0.643984  86
0.644226  227
0.644504  392
0.644553  336
0.644707  275
0.644735  183
0.6449  61
0.644912  316
0.644996  251
0.645102  292
0.645373  218
0.645491  297
0.645494  245
0.645517  330
0.64567  393
0.645688  141
0.645751  135
0.645892  338
0.64596  308
0.645964  115
0.646044  153
0.646176  226
0.64621  381
0.64634  40
0.646373  366
0.646479  356
0.646532  108
0.646551  130
0.646568  320
0.646694  273
0.646775  390
0.646823  106
0.646957  281
0.646968  253
0.646972  345
0.647005  373
0.647106  310
0.647119  140
0.647251  84
0.647257  179
0.647523  354
0.647634  48
0.647663  365
0.647762  364
0.647795  307
0.647833  328
0.647928  397
0.647963  368
0.647987  164
0.648059  351
0.648072  289
0.648286  142
0.648955  254
0.649058  360
0.649131  321
0.649252  123
0.649389  299
0.649456  72
0.649468  60
0.649619  3
0.649677  25
0.649731  344
0.649776  187
0.649832  200
0.650137  31
0.650197  221
0.650262  399
0.650438  323
0.650507  263
0.650687  266
0.650988  7
0.651064  294
0.651126  274
0.651468  357
0.651688  300
0.651709  317
0.651896  119
0.65197  348
0.652516  319
0.652684  174
0.652718  369
0.65295  99
0.653044  81
0.653095  209
0.653294  343
0.653312  248
0.653394  15
0.653418  32
0.653482  152
0.653495  375
0.653622  122
0.653624  386
0.653655  176
0.653685  50
0.654115  301
0.654271  346
0.654364  341
0.65467  363
0.654689  186
0.654885  271
0.65497  295
0.655324  380
0.655401  222
0.655791  19
0.65597  352
0.656036  233
0.656084  259
0.656253  353
0.65633  21
0.656528  350
0.656698  302
0.656944  335
0.657025  71
0.657214  331
0.657367  59
0.657448  388
0.657637  137
0.657709  246
0.657824  4
0.657917  313
0.65808  234
0.658099  230
0.658188  394
0.658241  265
0.658351  235
0.658407  193
0.65867  379
0.658905  329
0.658979  238
0.659516  304
0.659716  276
0.65977  347
0.659797  129
0.659954  138
0.659955  43
0.660288  114
0.660433  324
0.660887  88
0.660929  95
0.662081  30
0.662527  8
0.662579  309
0.663011  17
0.663295  306
0.663609  147
0.663738  398
0.663753  270
0.663835  377
0.664269  126
0.664316  145
0.664581  83
0.664584  158
0.66459  337
0.664723  229
0.66483  38
0.664856  303
0.665121  340
0.665927  42
0.665952  131
0.66603  162
0.66657  13
0.666648  342
0.66692  165
0.666953  0
0.667019  327
0.66707  339
0.667399  104
0.667782  279
0.667885  358
0.668043  376
0.668557  311
0.668675  113
0.668804  224
0.668828  315
0.668839  201
0.668848  370
0.668852  367
0.66918  387
0.669559  215
0.670307  391
0.67038  322
0.670393  85
0.670409  382
0.670461  171
0.671047  79
0.671272  349
0.671342  395
0.671378  371
0.671495  225
0.672163  373
0.672486  330
0.672769  326
0.672892  308
0.673709  89
0.673903  361
0.674024  20
0.674049  296
0.674783  307
0.675867  64
0.676721  325
0.679758  240
0.679772  355
0.679836  393
0.679982  305
0.680049  208
0.680063  118
0.680249  134
0.680335  390
0.68129  62
0.681591  362
0.681954  154
0.681979  336
0.682105  194
0.682485  316
0.682731  75
0.683306  185
0.683349  389
0.683968  297
0.684125  243
0.684253  149
0.684364  392
0.684432  378
0.6845  100
0.684569  172
0.684946  334
0.685013  269
0.685708  354
0.686082  44
0.687092  360
0.687618  282
0.688084  381
0.688244  359
0.688959  24
0.689913  103
0.690242  333
0.690243  10
0.690669  314
0.690703  397
0.690835  364
0.690946  116
0.691052  133
0.691437  369
0.691509  385
0.691634  283
0.691875  396
0.691959  372
0.69275  127
0.6928  245
0.692801  51
0.693011  343
0.693284  56
0.694059  356
0.694733  261
0.695039  357
0.695149  309
0.695573  298
0.69599  18
0.695995  107
0.696179  321
0.69641  124
0.696435  383
0.696692  345
0.696755  277
0.696884  112
0.696931  128
0.697005  292
0.697399  105
0.69757  312
0.69769  182
0.697971  217
0.698157  192
0.698356  58
0.698571  169
0.698683  196
0.698927  366
0.699012  317
0.699253  45
0.699308  26
0.699768  399
0.69985  344
0.699965  346
0.700445  301
0.700495  300
0.700511  65
0.700981  198
0.701327  195
0.701522  74
0.701677  286
0.702297  40
0.702721  352
0.702795  384
0.703632  9
0.703658  247
0.703751  212
0.703983  146
0.70404  226
0.704299  377
0.704514  386
0.704698  57
0.70497  94
0.705279  374
0.705452  376
0.705664  48
0.705952  86
0.706161  332
0.706353  338
0.706375  167
0.706665  363
0.706785  93
0.706917  268
0.707005  353
0.707026  368
0.707152  46
0.707169  16
0.707203  267
0.707678  236
0.707996  303
0.707998  84
0.708031  394
0.708372  232
0.708431  96
0.708508  177
0.708589  166
0.708677  302
0.708739  328
0.708984  92
0.709197  398
0.709254  313
0.709311  22
0.709987  342
0.71001  5
0.71009  348
0.71015  183
0.710284  311
0.710433  290
0.710466  117
0.710554  264
0.710792  53
0.711185  380
0.71129  255
0.711328  310
0.711387  320
0.711572  204
0.711592  329
0.711794  288
0.711922  350
0.712084  121
0.71218  98
0.712207  165
0.712238  148
0.712418  4
0.712451  25
0.712459  319
0.712687  176
0.712738  341
0.713102  340
0.713106  318
0.713146  315
0.713187  323
0.713426  218
0.713458  351
0.713559  324
0.713973  349
0.714252  39
0.714397  391
0.714546  335
0.71456  388
0.714883  304
0.714944  216
0.715019  54
0.715329  28
0.715458  358
0.715621  331
0.715774  285
0.715802  347
0.715951  337
0.716376  87
0.716953  379
0.71713  370
0.71727  99
0.718388  150
0.718508  129
0.718609  306
0.718771  206
0.719225  330
0.719663  365
0.719692  61
0.719741  144
0.71989  197
0.720808  161
0.720879  66
0.721215  52
0.721521  327
0.721522  387
0.721638  242
0.722661  333
0.722725  238
0.722804  35
0.722895  378
0.723483  362
0.723793  209
0.723861  395
0.724826  354
0.72485  307
0.725082  371
0.726068  309
0.726289  390
0.727433  373
0.727588  308
0.728056  392
0.729309  279
0.729352  79
0.729948  334
0.730499  314
0.731207  244
0.732507  385
0.733925  361
0.734085  393
0.734879  101
0.735076  152
0.736331  141
0.739236  381
0.739759  186
0.740152  343
0.740471  191
0.740839  322
0.741906  293
0.741925  326
0.742148  234
0.742594  237
0.743519  272
0.743828  151
0.744315  76
0.745067  126
0.745068  339
0.745102  389
0.745175  375
0.745375  63
0.745518  7
0.745622  189
0.745951  37
0.74634  397
0.746474  246
0.746482  321
0.746627  305
0.74665  179
0.746704  164
0.746749  336
0.746992  11
0.747194  295
0.74726  356
0.747359  211
0.747361  316
0.747716  130
0.747777  364
0.747946  366
0.748231  360
0.748257  72
0.748553  332
0.748757  231
0.749339  367
0.749384  156
0.749944  352
0.750079  345
0.750088  21
0.750274  13
0.750312  284
0.751177  203
0.75144  300
0.752099  33
0.752356  359
0.752466  355
0.752598  346
0.752773  202
0.753148  278
0.753178  369
0.753383  372
0.753389  325
0.753501  205
0.753796  81
0.754134  102
0.754499  382
0.754631  368
0.754849  323
0.755009  235
0.75566  302
0.755697  27
0.755729  349
0.756173  270
0.756294  162
0.756765  386
0.756931  1
0.757084  78
0.757615  168
0.757634  374
0.757776  263
0.757841  344
0.758067  377
0.75829  318
0.758426  75
0.758832  320
0.759048  119
0.759178  391
0.759188  221
0.759297  104
0.759396  85
0.759832  213
0.759945  155
0.759959  266
0.760527  317
0.760614  376
0.760656  259
0.761457  324
0.761539  353
0.761548  304
0.761601  342
0.761686  399
0.761713  378
0.761747  227
0.762041  265
0.762131  188
0.762224  312
0.762276  358
0.762407  180
0.762459  298
0.762523  132
0.762598  193
0.762615  113
0.762844  210
0.762892  396
0.762898  103
0.763032  123
0.763055  90
0.763071  50
0.763081  287
0.763119  357
0.76323  340
0.76346  6
0.763566  31
0.763716  248
0.763728  135
0.763765  387
0.763973  207
0.764027  160
0.764028  301
0.764336  114
0.764677  138
0.76475  219
0.764791  250
0.764932  65
0.765103  47
0.765236  315
0.76527  97
0.765468  350
0.765656  190
0.765702  137
0.765735  201
0.765776  145
0.765898  184
0.765938  80
0.766161  44
0.766172  100
0.766188  331
0.766192  77
0.766228  106
0.766314  71
0.76638  269
0.766582  329
0.766604  172
0.766623  363
0.766637  32
0.766643  220
0.766646  48
0.766658  327
0.766659  109
0.766673  70
0.766695  147
0.766793  394
0.766814  222
0.766897  200
0.766901  127
0.766946  328
0.767012  158
0.767027  373
0.767163  30
0.767439  379
0.767457  351
0.767485  310
0.767502  311
0.767558  370
0.7676  173
0.767718  303
0.767775  385
0.767825  348
0.767849  157
0.767886  313
0.767888  171
0.76797  82
0.767974  159
0.767985  249
0.768107  274
0.768107  17
0.768108  239
0.768223  388
0.768302  307
0.768375  258
0.768407  280
0.768411  89
0.768433  319
0.768464  214
0.768501  73
0.768512  271
0.768559  380
0.768755  0
0.768771  29
0.768854  337
0.76886  330
0.768972  384
0.769093  314
0.76915  390
0.769159  365
0.769283  41
0.769342  361
0.769425  195
0.769427  115
0.769439  393
0.769467  245
0.769471  371
0.769489  170
0.769542  34
0.769616  3
0.76982  49
0.769876  224
0.76991  45
0.769932  398
0.769971  192
0.770066  395
0.770067  241
0.770085  338
0.770118  251
0.770184  296
0.770239  51
0.770305  255
0.770318  268
0.770327  228
0.770345  178
0.77044  143
0.770505  257
0.770521  96
0.770619  383
0.770622  375
0.770642  185
0.770688  262
0.770857  136
0.770918  74
0.771408  335
0.771451  392
0.771487  118
0.77157  120
0.771593  354
0.771604  341
0.771665  99
0.771714  52
0.771796  88
0.771898  2
0.771914  167
0.771954  308
0.772267  347
0.77243  253
0.77246  362
0.772464  382
0.772484  316
0.772493  306
0.772821  333
0.772913  240
0.773106  183
0.773108  26
0.773176  69
0.773231  140
0.773232  322
0.773806  169
0.774074  334
0.774117  181
0.774179  42
0.774213  133
0.774235  360
0.774252  175
0.774326  289
0.774361  111
0.774554  381
0.774751  300
0.774838  397
0.774838  336
0.774928  225
0.77505  22
0.775113  343
0.775723  25
0.775992  186
0.776096  389
0.776235  84
0.776319  149
0.776616  177
0.776798  305
0.776832  364
0.776853  302
0.7769  275
0.77702  356
0.777635  154
0.778036  79
0.778048  281
0.77809  344
0.778113  321
0.778525  386
0.778545  67
0.778555  352
0.778558  194
0.778572  176
0.778734  355
0.779159  286
0.779294  223
0.779434  12
0.779628  345
0.77969  125
0.779999  391
0.78016  215
0.780302  342
0.780545  282
0.780644  366
0.780694  265
0.780724  261
0.78129  86
0.78138  107
0.781515  396
0.781643  387
0.781941  283
0.782236  309
0.782262  174
0.782574  179
0.782601  165
0.782806  276
0.782861  142
0.783045  14
0.783164  24
0.78329  218
0.783351  77
0.783535  267
0.783599  311
0.784051  339
0.7841  367
0.784319  317
0.784504  353
0.784553  116
0.784677  301
0.785064  326
0.785419  62
0.785422  332
0.785682  358
0.785838  95
0.786254  92
0.786456  303
0.786639  348
0.786873  54
0.78692  323
0.787595  212
0.787969  39
0.788061  130
0.789453  43
0.789714  68
0.789813  377
0.789896  359
0.789941  87
0.791943  372
0.792167  318
0.792406  139
0.793764  247
0.795501  256
0.796464  351
0.798986  374
0.799373  10
0.799501  373
0.799631  399
0.799793  320
0.800339  9
0.800352  209
0.800413  38
0.800704  346
0.800843  20
0.800941  341
0.801243  230
0.801373  349
0.802152  368
0.802647  263
0.802673  33
0.802994  208
0.804005  240
0.804349  70
0.804514  78
0.804564  248
0.804971  242
0.805009  53
0.805194  390
0.805341  325
0.805842  160
0.806096  312
0.806185  91
0.806369  398
0.806539  354
0.807085  384
0.807211  226
0.807377  379
0.807676  164
0.80776  315
0.807998  395
0.808144  4
0.808738  150
0.808781  308
0.808812  206
0.809026  198
0.809224  394
0.809251  197
0.809477  314
0.809791  385
0.809824  229
0.810319  369
0.810694  331
0.810714  232
0.811023  357
0.811125  231
0.811422  327
0.811858  56
0.812112  119
0.812152  58
0.812496  191
0.81275  361
0.81284  243
0.812936  380
0.813312  108
0.813473  340
0.813631  363
0.81383  319
0.813865  64
0.814563  81
0.814897  259
0.815133  196
0.815209  383
0.81536  40
0.815451  128
0.815605  254
0.815651  121
0.815703  337
0.815795  166
0.815947  307
0.816128  329
0.816162  350
0.816202  96
0.816391  236
0.816405  260
0.816763  304
0.817078  124
0.817082  292
0.817243  110
0.817317  364
0.81742  306
0.817549  284
0.817675  15
0.817704  36
0.817841  188
0.817995  237
0.81813  148
0.818217  392
0.81823  382
0.818231  90
0.818314  277
0.818808  27
0.818822  153
0.819013  83
0.819205  393
0.819334  44
0.819364  46
0.819369  18
0.819633  343
0.81971  55
0.819817  347
0.819931  131
0.820221  163
0.820331  336
0.820335  365
0.820378  322
0.820427  309
0.820431  381
0.820436  334
0.820675  101
0.820714  332
0.820835  291
0.820917  123
0.821105  59
0.821238  117
0.821392  300
0.821394  355
0.821411  375
0.821427  344
0.821466  335
0.821527  233
0.821749  362
0.822124  201
0.82222  367
0.822342  376
0.822406  371
0.82278  330
0.822937  388
0.823089  339
0.823593  129
0.823838  134
0.823847  23
0.823957  310
0.824069  2
0.824228  16
0.824283  98
0.824373  120
0.824411  35
0.824757  321
0.824953  192
0.825273  61
0.825643  285
0.826136  71
0.826188  264
0.826476  8
0.826481  305
0.826552  338
0.82696  238
0.826974  313
0.826998  7
0.827182  251
0.827204  268
0.827415  324
0.828031  348
0.828556  115
0.828696  266
0.828873  397
0.828923  122
0.82941  317
0.829585  294
0.829711  389
0.829971  353
0.83068  13
0.830891  135
0.83103  136
0.831183  26
0.831192  42
0.831381  311
0.831664  85
0.831677  345
0.832333  387
0.832417  366
0.832619  10
0.832736  328
0.832765  141
0.832809  373
0.832968  372
0.833326  318
0.833594  182
0.833999  74
0.834003  396
0.834865  172
0.835022  257
0.835061  378
0.835198  104
0.835679  221
0.835699  360
0.836349  60
0.83641  370
0.836476  323
0.837512  252
0.837532  200
0.837728  377
0.838091  341
0.838424  280
0.839257  57
0.839477  195
0.839558  312
0.839766  359
0.840891  391
0.841525  103
0.841667  275
0.842175  333
0.842471  220
0.842691  349
0.842873  316
0.843683  395
0.844304  352
0.844677  358
0.84491  384
0.844944  146
0.845036  326
0.845411  50
0.845485  356
0.845983  34
0.84638  286
0.847925  354
0.848328  390
0.848329  255
0.848916  297
0.849713  301
0.849963  89
0.850436  320
0.850649  102
0.850965  303
0.851014  293
0.851181  386
0.85138  167
0.851561  223
0.851642  5
0.852163  125
0.852186  64
0.853419  342
0.853452  369
0.853458  132
0.853518  178
0.853611  314
0.854252  199
0.854483  394
0.854776  379
0.855108  325
0.855191  302
0.85529  299
0.855543  399
0.855771  94
0.855865  168
0.8563  11
0.856609  270
0.857026  346
0.857716  156
0.858147  66
0.858642  80
0.859334  368
0.85939  308
0.859427  343
0.859539  162
0.860184  112
0.860531  158
0.860668  76
0.861188  300
0.861627  79
0.861741  93
0.862104  211
0.862155  282
0.862369  78
0.862479  152
0.862708  382
0.862974  147
0.863066  1
0.863125  224
0.863288  315
0.86339  130
0.863493  374
0.863603  350
0.8641  383
0.864156  234
0.864306  376
0.864432  173
0.864505  216
0.864618  327
0.864934  41
0.865269  263
0.865373  273
0.865725  313
0.866138  193
0.866401  45
0.866404  375
0.866763  357
0.867025  105
0.86751  88
0.86758  97
0.867678  228
0.867768  55
0.867795  309
0.867961  279
0.867979  157
0.868174  151
0.868192  189
0.868215  126
0.868294  222
0.868342  0
0.868445  289
0.868473  51
0.868726  138
0.868868  187
0.868892  239
0.868904  277
0.868909  365
0.868927  278
0.868957  58
0.868989  18
0.8691  29
0.869236  336
0.869328  339
0.869395  179
0.869437  290
0.869505  49
0.869525  363
0.869548  30
0.869552  388
0.869685  385
0.869714  215
0.869862  340
0.869887  133
0.869894  54
0.869935  351
0.870001  230
0.870026  380
0.870058  31
0.870085  253
0.87014  361
0.870151  367
0.870154  160
0.870155  370
0.87017  397
0.870227  334
0.870233  21
0.870249  331
0.870306  366
0.870337  142
0.870397  364
0.870401  345
0.870473  250
0.870489  2
0.870609  20
0.870781  373
0.870817  185
0.870824  68
0.870918  204
0.871058  108
0.871232  231
0.871236  319
0.871319  143
0.87145  214
0.871463  296
0.871514  307
0.871547  213
0.871553  22
0.871652  332
0.871653  304
0.871667  392
0.871671  33
0.87169  321
0.871877  82
0.871982  47
0.87202  398
0.872058  352
0.872226  241
0.872501  43
0.872607  329
0.872616  91
0.872618  348
0.872771  19
0.872789  292
0.87285  355
0.872862  326
0.872874  39
0.872891  244
0.872971  381
0.873162  322
0.873202  25
0.873278  378
0.873281  298
0.873366  362
0.873517  323
0.873551  261
0.873813  324
0.873875  372
0.873905  28
0.873981  311
0.874181  384
0.874359  169
0.874451  330
0.874451  83
0.874602  295
0.87476  335
0.874891  395
0.87492  353
0.874958  186
0.874973  44
0.875063  288
0.875067  35
0.875111  347
0.875173  107
0.875498  305
0.875562  387
0.875636  166
0.875712  360
0.876084  259
0.87613  337
0.876174  155
0.876184  220
0.876345  60
0.876531  4
0.876558  17
0.876907  14
0.87703  237
0.877055  206
0.877251  303
0.87727  258
0.877316  316
0.877411  393
0.877523  128
0.877533  202
0.877791  274
0.87799  154
0.878223  124
0.878261  16
0.87834  113
0.87851  391
0.878562  208
0.878635  317
0.878682  342
0.878706  106
0.878721  371
0.878749  328
0.878942  232
0.878989  99
0.879031  153
0.879052  310
0.879131  27
0.87921  333
0.879265  359
0.879274  95
0.879433  12
0.879494  354
0.880223  306
0.880285  265
0.880318  161
0.880384  390
0.880454  196
0.88062  338
0.880692  104
0.880699  180
0.880995  325
0.881133  269
0.881871  26
0.881933  150
0.882058  137
0.882519  245
0.882649  184
0.882701  134
0.882815  320
0.882863  356
0.882883  280
0.883086  349
0.883504  302
0.883691  115
0.883996  377
0.884031  129
0.884036  149
0.884125  312
0.884375  120
0.885217  86
0.885297  210
0.885728  36
0.885842  87
0.886041  379
0.886276  251
0.88641  168
0.886687  301
0.886897  389
0.887003  221
0.887039  123
0.887175  358
0.887245  176
0.887429  63
0.887751  227
0.887791  69
0.888853  382
0.889146  212
0.889186  369
0.889458  341
0.889643  159
0.889702  374
0.889874  233
0.890129  324
0.890136  178
0.890345  264
0.890669  386
0.891458  122
0.891562  37
0.89185  346
0.891975  272
0.892518  13
0.892935  314
0.893079  344
0.89311  52
0.893801  81
0.894737  109
0.894863  318
0.895519  177
0.895575  253
0.897122  385
0.897304  350
0.897306  170
0.897902  313
0.898267  165
0.898351  351
0.898605  135
0.898725  311
0.898769  266
0.898795  331
0.898882  197
0.899159  226
0.899753  300
0.900042  315
0.900996  256
0.901081  116
0.901519  110
0.90159  225
0.901622  399
0.901932  101
0.902044  364
0.902667  260
0.902777  308
0.902868  267
0.903077  268
0.903115  363
0.903326  262
0.904017  132
0.904047  332
0.904167  238
0.904247  337
0.904256  53
0.904376  398
0.904781  365
0.905378  339
0.905393  145
0.905423  396
0.905608  164
0.905709  200
0.905769  366
0.906688  375
0.906756  62
0.906785  218
0.907269  287
0.908117  209
0.908354  125
0.908381  254
0.908496  340
0.908668  334
0.908684  355
0.908964  397
0.909176  271
0.909193  217
0.909572  32
0.909588  201
0.909604  345
0.909801  40
0.910584  92
0.910588  362
0.910648  357
0.911125  42
0.911317  343
0.911423  392
0.911903  5
0.912537  370
0.912997  395
0.913421  58
0.913481  309
0.913582  390
0.913733  175
0.913741  325
0.914046  94
0.914422  388
0.914979  183
0.915851  222
0.91602  242
0.91662  158
0.916705  8
0.916718  378
0.916753  7
0.91677  270
0.916921  126
0.917232  299
0.917264  394
0.917579  307
0.91791  323
0.917936  246
0.918049  354
0.918118  372
0.918234  286
0.918639  10
0.918777  292
0.918926  376
0.919322  367
0.919532  219
0.919681  190
0.919685  141
0.919814  85
0.919822  302
0.919864  393
0.919889  223
0.919998  72
0.920171  321
0.920307  276
0.920369  320
0.920373  361
0.920465  203
0.920498  380
0.920529  384
0.920599  146
0.920612  342
0.920695  84
0.92074  90
0.921068  359
0.921217  327
0.921222  319
0.921373  89
0.921769  391
0.92198  387
0.922042  338
0.922076  57
0.922078  326
0.922394  368
0.922555  330
0.922716  130
0.922851  131
0.922936  383
0.923065  304
0.923126  240
0.923157  111
0.923166  356
0.923248  75
0.923369  305
0.923524  174
0.92361  172
0.923689  329
0.923746  336
0.924091  35
0.924514  162
0.924555  250
0.924793  294
0.924824  371
0.924902  247
0.925567  22
0.925571  328
0.925989  316
0.926258  11
0.926725  27
0.927508  54
0.928359  374
0.928635  369
0.928756  381
0.92912  335
0.930859  114
0.932029  347
0.932103  207
0.932758  243
0.933104  360
0.933126  83
0.933516  313
0.93447  331
0.935029  108
0.9352  133
0.935291  166
0.936101  306
0.936467  274
0.93648  38
0.937205  147
0.937572  389
0.937911  248
0.938711  48
0.939196  373
0.939248  21
0.939382  195
0.939669  277
0.940052  64
0.940057  56
0.940237  317
0.940279  193
0.940725  73
0.940947  59
0.940964  348
0.941028  279
0.941068  98
0.941346  138
0.941553  199
0.941569  353
0.941711  333
0.941911  296
0.942023  385
0.942171  118
0.942208  23
0.94241  70
0.942467  208
0.942531  379
0.942561  324
0.942716  235
0.942717  349
0.943046  102
0.943187  61
0.94328  67
0.944006  382
0.944276  351
0.944587  150
0.944785  88
0.944853  169
0.944939  386
0.944941  181
0.945084  263
0.945105  315
0.945148  363
0.94523  229
0.945276  71
0.945369  344
0.94544  275
0.945691  301
0.94572  257
0.94585  322
0.946072  99
0.946519  311
0.946893  188
0.947063  76
0.947074  308
0.947228  362
0.94732  318
0.947432  173
0.947472  148
0.947845  241
0.947862  358
0.947933  350
0.948152  288
0.948277  377
0.948463  66
0.948538  255
0.948555  12
0.948601  365
0.948619  395
0.948718  78
0.948725  191
0.948952  132
0.949036  314
0.949162  310
0.949936  341
0.950267  74
0.950306  285
0.950388  280
0.950554  0
0.950562  97
0.95065  119
0.950697  136
0.950708  205
0.950733  216
0.951088  129
0.951134  186
0.951139  396
0.951148  142
0.951223  392
0.951432  300
0.951912  376
0.951975  337
0.95203  245
0.952065  387
0.952159  399
0.952374  352
0.95259  182
0.952772  302
0.952857  63
0.953007  24
0.953233  289
0.953311  366
0.953375  194
0.953994  137
0.95407  334
0.954122  304
0.954156  14
0.954292  339
0.954338  303
0.954398  31
0.954434  297
0.954434  200
0.954435  124
0.954564  312
0.954716  123
0.954743  221
0.955075  319
0.955291  9
0.955356  328
0.955689  239
0.955741  55
0.955951  3
0.956008  293
0.956009  354
0.956238  228
0.956327  309
0.956371  398
0.956381  113
0.956675  323
0.956835  343
0.957073  204
0.9571  259
0.957108  112
0.95722  49
0.957276  120
0.957575  79
0.95759  390
0.957644  134
0.957813  231
0.957926  346
0.958003  383
0.958095  368
0.958151  114
0.958168  163
0.958285  82
0.958472  321
0.958545  249
0.958585  271
0.958943  41
0.958954  149
0.958981  345
0.959015  19
0.959023  307
0.959044  151
0.959078  320
0.959148  391
0.95918  369
0.959205  50
0.959212  316
0.959301  273
0.95943  380
0.959546  374
0.959559  192
0.959712  237
0.959777  171
0.959827  109
0.95986  364
0.959863  393
0.959917  236
0.959968  232
0.960019  110
0.960033  278
0.960048  371
0.960104  158
0.960435  100
0.960475  372
0.96052  359
0.960568  332
0.960606  378
0.960682  225
0.960731  157
0.960964  347
0.961076  355
0.961325  8
0.961475  29
0.961763  179
0.961955  327
0.961993  338
0.962047  329
0.962347  305
0.96236  342
0.962398  375
0.962438  394
0.962638  224
0.962701  313
0.962761  384
0.963104  326
0.963415  140
0.963465  388
0.96376  260
0.96392  276
0.963982  44
0.964143  86
0.964186  330
0.964527  4
0.965385  357
0.965669  39
0.965718  6
0.966883  331
0.966913  210
0.967503  367
0.969116  397
0.970874  299
0.97184  381
0.972495  373
0.972614  335
0.972905  377
0.97312  370
0.973698  356
0.974021  348
0.975743  106
0.976386  103
0.977427  101
0.97792  189
0.978113  145
0.978281  336
0.978749  227
0.979187  10
0.980158  152
0.980217  198
0.980678  139
0.980687  382
0.982529  156
0.983284  206
0.983467  80
0.983862  214
0.98419  95
0.98429  1
0.984945  265
0.985115  306
0.985148  274
0.985164  325
0.985793  365
0.986417  294
0.986629  351
0.986874  244
0.987122  233
0.987286  22
0.987314  253
0.987681  51
0.987852  392
0.987913  40
0.988027  386
0.988286  349
0.988353  362
0.988523  324
0.989143  252
0.989272  60
0.98931  127
0.989356  213
0.989398  121
0.989601  352
0.98964  311
0.989806  318
0.989965  202
0.990026  34
0.990359  350
0.990608  115
0.990839  322
0.990928  160
0.990982  340
0.991067  254
0.991072  385
0.991295  295
0.991636  177
0.991896  125
0.992221  251
0.992222  168
0.992438  334
0.992453  143
0.992731  58
0.992835  25
0.993029  395
0.993124  317
0.993196  333
0.993587  97
0.993767  261
0.993772  358
0.993857  360
0.993931  5
0.994019  155
0.994029  144
0.994398  17
0.994443  366
0.994521  215
0.994612  176
0.994656  315
0.994748  33
0.994756  361
0.994809  393
0.994876  387
0.995164  344
0.995272  218
0.995276  223
0.995423  230
0.99565  399
0.995977  339
0.995991  379
0.995991  43
0.996068  394
0.996233  338
0.996589  310
0.996684  183
0.996694  256
0.997014  337
0.997219  128
0.997326  396
0.997638  301
0.99874  287
0.9988  96
0.999133  153
0.999171  35
0.999199  42
0.999438  68
0.999454  180
0.999796  290
0.999818  187
0.999835  262
