1.66646e-05  119
1.89435e-05  145
2.83469e-05  127
3.00993e-05  9
4.0346e-05  115
4.03971e-05  95
4.19444e-05  124
4.52909e-05  89
4.91277e-05  216
5.23663e-05  75
5.31294e-05  11
5.81345e-05  123
5.93715e-05  143
6.74211e-05  107
7.15586e-05  67
7.32968e-05  47
7.99316e-05  160
8.37815e-05  28
9.67351e-05  184
9.68378e-05  173
9.75105e-05  169
0.000109783  141
0.000115122  232
0.000115848  235
0.000119453  149
0.000119778  135
0.000120866  68
0.000123604  136
0.000125974  51
0.000138192  195
0.000143387  100
0.000145277  256
0.000149887  87
0.000152393  111
0.000153653  259
0.0001541  97
0.000157875  137
0.000160452  172
0.000160675  57
0.000162056  167
0.000163218  99
0.000165227  116
0.000169456  180
0.000171845  151
0.000175818  140
0.000181795  187
0.000183588  125
0.0001872  40
0.000188187  53
0.000189675  147
0.000191715  159
0.000191914  225
0.000195109  29
0.000197669  101
0.00020217  193
0.000204914  59
0.000207427  144
0.000212987  84
0.000214031  71
0.000219028  81
0.000221044  197
0.000223975  43
0.000226701  217
0.000228488  139
0.00023166  8
0.000234449  192
0.000235232  76
0.00023597  196
0.000236949  109
0.000238815  177
0.000242277  120
0.000246526  171
0.000248011  69
0.000248701  112
0.000252943  157
0.000257428  191
0.000257865  220
0.000264148  63
0.000265756  165
0.000271048  207
0.00027419  168
0.000277521  61
0.000278683  27
0.000284346  96
0.000285322  108
0.000290857  148
0.000293909  223
0.00029695  128
0.000305189  129
0.000310441  105
0.00031369  64
0.000316969  121
0.000317922  199
0.000319071  131
0.0003198  227
0.000323349  117
0.000323456  49
0.000327467  175
0.000331636  44
0.000337911  164
0.000342472  231
0.000344245  72
0.000347741  163
0.00035838  31
0.000377753  88
0.000381452  188
0.000383241  257
0.000384694  224
0.000390426  48
0.00039208  181
0.00039827  229
0.00040067  45
0.000405651  41
0.000408738  179
0.000410104  79
0.000414509  228
0.000421116  104
0.000429141  93
0.000431634  161
0.000440559  176
0.000464309  24
0.000473901  113
0.000479377  6
0.000487058  189
0.000488457  185
0.000489616  52
0.000506615  156
0.000509997  85
0.000512501  233
0.000514879  83
0.000539693  183
0.000566258  221
0.000571784  56
0.000579002  103
0.000585725  55
0.000603944  92
0.000627268  132
0.000629087  25
0.00065105  80
0.000655875  65
0.000658447  219
0.000661649  205
0.000688102  133
0.000699899  204
0.000730246  73
0.000742231  2
0.000748566  60
0.000781843  91
0.000963078  77
0.00280705  331
0.00347559  378
0.003508  382
0.00363869  19
0.00365371  321
0.00369169  212
0.00370499  373
0.00375051  325
0.0037617  320
0.003832  304
0.00391297  327
0.00399862  319
0.00401976  368
0.00402364  342
0.00404744  367
0.00404937  250
0.00407031  355
0.0041522  211
0.00416004  364
0.0041614  393
0.00416934  155
0.00419304  351
0.00423883  366
0.00425447  381
0.00433276  356
0.00434231  322
0.00435309  389
0.00436939  289
0.00439394  318
0.00440032  346
0.00441638  300
0.00443421  377
0.00446067  339
0.00448079  328
0.00449612  387
0.00451014  326
0.00451515  247
0.00457544  398
0.00458426  279
0.00461479  358
0.00462533  391
0.00465905  348
0.00466324  305
0.0046684  399
0.00471819  380
0.00474002  286
0.00480947  361
0.0048345  324
0.00484463  330
0.00485558  390
0.00491085  311
0.00491419  280
0.00491723  32
0.00498615  385
0.00500162  374
0.00501769  310
0.00513039  362
0.00515634  329
0.00519419  347
0.00526128  357
0.00529833  298
0.00530935  375
0.00533188  397
0.00534407  336
0.00536088  323
0.00537154  17
0.00537992  370
0.00540237  395
0.00540511  384
0.00542415  317
0.00542661  372
0.00547227  386
0.00547266  369
0.00548133  33
0.00549254  376
0.00549954  332
0.00551551  315
0.00554598  278
0.00554847  334
0.00555676  349
0.00556179  306
0.00556433  16
0.00559499  3
0.00559897  15
0.0056256  301
0.00566641  343
0.00567378  308
0.00569669  365
0.00570588  392
0.00572068  307
0.00572801  337
0.00573698  345
0.0057725  394
0.00579705  37
0.00583772  281
0.00588762  309
0.00595834  303
0.00600258  313
0.00603974  333
0.00604795  396
0.00610223  363
0.00620017  360
0.00620558  316
0.00630241  341
0.00637008  344
0.00645404  354
0.00649386  23
0.00650404  338
0.00683081  379
0.00689889  350
0.00715712  312
0.00719169  371
0.00736504  153
0.00758684  215
0.00795133  214
0.00800301  340
0.00803256  302
0.00818261  359
0.00846678  299
0.0101451  213
0.0103771  353
0.0103943  273
0.0118872  209
0.0135696  252
0.0142969  352
0.015832  388
0.0192774  314
0.029341  399
0.0318731  39
0.0332963  261
0.0355568  378
0.0355872  335
0.0356685  250
0.0356837  292
0.0358424  35
0.0359335  14
0.0372008  282
0.0377496  254
0.038343  393
0.0384355  13
0.0384567  325
0.0390729  377
0.0391993  313
0.0403508  328
0.0403695  305
0.0410227  320
0.0416594  91
0.0435772  61
0.0438702  64
0.0444496  267
0.0447324  321
0.0451084  184
0.0453933  34
0.0455053  351
0.0455683  271
0.045773  137
0.0459165  395
0.0459737  381
0.0460389  152
0.0460586  92
0.0460598  263
0.0460775  348
0.0462413  171
0.0466449  210
0.0469233  323
0.0471264  0
0.0473605  274
0.0473674  367
0.0474047  221
0.0474765  357
0.0481497  370
0.0484177  324
0.0487754  255
0.0488408  8
0.0491113  277
0.0498292  373
0.0500203  81
0.0500489  20
0.0501579  242
0.050166  307
0.0502961  356
0.0504369  120
0.0507554  329
0.0507586  69
0.0510833  311
0.0511279  139
0.0512308  318
0.051308  310
0.0513228  386
0.051333  383
0.0513755  339
0.0515357  331
0.0516199  52
0.0516266  268
0.0517227  327
0.0518368  346
0.051885  366
0.0519838  76
0.0523332  355
0.0523634  336
0.0523715  63
0.0530687  375
0.0531767  155
0.0532736  229
0.0542007  244
0.0547253  362
0.0548601  156
0.0553915  315
0.0554808  334
0.0555421  382
0.0558074  288
0.0558537  394
0.0562778  322
0.0566195  301
0.0566519  344
0.056798  317
0.0575822  369
0.0579135  364
0.0579939  374
0.0582805  195
0.0585477  165
0.0589225  347
0.0591141  358
0.0599538  294
0.0599665  248
0.0605679  300
0.0608492  297
0.0611719  326
0.0613309  340
0.0616904  203
0.0617448  397
0.0622897  368
0.0627679  391
0.0633773  304
0.0637053  387
0.0637724  380
0.0647795  343
0.0652688  241
0.0654882  260
0.0660405  330
0.0660843  93
0.0663082  384
0.0663391  239
0.0664241  7
0.0684183  302
0.0684911  284
0.0686644  363
0.0688839  183
0.0699505  376
0.0702523  332
0.0703086  169
0.0704887  350
0.0706038  149
0.0712927  392
0.0715595  11
0.071588  121
0.072191  60
0.0725683  279
0.0726002  262
0.0730334  319
0.0732863  3
0.073717  88
0.0738756  342
0.0743185  337
0.0754001  361
0.0763903  309
0.0763993  272
0.0765015  345
0.0768245  354
0.0768524  398
0.0769191  276
0.0775025  22
0.0777241  365
0.0777677  389
0.0780723  112
0.0782332  232
0.078752  371
0.0788564  286
0.0790207  245
0.0797334  293
0.0801727  316
0.0806788  266
0.081158  303
0.0815917  296
0.0821388  388
0.0824036  32
0.0825259  385
0.082732  132
0.0837847  308
0.0839626  335
0.0851438  396
0.0852471  237
0.0854781  68
0.0856283  341
0.0858811  72
0.0862027  314
0.0863634  352
0.0867315  333
0.0867315  353
0.0867523  164
0.0868603  372
0.0872471  240
0.08739  202
0.0874417  377
0.0878353  181
0.0879928  289
0.0881855  312
0.0889821  211
0.089126  153
0.0898246  310
0.0899666  175
0.0903005  73
0.090493  212
0.0910644  167
0.0911257  399
0.0917902  390
0.0920801  359
0.0924343  117
0.092852  280
0.0933577  236
0.0933681  151
0.0933881  4
0.0934647  18
0.0935952  44
0.0939519  225
0.0945917  243
0.0946676  6
0.0947172  113
0.0950715  103
0.0950826  95
0.0951136  360
0.0955838  219
0.0956144  325
0.0957671  19
0.0966489  318
0.0969667  177
0.0971641  313
0.097233  349
0.0974923  205
0.0975819  306
0.0977059  356
0.0977906  119
0.0987456  217
0.0989779  328
0.0991923  77
0.0998966  264
0.100508  381
0.10067  2
0.100736  379
0.100743  251
0.100774  311
0.101021  228
0.101103  249
0.101175  185
0.101243  343
0.101315  394
0.10133  317
0.101628  39
0.101698  41
0.10204  265
0.102105  301
0.102184  197
0.102227  247
0.102252  12
0.102374  25
0.10249  242
0.10252  191
0.102586  307
0.10266  378
0.102984  395
0.103009  329
0.103078  253
0.103204  321
0.10325  115
0.103307  331
0.103348  201
0.103386  275
0.103424  320
0.103568  340
0.103745  59
0.103813  338
0.103829  336
0.104331  339
0.10443  370
0.10458  351
0.104666  387
0.104684  382
0.104764  362
0.104916  238
0.105072  383
0.105139  375
0.105361  346
0.105412  348
0.10643  300
0.10687  361
0.109471  323
0.109617  386
0.10992  347
0.110119  85
0.110166  334
0.110339  63
0.110648  302
0.111066  344
0.111089  367
0.11227  355
0.112313  14
0.112604  364
0.112774  315
0.113459  324
0.113649  99
0.113818  127
0.120132  163
0.122184  319
0.122221  380
0.122932  101
0.123959  208
0.12713  305
0.127645  371
0.127831  393
0.127947  322
0.128686  24
0.129256  397
0.129271  327
0.130659  290
0.131257  29
0.131262  107
0.131352  269
0.132066  342
0.132895  35
0.133025  330
0.13345  369
0.133623  377
0.134195  341
0.134223  17
0.134298  365
0.135441  350
0.135641  374
0.136604  358
0.136689  376
0.136706  282
0.136842  270
0.136963  220
0.137481  391
0.137523  21
0.13818  36
0.138606  398
0.138903  109
0.139538  285
0.139786  79
0.140367  283
0.140412  363
0.140452  170
0.14078  207
0.141198  49
0.142255  298
0.142577  33
0.142615  384
0.14269  48
0.142781  37
0.142877  359
0.142944  40
0.143042  303
0.143191  171
0.143283  143
0.143311  332
0.143346  189
0.143489  155
0.143554  288
0.1437  64
0.14382  291
0.143905  176
0.144087  261
0.144197  299
0.144305  96
0.144466  45
0.144562  233
0.14465  183
0.144757  349
0.144789  76
0.144843  333
0.145027  230
0.145238  97
0.145347  0
0.145413  345
0.145429  116
0.145596  357
0.145598  15
0.145711  354
0.145741  335
0.145782  256
0.145798  304
0.146022  71
0.146023  104
0.146099  3
0.146189  222
0.146243  277
0.146268  284
0.146346  128
0.146386  149
0.146454  399
0.1465  130
0.146536  325
0.146627  83
0.146677  278
0.146697  1
0.146712  257
0.146788  388
0.146818  55
0.146825  53
0.146986  244
0.147027  248
0.147075  209
0.147102  8
0.147134  144
0.147179  9
0.147249  153
0.14728  292
0.147411  122
0.147445  168
0.147472  202
0.147525  276
0.147531  11
0.147546  193
0.147555  129
0.147583  180
0.147604  337
0.14761  328
0.147612  326
0.147792  16
0.147794  368
0.147873  38
0.147912  218
0.147954  389
0.147967  152
0.148039  366
0.148091  112
0.148139  199
0.148183  323
0.148194  260
0.1482  43
0.14821  272
0.148236  7
0.148263  145
0.148343  221
0.148355  246
0.148364  392
0.148365  146
0.148467  296
0.148477  86
0.14851  339
0.148535  262
0.148606  58
0.148617  195
0.148635  301
0.148659  340
0.148674  213
0.148753  156
0.148759  370
0.148788  154
0.148824  373
0.148829  159
0.148845  379
0.14887  320
0.148968  336
0.148989  353
0.149128  306
0.149146  126
0.149151  360
0.149199  259
0.14921  313
0.149214  216
0.149215  255
0.149239  309
0.149259  372
0.149263  346
0.149352  252
0.149361  120
0.149406  314
0.14944  308
0.149454  179
0.149515  245
0.149576  361
0.149593  343
0.1496  385
0.149618  200
0.149711  315
0.149719  77
0.149736  57
0.14982  351
0.149827  229
0.149939  375
0.149991  181
0.150003  390
0.150026  204
0.150085  31
0.150119  167
0.150176  250
0.150301  238
0.150364  279
0.150376  228
0.15041  347
0.150449  227
0.150505  5
0.150674  93
0.150713  378
0.150724  293
0.150748  254
0.150855  317
0.150908  34
0.150997  356
0.151004  42
0.151006  192
0.151015  312
0.151046  355
0.151071  395
0.151073  89
0.151131  263
0.151243  46
0.151252  300
0.151297  258
0.151298  311
0.151353  316
0.151406  268
0.151428  235
0.151467  158
0.151467  4
0.151603  188
0.151621  106
0.151664  362
0.151666  319
0.15178  295
0.151789  369
0.151799  383
0.151853  100
0.151858  56
0.151985  396
0.152025  322
0.152078  310
0.152133  225
0.152206  386
0.15225  169
0.15225  275
0.152412  173
0.152427  302
0.152455  307
0.152499  224
0.152563  391
0.152614  380
0.152643  330
0.152647  23
0.152665  148
0.152706  164
0.152712  44
0.152756  133
0.15278  249
0.152786  352
0.152794  367
0.152819  32
0.152898  61
0.152908  393
0.152982  30
0.153025  318
0.153196  394
0.153201  305
0.153279  25
0.153314  157
0.153315  321
0.153368  135
0.153384  331
0.15347  334
0.153545  59
0.153608  131
0.15361  110
0.153618  398
0.153688  281
0.153743  92
0.15386  344
0.153908  329
0.153918  297
0.153998  294
0.154075  327
0.154325  52
0.154338  108
0.154353  185
0.154375  364
0.154392  72
0.154394  118
0.154413  212
0.154455  80
0.154492  348
0.15464  137
0.154684  194
0.154759  338
0.154839  14
0.154868  28
0.154959  105
0.15498  371
0.155008  342
0.155017  190
0.15513  6
0.155149  324
0.155171  266
0.155214  121
0.155267  29
0.155281  381
0.1553  196
0.155301  99
0.155407  124
0.15542  184
0.15551  198
0.155551  382
0.155608  350
0.155618  177
0.15565  104
0.155776  387
0.155954  239
0.156095  397
0.156147  91
0.156178  65
0.156268  151
0.156271  95
0.156331  96
0.156342  51
0.156376  62
0.156379  267
0.156532  136
0.156617  90
0.156776  358
0.156956  197
0.157226  377
0.157421  376
0.157566  67
0.15767  341
0.157721  20
0.158014  39
0.158043  374
0.158356  332
0.158566  79
0.158684  117
0.15878  214
0.158981  220
0.159077  186
0.159292  304
0.159615  161
0.15975  101
0.159993  320
0.160047  357
0.160371  73
0.160629  76
0.160682  69
0.161084  26
0.161512  346
0.161535  103
0.16154  87
0.161663  18
0.161857  253
0.162074  309
0.162075  215
0.162216  347
0.162618  301
0.16278  75
0.163406  211
0.163418  289
0.163666  379
0.163785  74
0.163786  361
0.163946  308
0.164023  226
0.164517  390
0.164527  337
0.164877  372
0.165287  365
0.165412  280
0.165682  375
0.165723  147
0.165803  150
0.165815  10
0.165908  388
0.166387  363
0.166622  123
0.167  84
0.167011  140
0.167181  141
0.16728  163
0.167408  359
0.167409  247
0.16749  21
0.167862  241
0.168515  78
0.168723  370
0.170813  328
0.171397  68
0.1714  317
0.17154  63
0.171889  326
0.172664  47
0.173288  193
0.174021  325
0.17463  352
0.174796  129
0.174924  165
0.175479  274
0.175514  240
0.176198  82
0.176292  335
0.176479  340
0.176556  273
0.177611  33
0.177756  385
0.178021  330
0.17818  36
0.178622  205
0.178861  349
0.178889  286
0.17919  329
0.1797  336
0.179901  373
0.180063  182
0.180101  271
0.180154  394
0.1805  300
0.180597  41
0.180705  384
0.181272  353
0.181401  115
0.181978  369
0.182222  351
0.182846  134
0.182918  174
0.18293  327
0.183243  50
0.18402  396
0.184491  314
0.184521  315
0.18568  339
0.185997  203
0.186204  354
0.186341  395
0.186947  399
0.187041  233
0.187155  138
0.187162  292
0.188319  22
0.189129  296
0.189737  202
0.190928  386
0.191094  368
0.191197  310
0.191689  303
0.191717  199
0.191787  7
0.191853  54
0.191904  195
0.193061  360
0.193379  17
0.193634  88
0.194296  238
0.194506  312
0.195216  119
0.195347  109
0.195861  258
0.197203  8
0.197247  389
0.197268  152
0.197397  125
0.197653  316
0.197686  333
0.197951  265
0.198274  160
0.198584  344
0.198619  255
0.199179  391
0.199411  323
0.199653  321
0.199664  358
0.200547  345
0.200725  264
0.200898  24
0.201193  191
0.202297  295
0.202341  313
0.202359  287
0.203011  306
0.203209  318
0.203282  282
0.203798  162
0.203825  200
0.203955  387
0.20399  40
0.205078  128
0.205144  2
0.205202  324
0.205459  305
0.205697  252
0.205866  376
0.205887  234
0.20604  348
0.206066  242
0.206482  94
0.206513  229
0.206647  154
0.207205  362
0.207254  15
0.207384  71
0.207479  380
0.207572  219
0.207684  43
0.207791  27
0.207828  261
0.207859  309
0.207898  180
0.207908  254
0.208086  299
0.208106  343
0.208127  179
0.208215  186
0.208317  331
0.208366  293
0.208442  122
0.208592  355
0.208627  356
0.208711  372
0.208771  64
0.20891  364
0.208987  338
0.209256  366
0.209274  66
0.209417  322
0.209422  97
0.209497  319
0.209631  311
0.209664  116
0.209666  143
0.209699  382
0.209983  371
0.210032  65
0.210081  208
0.21012  347
0.210373  16
0.21039  367
0.210554  172
0.210555  81
0.210907  183
0.210965  236
0.211096  142
0.211104  256
0.211207  55
0.211386  194
0.211526  350
0.211677  392
0.211679  378
0.21196  337
0.212112  307
0.212135  278
0.212199  370
0.212229  363
0.21226  332
0.212334  113
0.212347  149
0.212351  262
0.212474  231
0.212575  341
0.212641  0
0.21286  213
0.212923  38
0.212952  166
0.213441  383
0.21363  135
0.21366  11
0.213717  100
0.213793  326
0.214119  171
0.214341  44
0.214497  144
0.214913  4
0.214919  302
0.215143  374
0.215348  334
0.215417  58
0.215421  397
0.215748  181
0.215792  336
0.215906  393
0.216029  270
0.2161  170
0.216384  377
0.216471  111
0.216485  45
0.216602  176
0.21675  285
0.216869  223
0.21698  146
0.217045  102
0.217289  359
0.217311  365
0.217388  301
0.217471  300
0.217825  201
0.217992  325
0.218152  178
0.218431  158
0.21855  126
0.218748  353
0.218786  327
0.218908  346
0.219022  342
0.219044  188
0.219081  185
0.219126  93
0.219181  349
0.219257  211
0.2193  308
0.219319  175
0.219321  398
0.219332  304
0.21986  360
0.220172  388
0.220324  373
0.220589  221
0.220604  320
0.220685  269
0.220852  112
0.220969  328
0.221071  206
0.22109  330
0.221264  164
0.221308  385
0.221448  251
0.221695  131
0.221696  230
0.221952  114
0.222002  369
0.22236  26
0.222643  268
0.223235  79
0.223419  77
0.223573  294
0.223958  3
0.224359  351
0.224988  396
0.225077  361
0.225166  159
0.225211  259
0.225254  386
0.225297  310
0.225532  21
0.225724  169
0.225778  273
0.226358  145
0.226511  381
0.226559  329
0.226621  390
0.22688  317
0.227036  260
0.227321  249
0.22734  232
0.227796  133
0.228971  352
0.229293  335
0.229385  189
0.229561  157
0.230073  204
0.230285  281
0.230993  375
0.231146  32
0.231288  52
0.231364  384
0.231382  344
0.231403  106
0.231674  99
0.232395  96
0.23249  399
0.232619  357
0.23262  247
0.232621  379
0.233027  323
0.233099  313
0.233499  127
0.233524  187
0.233839  19
0.234205  339
0.234447  107
0.234619  277
0.235384  130
0.235529  314
0.235601  340
0.235704  368
0.235794  303
0.236185  348
0.236467  190
0.236718  132
0.237302  6
0.237558  238
0.237987  395
0.238032  101
0.238056  1
0.23823  394
0.238299  315
0.238347  148
0.238701  48
0.239537  276
0.24074  86
0.2408  75
0.240879  209
0.241054  244
0.241279  163
0.241509  203
0.241666  371
0.241842  152
0.241952  389
0.242408  305
0.242435  341
0.242469  156
0.242616  316
0.243278  257
0.243296  337
0.243529  356
0.243639  321
0.243979  198
0.244098  42
0.244098  354
0.24552  192
0.245724  240
0.245805  14
0.245975  345
0.246304  105
0.246331  309
0.246428  358
0.247154  31
0.24753  283
0.247559  228
0.247736  362
0.248004  372
0.248037  12
0.248037  376
0.248044  338
0.248412  35
0.249135  298
0.250366  89
0.250674  355
0.250787  312
0.250788  83
0.250829  266
0.250906  306
0.251319  307
0.25132  324
0.251347  319
0.251583  331
0.251679  39
0.252251  333
0.252266  326
0.252406  334
0.252441  124
0.252852  242
0.252943  366
0.25355  227
0.253945  378
0.254479  22
0.25471  248
0.254712  382
0.255229  87
0.255244  380
0.256634  136
0.256763  311
0.257046  237
0.257127  151
0.257307  397
0.257406  322
0.257557  61
0.25758  392
0.258872  57
0.258885  365
0.259107  359
0.259159  226
0.259202  129
0.259582  13
0.260189  347
0.260814  336
0.260851  139
0.261064  364
0.261284  393
0.261697  282
0.261917  308
0.262335  332
0.262566  343
0.263512  367
0.264273  342
0.26467  66
0.264755  278
0.264873  387
0.264972  220
0.265117  153
0.265264  224
0.265495  302
0.26569  25
0.266104  91
0.266185  352
0.266758  300
0.267415  374
0.267529  211
0.267831  88
0.267877  70
0.268368  92
0.268521  383
0.268529  349
0.269189  369
0.269202  363
0.269502  160
0.269529  361
0.269563  325
0.269672  304
0.270324  108
0.270353  85
0.270558  50
0.270569  118
0.270714  353
0.271479  377
0.271601  390
0.271984  388
0.271991  181
0.272657  120
0.272943  123
0.27321  327
0.273603  391
0.273879  53
0.274107  109
0.274223  292
0.2753  284
0.275826  398
0.276831  80
0.276987  56
0.277002  122
0.277162  210
0.277561  29
0.277673  128
0.277757  199
0.277831  318
0.278015  60
0.278183  289
0.278435  368
0.278639  386
0.278644  140
0.278708  290
0.279264  236
0.279439  169
0.279492  216
0.279652  177
0.279836  360
0.279968  76
0.280086  272
0.280098  243
0.280365  174
0.280527  344
0.280824  370
0.280852  74
0.280959  271
0.281043  235
0.281096  202
0.281199  150
0.28125  117
0.281275  329
0.281429  20
0.281617  328
0.281781  384
0.281919  147
0.28201  350
0.282036  97
0.282078  356
0.282133  98
0.282144  385
0.282259  346
0.282422  274
0.28246  301
0.282494  212
0.282627  84
0.282646  73
0.282689  2
0.282749  131
0.282773  339
0.282891  72
0.282944  68
0.283128  394
0.283354  362
0.283476  52
0.283655  310
0.283847  51
0.283897  317
0.283999  99
0.284006  395
0.284215  214
0.284398  246
0.284487  121
0.284769  351
0.284999  373
0.285103  337
0.285108  320
0.285122  371
0.285316  197
0.285547  8
0.286007  357
0.286247  172
0.286344  316
0.286658  43
0.28676  281
0.286802  78
0.286872  376
0.287425  340
0.287577  262
0.287955  307
0.287984  375
0.287986  389
0.288313  96
0.288531  44
0.289  315
0.289012  63
0.289076  267
0.289097  348
0.289256  23
0.289283  41
0.289416  358
0.289494  381
0.289525  222
0.289601  330
0.289639  138
0.289914  379
0.28999  335
0.290471  82
0.290473  397
0.291184  54
0.291709  170
0.292096  59
0.292159  198
0.292282  253
0.292491  303
0.29263  347
0.292672  104
0.292724  341
0.292758  185
0.292905  133
0.292957  164
0.29305  305
0.293312  355
0.293582  314
0.293778  399
0.294001  359
0.294489  321
0.294576  184
0.294692  313
0.29479  366
0.294944  333
0.295027  182
0.295322  354
0.295409  293
0.295561  101
0.296218  280
0.297457  332
0.297656  312
0.298501  383
0.300118  396
0.300617  308
0.300908  372
0.301729  234
0.302371  336
0.302986  300
0.30311  28
0.303596  309
0.304006  378
0.304533  331
0.305618  345
0.305902  323
0.306043  125
0.307206  191
0.308647  37
0.309293  382
0.310391  380
0.310795  158
0.311123  352
0.311448  175
0.311674  207
0.312802  27
0.312935  369
0.313087  225
0.313657  21
0.315349  42
0.315562  334
0.315979  257
0.317074  393
0.317453  318
0.31747  285
0.317777  26
0.317786  367
0.319082  388
0.319431  392
0.319546  343
0.319827  339
0.319872  45
0.320113  294
0.320443  291
0.320528  273
0.320705  265
0.320904  238
0.320929  55
0.321174  374
0.321437  353
0.321702  349
0.321854  105
0.322002  126
0.322481  119
0.322498  363
0.322682  24
0.322687  302
0.322994  365
0.323221  346
0.323238  391
0.323289  137
0.32348  17
0.323529  256
0.32385  62
0.32421  297
0.324316  311
0.324333  364
0.324476  268
0.324868  168
0.324925  217
0.325083  342
0.325174  48
0.325326  134
0.325643  1
0.326469  229
0.32659  71
0.32676  258
0.326775  31
0.32691  322
0.327079  5
0.327121  221
0.327262  306
0.327299  326
0.327404  142
0.32757  264
0.327715  360
0.327858  338
0.328112  295
0.32835  219
0.328457  325
0.328743  145
0.328794  298
0.328916  49
0.329252  127
0.32928  269
0.329474  361
0.329652  215
0.329677  188
0.329696  240
0.329807  368
0.329915  376
0.329983  212
0.330147  223
0.330265  226
0.330292  15
0.330311  218
0.330394  30
0.330537  386
0.330701  201
0.330826  279
0.330847  381
0.330938  232
0.331023  141
0.331142  69
0.331162  357
0.331245  89
0.331246  398
0.331275  18
0.331314  390
0.33139  176
0.331405  236
0.331423  255
0.331518  107
0.33192  252
0.332038  159
0.332173  0
0.332271  58
0.332311  160
0.332323  103
0.332418  80
0.332457  385
0.332726  129
0.332747  209
0.332784  205
0.332824  335
0.332899  228
0.332997  358
0.333021  328
0.333159  304
0.333186  272
0.333196  67
0.333248  340
0.333342  387
0.333358  301
0.333471  190
0.333477  379
0.333494  149
0.333724  25
0.333752  313
0.333781  316
0.333821  203
0.333846  195
0.333858  266
0.333919  90
0.333982  310
0.334018  396
0.334079  263
0.334116  157
0.334168  85
0.334183  88
0.334185  394
0.334212  395
0.334253  330
0.334285  156
0.334323  366
0.334505  148
0.334551  9
0.334719  356
0.334734  324
0.334843  245
0.334863  288
0.334953  333
0.335024  244
0.335144  281
0.335162  43
0.335221  3
0.335255  146
0.335292  319
0.335417  181
0.335517  354
0.335529  154
0.33555  241
0.335565  32
0.335575  151
0.335616  259
0.335689  169
0.335704  320
0.335734  115
0.335843  345
0.33594  136
0.335965  327
0.335969  373
0.336025  208
0.336051  336
0.336111  308
0.336229  165
0.336249  377
0.336251  166
0.336315  196
0.33633  144
0.336339  329
0.336359  271
0.336376  178
0.336448  183
0.336506  331
0.33652  348
0.336551  72
0.336589  13
0.336681  362
0.336695  246
0.336711  383
0.33673  33
0.336745  4
0.336747  399
0.336782  352
0.336806  111
0.336824  153
0.336919  87
0.336949  293
0.336956  249
0.337032  216
0.337061  278
0.337111  337
0.33713  355
0.337165  332
0.337178  341
0.337238  350
0.337313  163
0.337356  344
0.337419  305
0.33745  7
0.337473  233
0.337518  106
0.337525  359
0.337528  186
0.337569  314
0.337619  315
0.337664  261
0.337698  303
0.337778  86
0.337879  296
0.337884  397
0.337911  323
0.337911  371
0.338002  393
0.338046  307
0.338057  116
0.33806  78
0.33823  131
0.338233  68
0.338343  61
0.338425  267
0.338574  370
0.338581  275
0.338848  123
0.338889  347
0.338924  227
0.339221  189
0.339413  378
0.339735  14
0.339766  384
0.339834  321
0.340028  351
0.340129  312
0.340361  250
0.340509  346
0.340515  12
0.340531  375
0.340671  120
0.340819  317
0.341  369
0.341135  213
0.341366  38
0.341458  161
0.34168  171
0.341851  309
0.341909  73
0.341964  372
0.341978  140
0.342012  365
0.342175  389
0.342211  204
0.342322  334
0.34246  40
0.342999  81
0.343004  139
0.343332  260
0.343585  158
0.343827  388
0.343944  277
0.344058  382
0.344205  206
0.344522  1
0.344546  237
0.344716  133
0.345203  380
0.345381  367
0.34573  338
0.345779  374
0.346094  8
0.346766  318
0.347311  231
0.347314  392
0.347405  98
0.347475  75
0.347709  349
0.348939  118
0.348953  101
0.350381  361
0.350492  300
0.351683  194
0.353031  322
0.354344  302
0.354672  339
0.355397  152
0.358061  180
0.358699  390
0.358719  386
0.358902  251
0.359514  353
0.359566  48
0.36157  47
0.361917  342
0.362011  398
0.362625  128
0.362629  325
0.36285  220
0.363412  364
0.363598  117
0.364  248
0.364155  214
0.364864  311
0.365214  225
0.365252  44
0.365385  235
0.366042  57
0.366413  79
0.366497  306
0.368271  310
0.368872  56
0.368944  224
0.36916  20
0.369366  358
0.369541  327
0.369994  77
0.370014  74
0.370256  294
0.370609  301
0.370619  132
0.371242  363
0.371373  356
0.371479  298
0.37152  70
0.371764  385
0.372087  292
0.372107  284
0.372196  192
0.372391  343
0.37266  391
0.372928  113
0.373247  373
0.373417  345
0.373426  97
0.373509  16
0.373781  154
0.37394  360
0.374052  263
0.374712  243
0.374745  256
0.37484  65
0.375051  332
0.375181  286
0.375313  324
0.375372  354
0.375772  366
0.375982  340
0.375995  282
0.376106  371
0.376128  274
0.376275  109
0.376289  164
0.376542  396
0.376863  376
0.376914  359
0.376923  211
0.376986  222
0.377009  379
0.377057  67
0.377547  60
0.377664  239
0.377667  187
0.377772  375
0.378206  280
0.378435  11
0.378456  383
0.378619  45
0.378793  326
0.379195  316
0.379253  389
0.379277  362
0.379429  351
0.379606  51
0.379635  399
0.379638  167
0.379864  108
0.379878  150
0.380107  336
0.380221  26
0.380444  210
0.380462  130
0.381017  37
0.381368  308
0.382121  46
0.382544  381
0.382552  314
0.38258  320
0.382752  6
0.382753  355
0.382973  352
0.383285  330
0.383514  162
0.383576  377
0.383739  290
0.383781  100
0.383883  368
0.383903  335
0.383938  2
0.384059  357
0.384596  66
0.384806  64
0.384834  328
0.385489  337
0.385705  35
0.385734  191
0.386176  229
0.386254  253
0.386277  155
0.386508  321
0.386633  395
0.38677  193
0.386897  143
0.387758  125
0.387971  226
0.388358  29
0.388482  242
0.388604  323
0.389305  300
0.389433  59
0.389511  231
0.389551  115
0.389793  99
0.390065  31
0.390192  315
0.390838  63
0.391115  122
0.391488  34
0.391732  121
0.39195  370
0.391995  348
0.392072  5
0.392246  384
0.392363  365
0.392747  22
0.392839  369
0.392916  304
0.39318  215
0.393216  254
0.393398  41
0.393468  36
0.393473  374
0.393665  312
0.393887  393
0.393992  200
0.39403  333
0.394358  0
0.394393  53
0.394951  319
0.394978  318
0.395179  234
0.395539  276
0.395654  313
0.395812  353
0.395859  331
0.395875  86
0.395903  344
0.39616  135
0.396181  166
0.396814  347
0.39688  50
0.396921  61
0.39697  309
0.397089  283
0.397158  349
0.397317  124
0.39779  3
0.397834  350
0.397968  7
0.398031  96
0.398285  338
0.398843  102
0.398848  329
0.398978  185
0.399116  105
0.400145  367
0.400176  163
0.400188  262
0.40036  386
0.400507  306
0.400529  394
0.400871  39
0.401066  388
0.401392  297
0.401475  307
0.401502  361
0.402154  42
0.402262  161
0.402714  244
0.402997  317
0.40334  289
0.403598  190
0.403817  305
0.404045  324
0.404136  387
0.404254  325
0.404541  378
0.404736  302
0.404748  382
0.404751  177
0.404875  372
0.40509  92
0.405377  327
0.405496  33
0.405529  127
0.405864  358
0.405871  310
0.406694  179
0.406943  216
0.408018  296
0.408705  197
0.408973  341
0.40919  397
0.409738  82
0.411542  303
0.411954  13
0.412028  363
0.414642  391
0.415848  95
0.416143  311
0.416995  252
0.418499  316
0.418871  119
0.419789  104
0.420065  342
0.420303  383
0.420475  165
0.42069  79
0.420717  175
0.420865  230
0.420898  390
0.421302  169
0.421598  301
0.421714  233
0.421867  265
0.423132  364
0.423246  199
0.423423  149
0.423491  377
0.423561  81
0.4238  385
0.42397  133
0.424081  111
0.424109  32
0.424171  28
0.424215  224
0.424289  343
0.424378  281
0.424684  219
0.424804  396
0.424845  291
0.425181  345
0.425209  314
0.42525  339
0.42539  334
0.425527  321
0.425589  392
0.425628  208
0.425722  346
0.425779  158
0.425855  326
0.426202  399
0.426348  373
0.426364  248
0.426424  152
0.426618  379
0.42665  308
0.426825  110
0.426881  337
0.426901  90
0.427051  357
0.427237  196
0.427249  84
0.427426  371
0.427565  328
0.42758  335
0.427611  223
0.427744  362
0.427967  18
0.428067  228
0.428184  40
0.428338  201
0.428403  30
0.428615  380
0.428621  160
0.428685  153
0.428843  267
0.428928  14
0.429303  93
0.429309  354
0.429314  285
0.429429  359
0.429509  180
0.429646  398
0.429701  238
0.429785  360
0.42981  333
0.430284  381
0.430683  366
0.430847  270
0.431012  322
0.431092  202
0.431453  140
0.431511  97
0.431539  112
0.432368  65
0.432381  136
0.43254  114
0.432617  332
0.432699  157
0.432834  293
0.432885  141
0.43302  320
0.433314  130
0.433346  384
0.433786  118
0.434106  319
0.434506  271
0.434509  356
0.434586  181
0.435035  351
0.435322  71
0.435543  376
0.435999  107
0.436319  176
0.4366  389
0.436602  338
0.436693  300
0.436861  340
0.436929  94
0.437003  257
0.437346  186
0.437489  49
0.437597  330
0.437918  375
0.43895  192
0.439262  23
0.439645  227
0.439785  236
0.441173  63
0.441676  315
0.441747  44
0.441758  323
0.441849  395
0.44193  361
0.44281  91
0.442917  259
0.442993  21
0.443107  211
0.443655  27
0.444023  304
0.444175  331
0.444632  62
0.444855  80
0.444883  336
0.444933  258
0.445036  264
0.44507  221
0.445185  355
0.445539  55
0.445547  51
0.445722  138
0.445771  352
0.445895  58
0.446005  173
0.446013  245
0.446126  145
0.446206  156
0.446207  317
0.446794  147
0.446796  103
0.446849  266
0.446929  372
0.44725  209
0.447276  374
0.447289  393
0.447632  391
0.447717  174
0.447933  307
0.447939  123
0.447988  260
0.44819  64
0.448384  367
0.448393  397
0.44875  348
0.44879  235
0.448794  341
0.448816  69
0.448943  87
0.44902  318
0.449038  139
0.449129  302
0.449142  56
0.449459  312
0.449508  288
0.449508  350
0.449703  310
0.449802  347
0.449824  368
0.45061  47
0.45063  378
0.450687  232
0.450785  262
0.450916  388
0.451064  251
0.451134  76
0.4512  109
0.451248  6
0.451455  226
0.451533  204
0.45178  167
0.452143  365
0.452186  85
0.452233  207
0.452317  60
0.452483  212
0.452496  324
0.452522  305
0.452578  268
0.452891  303
0.452954  113
0.452981  313
0.453078  311
0.453081  256
0.453178  353
0.453257  329
0.453487  308
0.453706  249
0.45389  344
0.453965  339
0.454264  98
0.45443  369
0.45446  327
0.454463  99
0.454465  48
0.454601  343
0.454633  298
0.454643  371
0.454711  370
0.454735  19
0.454844  394
0.454856  16
0.454899  194
0.454922  364
0.455073  349
0.455377  128
0.455879  52
0.456301  126
0.456378  316
0.457027  360
0.457181  289
0.457259  53
0.45726  163
0.457397  38
0.457433  263
0.457495  142
0.457571  386
0.457626  383
0.457928  398
0.457957  357
0.458391  195
0.458435  17
0.458657  387
0.458883  131
0.458917  247
0.458948  15
0.458974  377
0.459077  214
0.459225  144
0.459278  215
0.459311  342
0.459575  385
0.459664  273
0.459829  54
0.459949  354
0.459952  299
0.460172  11
0.460291  363
0.460347  306
0.460503  309
0.460508  382
0.460581  366
0.460732  67
0.460942  74
0.460982  182
0.461059  358
0.461063  243
0.461219  59
0.461319  390
0.461495  190
0.461846  334
0.461949  43
0.462652  345
0.462819  346
0.463005  278
0.463583  12
0.463898  83
0.464444  330
0.464657  314
0.465258  170
0.465613  172
0.466245  335
0.466382  351
0.466402  240
0.466639  326
0.4667  392
0.466744  340
0.466783  284
0.468919  78
0.469063  25
0.469119  381
0.469677  8
0.469746  399
0.46995  41
0.470438  322
0.470586  301
0.471023  337
0.471283  36
0.471291  175
0.472358  184
0.472567  206
0.472894  127
0.473279  95
0.473995  35
0.474178  396
0.475227  9
0.476869  376
0.477937  362
0.478078  93
0.47941  106
0.479493  237
0.479803  191
0.480518  292
0.480557  328
0.480893  373
0.481391  336
0.481913  332
0.482321  325
0.482579  380
0.484451  1
0.484525  356
0.484543  297
0.484801  200
0.485088  379
0.485309  198
0.485451  45
0.485872  183
0.486361  13
0.486601  295
0.486616  31
0.486942  101
0.4871  110
0.487144  148
0.487485  321
0.487651  203
0.487833  32
0.487836  166
0.487911  255
0.488497  276
0.488506  26
0.488725  37
0.489082  285
0.489103  188
0.48911  307
0.489293  229
0.489354  222
0.489578  161
0.489612  3
0.489681  394
0.489831  73
0.489943  57
0.489975  242
0.49  29
0.490288  164
0.490336  319
0.490355  384
0.490362  331
0.490399  338
0.490702  395
0.490708  217
0.490816  281
0.490926  131
0.490941  225
0.490945  129
0.490971  361
0.49103  168
0.491149  353
0.491163  136
0.491234  68
0.491241  294
0.491259  341
0.491345  171
0.491409  318
0.491593  253
0.491594  317
0.491605  137
0.491736  339
0.491748  205
0.492007  34
0.492176  287
0.492271  121
0.492323  305
0.492569  24
0.492583  33
0.492622  323
0.492632  116
0.492638  124
0.49283  218
0.492871  88
0.492872  10
0.492938  389
0.4932  210
0.493283  174
0.493348  66
0.49335  324
0.493388  352
0.493401  315
0.493494  143
0.493687  84
0.493719  333
0.493871  304
0.493989  271
0.493994  365
0.494012  386
0.49405  378
0.494051  312
0.494129  348
0.494218  383
0.494251  189
0.494506  300
0.494587  96
0.494646  372
0.494712  397
0.494731  369
0.49484  375
0.494893  239
0.494899  197
0.494922  387
0.495048  347
0.495058  371
0.49508  306
0.495203  313
0.495248  15
0.495284  359
0.495306  349
0.495314  269
0.495366  374
0.495388  18
0.495582  130
0.495699  141
0.495722  117
0.495829  355
0.4961  320
0.496372  391
0.496377  309
0.496408  360
0.49641  193
0.496493  388
0.496604  160
0.4967  385
0.496974  393
0.496984  158
0.497076  132
0.497181  97
0.497265  219
0.497296  327
0.497353  179
0.497411  257
0.497732  120
0.497882  150
0.497924  308
0.497941  290
0.497963  165
0.497998  358
0.498075  72
0.498131  350
0.498295  311
0.49841  370
0.49856  21
0.498684  44
0.499026  278
0.499094  178
0.499898  377
0.499942  368
0.500222  367
0.500652  118
0.500705  177
0.500763  112
0.500966  77
0.50104  364
0.501138  335
0.501609  392
0.5022  303
0.502206  211
0.50225  27
0.502564  329
0.502626  398
0.502659  330
0.50273  382
0.503051  86
0.503714  90
0.503805  104
0.503855  343
0.503916  345
0.504013  346
0.504668  286
0.504699  133
0.505779  213
0.505853  289
0.50596  354
0.506015  376
0.506054  16
0.506473  49
0.506807  270
0.507092  310
0.50782  302
0.508314  232
0.508846  144
0.509305  186
0.510196  326
0.510575  381
0.510841  81
0.510998  314
0.51138  89
0.511768  344
0.512125  334
0.512517  380
0.513212  337
0.513575  322
0.514459  390
0.514976  357
0.51603  399
0.516597  366
0.519347  273
0.520712  340
0.52326  134
0.523954  65
0.524753  108
0.526697  272
0.528164  396
0.528635  157
0.529031  7
0.529144  316
0.529204  190
0.529301  332
0.529486  363
0.529569  61
0.529627  339
0.52967  39
0.529726  194
0.529816  63
0.529951  126
0.530047  297
0.530315  362
0.530335  238
0.530934  301
0.531269  0
0.531633  246
0.531636  187
0.531889  268
0.531908  35
0.532147  8
0.532735  23
0.532796  154
0.533004  266
0.533073  240
0.533271  79
0.533365  307
0.533761  342
0.533856  170
0.533914  321
0.534393  80
0.534431  91
0.534629  64
0.534793  192
0.534963  22
0.535015  62
0.535091  52
0.535235  244
0.535595  28
0.535645  71
0.535656  107
0.535715  114
0.535941  25
0.535958  182
0.535959  199
0.53597  87
0.536045  228
0.536051  50
0.536075  279
0.536093  373
0.53616  92
0.536174  53
0.536216  221
0.536236  283
0.536249  372
0.53626  341
0.536312  252
0.5365  58
0.536555  275
0.536566  207
0.536579  277
0.53673  306
0.536749  338
0.536771  60
0.536776  262
0.536875  78
0.536887  40
0.53689  19
0.536962  223
0.53701  325
0.537037  41
0.537085  94
0.5371  231
0.537164  20
0.53718  304
0.537248  384
0.537341  202
0.537351  358
0.537382  151
0.537443  300
0.537452  138
0.537454  36
0.537455  169
0.537488  5
0.537535  353
0.537553  288
0.53757  361
0.537734  379
0.537747  193
0.537772  336
0.537894  135
0.537907  125
0.537958  351
0.537981  324
0.538058  260
0.538094  216
0.538097  47
0.538398  235
0.538547  328
0.538695  242
0.538743  185
0.538865  70
0.538957  173
0.539002  263
0.53901  386
0.539041  82
0.539072  374
0.539088  329
0.539156  26
0.539212  248
0.539249  103
0.539335  93
0.539344  12
0.539352  214
0.539391  146
0.539472  59
0.539486  229
0.539621  369
0.539659  106
0.539661  356
0.539683  250
0.5397  99
0.539758  298
0.53976  245
0.539881  309
0.539885  333
0.539888  33
0.539916  204
0.539935  267
0.539962  313
0.539967  377
0.539982  302
0.54  317
0.540011  203
0.540026  174
0.540031  343
0.540044  115
0.540063  175
0.540141  56
0.540176  254
0.540223  184
0.54023  14
0.540289  331
0.540316  123
0.54032  387
0.540325  305
0.540352  352
0.540362  318
0.540366  319
0.540369  2
0.540437  159
0.540444  392
0.540489  88
0.540522  180
0.540541  383
0.540545  100
0.540568  327
0.54057  371
0.540598  394
0.540623  335
0.54066  236
0.540664  280
0.540697  390
0.540705  388
0.540738  315
0.540746  247
0.540792  348
0.540849  303
0.540918  34
0.540951  294
0.540998  55
0.541007  284
0.541044  354
0.541228  359
0.541234  355
0.541287  237
0.541321  122
0.541364  201
0.541413  140
0.541442  346
0.541446  364
0.54146  4
0.541465  310
0.54148  320
0.541487  323
0.541494  153
0.541535  105
0.541564  397
0.541707  381
0.541763  119
0.541863  75
0.541871  311
0.541874  391
0.541882  3
0.541959  181
0.542083  389
0.542107  345
0.542123  385
0.542186  149
0.542211  380
0.542419  347
0.542548  368
0.542583  399
0.542636  230
0.542662  21
0.542782  269
0.542793  398
0.542813  73
0.542876  322
0.542954  256
0.542984  357
0.542995  226
0.543051  74
0.543059  367
0.543091  296
0.543114  375
0.543195  285
0.543215  176
0.543345  382
0.543405  29
0.543429  200
0.543497  243
0.543499  164
0.543656  218
0.543659  312
0.543678  11
0.543795  395
0.543839  365
0.544125  393
0.544227  363
0.544343  76
0.544548  232
0.544548  360
0.544652  189
0.544653  205
0.544825  378
0.544847  349
0.544882  370
0.544944  287
0.545115  281
0.545148  366
0.545208  291
0.54528  340
0.545334  334
0.545401  314
0.545486  301
0.545643  332
0.546098  9
0.54611  208
0.546328  128
0.546378  24
0.546722  308
0.546761  121
0.546809  139
0.546936  113
0.546947  133
0.547055  282
0.547183  97
0.547208  27
0.547383  337
0.547614  293
0.547962  165
0.548362  85
0.548387  132
0.548461  179
0.548597  330
0.548851  161
0.548952  111
0.549163  18
0.549477  329
0.54984  45
0.549892  65
0.549981  67
0.54999  396
0.550016  195
0.550047  272
0.550259  118
0.550289  156
0.550413  120
0.550753  206
0.550899  316
0.551375  110
0.551413  376
0.551722  264
0.551747  43
0.551755  168
0.551991  350
0.552044  351
0.553176  379
0.553793  326
0.553928  362
0.554416  147
0.555028  344
0.555474  271
0.556659  172
0.55693  227
0.557007  143
0.558062  194
0.558855  336
0.55901  112
0.560929  84
0.561573  15
0.561629  341
0.562497  225
0.563466  42
0.564074  239
0.565625  381
0.565687  25
0.566482  361
0.566489  137
0.566605  197
0.566688  295
0.566797  109
0.566981  163
0.567069  155
0.567099  387
0.567911  258
0.56852  10
0.568678  327
0.568794  335
0.569214  371
0.569675  35
0.569693  290
0.569782  386
0.569932  249
0.569959  342
0.570218  8
0.570549  149
0.570682  273
0.570689  289
0.570875  355
0.571278  57
0.571346  213
0.571445  210
0.571515  304
0.571688  372
0.571955  384
0.572133  299
0.572195  356
0.572449  392
0.572471  343
0.572891  302
0.572985  31
0.573011  59
0.57311  390
0.573192  345
0.573201  348
0.57323  292
0.573287  374
0.573539  86
0.573564  399
0.573619  102
0.573625  104
0.573648  338
0.573716  388
0.573878  80
0.5743  300
0.574411  46
0.574454  96
0.574456  306
0.574559  359
0.574569  395
0.574587  364
0.574794  315
0.575276  312
0.575719  38
0.575889  349
0.575977  319
0.575995  56
0.576002  309
0.576106  117
0.576307  325
0.576339  347
0.57637  321
0.577374  37
0.577924  340
0.578275  32
0.57835  314
0.57953  270
0.579882  383
0.58046  233
0.58126  354
0.582202  394
0.583275  311
0.583576  377
0.584712  370
0.585094  305
0.585584  397
0.586273  339
0.590142  382
0.591037  66
0.591427  53
0.591759  385
0.593136  363
0.593144  307
0.595493  333
0.595754  334
0.595893  236
0.596947  317
0.597501  352
0.597902  39
0.597965  331
0.598157  308
0.59834  150
0.598459  70
0.598657  378
0.599541  169
0.599782  389
0.599903  373
0.599904  369
0.600003  324
0.600041  246
0.600393  145
0.601034  253
0.601659  220
0.601774  398
0.602185  310
0.602371  182
0.60263  12
0.602913  379
0.602932  313
0.606775  274
0.606995  351
0.607522  278
0.607684  265
0.607858  322
0.607891  365
0.607906  142
0.608511  186
0.608585  320
0.60888  51
0.608987  367
0.609  269
0.609068  396
0.609233  7
0.609284  130
0.609806  101
0.609984  250
0.609999  318
0.610152  235
0.610164  368
0.610227  261
0.610234  303
0.610554  99
0.610583  177
0.610835  328
0.611374  259
0.611391  185
0.611542  162
0.611639  26
0.611847  217
0.612176  393
0.612177  171
0.612268  275
0.612415  346
0.612682  106
0.613175  167
0.613207  375
0.613233  58
0.613334  353
0.613342  209
0.613478  187
0.613515  212
0.61352  391
0.61352  291
0.613526  190
0.613855  362
0.613902  337
0.613994  231
0.614092  301
0.614096  93
0.614156  350
0.614303  366
0.614339  387
0.614625  263
0.614677  157
0.615038  297
0.615107  183
0.615205  361
0.615707  358
0.615825  316
0.615905  251
0.616551  323
0.616687  126
0.616847  141
0.61737  139
0.617386  198
0.617544  357
0.617679  286
0.617695  83
0.618028  376
0.618153  85
0.618322  229
0.618473  97
0.618596  72
0.61872  119
0.618756  205
0.619076  18
0.619109  103
0.619219  364
0.619553  136
0.619701  380
0.619948  338
0.620232  243
0.620421  5
0.620471  200
0.620575  0
0.620623  240
0.62064  160
0.62069  13
0.620826  327
0.620885  81
0.620926  178
0.620982  116
0.621047  124
0.621053  306
0.621072  195
0.62109  1
0.621167  47
0.62154  335
0.621639  61
0.621704  128
0.621747  277
0.621779  257
0.621823  30
0.621871  238
0.62195  110
0.62205  394
0.622078  300
0.622081  392
0.622155  77
0.622161  21
0.622185  355
0.622201  84
0.622321  285
0.622471  234
0.622483  344
0.622507  276
0.622512  44
0.622553  374
0.622823  98
0.622864  363
0.622875  329
0.622897  347
0.622953  345
0.623008  348
0.62305  255
0.62307  95
0.623085  62
0.623107  155
0.623113  36
0.62333  381
0.623402  397
0.623467  113
0.623505  395
0.623562  219
0.623648  256
0.623774  330
0.623815  383
0.623825  342
0.62388  15
0.623901  298
0.623974  237
0.623976  309
0.623988  386
0.624131  326
0.624231  356
0.624306  181
0.624374  80
0.624433  34
0.624442  389
0.624452  2
0.624461  312
0.624597  211
0.624617  14
0.62487  96
0.625016  161
0.625163  339
0.625222  319
0.625274  63
0.625377  377
0.625422  284
0.625478  32
0.625801  108
0.625818  349
0.626036  41
0.626138  332
0.626287  202
0.626331  371
0.626444  336
0.626461  321
0.626507  158
0.626558  55
0.626601  315
0.626673  115
0.626702  6
0.626845  352
0.627025  137
0.627053  270
0.627219  199
0.627315  384
0.62748  382
0.627509  228
0.62755  398
0.6276  78
0.627802  325
0.627935  302
0.628091  254
0.628169  75
0.628492  388
0.628519  127
0.628565  359
0.62882  370
0.628866  245
0.629125  304
0.629327  399
0.629374  390
0.629439  151
0.629475  242
0.629551  295
0.629772  230
0.629927  379
0.630022  324
0.63015  175
0.630399  307
0.630704  341
0.630724  360
0.630791  252
0.63131  122
0.631442  201
0.631525  117
0.631832  340
0.631953  148
0.632006  305
0.632027  310
0.632088  373
0.63251  378
0.632559  125
0.632757  372
0.633073  133
0.633403  86
0.633665  343
0.633769  152
0.633927  153
0.633959  294
0.634537  76
0.634591  369
0.634694  184
0.634871  105
0.634936  301
0.634985  334
0.635056  328
0.635162  249
0.635179  57
0.635559  38
0.635876  33
0.636206  317
0.636393  196
0.636486  180
0.636566  288
0.637654  361
0.637842  168
0.638151  314
0.638562  192
0.638979  322
0.639031  163
0.639265  207
0.639876  10
0.639929  88
0.640049  29
0.6402  87
0.640472  333
0.641141  273
0.641557  303
0.641884  109
0.641955  357
0.643846  385
0.644496  351
0.644664  182
0.644993  318
0.646485  23
0.646908  368
0.647665  107
0.648002  11
0.648189  20
0.648277  73
0.648358  102
0.648809  40
0.649013  354
0.649201  366
0.649498  346
0.649993  323
0.650086  188
0.650146  313
0.650456  68
0.650623  320
0.650857  224
0.650893  308
0.651133  31
0.651451  271
0.651518  247
0.651628  396
0.651761  159
0.651846  353
0.651883  326
0.652373  173
0.652998  387
0.653438  104
0.653463  144
0.653951  356
0.655429  374
0.656222  50
0.656552  376
0.657107  118
0.657246  267
0.65764  365
0.657987  380
0.658043  311
0.65807  134
0.658433  51
0.659319  362
0.659402  89
0.659793  176
0.660182  215
0.660788  53
0.660941  226
0.660953  244
0.660956  337
0.661097  233
0.661328  393
0.661531  293
0.661659  69
0.661881  232
0.662181  79
0.662285  216
0.662307  42
0.662336  45
0.662426  335
0.663138  24
0.663298  262
0.664184  375
0.664382  193
0.664428  213
0.664537  146
0.664582  248
0.664821  389
0.665133  141
0.665227  358
0.665227  222
0.665263  373
0.66531  355
0.665682  339
0.665894  160
0.666024  48
0.666038  343
0.666247  345
0.666365  225
0.666434  266
0.666529  367
0.666577  316
0.666656  363
0.666777  92
0.666831  348
0.667001  309
0.667181  111
0.6676  185
0.667634  227
0.667705  171
0.66808  268
0.66821  147
0.668251  221
0.668451  344
0.668568  330
0.668694  131
0.668765  388
0.669094  130
0.669142  19
0.669362  398
0.669609  138
0.669925  156
0.66997  272
0.670193  283
0.670213  383
0.670306  129
0.670334  299
0.670419  315
0.670616  360
0.670702  64
0.670774  124
0.670883  275
0.670977  394
0.671051  65
0.671087  281
0.671159  145
0.671288  306
0.671407  164
0.671463  364
0.671468  381
0.671568  321
0.671582  379
0.671672  382
0.671672  327
0.67179  67
0.671869  149
0.671955  296
0.671958  209
0.672321  349
0.6724  397
0.672436  350
0.672448  390
0.672539  8
0.672539  121
0.672625  179
0.67266  392
0.672762  172
0.672914  43
0.673091  175
0.673105  116
0.673202  170
0.673237  165
0.673279  264
0.673365  347
0.673397  90
0.673422  16
0.673465  301
0.673588  304
0.673636  1
0.673661  300
0.673749  241
0.673809  44
0.67384  243
0.673917  352
0.673938  28
0.673949  154
0.673971  329
0.673974  279
0.674165  71
0.674228  384
0.674243  59
0.674258  25
0.674379  263
0.674568  106
0.674573  206
0.674616  370
0.674734  54
0.674766  282
0.674875  41
0.674993  177
0.675095  386
0.675117  140
0.675119  399
0.675159  58
0.675231  341
0.675252  391
0.675304  122
0.675305  336
0.675308  377
0.675352  378
0.67542  100
0.675669  210
0.675709  342
0.675785  319
0.675806  143
0.675888  187
0.675962  371
0.676051  340
0.676125  120
0.676267  289
0.676406  368
0.676438  276
0.676721  169
0.676804  318
0.676906  255
0.676922  305
0.676941  325
0.677076  369
0.677177  6
0.677203  200
0.677505  302
0.677515  235
0.677543  47
0.677664  324
0.677686  242
0.677692  218
0.677743  354
0.677785  331
0.677848  323
0.677989  18
0.678003  14
0.678007  194
0.678377  56
0.678405  250
0.678423  396
0.678493  234
0.678541  351
0.678758  359
0.678805  332
0.678974  166
0.679205  395
0.679394  338
0.679612  361
0.679705  251
0.679901  80
0.680236  66
0.68047  375
0.680598  39
0.681078  334
0.68108  311
0.681286  357
0.681386  303
0.681604  52
0.681626  22
0.681896  294
0.681976  119
0.682359  322
0.682675  259
0.682721  97
0.682755  307
0.682779  310
0.682847  150
0.683068  239
0.683088  159
0.683606  353
0.68394  346
0.684094  313
0.684107  238
0.684225  110
0.684325  280
0.684384  376
0.684586  366
0.68468  49
0.685467  115
0.685647  372
0.686242  253
0.686652  35
0.686781  201
0.686899  220
0.686925  278
0.687036  326
0.688308  113
0.688617  312
0.688793  314
0.689179  95
0.689331  27
0.689609  190
0.689902  284
0.689941  393
0.690143  236
0.690375  146
0.690565  217
0.690667  55
0.691134  205
0.691691  91
0.691723  374
0.691769  308
0.691793  208
0.692464  132
0.692574  333
0.692762  328
0.692991  320
0.693381  389
0.693522  17
0.693737  60
0.694079  229
0.695083  82
0.695843  387
0.696475  3
0.696567  274
0.696862  367
0.69741  101
0.697816  306
0.697829  315
0.697975  347
0.698259  34
0.698291  362
0.69899  5
0.699104  317
0.699704  316
0.699738  360
0.699961  117
0.700044  38
0.700149  356
0.701247  75
0.70261  98
0.703671  385
0.703687  330
0.703759  343
0.704323  174
0.704513  114
0.704522  373
0.706059  199
0.70614  87
0.706342  298
0.706386  105
0.706751  184
0.707169  339
0.707306  350
0.70819  381
0.708198  158
0.709078  290
0.709565  167
0.709742  288
0.710119  287
0.710272  295
0.710321  204
0.711227  386
0.711259  78
0.711299  348
0.711308  365
0.711335  191
0.711635  355
0.712243  12
0.712447  261
0.712859  283
0.713153  102
0.713236  383
0.713327  301
0.71345  30
0.713693  111
0.714001  335
0.714117  10
0.714121  31
0.714343  180
0.71437  331
0.714388  86
0.714666  237
0.714698  181
0.714712  108
0.715019  231
0.71524  83
0.715392  197
0.7154  99
0.715516  84
0.715583  212
0.715591  189
0.715753  292
0.715871  68
0.716086  332
0.716124  186
0.716173  219
0.716281  349
0.716353  329
0.716382  173
0.716526  248
0.716533  136
0.716557  398
0.7167  370
0.716706  309
0.716758  63
0.716797  45
0.716997  32
0.717  213
0.717069  352
0.71717  321
0.717171  363
0.717251  112
0.717268  336
0.717315  0
0.717449  126
0.717533  265
0.717661  304
0.717733  128
0.717831  344
0.717868  122
0.717898  260
0.717994  94
0.71811  337
0.718225  379
0.718257  23
0.718416  377
0.718728  96
0.718756  323
0.718916  375
0.718925  390
0.718985  338
0.719052  62
0.719062  145
0.719098  152
0.719145  345
0.719176  384
0.719183  225
0.719184  198
0.719312  364
0.719486  354
0.71959  311
0.719669  305
0.7197  351
0.719715  397
0.719839  192
0.719856  93
0.719858  270
0.719889  399
0.719955  324
0.720037  291
0.720068  193
0.720089  269
0.72021  133
0.720415  214
0.720442  333
0.720454  300
0.72048  394
0.720493  391
0.720526  88
0.720544  341
0.720735  374
0.720832  129
0.720845  161
0.720852  380
0.720895  218
0.720971  382
0.721139  41
0.721198  392
0.721238  58
0.721418  74
0.721439  235
0.721532  37
0.721631  346
0.72176  103
0.721961  135
0.721971  64
0.722021  11
0.722241  303
0.722343  327
0.722694  325
0.722768  286
0.722911  53
0.723051  285
0.723081  357
0.723083  246
0.723084  376
0.723731  67
0.723775  388
0.723791  155
0.723899  313
0.723918  139
0.724121  368
0.724124  334
0.724141  190
0.724245  322
0.724735  176
0.724873  302
0.725091  282
0.725125  51
0.725143  194
0.725348  306
0.72541  89
0.725479  144
0.725525  156
0.725717  120
0.725771  215
0.726376  256
0.72665  359
0.727035  203
0.72713  277
0.727211  315
0.727376  371
0.727444  241
0.727496  393
0.727633  366
0.727755  236
0.727814  183
0.727853  308
0.728032  326
0.728452  395
0.728612  307
0.728809  130
0.728824  77
0.728932  340
0.729081  40
0.729358  319
0.729454  378
0.729583  369
0.729642  36
0.729718  85
0.729757  107
0.729775  396
0.730039  272
0.73006  121
0.730089  2
0.730309  358
0.730531  202
0.730565  266
0.730747  389
0.730914  15
0.731637  317
0.731647  343
0.731668  355
0.731816  65
0.732138  387
0.732206  310
0.732317  72
0.732689  254
0.733318  4
0.733583  312
0.734504  320
0.734506  18
0.734562  314
0.735247  318
0.735346  168
0.735782  134
0.735902  316
0.735946  81
0.736828  267
0.737049  124
0.738837  372
0.739684  361
0.740691  328
0.741546  381
0.743597  353
0.743625  20
0.744772  330
0.74608  76
0.746441  162
0.746809  281
0.747171  342
0.749983  26
0.750728  9
0.752918  363
0.753726  356
0.755077  66
0.755684  175
0.755685  348
0.755685  370
0.756622  118
0.75748  16
0.757877  224
0.757887  141
0.758252  385
0.758773  367
0.758995  54
0.759326  143
0.759608  337
0.759723  207
0.759976  24
0.76017  149
0.761115  386
0.761136  373
0.761275  91
0.761529  262
0.761979  364
0.761986  398
0.762137  289
0.762152  14
0.762187  297
0.762206  27
0.762376  341
0.762485  127
0.762485  30
0.762566  153
0.762778  352
0.762846  109
0.762881  258
0.762932  1
0.76304  347
0.763046  333
0.763059  384
0.76314  146
0.76339  178
0.763512  42
0.763565  253
0.763654  216
0.763734  345
0.76375  25
0.763975  309
0.763996  35
0.764006  365
0.764061  304
0.764098  323
0.764151  73
0.764191  360
0.764495  331
0.764692  13
0.765072  362
0.765181  301
0.765266  321
0.765313  78
0.765395  19
0.765441  390
0.765563  138
0.765585  251
0.765785  257
0.765874  344
0.765924  245
0.766022  329
0.766131  391
0.766159  114
0.766165  75
0.766246  306
0.766342  7
0.766343  300
0.766447  43
0.766515  247
0.766891  227
0.766994  55
0.767008  377
0.76728  354
0.767644  177
0.767805  210
0.767834  394
0.767842  195
0.768363  339
0.768418  98
0.768481  349
0.768572  268
0.768629  21
0.768658  351
0.768688  222
0.769204  249
0.769231  332
0.769384  335
0.769856  113
0.76987  22
0.769894  211
0.770031  49
0.770135  382
0.770334  243
0.77061  343
0.770913  100
0.770997  90
0.771094  131
0.771369  275
0.771419  357
0.771551  315
0.771587  388
0.771664  371
0.771739  397
0.771758  378
0.771782  374
0.771801  399
0.771967  139
0.772004  8
0.772064  338
0.772064  106
0.772113  34
0.77221  47
0.7723  255
0.77231  86
0.77245  380
0.772566  271
0.772578  296
0.772795  219
0.773067  40
0.77308  33
0.773276  346
0.773363  122
0.773588  283
0.773614  228
0.773697  317
0.773819  84
0.773874  59
0.773893  396
0.774244  52
0.77428  187
0.774637  350
0.774669  240
0.774687  60
0.774704  299
0.77473  264
0.774844  116
0.774999  308
0.775064  176
0.775071  369
0.775072  379
0.775125  387
0.775139  375
0.775139  179
0.775487  108
0.775542  368
0.775594  325
0.77562  126
0.775653  163
0.775793  340
0.775794  326
0.776079  63
0.776191  50
0.776194  310
0.776413  46
0.776449  313
0.776512  366
0.776553  393
0.776676  212
0.77671  129
0.776794  305
0.777047  342
0.777082  237
0.777105  164
0.777347  239
0.77736  65
0.777588  389
0.777592  188
0.777803  170
0.778195  295
0.778237  360
0.778419  69
0.778454  324
0.77863  316
0.778689  383
0.778924  320
0.778976  336
0.779039  302
0.779614  392
0.779662  246
0.780684  104
0.781086  314
0.781171  355
0.781265  358
0.781336  376
0.781428  79
0.781483  334
0.781502  48
0.781572  359
0.781701  15
0.782054  28
0.782062  270
0.782074  372
0.782117  312
0.78224  284
0.782658  319
0.784167  348
0.785135  303
0.785535  361
0.787256  191
0.788694  318
0.788916  327
0.789111  381
0.792943  356
0.794313  395
0.794413  41
0.795336  311
0.797875  130
0.798419  341
0.799485  322
0.801026  226
0.801421  234
0.801995  87
0.802017  68
0.802436  31
0.803022  203
0.803619  151
0.803908  169
0.804212  267
0.804654  232
0.804856  174
0.80502  199
0.805207  386
0.805823  120
0.805884  330
0.806253  301
0.806546  190
0.806596  3
0.806602  218
0.807349  328
0.807813  398
0.808318  220
0.808511  77
0.808552  221
0.808604  74
0.808679  290
0.808802  353
0.809262  274
0.809322  39
0.809573  362
0.809974  363
0.809988  96
0.810201  236
0.810331  394
0.810743  333
0.810752  205
0.810759  352
0.810789  304
0.811059  155
0.811095  162
0.811107  273
0.811353  71
0.811391  242
0.811686  61
0.811691  206
0.811766  208
0.811813  160
0.811841  365
0.811925  225
0.812031  80
0.812157  95
0.812273  292
0.812295  32
0.812367  185
0.812394  244
0.812414  196
0.812441  53
0.812485  223
0.81255  57
0.812629  167
0.812669  306
0.812868  307
0.81287  288
0.812899  113
0.813048  300
0.813072  99
0.813086  101
0.813346  337
0.813373  281
0.813389  331
0.813393  6
0.813462  67
0.813511  377
0.813512  152
0.813607  256
0.813714  332
0.813786  248
0.814178  344
0.814184  293
0.814187  171
0.8142  73
0.81426  5
0.81427  347
0.814358  165
0.814365  351
0.814412  345
0.814589  315
0.814639  128
0.81469  390
0.814716  161
0.814746  230
0.814816  200
0.814836  316
0.814858  135
0.814928  364
0.814973  121
0.815  283
0.815061  276
0.815101  83
0.815106  58
0.815195  76
0.815238  51
0.815437  109
0.81547  309
0.815489  326
0.815511  133
0.815626  233
0.815725  175
0.815825  149
0.816049  380
0.816082  1
0.816084  354
0.816112  94
0.816162  323
0.816209  37
0.816243  387
0.81625  103
0.81635  329
0.816363  338
0.816441  269
0.816516  198
0.816556  166
0.816595  308
0.8166  147
0.816672  181
0.816704  382
0.81671  229
0.816715  16
0.816724  126
0.816807  370
0.816874  36
0.816897  4
0.816906  286
0.816907  172
0.816909  184
0.816927  357
0.816966  132
0.817103  91
0.817175  385
0.817395  44
0.817414  379
0.817465  368
0.81747  56
0.817525  391
0.81753  81
0.817537  157
0.817575  131
0.817644  298
0.817675  62
0.817724  11
0.817738  201
0.81774  134
0.817784  349
0.817814  317
0.817885  294
0.817922  381
0.817995  376
0.818  367
0.818034  197
0.818129  18
0.818145  202
0.818161  0
0.818169  389
0.818184  24
0.818224  384
0.818241  30
0.818269  393
0.818278  336
0.8183  143
0.818344  70
0.818367  334
0.818381  310
0.818387  257
0.818388  360
0.818397  302
0.818557  366
0.818581  235
0.818586  118
0.818608  35
0.818757  383
0.818804  399
0.818856  180
0.818885  178
0.818899  355
0.818904  263
0.81893  396
0.818966  321
0.819073  378
0.819089  154
0.819267  324
0.819439  287
0.819448  259
0.819484  156
0.819655  90
0.819694  339
0.819706  148
0.819707  305
0.819782  327
0.819815  325
0.819819  41
0.81982  107
0.81988  375
0.8199  358
0.81995  272
0.820015  231
0.820109  342
0.820142  217
0.820228  280
0.820313  23
0.820483  388
0.820562  313
0.820577  168
0.820651  343
0.820698  8
0.820731  7
0.820746  130
0.820932  335
0.820944  102
0.821044  186
0.821117  97
0.821131  374
0.821175  319
0.821252  55
0.821322  373
0.821649  64
0.821692  318
0.821754  322
0.821872  138
0.821943  314
0.821986  155
0.822116  312
0.822205  20
0.82233  350
0.822421  303
0.822652  255
0.82274  278
0.822745  320
0.822749  392
0.822764  10
0.822819  27
0.823035  188
0.823072  346
0.82326  40
0.823262  371
0.823489  112
0.823761  115
0.823856  340
0.824042  361
0.824178  311
0.824186  341
0.824801  395
0.824948  169
0.825056  359
0.825105  158
0.825157  45
0.82528  397
0.82546  82
0.825668  372
0.826088  245
0.826107  237
0.826635  356
0.827386  69
0.82773  369
0.827791  251
0.828305  12
0.828361  394
0.828365  348
0.828464  209
0.828534  247
0.828806  243
0.829063  19
0.829552  301
0.829755  238
0.831089  42
0.831218  330
0.833178  362
0.833238  386
0.833242  228
0.83446  241
0.83548  123
0.83712  266
0.838368  349
0.839846  353
0.840771  365
0.843755  33
0.843936  142
0.844314  48
0.845168  363
0.84542  111
0.84671  317
0.847484  297
0.847971  295
0.848626  380
0.849274  218
0.849449  309
0.849596  376
0.849631  136
0.851097  331
0.851763  17
0.852207  398
0.852241  140
0.852671  261
0.852714  125
0.852973  204
0.852996  161
0.853492  389
0.853589  305
0.854078  337
0.854367  146
0.854462  177
0.854921  150
0.855269  105
0.855448  328
0.855483  300
0.85567  224
0.855989  212
0.856457  176
0.856493  277
0.85655  117
0.856781  120
0.856861  39
0.85692  289
0.857038  53
0.8571  63
0.857219  72
0.85774  390
0.858001  165
0.858056  384
0.858125  352
0.858224  391
0.858337  60
0.858428  387
0.858439  315
0.85855  326
0.858781  21
0.858952  374
0.858957  351
0.859308  334
0.859367  73
0.85946  253
0.859559  28
0.859811  14
0.860096  316
0.860117  325
0.860179  344
0.8602  322
0.860368  208
0.860413  46
0.860537  214
0.860552  9
0.860643  377
0.86072  246
0.860742  189
0.860798  299
0.860907  93
0.861183  163
0.86127  231
0.861391  382
0.862002  339
0.862169  336
0.86235  43
0.8624  324
0.862508  320
0.862642  225
0.862701  91
0.862717  24
0.862799  52
0.862956  308
0.86297  323
0.863057  368
0.863117  358
0.863138  29
0.863167  366
0.863185  367
0.863188  49
0.863312  194
0.86344  240
0.863463  307
0.863471  306
0.863491  378
0.863548  66
0.86382  127
0.86407  144
0.864072  343
0.864132  51
0.864169  293
0.864273  304
0.864357  5
0.864598  1
0.864769  333
0.864928  385
0.86498  338
0.865134  381
0.865157  77
0.865339  249
0.865759  275
0.865812  75
0.865857  332
0.865956  327
0.866106  276
0.866243  321
0.866355  357
0.866418  87
0.866506  396
0.866846  279
0.86709  329
0.867264  173
0.867373  302
0.867392  355
0.867462  354
0.867862  373
0.868112  50
0.868405  342
0.868632  183
0.868732  313
0.868891  383
0.868986  159
0.869152  116
0.869177  164
0.869179  191
0.86928  11
0.86938  369
0.869475  18
0.870419  15
0.870504  54
0.870961  147
0.870995  68
0.871351  365
0.871584  200
0.871638  399
0.871869  360
0.871974  345
0.872074  113
0.872395  393
0.872527  133
0.872958  371
0.873369  108
0.873494  370
0.873523  149
0.873612  375
0.874135  185
0.874759  67
0.875123  285
0.875354  347
0.875369  174
0.875546  395
0.875767  346
0.876449  107
0.876636  362
0.876802  341
0.876932  349
0.87707  303
0.877325  356
0.87801  61
0.878076  119
0.878416  264
0.878468  263
0.878784  8
0.878862  331
0.878896  291
0.878967  311
0.879262  179
0.879262  139
0.87947  284
0.880112  57
0.880132  130
0.88022  290
0.880672  100
0.881413  372
0.881862  152
0.882174  250
0.882418  312
0.88288  386
0.883523  394
0.884408  141
0.884589  397
0.88459  236
0.884616  350
0.88468  392
0.884894  262
0.885249  318
0.88543  364
0.885668  301
0.885884  310
0.88678  388
0.887036  376
0.887497  229
0.888272  215
0.88832  129
0.888547  363
0.888945  256
0.888988  359
0.889432  182
0.889549  319
0.889642  348
0.891071  25
0.89143  134
0.892337  232
0.892864  221
0.893  76
0.895569  47
0.895832  335
0.896189  260
0.896465  59
0.896838  389
0.897008  110
0.897272  314
0.897343  226
0.897549  382
0.898577  65
0.898682  203
0.898788  92
0.898788  58
0.898937  344
0.899405  160
0.899839  153
0.900005  34
0.900175  338
0.900894  195
0.900909  171
0.901123  374
0.901253  22
0.901313  115
0.901442  122
0.901461  180
0.901542  38
0.901897  2
0.902086  274
0.902123  352
0.902143  98
0.902173  192
0.902178  398
0.902257  89
0.902266  248
0.902269  317
0.902293  361
0.902402  74
0.902476  181
0.902521  305
0.902791  36
0.902821  132
0.902952  219
0.902979  142
0.902982  340
0.903069  86
0.903109  136
0.903114  228
0.903238  33
0.903349  237
0.903369  330
0.903404  251
0.903484  170
0.903579  239
0.903595  315
0.903769  145
0.903872  114
0.903894  269
0.903915  337
0.903938  94
0.90394  101
0.903943  3
0.903958  97
0.903962  327
0.903981  0
0.90417  193
0.904177  211
0.904321  281
0.904345  205
0.90436  265
0.904378  292
0.904378  4
0.904399  272
0.904513  387
0.904578  334
0.904684  270
0.904879  245
0.904903  106
0.904917  325
0.905009  78
0.905033  213
0.905203  31
0.905257  90
0.90534  370
0.905369  244
0.905372  390
0.905407  19
0.905407  222
0.905529  342
0.905563  64
0.905596  69
0.905633  336
0.905696  316
0.905841  360
0.905851  328
0.905856  13
0.905877  379
0.905909  378
0.905942  396
0.905947  304
0.905977  161
0.905988  320
0.906005  103
0.906057  278
0.906103  202
0.906118  217
0.906135  323
0.90619  324
0.90623  148
0.906255  282
0.906272  380
0.906313  307
0.906331  333
0.906343  357
0.906389  353
0.906503  339
0.906634  385
0.906737  30
0.906742  40
0.906785  377
0.906789  147
0.90692  210
0.907035  137
0.907037  32
0.907124  309
0.907129  365
0.907151  351
0.907159  375
0.907261  238
0.907333  329
0.907465  369
0.90751  242
0.907556  235
0.907628  166
0.907662  367
0.907668  384
0.907669  138
0.907676  7
0.907685  354
0.907752  88
0.907781  176
0.907822  266
0.907851  383
0.907909  259
0.907981  306
0.908012  162
0.908145  395
0.908224  313
0.908268  295
0.908312  252
0.908333  300
0.908456  393
0.908477  80
0.908479  302
0.908562  355
0.908578  165
0.908589  6
0.908648  343
0.908658  326
0.90872  288
0.908811  399
0.908874  358
0.908896  362
0.90908  268
0.909221  207
0.909364  368
0.909493  322
0.909553  366
0.909618  373
0.909666  310
0.909772  321
0.909773  243
0.909941  126
0.909958  173
0.909991  50
0.910021  356
0.910118  345
0.910432  391
0.910592  394
0.910784  350
0.910867  37
0.910961  233
0.91109  267
0.911123  283
0.911166  189
0.911191  254
0.91127  121
0.911384  230
0.91139  48
0.911638  349
0.911891  253
0.912043  312
0.912767  168
0.912844  397
0.914965  308
0.915156  348
0.915322  303
0.915337  347
0.915643  117
0.916907  27
0.916917  392
0.916994  209
0.917027  276
0.917395  335
0.917441  172
0.917445  16
0.918214  319
0.918233  318
0.919231  311
0.920493  187
0.920564  371
0.920983  44
0.921199  338
0.921552  96
0.923  190
0.924159  123
0.924809  17
0.92512  359
0.925366  346
0.925458  11
0.927749  341
0.928264  386
0.93033  388
0.933587  364
0.933979  127
0.938089  314
0.938956  332
0.939583  361
0.940332  258
0.940775  131
0.94079  234
0.940978  389
0.941508  287
0.941646  376
0.941872  229
0.94239  252
0.942525  344
0.942625  84
0.942862  334
0.943119  363
0.943841  110
0.944502  83
0.944719  41
0.945279  317
0.945879  104
0.946416  118
0.946648  81
0.947032  75
0.947083  301
0.947137  151
0.947298  72
0.947334  169
0.947545  116
0.94797  107
0.948017  70
0.948096  73
0.948157  60
0.948326  52
0.948361  257
0.948521  264
0.949067  183
0.949069  35
0.949071  395
0.949143  21
0.949371  124
0.949436  304
0.949483  15
0.94956  277
0.949636  208
0.949713  134
0.949717  365
0.949941  381
0.949955  42
0.949973  325
0.950399  61
0.950477  331
0.950668  353
0.950722  309
0.950769  306
0.950824  93
0.951032  374
0.951132  82
0.951148  184
0.951219  372
0.95132  286
0.951445  197
0.951456  390
0.95152  337
0.951531  216
0.951537  196
0.951678  352
0.951783  18
0.951788  45
0.951913  379
0.951928  396
0.952047  31
0.952306  378
0.952372  24
0.952406  339
0.952443  19
0.952582  95
0.952626  224
0.952813  366
0.952881  58
0.953064  398
0.953066  278
0.953135  193
0.953149  320
0.953169  55
0.953232  135
0.95331  354
0.95343  313
0.953447  200
0.953484  280
0.953518  241
0.953585  316
0.953594  39
0.953628  333
0.953659  310
0.953666  244
0.953679  387
0.953706  188
0.953721  342
0.953724  382
0.953795  324
0.953829  54
0.953834  329
0.953904  111
0.953928  355
0.954303  377
0.954394  330
0.954446  323
0.954477  360
0.954678  186
0.954715  108
0.95492  375
0.954936  133
0.954973  198
0.954982  144
0.954988  315
0.955065  156
0.955145  167
0.955153  109
0.955213  271
0.955226  369
0.955303  97
0.955461  100
0.955481  368
0.955572  201
0.955606  28
0.955946  79
0.955968  214
0.956014  297
0.956061  177
0.956129  303
0.956167  74
0.95646  14
0.956499  94
0.956502  305
0.956568  345
0.956765  311
0.956876  143
0.956962  22
0.957182  289
0.957233  199
0.957325  155
0.957362  327
0.957457  217
0.957497  349
0.957503  380
0.957508  399
0.957623  348
0.957636  89
0.95775  164
0.957796  47
0.958174  294
0.95834  102
0.958391  76
0.958491  51
0.958519  49
0.958587  77
0.958622  171
0.958812  36
0.958825  275
0.958866  245
0.95901  270
0.959021  328
0.959063  302
0.95923  322
0.959256  336
0.959269  384
0.959401  362
0.959653  338
0.959715  0
0.959743  132
0.959757  117
0.959793  85
0.959889  358
0.95992  367
0.959935  212
0.960017  40
0.960038  308
0.96004  99
0.960088  146
0.960132  347
0.960245  335
0.960267  373
0.960295  340
0.96037  285
0.960422  158
0.960485  222
0.960508  87
0.960611  192
0.960633  392
0.960854  147
0.960896  359
0.960942  307
0.961111  23
0.961159  356
0.961174  312
0.961238  385
0.961434  341
0.961618  321
0.961642  211
0.961653  213
0.96192  391
0.962076  159
0.962106  152
0.962116  10
0.962186  48
0.962334  13
0.962379  370
0.962599  361
0.96268  300
0.96276  105
0.962819  145
0.962919  319
0.96299  394
0.96302  388
0.96307  386
0.963104  263
0.963198  20
0.963202  346
0.963257  182
0.963467  66
0.963623  172
0.963823  178
0.963853  179
0.963981  165
0.964108  123
0.964189  64
0.964758  96
0.964767  389
0.964841  260
0.964883  332
0.964909  136
0.965212  317
0.965253  154
0.965356  383
0.965521  351
0.965584  350
0.965725  393
0.965953  228
0.966453  296
0.967286  101
0.967376  287
0.968275  68
0.968343  337
0.968438  314
0.968485  120
0.96863  161
0.968981  343
0.969081  242
0.969132  357
0.969132  195
0.969138  282
0.969159  128
0.969178  2
0.969546  131
0.970339  238
0.970725  273
0.970738  261
0.970755  288
0.970943  221
0.971569  274
0.971742  114
0.971901  8
0.972024  119
0.972212  291
0.972259  371
0.97227  25
0.972507  125
0.973433  180
0.973501  326
0.973973  363
0.974199  259
0.974201  397
0.974458  1
0.974473  33
0.97448  266
0.97453  283
0.974688  318
0.974842  366
0.975008  376
0.976353  381
0.976648  365
0.977086  364
0.977259  157
0.977328  390
0.977515  269
0.977879  395
0.978202  265
0.978314  32
0.978334  355
0.979426  210
0.979974  339
0.98029  354
0.980323  205
0.981039  92
0.981066  331
0.981571  206
0.98224  298
0.982763  342
0.982785  334
0.983486  353
0.983503  358
0.983625  243
0.983845  53
0.983986  5
0.984099  290
0.984233  78
0.984473  352
0.985139  320
0.985242  88
0.985391  106
0.985466  247
0.986034  325
0.986299  377
0.986405  336
0.986669  333
0.987351  399
0.987615  174
0.987652  324
0.987813  368
0.987844  27
0.987852  305
0.988372  67
0.988831  344
0.988849  378
0.990096  345
0.990702  236
0.990891  379
0.991224  335
0.991248  162
0.991303  304
0.991978  284
0.992006  233
0.992977  141
0.993552  360
0.993744  374
0.995456  292
0.995861  349
0.996746  301
0.996901  306
0.997141  181
0.997605  311
0.99761  124
0.997669  97
0.997846  203
0.997893  330
0.998086  7
0.998351  191
0.998521  322
0.999032  231
0.99995  237
