1.69715e-06  91
5.18242e-06  111
1.30537e-05  93
1.65466e-05  113
1.69883e-05  79
1.79149e-05  51
2.20187e-05  139
2.21317e-05  228
2.25741e-05  61
2.52351e-05  151
2.79617e-05  29
2.81836e-05  180
3.59696e-05  123
4.81832e-05  129
5.04438e-05  11
5.4746e-05  43
5.83287e-05  156
5.95508e-05  169
5.95891e-05  143
6.23041e-05  95
6.28379e-05  87
7.77404e-05  196
8.03711e-05  148
8.18448e-05  6
8.43509e-05  259
8.83199e-05  205
9.14259e-05  137
9.24963e-05  193
9.66211e-05  165
9.77405e-05  187
0.000100286  48
0.000101881  83
0.000105984  185
0.000111479  136
0.000114757  159
0.000120485  231
0.000122717  168
0.000123962  220
0.000126024  65
0.000128689  135
0.00013046  216
0.000133346  101
0.000134683  8
0.000135264  96
0.00013931  189
0.000140049  75
0.000141387  27
0.000142447  53
0.000147507  76
0.000148298  235
0.000148405  105
0.00014885  97
0.000151139  52
0.0001584  80
0.000163648  71
0.000164427  164
0.000165972  44
0.000170467  157
0.00017358  100
0.000174656  147
0.00017651  69
0.000177057  229
0.000183519  25
0.000192677  161
0.000197533  191
0.00020097  117
0.000207809  132
0.000208228  176
0.000209839  85
0.00021168  141
0.000211941  128
0.000214384  175
0.000217649  68
0.000218202  73
0.000227193  108
0.000228916  207
0.000230592  88
0.000242224  67
0.00024279  177
0.000245598  184
0.000246805  24
0.000248426  2
0.000251856  221
0.000254375  103
0.000254529  41
0.000262539  188
0.000263108  199
0.000263884  163
0.000265419  257
0.000271941  195
0.000276917  197
0.000279133  183
0.000280535  225
0.000287722  125
0.000302815  49
0.000310023  59
0.000315782  145
0.000316112  57
0.000323804  64
0.000325177  9
0.000332473  204
0.000347179  127
0.000351016  99
0.000351043  84
0.000354523  121
0.00036213  40
0.000363947  224
0.000369206  256
0.000371203  107
0.000376235  173
0.0003846  144
0.000386506  223
0.000392384  133
0.000397303  28
0.000400091  172
0.000401753  72
0.000406903  47
0.000414198  124
0.000418375  233
0.000420742  56
0.00042193  45
0.000431775  120
0.000432085  60
0.000432192  115
0.000445716  140
0.000448056  77
0.00045046  160
0.000458473  192
0.000461178  179
0.000470134  219
0.000476806  55
0.000481805  227
0.000513604  217
0.000524957  63
0.000530039  181
0.00054989  131
0.000574052  171
0.000576492  112
0.000585824  92
0.000602095  116
0.000607334  149
0.00063167  89
0.000645894  167
0.000659778  109
0.000664391  119
0.000743939  81
0.000889389  232
0.000926689  104
0.00142027  31
0.00309345  346
0.00319467  322
0.00324906  283
0.00341047  262
0.0034952  361
0.00351913  337
0.00385861  33
0.00395645  379
0.00398525  373
0.00399504  302
0.0040463  292
0.00404664  385
0.00407666  305
0.00409589  398
0.00413394  312
0.00414015  317
0.00415514  309
0.0041564  370
0.00415657  356
0.0041681  315
0.00417037  215
0.0041757  339
0.0042066  386
0.00424672  247
0.00426937  380
0.00428066  19
0.00428716  38
0.00430938  377
0.00435132  313
0.00439231  330
0.00440046  209
0.00443937  358
0.00444118  336
0.00445144  311
0.00448186  349
0.00453879  301
0.00455722  390
0.004558  396
0.00460258  393
0.00462834  382
0.00463575  333
0.00463749  212
0.0046484  391
0.00465703  384
0.00466243  264
0.00467788  331
0.00470829  327
0.00473342  366
0.00473354  252
0.00475267  372
0.00475465  338
0.0047559  329
0.00476308  154
0.00476624  369
0.00479154  314
0.00480309  310
0.00481023  354
0.00483768  341
0.00484611  399
0.00485758  35
0.00488575  343
0.00489336  389
0.0049038  254
0.00492389  340
0.00496441  376
0.00500622  367
0.0050437  324
0.00505075  353
0.00506673  363
0.00507331  374
0.00511786  334
0.00513565  244
0.00514387  394
0.00514935  32
0.0051532  325
0.00515458  300
0.00518128  345
0.00521601  344
0.00522525  388
0.00525221  263
0.00528726  350
0.00531613  64
0.0053213  352
0.00535147  326
0.00540042  360
0.00552801  359
0.00553078  342
0.0055316  368
0.00557774  37
0.00565765  308
0.00566228  332
0.00574832  365
0.0058454  266
0.00589095  316
0.00590741  362
0.00591455  275
0.00594964  387
0.00598534  320
0.0060757  323
0.00609107  371
0.00625271  351
0.00626439  303
0.00627847  383
0.00629372  392
0.0063319  355
0.00636688  318
0.00641825  297
0.00654145  200
0.0066084  261
0.00661128  279
0.00661728  17
0.00667422  286
0.00671168  347
0.0067358  357
0.00675527  378
0.00677628  375
0.00700649  249
0.00706887  381
0.00714652  395
0.00715269  319
0.00720071  12
0.00723536  307
0.00726244  321
0.00732158  397
0.00735688  304
0.00809876  293
0.00821722  328
0.009269  280
0.00972698  239
0.00976764  213
0.00988972  152
0.0100822  251
0.0106027  21
0.0111848  294
0.0112329  15
0.0119105  306
0.0140387  348
0.0171423  121
0.0200741  5
0.021314  276
0.0233112  284
0.0257869  253
0.0280742  295
0.0281127  335
0.0290078  181
0.0293323  366
0.029389  23
0.029547  180
0.0296467  353
0.0302335  302
0.0303475  240
0.0327287  364
0.034529  337
0.0348701  16
0.0358743  311
0.0371416  398
0.0374013  124
0.037767  386
0.0384036  389
0.0388158  153
0.0393293  243
0.0395098  191
0.0396743  236
0.0398123  241
0.0399964  370
0.0406944  47
0.0407592  177
0.0407983  373
0.0409515  380
0.0411103  343
0.041129  13
0.0416167  31
0.0416585  338
0.0420909  38
0.0422735  0
0.042369  281
0.0423819  390
0.0427836  265
0.0429525  339
0.0430851  361
0.0431806  350
0.0433715  219
0.0433806  117
0.0434882  24
0.0438019  250
0.0439788  197
0.0441415  320
0.0444292  214
0.0446266  363
0.0454625  310
0.045598  27
0.0456828  271
0.0457754  145
0.0458471  193
0.0459097  317
0.0462134  346
0.0463797  268
0.0464698  375
0.0466437  34
0.0466711  369
0.0468201  116
0.046919  322
0.0469407  321
0.0471314  36
0.0471901  345
0.0474699  77
0.0475438  377
0.0476344  385
0.0478473  72
0.0481264  374
0.0481696  344
0.0481756  208
0.0484995  55
0.0486855  278
0.0492825  332
0.0493611  388
0.049407  331
0.049506  87
0.0501813  315
0.0504761  68
0.0506883  314
0.0506917  354
0.0507458  285
0.0507763  167
0.0508427  175
0.0508477  305
0.0510023  300
0.05107  358
0.0510952  330
0.0511956  192
0.0513262  242
0.0514967  360
0.051517  209
0.0517097  248
0.0517621  307
0.0518977  107
0.0521219  291
0.0526627  56
0.052664  326
0.0528833  88
0.0528968  100
0.0529559  140
0.0530804  76
0.0530929  119
0.0531541  308
0.05365  367
0.0537685  341
0.0537706  273
0.0540413  1
0.0540917  18
0.0541877  301
0.0542607  362
0.0544771  395
0.0545707  262
0.0545807  392
0.0548813  340
0.0550462  139
0.0552513  376
0.0555024  164
0.0555601  127
0.0558058  65
0.0561642  112
0.0562665  349
0.056385  394
0.0566839  382
0.05685  313
0.0568685  391
0.0570919  53
0.0573812  237
0.0574061  73
0.0574568  327
0.0575271  323
0.0579314  356
0.0580769  155
0.0581378  223
0.058269  336
0.0589222  333
0.0593277  384
0.0594055  96
0.0595362  19
0.0599951  397
0.0600542  97
0.0609941  84
0.0610831  396
0.0611678  32
0.0613846  368
0.0614018  288
0.061573  318
0.0619565  324
0.0620369  304
0.0627389  270
0.0642715  189
0.0643477  149
0.0646609  41
0.0652916  372
0.0656224  325
0.0657515  329
0.0659215  52
0.0661755  393
0.0663043  159
0.0666601  269
0.0680351  104
0.0687671  309
0.0696902  342
0.0698238  399
0.0708281  216
0.0725412  378
0.072957  28
0.0733334  352
0.0740305  282
0.0742949  383
0.0751479  131
0.0752524  347
0.0753777  387
0.0756052  328
0.0756071  303
0.0772728  4
0.077572  353
0.0778698  71
0.0779812  312
0.0788255  217
0.0788793  319
0.078898  357
0.0790479  22
0.0791678  335
0.0793225  302
0.0802329  311
0.0803611  348
0.0806039  334
0.0809382  379
0.0812444  365
0.0814133  364
0.0820298  203
0.0847028  179
0.0850974  371
0.0860861  374
0.0868156  185
0.0870376  148
0.0876445  294
0.088162  211
0.0883649  143
0.0891938  350
0.0901436  201
0.0908498  359
0.0917481  259
0.0927688  380
0.0930987  157
0.0932966  29
0.0936134  283
0.093853  267
0.0939523  381
0.0940308  277
0.0943239  351
0.0951956  389
0.0959353  121
0.0959739  163
0.0960519  172
0.0960732  263
0.0965817  310
0.0969722  366
0.0969843  337
0.0971885  115
0.0973675  81
0.0976344  20
0.097906  296
0.0979822  105
0.0980053  212
0.098644  207
0.0987246  160
0.0987692  321
0.0988366  360
0.0991412  385
0.099144  108
0.0991721  361
0.0991876  344
0.0994539  35
0.0995641  89
0.100221  370
0.100234  31
0.100278  239
0.100518  343
0.100587  37
0.100638  317
0.100733  316
0.100817  276
0.100869  386
0.100906  375
0.101618  141
0.102391  369
0.102463  346
0.102805  339
0.103459  14
0.103891  314
0.103999  202
0.104652  238
0.104742  197
0.104947  181
0.105086  320
0.105135  355
0.105343  298
0.105357  331
0.105822  85
0.10599  8
0.106015  119
0.106082  290
0.106202  225
0.106346  104
0.106369  324
0.106539  388
0.106686  349
0.106728  306
0.10678  398
0.106816  367
0.106856  45
0.107241  92
0.107664  123
0.107664  397
0.108663  99
0.108945  299
0.109069  244
0.109632  110
0.109765  289
0.110155  390
0.110214  247
0.11025  100
0.110721  224
0.110727  177
0.110732  345
0.1108  315
0.110877  191
0.111552  178
0.111577  80
0.111602  326
0.111829  354
0.111874  188
0.112024  330
0.112029  176
0.112223  376
0.112264  5
0.112418  394
0.112733  171
0.112772  304
0.112846  280
0.113152  287
0.113425  3
0.113696  223
0.114095  373
0.114103  109
0.114481  186
0.114521  323
0.114538  288
0.114591  221
0.11463  69
0.114659  136
0.114731  249
0.114742  229
0.114866  250
0.114944  67
0.11508  153
0.115227  395
0.115455  387
0.115494  199
0.115496  342
0.115514  305
0.115517  303
0.115542  334
0.115699  43
0.115767  6
0.115941  327
0.115955  285
0.115974  382
0.115984  377
0.116013  347
0.116043  245
0.11607  396
0.116082  17
0.116214  329
0.116351  33
0.116464  358
0.116557  365
0.116625  196
0.116671  21
0.116782  7
0.117192  260
0.117266  200
0.117337  273
0.117396  333
0.117401  83
0.117441  255
0.11749  300
0.11755  309
0.117565  319
0.117657  391
0.117856  308
0.118086  77
0.118119  318
0.118543  252
0.118865  378
0.11897  23
0.118988  363
0.119048  164
0.11939  62
0.119935  190
0.120105  332
0.120212  356
0.12039  214
0.120505  393
0.120511  322
0.120544  101
0.120857  368
0.120859  117
0.121574  313
0.121667  65
0.121871  272
0.121916  198
0.121942  362
0.121967  235
0.12207  392
0.122221  316
0.122399  165
0.122415  357
0.122465  265
0.123482  379
0.12361  55
0.123718  312
0.123877  154
0.124006  399
0.124164  348
0.124271  364
0.124346  32
0.124602  233
0.124936  338
0.125114  335
0.125395  87
0.125491  371
0.127094  325
0.127433  343
0.127542  28
0.127798  340
0.128152  261
0.128361  301
0.128588  195
0.128884  302
0.130052  389
0.130165  352
0.13032  124
0.130437  46
0.13046  103
0.130702  350
0.131449  386
0.132476  78
0.133384  337
0.13469  381
0.134945  130
0.137821  292
0.13805  372
0.140307  310
0.14128  97
0.141527  339
0.142067  383
0.142358  307
0.142378  208
0.143078  328
0.143389  398
0.144096  369
0.144167  61
0.144847  95
0.146537  359
0.147424  341
0.147661  380
0.14778  187
0.148754  353
0.150306  210
0.150527  336
0.1509  219
0.151108  384
0.151123  111
0.151362  351
0.151689  51
0.151919  320
0.152237  168
0.152411  15
0.152918  269
0.154173  151
0.154181  216
0.154193  266
0.154769  13
0.154786  156
0.154929  228
0.155416  344
0.155508  53
0.15552  93
0.156271  57
0.156365  268
0.156398  39
0.156501  166
0.156525  326
0.156774  125
0.156784  211
0.156826  120
0.15726  331
0.157373  256
0.15739  107
0.157408  262
0.157523  391
0.157548  279
0.157552  286
0.157986  253
0.158025  56
0.158198  355
0.158376  12
0.158651  284
0.15875  308
0.158773  36
0.158837  215
0.158909  385
0.159055  295
0.159058  121
0.159083  172
0.159142  324
0.159187  360
0.159254  278
0.159296  370
0.159416  206
0.15943  293
0.159431  213
0.159467  241
0.159713  375
0.159779  18
0.15978  323
0.159781  137
0.159935  0
0.159977  220
0.160078  217
0.160079  147
0.160198  132
0.16067  332
0.160704  173
0.160717  98
0.160721  227
0.160761  193
0.16082  73
0.160857  378
0.160867  175
0.160929  330
0.160975  91
0.161003  321
0.161032  254
0.161038  185
0.16104  275
0.161146  119
0.161265  346
0.16136  35
0.161363  361
0.16142  203
0.161436  180
0.161528  297
0.161749  311
0.161893  10
0.161927  374
0.161951  88
0.162018  128
0.162021  131
0.162152  135
0.162166  149
0.162177  183
0.162227  247
0.162257  106
0.162358  114
0.16237  64
0.162427  306
0.16251  19
0.162528  27
0.162549  96
0.162568  3
0.162609  52
0.162715  383
0.162731  382
0.162782  243
0.162816  63
0.162907  396
0.162921  354
0.162953  357
0.16297  350
0.162993  358
0.162994  345
0.163153  245
0.163345  232
0.163726  304
0.163743  251
0.163758  42
0.16377  314
0.163838  313
0.16385  144
0.163972  349
0.164029  366
0.164155  274
0.164347  236
0.164431  368
0.164467  77
0.16453  388
0.164539  207
0.164552  186
0.164814  267
0.164867  394
0.164872  317
0.164934  300
0.164967  259
0.165042  302
0.165051  49
0.165105  319
0.165125  379
0.165189  367
0.165238  143
0.165244  84
0.165424  68
0.165434  334
0.16549  48
0.165618  309
0.165763  16
0.165781  303
0.165918  333
0.165935  237
0.166034  25
0.166049  392
0.166103  41
0.166209  102
0.166476  72
0.166672  318
0.166703  338
0.167031  159
0.167034  343
0.167059  340
0.167075  377
0.167086  32
0.167112  376
0.167137  327
0.167147  20
0.167183  47
0.167261  390
0.167285  329
0.167482  389
0.167487  4
0.167549  362
0.167684  372
0.167688  373
0.16798  37
0.168013  315
0.168137  260
0.168177  182
0.168273  337
0.168289  335
0.168321  348
0.16833  29
0.168359  14
0.168449  192
0.168484  108
0.168502  153
0.168585  264
0.16859  291
0.168593  301
0.168603  393
0.168671  356
0.168744  189
0.168767  322
0.168924  359
0.168965  252
0.168991  305
0.169067  325
0.169133  290
0.169134  395
0.169172  92
0.169217  347
0.16922  60
0.169272  76
0.169484  342
0.169804  271
0.169887  89
0.17002  38
0.170217  250
0.170286  188
0.170373  105
0.170409  181
0.170491  157
0.170577  225
0.171203  341
0.171412  364
0.171548  365
0.171625  310
0.172018  384
0.172198  399
0.172202  240
0.172262  127
0.172322  174
0.172333  312
0.172359  198
0.172413  397
0.172943  369
0.173055  246
0.173073  202
0.17343  328
0.173476  316
0.173659  292
0.173804  59
0.17392  224
0.17394  339
0.17395  235
0.174152  363
0.174302  326
0.174746  352
0.177652  226
0.178983  351
0.179774  1
0.182695  211
0.184536  323
0.184593  336
0.184923  355
0.185535  212
0.187448  101
0.18787  371
0.189237  307
0.189807  165
0.190914  24
0.191288  353
0.193331  133
0.193514  387
0.194693  116
0.195021  331
0.195366  155
0.196152  194
0.196459  324
0.197124  40
0.197528  39
0.197764  70
0.197915  231
0.19804  152
0.198407  9
0.198823  282
0.199211  360
0.199792  204
0.200186  303
0.200353  190
0.200854  58
0.201016  381
0.201061  170
0.201227  321
0.201375  386
0.201562  398
0.202587  306
0.202716  257
0.202761  28
0.203793  158
0.203821  138
0.204134  167
0.204446  319
0.204639  391
0.204776  31
0.204901  94
0.204954  109
0.205156  162
0.205399  119
0.205693  345
0.205698  163
0.20584  160
0.206092  340
0.206439  392
0.206476  23
0.206784  385
0.206851  389
0.206865  373
0.206946  205
0.206987  343
0.207088  367
0.207132  370
0.207202  80
0.207293  77
0.207316  136
0.207625  379
0.208035  121
0.208188  300
0.208261  395
0.208529  291
0.208667  330
0.209007  173
0.209224  255
0.209257  44
0.209385  314
0.209395  126
0.209434  8
0.209444  0
0.209579  354
0.209792  375
0.209818  97
0.209827  66
0.210088  238
0.210139  139
0.210262  120
0.210634  26
0.210649  148
0.210663  242
0.210739  187
0.210791  17
0.210869  234
0.210998  320
0.211038  111
0.211061  128
0.211199  280
0.211231  380
0.211303  274
0.211449  166
0.211461  95
0.211503  50
0.211559  86
0.211606  42
0.21162  134
0.211709  366
0.211732  43
0.211781  25
0.212096  298
0.212123  302
0.212168  383
0.212247  294
0.212249  67
0.212276  388
0.212307  248
0.212311  344
0.212326  336
0.21255  71
0.212591  318
0.212761  209
0.212761  316
0.212804  338
0.212844  308
0.212907  82
0.21293  289
0.213067  350
0.21309  317
0.213132  184
0.213148  197
0.213219  150
0.213373  356
0.213427  154
0.213471  277
0.213562  332
0.213652  183
0.213674  334
0.213781  252
0.213928  276
0.213964  103
0.21419  349
0.214274  327
0.2143  305
0.214426  34
0.214503  339
0.214511  390
0.214542  382
0.21456  384
0.214573  328
0.214656  378
0.214675  309
0.214695  311
0.214734  5
0.214737  254
0.214886  358
0.214952  201
0.215018  261
0.215032  81
0.215177  233
0.215178  368
0.21523  376
0.215434  361
0.21547  216
0.216016  296
0.216042  399
0.216056  90
0.216162  357
0.21619  288
0.21619  333
0.216335  176
0.21663  140
0.216663  362
0.216666  21
0.21675  363
0.216902  46
0.217012  7
0.217189  396
0.217337  312
0.217342  19
0.21752  346
0.217521  342
0.217537  65
0.217641  52
0.217681  3
0.217683  270
0.217686  364
0.217786  237
0.217836  341
0.217893  168
0.217899  115
0.217901  322
0.217998  210
0.218076  161
0.21813  27
0.21821  359
0.218415  179
0.218469  112
0.218775  100
0.218793  393
0.218875  208
0.218947  372
0.219049  297
0.219057  6
0.21928  310
0.219337  10
0.219423  2
0.219463  352
0.219483  117
0.219494  51
0.219554  315
0.219605  307
0.219958  132
0.219971  219
0.220178  45
0.22041  33
0.220469  335
0.220767  96
0.220972  110
0.220993  371
0.221467  191
0.221715  99
0.221924  286
0.222292  262
0.222316  348
0.222432  285
0.222695  124
0.222761  325
0.222934  146
0.223006  92
0.223012  228
0.223281  164
0.223422  30
0.223557  83
0.223581  243
0.223601  365
0.223614  287
0.224021  337
0.224143  232
0.224276  57
0.224556  87
0.224569  304
0.224887  293
0.225013  369
0.225317  15
0.225419  374
0.225436  267
0.225606  229
0.225958  122
0.226026  145
0.226035  397
0.226108  273
0.226234  313
0.226473  272
0.226616  151
0.226638  104
0.227313  175
0.227433  223
0.227675  321
0.227836  326
0.228006  373
0.228079  394
0.228319  386
0.228375  392
0.228535  113
0.228581  258
0.228743  213
0.229388  385
0.229476  107
0.229542  37
0.229848  347
0.229998  355
0.230611  340
0.230834  188
0.230989  299
0.231014  301
0.231052  222
0.231501  75
0.231518  125
0.231589  227
0.231833  330
0.231884  324
0.232129  351
0.232325  114
0.232405  214
0.23247  159
0.232537  284
0.232899  98
0.232913  344
0.23295  398
0.233219  343
0.233548  323
0.233693  331
0.234501  345
0.234583  68
0.234706  22
0.234796  264
0.234802  185
0.235001  383
0.235325  157
0.235385  395
0.235469  387
0.235609  85
0.236312  300
0.236842  178
0.236914  199
0.236936  379
0.237082  156
0.238884  329
0.24022  200
0.240412  202
0.240722  334
0.240978  69
0.241064  377
0.241094  384
0.241336  391
0.241606  375
0.241889  44
0.242186  247
0.242586  358
0.242842  306
0.243169  381
0.243461  263
0.243971  380
0.245251  239
0.245673  49
0.246594  269
0.246835  311
0.246925  370
0.247374  336
0.24739  11
0.248208  12
0.248299  55
0.24838  353
0.248382  212
0.249164  101
0.249479  303
0.249717  147
0.249745  275
0.252119  144
0.25235  312
0.252389  283
0.252592  333
0.252779  130
0.253274  317
0.253593  18
0.25365  32
0.253739  249
0.253964  388
0.253967  360
0.253972  302
0.254506  393
0.254518  123
0.255176  129
0.255448  350
0.255578  310
0.255624  349
0.255858  231
0.256031  95
0.256046  354
0.256707  128
0.256777  153
0.257343  194
0.257573  361
0.257782  91
0.258517  29
0.258567  206
0.259154  339
0.259233  56
0.259305  314
0.259319  8
0.259322  378
0.259411  390
0.259831  26
0.259951  366
0.260213  106
0.260328  319
0.260591  79
0.260635  362
0.260832  38
0.261001  268
0.261264  396
0.26166  368
0.261661  372
0.261699  165
0.261722  20
0.261813  24
0.261823  255
0.262267  342
0.262287  41
0.262359  308
0.262549  315
0.262683  389
0.262764  367
0.262875  62
0.263071  399
0.263146  325
0.263149  133
0.264519  63
0.264633  316
0.265862  266
0.26588  371
0.265908  346
0.26596  374
0.266135  54
0.266231  357
0.266446  288
0.266551  118
0.266964  309
0.267081  13
0.26735  307
0.267494  356
0.267914  16
0.267992  327
0.268191  21
0.268354  320
0.26872  376
0.268908  218
0.26901  28
0.269107  318
0.269306  70
0.269996  359
0.270176  338
0.270562  207
0.270659  136
0.270703  225
0.270818  271
0.271015  59
0.271112  1
0.271384  82
0.271773  364
0.271817  321
0.272774  14
0.272919  127
0.273372  341
0.273562  363
0.273665  167
0.273973  226
0.274049  373
0.274391  47
0.274398  138
0.27454  93
0.274751  184
0.275187  343
0.275223  382
0.275485  88
0.275743  89
0.276156  335
0.276285  256
0.276528  394
0.276782  220
0.276857  328
0.276921  330
0.277079  104
0.277209  143
0.27739  278
0.277419  103
0.277433  351
0.27754  274
0.277654  182
0.277655  253
0.277982  348
0.277987  352
0.278208  174
0.278237  110
0.278436  345
0.278625  377
0.278641  246
0.278736  131
0.279276  290
0.279382  392
0.279529  141
0.279578  42
0.279728  160
0.279739  169
0.279742  331
0.280151  81
0.280196  149
0.280682  332
0.280929  72
0.281092  100
0.281226  304
0.281585  281
0.281871  96
0.281915  347
0.282001  305
0.28213  326
0.28226  334
0.282416  252
0.282496  43
0.282523  148
0.282854  358
0.282901  386
0.283045  39
0.283266  397
0.283407  265
0.283643  251
0.283657  260
0.283734  369
0.283825  270
0.284018  286
0.284119  186
0.284162  344
0.284301  323
0.284901  60
0.285329  189
0.285608  31
0.285772  395
0.285792  398
0.285893  300
0.285977  311
0.286034  74
0.286172  190
0.286496  375
0.286774  90
0.286995  353
0.287086  294
0.287514  337
0.287781  254
0.288025  211
0.288028  51
0.288043  238
0.288094  35
0.288258  80
0.288296  121
0.288331  187
0.28839  180
0.28851  255
0.288521  385
0.288604  235
0.289034  329
0.289207  240
0.289211  388
0.289222  86
0.289248  279
0.28938  336
0.289394  391
0.289516  355
0.28954  116
0.289844  285
0.290077  301
0.290308  303
0.290658  365
0.290817  77
0.29115  261
0.291171  215
0.291275  284
0.291281  383
0.291724  324
0.291777  387
0.291927  150
0.29214  201
0.292213  315
0.292272  241
0.292484  312
0.292743  9
0.292861  340
0.293099  166
0.293198  317
0.293327  350
0.29334  390
0.294096  217
0.294502  146
0.294566  267
0.294769  354
0.294946  333
0.295156  75
0.295663  262
0.295713  381
0.295745  119
0.295895  346
0.296137  313
0.296428  309
0.296442  384
0.2965  170
0.296641  318
0.296693  380
0.296827  310
0.297354  53
0.297577  117
0.297912  302
0.298252  191
0.298367  125
0.298474  210
0.298542  236
0.298906  322
0.299305  122
0.29974  36
0.299859  325
0.299928  361
0.300629  339
0.301285  319
0.301315  349
0.301345  67
0.302149  307
0.302157  356
0.303004  64
0.304455  293
0.304938  33
0.305326  306
0.305577  320
0.305617  52
0.30597  389
0.306249  360
0.306674  327
0.307359  376
0.308384  282
0.309195  399
0.309879  151
0.310394  379
0.31041  109
0.310489  393
0.311463  84
0.311964  171
0.311989  316
0.313095  378
0.314188  374
0.314771  23
0.315048  366
0.316586  363
0.319136  372
0.319208  321
0.319471  19
0.31987  323
0.321472  364
0.321749  193
0.321976  342
0.322031  144
0.323166  154
0.323275  10
0.323435  224
0.323619  373
0.323696  370
0.324304  48
0.324712  395
0.325137  396
0.326735  338
0.327156  6
0.328139  362
0.328233  331
0.328271  89
0.328316  206
0.328596  276
0.328863  34
0.329162  22
0.329283  159
0.329311  173
0.329816  341
0.330404  83
0.330615  328
0.33071  367
0.330777  287
0.330791  102
0.331045  58
0.331097  158
0.331175  359
0.331266  305
0.331335  25
0.33134  197
0.331393  335
0.331662  98
0.331898  181
0.331914  248
0.33256  377
0.332613  137
0.332763  348
0.332767  277
0.333001  209
0.333455  330
0.333546  232
0.333836  314
0.334023  126
0.334033  177
0.334086  230
0.334116  108
0.334259  216
0.334329  156
0.334522  228
0.334545  334
0.334946  128
0.335409  345
0.335554  155
0.335596  355
0.335744  2
0.335775  368
0.336091  87
0.336218  164
0.336375  394
0.33651  192
0.336607  24
0.336716  147
0.336762  115
0.336779  179
0.336864  130
0.336995  313
0.337038  351
0.337185  169
0.337467  94
0.337569  132
0.33773  329
0.337945  32
0.338118  1
0.33826  301
0.338263  383
0.338553  103
0.338792  347
0.338819  283
0.338902  272
0.338971  101
0.339122  258
0.339131  295
0.339227  365
0.339231  163
0.339252  371
0.339255  392
0.339258  325
0.339261  194
0.339306  303
0.339307  20
0.339511  292
0.339516  124
0.339546  350
0.339563  188
0.339595  153
0.339634  172
0.339726  199
0.339732  3
0.339765  288
0.339799  245
0.339842  269
0.339897  18
0.339997  317
0.340445  203
0.340456  183
0.340464  343
0.340538  386
0.340566  375
0.340665  105
0.340724  259
0.340727  390
0.340814  212
0.340815  319
0.340849  7
0.340911  213
0.341062  57
0.341066  391
0.341162  326
0.341763  300
0.341795  196
0.341854  221
0.341857  387
0.341879  388
0.341897  344
0.341919  50
0.341973  332
0.342042  74
0.342058  382
0.342097  133
0.342122  286
0.342129  257
0.34222  310
0.342383  291
0.34242  373
0.342434  225
0.342509  357
0.342514  200
0.342628  398
0.34271  17
0.34273  353
0.342773  72
0.342893  358
0.343037  49
0.34304  78
0.343071  296
0.343128  266
0.343137  354
0.343161  327
0.343184  91
0.343262  308
0.343336  202
0.343339  352
0.343393  186
0.343423  369
0.343611  318
0.343701  304
0.343725  397
0.343823  220
0.343923  129
0.344023  229
0.344062  279
0.344074  337
0.344139  4
0.344142  81
0.344224  299
0.344377  174
0.344425  346
0.344489  63
0.344714  39
0.344873  363
0.344875  8
0.344887  118
0.344981  42
0.345305  312
0.34543  247
0.345463  207
0.345482  333
0.345624  143
0.345757  189
0.345809  320
0.345823  378
0.345828  336
0.346123  62
0.346145  114
0.34622  302
0.346415  361
0.34642  263
0.346575  107
0.346593  175
0.346595  339
0.346596  16
0.346739  322
0.346884  99
0.346896  241
0.346919  140
0.347069  90
0.347148  0
0.34717  176
0.347223  340
0.347386  379
0.347462  280
0.347525  231
0.347679  366
0.347732  380
0.347787  389
0.347816  315
0.347952  243
0.347993  249
0.348129  306
0.348167  136
0.348269  374
0.348389  381
0.348478  297
0.34856  204
0.34862  309
0.348691  195
0.348709  251
0.348757  324
0.348999  66
0.349093  356
0.349096  250
0.34924  36
0.349339  271
0.349373  100
0.349571  242
0.349597  311
0.34968  370
0.349893  349
0.350033  227
0.350048  395
0.350293  28
0.35043  362
0.350483  399
0.350693  372
0.350782  76
0.350924  393
0.351129  307
0.351157  384
0.351158  75
0.351189  267
0.35119  117
0.351342  234
0.351375  185
0.351438  162
0.351595  85
0.351651  233
0.351871  27
0.351894  151
0.352297  331
0.352379  187
0.352511  328
0.352744  215
0.352969  88
0.352974  316
0.353101  82
0.353173  167
0.353289  330
0.353601  149
0.353969  385
0.354097  260
0.35436  305
0.354362  139
0.354751  252
0.354762  224
0.355049  86
0.35605  323
0.356194  376
0.356484  190
0.35664  281
0.356904  96
0.356929  68
0.357034  364
0.357079  396
0.357181  182
0.357343  168
0.35752  298
0.357606  377
0.357731  360
0.357814  341
0.35899  92
0.359882  317
0.360199  46
0.360532  9
0.360611  26
0.361227  135
0.361609  56
0.36165  211
0.361677  289
0.361697  321
0.362366  40
0.362604  303
0.362683  125
0.362945  61
0.363092  55
0.364136  343
0.364516  69
0.365347  14
0.365543  326
0.365563  138
0.36574  112
0.365905  262
0.366226  121
0.366725  282
0.36688  45
0.367221  398
0.367337  359
0.36758  44
0.367706  102
0.367783  73
0.367892  11
0.367926  65
0.367985  43
0.368001  170
0.368684  365
0.368779  275
0.369091  355
0.369655  270
0.369713  325
0.369809  342
0.369996  240
0.370077  238
0.370392  35
0.370646  351
0.370754  335
0.371019  116
0.371068  22
0.371078  264
0.371258  368
0.371286  145
0.37143  348
0.371563  390
0.371612  394
0.371687  120
0.371738  143
0.371818  388
0.371861  87
0.371963  344
0.372253  164
0.372263  345
0.372486  350
0.372859  110
0.373002  310
0.373301  334
0.373464  235
0.373604  338
0.373624  256
0.37364  380
0.373754  197
0.373768  301
0.373959  166
0.37404  315
0.374156  382
0.374193  95
0.374595  313
0.374727  383
0.374756  290
0.375143  5
0.375437  392
0.375822  183
0.376342  356
0.377036  357
0.377053  336
0.377371  318
0.377615  146
0.378035  332
0.378411  363
0.379104  373
0.379836  285
0.380997  85
0.381767  198
0.382773  295
0.384154  51
0.384174  274
0.38536  319
0.385414  354
0.385879  141
0.386073  193
0.386706  273
0.386765  369
0.386797  41
0.38688  184
0.386891  339
0.386913  308
0.387065  304
0.38751  361
0.387616  311
0.387718  372
0.387733  358
0.388066  367
0.390206  386
0.390224  340
0.390465  314
0.390822  142
0.39208  337
0.392084  160
0.392269  21
0.392339  393
0.393151  381
0.393613  371
0.394518  208
0.395732  391
0.395856  30
0.396531  378
0.396847  111
0.396864  397
0.397725  148
0.397754  327
0.397918  6
0.398506  245
0.398583  213
0.398937  366
0.399519  300
0.399574  306
0.399985  134
0.400041  387
0.400171  210
0.400178  83
0.400651  320
0.400844  176
0.401303  379
0.401827  375
0.401981  330
0.402272  399
0.402593  312
0.403104  333
0.403254  324
0.403464  173
0.403469  353
0.403904  24
0.404046  178
0.40405  331
0.404633  131
0.405581  346
0.405639  389
0.406385  370
0.406424  279
0.407195  349
0.40762  322
0.408134  58
0.408786  122
0.408987  96
0.409203  385
0.410642  209
0.411175  309
0.41208  179
0.413072  376
0.413551  7
0.413689  171
0.414178  316
0.414187  259
0.414577  97
0.414841  244
0.415436  218
0.415721  303
0.415724  13
0.415983  317
0.416858  155
0.416898  332
0.417081  216
0.417537  201
0.417552  294
0.417954  374
0.418195  347
0.418321  74
0.419327  33
0.419401  321
0.419489  89
0.419767  359
0.419999  71
0.420314  302
0.420933  40
0.421292  307
0.421315  80
0.421318  48
0.421328  395
0.421915  323
0.42194  225
0.422277  105
0.42235  365
0.422472  362
0.422759  246
0.422944  384
0.423124  59
0.423229  269
0.423253  287
0.423391  257
0.423687  377
0.423745  93
0.423843  329
0.423935  34
0.423941  177
0.424145  266
0.424587  338
0.424633  57
0.424708  268
0.42479  101
0.424818  161
0.425222  79
0.425238  18
0.425285  0
0.42531  301
0.42543  115
0.425553  297
0.425597  130
0.425755  250
0.425778  17
0.426205  214
0.426227  150
0.426351  364
0.426354  219
0.42647  206
0.426571  398
0.426589  328
0.426764  127
0.426841  64
0.427083  344
0.427129  292
0.427159  217
0.427278  77
0.427292  352
0.427327  223
0.427349  133
0.427349  222
0.427359  348
0.427522  114
0.427886  357
0.42801  53
0.428111  190
0.428173  99
0.428185  392
0.428298  167
0.42832  232
0.428342  91
0.42837  119
0.428448  263
0.428511  107
0.428662  326
0.428675  200
0.428683  4
0.428732  204
0.428746  165
0.428788  343
0.428845  202
0.428855  106
0.428888  247
0.428891  187
0.428931  84
0.428931  109
0.429092  390
0.42918  388
0.429181  350
0.429197  68
0.429241  70
0.429355  189
0.429431  258
0.429489  327
0.429498  351
0.429513  113
0.429537  8
0.4296  94
0.429618  38
0.429667  255
0.429715  360
0.429746  98
0.429819  47
0.43002  86
0.430067  380
0.430077  277
0.430107  340
0.430111  145
0.430179  139
0.430188  366
0.430212  254
0.430313  62
0.430327  315
0.430374  124
0.4304  335
0.430461  29
0.430481  221
0.430499  272
0.430512  345
0.430704  382
0.430749  212
0.430776  137
0.430795  153
0.430817  305
0.430872  339
0.430969  304
0.43097  313
0.431065  158
0.43107  129
0.431076  205
0.431093  367
0.431164  324
0.431249  192
0.431267  334
0.431287  325
0.431422  372
0.431453  66
0.431465  72
0.431482  319
0.431577  270
0.431591  375
0.431611  337
0.431647  237
0.431712  311
0.431755  310
0.431779  331
0.431797  117
0.431817  368
0.431883  300
0.431896  260
0.431921  371
0.431931  181
0.431983  78
0.432078  228
0.432227  151
0.432318  183
0.432342  282
0.432421  318
0.432494  157
0.432699  20
0.432804  355
0.432873  92
0.432907  396
0.432937  389
0.432985  278
0.433016  399
0.433154  386
0.433159  383
0.433165  211
0.433204  286
0.433243  194
0.433244  354
0.433282  356
0.433332  56
0.433362  373
0.433374  69
0.433384  100
0.433426  126
0.433431  342
0.433481  162
0.433526  379
0.43357  175
0.433739  73
0.43375  104
0.433795  394
0.433805  336
0.43385  314
0.433941  243
0.433991  267
0.434045  385
0.434172  236
0.434176  144
0.434202  358
0.434311  397
0.434328  289
0.43444  276
0.434508  10
0.434569  149
0.434592  156
0.434633  363
0.43471  265
0.434725  208
0.434739  280
0.434753  341
0.434818  142
0.434865  330
0.435074  238
0.435116  274
0.435132  215
0.435164  203
0.435217  184
0.435373  61
0.43541  174
0.435438  163
0.4355  160
0.435559  370
0.435575  147
0.435626  14
0.435629  87
0.435687  81
0.435775  378
0.435934  2
0.436009  253
0.436066  369
0.436073  306
0.436117  242
0.436205  333
0.436208  391
0.436335  302
0.436387  136
0.436443  381
0.436481  231
0.436564  241
0.436885  3
0.436894  134
0.437067  21
0.437265  120
0.437323  128
0.437388  309
0.437524  308
0.437533  361
0.437582  166
0.438046  312
0.438054  338
0.438364  322
0.438375  173
0.438389  374
0.438528  196
0.438545  185
0.438589  30
0.438768  67
0.438845  45
0.438878  317
0.4389  284
0.439072  384
0.439343  90
0.439388  387
0.439485  332
0.439501  143
0.439692  46
0.440019  348
0.440198  188
0.440228  220
0.440303  323
0.440324  121
0.440333  191
0.440339  249
0.440363  343
0.440536  349
0.440798  27
0.440987  346
0.441078  213
0.441177  321
0.441207  316
0.441217  376
0.441341  159
0.441521  50
0.44162  353
0.441682  40
0.441724  281
0.441758  179
0.442046  123
0.442441  393
0.44268  35
0.443072  85
0.443124  273
0.443258  291
0.443339  303
0.443508  41
0.443682  252
0.443789  19
0.444167  362
0.444419  256
0.444854  320
0.444912  155
0.444979  229
0.445203  382
0.445251  102
0.445511  96
0.446352  304
0.446772  261
0.446803  88
0.447005  186
0.447088  180
0.447779  377
0.448152  23
0.448548  347
0.44864  285
0.448914  206
0.448965  375
0.449514  395
0.449574  55
0.450116  108
0.450324  169
0.450738  299
0.450918  233
0.450939  392
0.45124  319
0.451631  52
0.451884  311
0.452119  357
0.453168  18
0.453642  254
0.45367  340
0.455156  307
0.455543  365
0.455764  326
0.455987  195
0.456323  32
0.456454  49
0.457294  43
0.457617  328
0.458595  383
0.458598  331
0.45892  368
0.459606  398
0.459607  226
0.46003  300
0.460162  98
0.460479  176
0.460888  388
0.461012  339
0.461851  325
0.462378  209
0.463421  245
0.463938  11
0.464633  314
0.46524  351
0.466227  248
0.466553  64
0.46714  115
0.467519  296
0.467833  350
0.46867  370
0.468733  113
0.469196  329
0.470067  140
0.470637  381
0.470684  335
0.470755  360
0.471175  359
0.47121  28
0.471319  37
0.471498  263
0.471544  390
0.471544  110
0.471576  138
0.471799  327
0.471837  7
0.472163  166
0.472269  371
0.472357  366
0.473058  171
0.473265  118
0.473389  141
0.474034  380
0.474074  170
0.474197  352
0.474998  345
0.475212  216
0.4754  177
0.475747  26
0.475863  103
0.476092  199
0.476251  336
0.476434  275
0.476487  15
0.476554  25
0.476562  218
0.476737  330
0.476993  364
0.477049  391
0.477181  264
0.477409  12
0.477682  70
0.478043  288
0.478099  372
0.478159  298
0.478421  135
0.478565  266
0.478708  363
0.478723  114
0.478775  223
0.478853  290
0.478964  301
0.479002  399
0.479173  257
0.479344  44
0.479517  294
0.479554  322
0.479898  333
0.480368  97
0.480414  337
0.480459  201
0.480473  125
0.480478  389
0.480819  109
0.480924  394
0.48096  338
0.480991  367
0.481132  164
0.481326  378
0.481399  160
0.481458  277
0.481711  369
0.481812  342
0.481823  346
0.481892  13
0.481955  178
0.482245  334
0.482301  362
0.482422  305
0.482425  353
0.482565  344
0.48266  324
0.483405  269
0.484042  131
0.48406  374
0.484322  270
0.484788  148
0.485613  357
0.485827  34
0.486335  349
0.486441  377
0.486449  251
0.486809  395
0.487317  306
0.487434  152
0.487483  310
0.487669  392
0.487922  203
0.488864  315
0.488968  68
0.489555  304
0.490603  65
0.490984  320
0.491252  302
0.492157  309
0.492646  308
0.494859  230
0.495168  287
0.495343  340
0.495992  348
0.496187  356
0.498602  323
0.499145  358
0.499895  313
0.500034  361
0.500625  385
0.500875  386
0.501822  162
0.503952  6
0.504086  198
0.504873  227
0.505119  341
0.505402  347
0.505789  61
0.506448  17
0.506619  172
0.506679  75
0.506813  397
0.507117  231
0.507466  379
0.507587  318
0.507647  4
0.507839  383
0.508242  303
0.508393  366
0.50841  244
0.508488  187
0.508785  295
0.509233  283
0.509895  22
0.510336  215
0.510462  351
0.510681  194
0.511234  137
0.511415  210
0.511616  382
0.511625  317
0.511629  63
0.51163  368
0.511828  57
0.511852  272
0.51187  393
0.512003  205
0.512086  46
0.512576  365
0.512685  339
0.513039  292
0.51307  354
0.513698  8
0.513748  66
0.513771  343
0.513949  388
0.513975  280
0.513977  332
0.514229  168
0.514259  154
0.514454  60
0.514626  83
0.51473  293
0.514814  384
0.514852  132
0.514857  307
0.515009  239
0.515077  47
0.515101  110
0.51517  54
0.515287  99
0.515453  396
0.515512  175
0.515654  359
0.515686  188
0.515701  312
0.515783  398
0.515809  311
0.515812  58
0.515959  271
0.515988  62
0.51609  134
0.516165  243
0.516219  316
0.516298  369
0.516336  314
0.516632  39
0.51695  321
0.517121  375
0.517217  5
0.517333  373
0.517396  326
0.517581  158
0.517796  267
0.517937  196
0.518006  119
0.518088  381
0.518209  219
0.518519  328
0.518527  329
0.519114  305
0.519301  297
0.519312  122
0.519313  217
0.519828  250
0.520665  52
0.520863  300
0.521112  387
0.52116  33
0.521645  260
0.52189  16
0.522175  41
0.52231  147
0.522329  221
0.522409  380
0.522675  182
0.522891  391
0.52291  78
0.523226  82
0.523249  355
0.523264  370
0.52335  146
0.523411  19
0.523414  150
0.523436  253
0.52346  183
0.523698  279
0.523752  342
0.523755  207
0.523847  193
0.524172  73
0.524291  153
0.524327  235
0.52455  144
0.52473  319
0.524771  389
0.524778  165
0.524838  371
0.524848  164
0.524851  111
0.524892  331
0.524896  327
0.524936  136
0.525032  180
0.525183  333
0.525202  282
0.525302  353
0.525366  236
0.525482  246
0.525621  222
0.525729  133
0.525732  44
0.525791  112
0.525816  161
0.525932  224
0.525973  159
0.526007  362
0.526009  191
0.526236  167
0.526286  390
0.52633  315
0.526393  363
0.526517  195
0.526535  93
0.526608  350
0.52667  123
0.526715  228
0.526802  105
0.526822  259
0.526918  88
0.527205  48
0.527328  287
0.527341  360
0.527372  12
0.52744  268
0.527579  45
0.527582  130
0.527703  192
0.52784  376
0.527854  160
0.527914  364
0.527947  234
0.527956  84
0.527965  372
0.527982  378
0.527993  95
0.528008  67
0.528023  356
0.528043  367
0.528045  352
0.528214  37
0.528251  1
0.528264  9
0.528323  337
0.528534  229
0.528552  42
0.528555  285
0.528597  345
0.528601  249
0.528699  344
0.528743  330
0.528829  397
0.528882  21
0.528945  36
0.528969  232
0.529009  85
0.529096  304
0.52911  101
0.529111  394
0.529118  301
0.52916  91
0.529175  324
0.529283  20
0.529293  24
0.529307  322
0.529339  348
0.52935  338
0.52955  104
0.529713  320
0.529822  325
0.52984  346
0.529862  335
0.529929  31
0.529935  358
0.530055  334
0.530059  121
0.530065  124
0.53012  241
0.530187  303
0.530204  294
0.530432  90
0.530493  92
0.530507  306
0.530706  340
0.530818  108
0.530876  318
0.530942  59
0.530946  392
0.530987  245
0.531246  317
0.531272  395
0.531342  213
0.531377  310
0.531635  357
0.531639  29
0.531647  163
0.531698  117
0.531969  351
0.532071  139
0.532137  184
0.53217  171
0.532327  40
0.532434  349
0.532617  399
0.532678  143
0.532684  374
0.532723  302
0.532816  2
0.532862  323
0.532917  274
0.532972  393
0.533024  361
0.533048  255
0.533102  149
0.53311  170
0.533443  216
0.533597  366
0.533601  341
0.533776  313
0.533808  107
0.533831  242
0.53387  14
0.533938  3
0.534042  156
0.534324  27
0.53446  186
0.534491  200
0.53465  140
0.53506  354
0.53508  251
0.535165  377
0.535204  336
0.535401  247
0.53571  34
0.535818  214
0.535935  308
0.536057  98
0.536077  379
0.536117  309
0.536233  347
0.536698  316
0.536755  89
0.537231  114
0.537409  278
0.538078  291
0.538589  13
0.538828  202
0.538866  185
0.538889  307
0.538893  53
0.539004  343
0.539375  72
0.539593  329
0.539674  365
0.539854  120
0.539888  396
0.54033  339
0.540885  398
0.540912  76
0.541093  102
0.541553  368
0.542512  187
0.542613  116
0.542709  312
0.542736  197
0.543684  157
0.54369  43
0.543772  281
0.543834  382
0.543942  332
0.544443  201
0.544454  359
0.545002  70
0.545277  328
0.545807  248
0.545849  355
0.546846  305
0.547186  314
0.547684  198
0.548278  373
0.548714  369
0.549864  384
0.551096  375
0.552844  380
0.553321  275
0.555843  326
0.555964  381
0.556283  300
0.556959  301
0.557128  151
0.557191  23
0.561544  74
0.562294  223
0.562392  233
0.562796  50
0.564061  289
0.564414  51
0.565113  32
0.566493  258
0.566879  325
0.566968  145
0.566975  385
0.5673  337
0.567686  219
0.567897  319
0.56839  56
0.568603  240
0.568866  304
0.568976  131
0.569247  321
0.56945  315
0.569757  97
0.570051  362
0.570258  389
0.570794  386
0.570803  6
0.570938  269
0.57108  364
0.571398  148
0.571882  383
0.571971  387
0.572374  345
0.572714  237
0.573084  265
0.573572  86
0.573956  210
0.57446  103
0.574971  272
0.575588  331
0.575608  0
0.575824  338
0.576299  298
0.5766  135
0.576737  100
0.57677  277
0.577043  333
0.577123  254
0.577218  370
0.577269  211
0.57731  106
0.577382  378
0.577541  54
0.577573  266
0.57801  79
0.578038  158
0.578053  324
0.578059  316
0.578133  226
0.578173  397
0.578193  128
0.578277  261
0.578436  199
0.578565  263
0.578596  353
0.57864  137
0.578788  376
0.578825  350
0.578987  126
0.579228  28
0.579329  367
0.579355  302
0.579369  238
0.579455  243
0.579514  360
0.579587  283
0.579669  395
0.579697  344
0.579766  391
0.579814  49
0.57989  96
0.580167  276
0.580335  80
0.580343  152
0.580628  65
0.580837  363
0.580922  234
0.580947  212
0.580961  288
0.581059  173
0.58109  252
0.581116  327
0.581331  296
0.581638  264
0.581677  61
0.581698  396
0.581703  129
0.581834  290
0.58187  311
0.581958  317
0.582008  340
0.582027  308
0.582074  388
0.582076  372
0.58211  356
0.582228  114
0.582396  361
0.58241  181
0.582567  262
0.58259  41
0.582622  7
0.582623  110
0.582636  88
0.582721  8
0.582728  77
0.58276  295
0.582891  342
0.582933  354
0.582935  81
0.582963  144
0.583019  142
0.583049  332
0.583125  270
0.583163  371
0.583226  287
0.583264  94
0.583459  334
0.583476  155
0.5835  310
0.583647  330
0.583668  377
0.583791  35
0.583797  322
0.583833  394
0.58401  63
0.584021  87
0.584283  349
0.584304  280
0.584325  115
0.584332  323
0.584374  359
0.58447  271
0.584476  208
0.584843  162
0.584858  11
0.584982  246
0.585033  99
0.585072  357
0.585092  365
0.585153  57
0.585199  341
0.585228  170
0.585238  346
0.585295  104
0.585357  18
0.585464  297
0.585648  339
0.585735  189
0.585867  366
0.5859  318
0.586012  313
0.586315  303
0.586394  369
0.58644  380
0.586459  309
0.586517  113
0.586563  206
0.58666  169
0.58674  399
0.586973  320
0.587361  393
0.587401  95
0.587405  347
0.587606  286
0.58772  260
0.587797  204
0.58781  306
0.587943  42
0.587977  398
0.588014  40
0.588252  153
0.588259  348
0.588284  301
0.588492  256
0.588554  384
0.588619  213
0.588698  209
0.589147  194
0.589459  292
0.589623  392
0.589636  109
0.589907  336
0.58993  352
0.590468  15
0.590665  60
0.590773  230
0.590931  17
0.590964  279
0.591123  52
0.591144  351
0.591177  3
0.591244  130
0.591761  312
0.591768  117
0.592225  307
0.592237  373
0.592432  165
0.592657  220
0.59286  227
0.593426  343
0.593506  259
0.593516  368
0.593606  196
0.594251  382
0.594387  321
0.594495  25
0.595167  390
0.595196  358
0.596061  375
0.596091  167
0.596165  159
0.596211  215
0.596242  328
0.596247  335
0.596369  70
0.596561  381
0.596968  228
0.597804  232
0.598215  374
0.598288  186
0.598385  305
0.59938  21
0.60002  27
0.600319  385
0.600823  175
0.600925  39
0.602469  89
0.60276  337
0.602772  329
0.603185  101
0.60355  376
0.603554  30
0.603781  44
0.603836  22
0.604893  367
0.607264  379
0.608434  355
0.60844  386
0.609655  300
0.61007  219
0.61056  397
0.611051  33
0.611289  98
0.611303  364
0.611778  26
0.614331  319
0.614387  58
0.614479  366
0.614595  331
0.615228  389
0.615361  154
0.615707  201
0.615797  53
0.615798  345
0.615815  253
0.616005  299
0.616048  46
0.617058  146
0.617077  190
0.617361  323
0.617417  222
0.617695  164
0.617784  64
0.617925  387
0.618087  247
0.618291  314
0.618385  124
0.618557  32
0.618736  73
0.618893  333
0.618996  68
0.619065  304
0.619321  378
0.619395  221
0.619402  242
0.619419  29
0.619513  316
0.620144  338
0.620413  363
0.620544  395
0.620875  326
0.621277  362
0.621552  245
0.621604  372
0.622324  327
0.62244  138
0.622506  308
0.622652  249
0.623216  289
0.623333  125
0.623339  391
0.623545  134
0.623656  197
0.624041  111
0.624821  225
0.625207  132
0.625249  269
0.625334  324
0.625504  171
0.625659  174
0.625681  69
0.625822  126
0.625875  371
0.626107  12
0.626119  149
0.62629  119
0.626362  359
0.626594  383
0.626772  315
0.626925  207
0.62698  224
0.627132  91
0.627249  351
0.627477  110
0.627499  342
0.62752  340
0.627746  311
0.627839  83
0.627848  133
0.627885  136
0.627913  361
0.627998  112
0.628258  285
0.628289  156
0.628343  243
0.62835  293
0.628372  141
0.628509  191
0.628542  177
0.628583  229
0.628738  294
0.628759  223
0.628774  216
0.628786  106
0.628789  127
0.628857  19
0.628945  350
0.628948  241
0.628978  303
0.628996  341
0.629081  192
0.629084  380
0.629099  38
0.629127  75
0.629278  107
0.629391  399
0.629793  47
0.629801  325
0.629819  50
0.629842  143
0.629862  166
0.629902  356
0.629945  92
0.630291  384
0.630343  251
0.630389  37
0.630409  336
0.630418  211
0.630495  330
0.630616  45
0.630669  131
0.630758  185
0.630787  394
0.630955  273
0.630958  176
0.630972  369
0.630972  302
0.630975  62
0.631129  307
0.631236  139
0.631377  85
0.631441  354
0.631533  321
0.631543  310
0.631663  102
0.631738  105
0.631837  266
0.631855  1
0.632026  94
0.632187  365
0.632409  390
0.632451  353
0.6326  306
0.632646  343
0.632694  57
0.632869  236
0.632953  59
0.633027  360
0.63318  214
0.633197  150
0.633205  346
0.633214  10
0.633214  377
0.633241  284
0.633258  328
0.633295  349
0.63332  4
0.633324  379
0.633355  147
0.633359  118
0.633418  370
0.633456  169
0.633471  116
0.633481  31
0.633554  332
0.633678  43
0.63371  162
0.633787  140
0.633816  48
0.633858  36
0.633952  352
0.633971  322
0.633982  122
0.63405  5
0.63409  268
0.634107  6
0.634128  257
0.634148  388
0.634344  71
0.634361  393
0.634496  270
0.634523  355
0.634598  152
0.634609  104
0.634662  195
0.634678  396
0.634699  309
0.63481  337
0.634838  344
0.634857  121
0.634922  74
0.634964  274
0.634968  205
0.635005  313
0.635069  374
0.63509  291
0.635112  123
0.635118  398
0.63522  318
0.63542  16
0.635435  357
0.635479  358
0.635551  375
0.635583  317
0.635634  203
0.635741  262
0.635851  77
0.635856  103
0.635865  84
0.635948  210
0.636059  248
0.636145  320
0.636306  14
0.636447  381
0.636506  239
0.636586  226
0.636727  193
0.636962  368
0.63699  382
0.637009  335
0.637139  296
0.637294  347
0.637343  218
0.637395  198
0.6374  56
0.637645  385
0.638  157
0.638004  160
0.638073  233
0.638091  24
0.638325  21
0.638349  89
0.638412  319
0.63856  345
0.638594  373
0.638643  200
0.638698  392
0.638769  290
0.638819  301
0.638921  23
0.638954  280
0.638975  63
0.638984  145
0.639001  367
0.639146  334
0.639443  315
0.63962  386
0.639677  82
0.63984  286
0.639881  194
0.640341  323
0.640467  120
0.640647  364
0.640675  99
0.640752  312
0.640785  182
0.640961  235
0.641455  326
0.641572  305
0.641616  213
0.641693  362
0.641714  265
0.642486  339
0.642594  34
0.642662  333
0.642796  338
0.642992  383
0.643055  297
0.64311  387
0.643199  153
0.6434  90
0.644075  250
0.644491  183
0.644532  397
0.645054  161
0.645218  212
0.645359  217
0.64609  395
0.647124  271
0.647327  173
0.647405  113
0.647405  329
0.647444  348
0.647456  331
0.647502  399
0.6476  304
0.647686  279
0.647897  187
0.648803  87
0.649837  366
0.650468  179
0.650924  114
0.651606  17
0.652001  389
0.652019  100
0.652373  372
0.654852  148
0.654948  327
0.655105  54
0.655238  314
0.65527  282
0.656226  349
0.656595  363
0.658075  163
0.660592  253
0.66256  209
0.662577  324
0.664145  142
0.664881  79
0.665083  394
0.665278  42
0.665989  129
0.666414  180
0.66644  158
0.667095  384
0.667254  168
0.6673  230
0.667301  70
0.667562  188
0.66777  340
0.668014  378
0.668148  184
0.668716  247
0.669407  365
0.669672  332
0.669853  300
0.670097  267
0.67043  135
0.6706  380
0.671131  151
0.671331  234
0.671374  255
0.671689  101
0.671877  361
0.671879  154
0.672192  276
0.672478  66
0.672643  49
0.672771  102
0.672875  356
0.672912  277
0.673388  256
0.673562  313
0.673647  311
0.673863  236
0.673923  308
0.674106  354
0.674205  172
0.674343  97
0.674455  393
0.674701  350
0.674758  321
0.674867  64
0.674873  351
0.675081  322
0.675178  189
0.675287  368
0.675398  369
0.675523  29
0.675767  58
0.675999  334
0.67601  238
0.676123  278
0.676224  268
0.676322  316
0.676408  381
0.67648  93
0.67666  130
0.676746  358
0.676796  309
0.677004  346
0.67712  13
0.677316  371
0.677451  25
0.677912  355
0.678212  370
0.678227  15
0.67834  242
0.678425  254
0.67869  263
0.679275  60
0.679577  240
0.679686  270
0.679747  244
0.680006  317
0.680978  306
0.681286  374
0.681609  281
0.681769  216
0.682323  310
0.682529  208
0.682726  330
0.682792  198
0.683315  396
0.683428  225
0.683554  221
0.683556  344
0.683634  35
0.683715  341
0.683845  335
0.683867  318
0.683977  9
0.684194  376
0.684378  325
0.684441  39
0.684664  147
0.68469  328
0.684752  243
0.684897  143
0.685078  336
0.685156  302
0.685202  375
0.685449  159
0.685542  360
0.685743  357
0.685935  81
0.686215  16
0.686283  398
0.68645  392
0.686617  345
0.686812  75
0.686896  385
0.686985  377
0.687198  92
0.687203  166
0.687448  248
0.687578  259
0.688  373
0.688075  217
0.688488  320
0.688666  32
0.689045  359
0.689163  343
0.689518  331
0.689522  295
0.689599  337
0.68979  391
0.689935  261
0.689995  382
0.690182  315
0.690235  304
0.69032  246
0.690479  8
0.69084  352
0.690885  388
0.691771  329
0.691786  305
0.692134  27
0.692251  319
0.692534  175
0.692733  222
0.693199  298
0.693437  128
0.694295  223
0.695732  366
0.695887  204
0.695969  1
0.696746  367
0.697161  22
0.697483  228
0.698146  362
0.698649  342
0.699288  349
0.699366  273
0.700013  379
0.700258  399
0.70066  353
0.70359  145
0.703757  199
0.704393  207
0.704754  265
0.705196  389
0.705898  20
0.706432  323
0.706536  239
0.706772  269
0.707277  301
0.708274  324
0.708415  307
0.709211  339
0.710892  153
0.711047  314
0.711265  291
0.71146  252
0.711494  333
0.712749  18
0.713431  56
0.713725  115
0.71398  122
0.714025  98
0.714212  146
0.714487  288
0.714533  300
0.714689  21
0.715333  134
0.715413  283
0.715479  191
0.715514  212
0.715525  33
0.715728  387
0.715747  383
0.715832  363
0.715861  347
0.715997  0
0.716123  83
0.716173  117
0.716574  95
0.716634  397
0.716709  181
0.716737  156
0.716781  170
0.716947  311
0.716993  127
0.717023  139
0.717175  293
0.717313  23
0.717347  361
0.717418  91
0.717497  340
0.717514  2
0.717643  40
0.717748  196
0.717796  100
0.717838  205
0.718042  57
0.718412  30
0.718539  77
0.718592  386
0.718645  11
0.718791  380
0.718842  348
0.718863  365
0.718914  395
0.718968  272
0.718972  257
0.71907  19
0.719186  67
0.719208  124
0.719305  313
0.719316  125
0.719357  48
0.719373  237
0.719389  229
0.719509  55
0.71951  356
0.719543  119
0.71962  364
0.719691  52
0.71972  372
0.71978  309
0.719808  192
0.719832  43
0.719863  294
0.719897  4
0.719901  106
0.720055  249
0.720057  214
0.720077  321
0.720182  378
0.720206  306
0.72024  183
0.720316  322
0.720329  137
0.7204  45
0.720461  303
0.720474  354
0.720485  99
0.720675  90
0.72072  299
0.720741  317
0.720781  227
0.72079  230
0.72081  220
0.720859  62
0.720963  326
0.720982  7
0.721156  357
0.721225  132
0.721305  312
0.721394  394
0.721497  51
0.721535  138
0.721543  264
0.721546  36
0.721582  371
0.721621  351
0.721672  171
0.721708  47
0.721728  276
0.721797  131
0.721834  133
0.721896  176
0.722125  341
0.722199  28
0.722263  287
0.722317  12
0.722347  255
0.722434  24
0.722488  308
0.72255  232
0.722592  289
0.722759  391
0.722839  202
0.72284  342
0.722951  69
0.722953  310
0.722976  160
0.722994  182
0.723061  328
0.723113  369
0.723133  200
0.723157  325
0.72322  59
0.723242  113
0.723245  80
0.72326  88
0.723261  219
0.723377  350
0.723426  136
0.723456  78
0.72346  17
0.723478  376
0.723623  111
0.723738  327
0.723772  150
0.723776  206
0.723822  292
0.723837  226
0.723843  392
0.723886  374
0.723898  16
0.723919  49
0.723984  337
0.724082  149
0.724092  152
0.724136  129
0.724175  373
0.724185  332
0.724193  358
0.7242  155
0.724222  178
0.724227  368
0.724321  256
0.724331  218
0.724345  72
0.724399  385
0.72444  396
0.724507  338
0.72461  41
0.724689  390
0.724707  89
0.724726  359
0.724747  173
0.724812  185
0.72483  142
0.724841  197
0.724885  366
0.724994  381
0.725047  278
0.725098  393
0.725122  335
0.72513  370
0.72518  344
0.725242  31
0.725291  367
0.72533  360
0.725337  53
0.725357  346
0.725407  169
0.725437  352
0.725577  334
0.725584  195
0.725588  87
0.725603  315
0.725626  245
0.725631  194
0.725636  144
0.725762  267
0.725933  203
0.7261  3
0.726198  290
0.726249  187
0.726256  320
0.726288  14
0.726299  274
0.726413  6
0.726502  282
0.72658  302
0.726663  319
0.72673  379
0.726753  382
0.726776  275
0.726941  330
0.726958  316
0.727008  285
0.727075  355
0.727075  104
0.72716  318
0.727273  190
0.727289  174
0.727318  279
0.727449  34
0.727696  112
0.727747  5
0.727967  177
0.728005  329
0.728043  388
0.728089  251
0.728105  384
0.728144  398
0.728271  44
0.728279  163
0.72829  210
0.728309  135
0.728425  377
0.728446  148
0.728476  331
0.728484  305
0.728497  353
0.728561  314
0.728671  102
0.728703  375
0.728759  162
0.728942  284
0.729153  399
0.729266  10
0.729375  93
0.729405  323
0.729405  362
0.729431  307
0.72957  103
0.729708  343
0.729808  105
0.729827  165
0.729923  296
0.730043  70
0.730097  66
0.730156  209
0.730427  158
0.730572  9
0.730597  349
0.730608  345
0.730676  286
0.730806  270
0.730902  54
0.73113  387
0.731145  304
0.731207  108
0.731304  151
0.731533  321
0.731637  243
0.731778  74
0.731849  96
0.731911  324
0.732006  201
0.732037  101
0.732078  161
0.732166  60
0.732307  389
0.732458  109
0.732475  157
0.732951  336
0.73296  300
0.733171  179
0.733215  372
0.733867  82
0.734043  280
0.734238  301
0.734338  339
0.734496  204
0.734773  32
0.734993  354
0.735049  110
0.735058  383
0.735131  26
0.735584  233
0.735594  38
0.735738  231
0.736215  216
0.736365  268
0.736369  254
0.73637  248
0.736378  212
0.736728  260
0.737011  168
0.737252  258
0.737265  141
0.737595  198
0.737704  361
0.737972  189
0.738005  164
0.738195  322
0.738345  365
0.738465  356
0.738978  79
0.739088  23
0.740675  350
0.742625  27
0.742771  215
0.743169  363
0.743249  338
0.743576  107
0.743912  397
0.744585  65
0.744695  83
0.745146  351
0.745324  76
0.745647  253
0.746814  348
0.746829  97
0.74688  371
0.74689  92
0.747212  309
0.74743  332
0.74752  315
0.747754  313
0.748502  369
0.748506  323
0.749204  364
0.749322  352
0.749455  308
0.749554  37
0.750701  121
0.751366  366
0.751853  334
0.751887  333
0.753459  306
0.753737  330
0.753758  355
0.755586  250
0.755643  303
0.756049  180
0.756676  359
0.756797  42
0.756821  341
0.757991  213
0.758017  335
0.758714  358
0.758752  340
0.759357  342
0.761253  11
0.76266  376
0.763189  234
0.763904  13
0.764112  382
0.764661  297
0.765372  310
0.765575  152
0.765599  368
0.76577  277
0.76691  21
0.766939  188
0.767364  380
0.767483  35
0.768469  58
0.768496  259
0.7685  326
0.768643  235
0.769014  64
0.769615  396
0.769799  385
0.770093  320
0.770165  319
0.770187  318
0.770323  43
0.770811  247
0.771236  1
0.771305  386
0.772363  128
0.77283  347
0.773001  127
0.773559  325
0.773662  344
0.77375  398
0.774179  181
0.774538  388
0.775074  327
0.77606  238
0.777966  244
0.778282  146
0.778466  8
0.779224  390
0.779269  223
0.780469  357
0.780729  214
0.780807  391
0.781637  374
0.781815  394
0.781885  302
0.782054  273
0.782136  316
0.782156  324
0.782666  395
0.782797  125
0.782937  294
0.783568  329
0.783702  117
0.783979  126
0.784002  399
0.784017  81
0.784493  129
0.784611  314
0.785178  311
0.7854  339
0.785505  360
0.785628  100
0.786202  145
0.78622  288
0.786602  25
0.786916  372
0.786921  220
0.786922  90
0.787015  184
0.78742  336
0.787559  379
0.787591  317
0.78764  387
0.788006  222
0.788046  143
0.788122  208
0.788169  67
0.788391  392
0.788558  361
0.788649  239
0.788871  349
0.789054  132
0.789722  48
0.790343  353
0.790853  367
0.790875  10
0.791378  373
0.791467  95
0.791867  377
0.792013  312
0.792306  172
0.79231  307
0.792703  348
0.793006  354
0.79315  226
0.794089  323
0.794181  321
0.794191  370
0.794671  346
0.79506  119
0.795291  364
0.795353  57
0.796165  196
0.796258  249
0.79635  101
0.796524  236
0.796805  185
0.797763  2
0.798005  139
0.798047  183
0.798079  50
0.798825  322
0.798986  230
0.799101  337
0.799257  71
0.79952  149
0.79956  272
0.799586  69
0.799592  281
0.799623  381
0.79969  22
0.799761  345
0.799876  341
0.800063  308
0.800218  167
0.800543  27
0.80067  309
0.800684  80
0.800786  389
0.800824  300
0.800843  256
0.801099  330
0.80121  369
0.80133  362
0.801463  113
0.801552  278
0.801723  246
0.802116  266
0.802322  262
0.802429  332
0.802572  315
0.802769  384
0.802951  87
0.803142  225
0.803233  301
0.803378  106
0.803519  351
0.803759  116
0.804019  16
0.804402  56
0.804563  147
0.804616  328
0.804642  378
0.804667  358
0.805023  340
0.805029  371
0.805109  306
0.807033  108
0.80817  224
0.808487  382
0.808527  352
0.808634  356
0.808654  142
0.809452  265
0.809964  123
0.810052  333
0.810154  165
0.810182  261
0.810826  92
0.811017  319
0.811593  343
0.812036  366
0.812149  313
0.812182  269
0.812308  159
0.812515  335
0.812773  388
0.812844  375
0.813032  202
0.813216  385
0.813333  363
0.813855  304
0.813927  252
0.814202  365
0.81427  63
0.814776  199
0.815105  47
0.816233  19
0.816305  46
0.816315  12
0.816505  331
0.816615  338
0.817497  393
0.817606  96
0.817677  84
0.817737  318
0.818036  310
0.818916  207
0.819253  399
0.819629  30
0.819678  350
0.821158  302
0.821609  376
0.821633  153
0.821893  368
0.822272  28
0.82281  9
0.822883  257
0.823365  228
0.823895  396
0.824046  316
0.824456  355
0.82486  91
0.824872  398
0.824936  194
0.825291  324
0.82535  263
0.825494  299
0.826106  271
0.826264  349
0.826479  219
0.826687  154
0.826696  186
0.8269  217
0.82704  383
0.827188  138
0.8273  193
0.827574  163
0.827696  320
0.827721  191
0.8278  305
0.827857  61
0.828331  391
0.828882  140
0.829175  218
0.829509  52
0.829626  359
0.830024  353
0.830036  4
0.830228  317
0.830584  118
0.830605  192
0.830624  130
0.830896  339
0.831139  122
0.831306  133
0.831487  298
0.831558  105
0.83162  115
0.83164  251
0.831681  40
0.831919  386
0.831973  73
0.831983  254
0.832046  243
0.832435  169
0.832504  209
0.832594  232
0.832785  53
0.832902  290
0.833053  314
0.833217  334
0.833221  394
0.833279  55
0.833293  231
0.833295  370
0.83339  327
0.833424  397
0.833481  336
0.8336  104
0.833605  373
0.833627  181
0.833655  197
0.833724  325
0.833763  184
0.833779  60
0.833859  242
0.833861  29
0.833956  175
0.834151  390
0.834316  128
0.834345  41
0.834353  124
0.834369  94
0.834417  311
0.834428  249
0.834539  156
0.834613  326
0.834729  342
0.83475  97
0.834753  357
0.834773  79
0.834785  102
0.83481  187
0.834942  348
0.83498  380
0.834994  280
0.835106  35
0.835179  303
0.835298  360
0.835333  111
0.835351  223
0.835392  323
0.835412  24
0.835506  38
0.83553  283
0.835578  99
0.835605  59
0.835643  264
0.835788  369
0.835814  32
0.835814  161
0.835844  198
0.835922  179
0.835933  395
0.83605  155
0.836107  82
0.836137  234
0.836219  45
0.836239  210
0.836289  31
0.83629  387
0.836335  340
0.836341  44
0.836608  372
0.836613  240
0.836634  205
0.836668  276
0.836706  284
0.836737  77
0.836843  364
0.836928  329
0.83696  34
0.836968  347
0.83711  392
0.837115  196
0.837309  354
0.837374  367
0.8374  65
0.837416  274
0.83764  312
0.83765  233
0.83777  88
0.837925  300
0.837945  58
0.838079  378
0.838149  201
0.838191  227
0.838219  321
0.838247  131
0.838278  259
0.838285  345
0.83834  86
0.838353  3
0.838383  112
0.838525  189
0.838624  85
0.83869  113
0.838812  365
0.838849  200
0.838853  293
0.838977  54
0.839184  307
0.839232  241
0.83924  244
0.839333  379
0.839407  114
0.839481  374
0.839503  68
0.83957  117
0.839601  135
0.839704  15
0.839709  211
0.839777  358
0.839825  361
0.839896  258
0.839898  362
0.839911  341
0.84011  95
0.840149  66
0.840149  36
0.84022  286
0.840257  328
0.840334  89
0.840369  344
0.840395  306
0.840473  150
0.840488  308
0.840553  346
0.840572  297
0.840582  270
0.840659  291
0.840689  356
0.840713  294
0.840974  319
0.84098  335
0.841078  190
0.84114  310
0.841229  285
0.841232  389
0.841252  139
0.841271  120
0.841288  289
0.841339  318
0.841423  253
0.841449  33
0.841457  309
0.841548  313
0.841552  366
0.841571  39
0.841574  381
0.841611  166
0.841614  157
0.841632  87
0.841674  180
0.841701  273
0.841715  212
0.841762  170
0.841899  75
0.841963  100
0.841972  80
0.841983  332
0.842037  343
0.842092  315
0.842097  337
0.842105  107
0.84215  23
0.842305  375
0.842442  129
0.842472  338
0.842544  248
0.842612  204
0.842656  98
0.84275  69
0.842856  371
0.842954  316
0.843037  398
0.843038  368
0.843082  221
0.843176  110
0.843185  237
0.843239  171
0.843258  14
0.84327  350
0.843312  20
0.843338  164
0.843339  322
0.843409  382
0.843416  136
0.843536  393
0.843615  384
0.843683  25
0.84369  81
0.84374  301
0.843966  93
0.844192  225
0.844222  330
0.844248  116
0.844263  383
0.844406  377
0.844605  49
0.844664  127
0.844699  295
0.844722  385
0.844778  245
0.844939  5
0.844968  215
0.845064  70
0.845108  226
0.845411  213
0.845704  363
0.84607  235
0.846263  376
0.846471  331
0.846838  174
0.84712  278
0.847804  314
0.847985  399
0.848243  142
0.848255  62
0.84841  10
0.848504  349
0.848591  352
0.848904  327
0.849204  317
0.849485  102
0.849683  302
0.849917  388
0.85018  109
0.850523  261
0.850659  74
0.850676  353
0.850839  229
0.851453  0
0.851854  92
0.85194  141
0.853253  265
0.85338  367
0.85344  391
0.853515  153
0.85368  84
0.854882  304
0.855024  239
0.855481  389
0.855748  336
0.856474  281
0.856571  312
0.856833  37
0.857169  176
0.858173  334
0.858279  386
0.859199  394
0.859344  396
0.86001  152
0.860776  275
0.861299  223
0.862044  370
0.862264  320
0.862629  333
0.86264  339
0.863028  178
0.864844  255
0.864844  355
0.864887  191
0.865246  351
0.865637  40
0.867105  111
0.867224  56
0.867493  300
0.868151  392
0.868459  340
0.868604  359
0.869781  47
0.871141  357
0.871819  395
0.872756  397
0.873206  52
0.874537  228
0.874909  199
0.875165  7
0.875447  387
0.875639  306
0.876  393
0.876202  342
0.877438  311
0.877825  124
0.879458  309
0.879831  145
0.88005  155
0.880793  11
0.881108  338
0.881968  231
0.882252  269
0.882468  323
0.882857  375
0.883576  324
0.88389  183
0.884994  301
0.885025  158
0.885079  24
0.885415  8
0.886496  325
0.886589  59
0.887914  354
0.889118  361
0.889682  77
0.890465  368
0.890654  147
0.890817  154
0.891008  259
0.891098  119
0.891492  348
0.89154  149
0.891641  381
0.892176  307
0.892895  390
0.893087  1
0.893278  308
0.893385  345
0.893734  358
0.893939  103
0.894546  43
0.895419  18
0.895574  399
0.895645  132
0.895695  298
0.895721  162
0.89611  346
0.896117  218
0.896186  292
0.896264  288
0.896347  66
0.896478  168
0.89651  335
0.896517  83
0.89668  326
0.896932  28
0.896949  332
0.896957  376
0.896975  157
0.897127  363
0.897238  252
0.897279  127
0.897332  195
0.897394  236
0.897498  378
0.897505  250
0.897548  64
0.897557  222
0.897627  274
0.897628  57
0.897694  369
0.897715  373
0.897754  131
0.897778  22
0.89779  366
0.897843  73
0.897876  330
0.897893  151
0.897944  372
0.898003  108
0.898104  35
0.898263  208
0.898346  216
0.898381  362
0.898385  344
0.898423  318
0.898443  341
0.898627  380
0.898748  9
0.898797  209
0.8988  356
0.898812  188
0.898953  51
0.898976  121
0.898986  350
0.899016  317
0.899028  331
0.899051  13
0.89913  248
0.899203  384
0.899267  303
0.899414  313
0.899416  2
0.899525  115
0.8996  328
0.899614  277
0.899661  106
0.899667  365
0.899751  302
0.899759  371
0.8999  266
0.899937  379
0.9  314
0.900161  290
0.900289  165
0.900311  305
0.90036  383
0.900649  271
0.901322  71
0.901433  187
0.901462  214
0.90151  272
0.901614  12
0.901836  315
0.902455  263
0.902702  336
0.902727  349
0.902784  352
0.902808  95
0.903062  101
0.903405  355
0.90359  321
0.904574  177
0.904673  134
0.904785  264
0.905271  107
0.905282  123
0.905313  219
0.905334  232
0.905458  257
0.905741  334
0.905821  333
0.90615  394
0.90616  385
0.906225  347
0.906328  327
0.906493  388
0.906496  319
0.906505  152
0.906544  20
0.906792  396
0.906855  67
0.907161  144
0.907405  36
0.907773  304
0.907801  6
0.907861  377
0.907983  343
0.908071  309
0.908306  167
0.908307  114
0.908409  364
0.908673  360
0.909262  53
0.909435  310
0.909557  46
0.909662  282
0.909672  382
0.909837  322
0.91032  76
0.91056  217
0.910845  391
0.910971  179
0.911126  32
0.911407  251
0.911517  312
0.911642  238
0.911887  284
0.911985  374
0.912215  337
0.912266  316
0.912462  392
0.912561  205
0.912732  340
0.913286  72
0.913436  50
0.913446  375
0.913523  254
0.913592  370
0.914227  244
0.914488  329
0.914699  339
0.914724  89
0.914951  19
0.915129  139
0.915573  206
0.915742  398
0.916218  138
0.916318  367
0.916333  75
0.916724  170
0.917063  220
0.917513  45
0.917732  300
0.917994  186
0.918051  184
0.918392  268
0.918662  82
0.918922  353
0.91923  342
0.919274  348
0.919368  113
0.919545  29
0.920066  245
0.920451  135
0.920985  247
0.921629  320
0.921729  359
0.922106  306
0.922793  88
0.923022  26
0.923184  368
0.924209  323
0.924314  260
0.924493  148
0.924535  291
0.924804  166
0.924945  194
0.925043  357
0.925662  14
0.92568  358
0.925845  387
0.926181  386
0.926546  253
0.926549  338
0.926745  224
0.927244  190
0.927813  395
0.92786  230
0.927914  325
0.928192  146
0.928203  5
0.928677  397
0.92943  98
0.929447  389
0.930009  197
0.930594  21
0.930743  27
0.930811  393
0.930846  7
0.930922  4
0.930978  287
0.931236  156
0.931668  233
0.931813  273
0.932097  96
0.932698  185
0.932915  78
0.932986  203
0.933022  261
0.933071  351
0.933796  315
0.933874  350
0.934133  354
0.934159  160
0.934225  240
0.934756  283
0.934833  301
0.935517  303
0.93552  237
0.935689  289
0.935751  3
0.935779  126
0.935794  221
0.93654  100
0.936549  328
0.936564  42
0.936758  81
0.93695  31
0.937042  180
0.937153  173
0.937394  242
0.93751  361
0.937532  85
0.93762  311
0.937709  120
0.937916  356
0.938295  369
0.938336  97
0.938588  90
0.938873  388
0.938952  280
0.938958  175
0.938964  112
0.939039  293
0.939356  196
0.93938  302
0.939393  226
0.939574  150
0.939692  271
0.939865  390
0.939931  172
0.939937  366
0.940055  102
0.940055  80
0.940271  275
0.94028  44
0.940283  128
0.940292  58
0.940317  381
0.940409  345
0.94041  324
0.940424  326
0.940439  343
0.94045  363
0.940454  65
0.940634  321
0.940644  243
0.940728  262
0.940731  380
0.940752  399
0.940774  307
0.941003  223
0.94107  318
0.941138  92
0.941243  91
0.94137  61
0.941393  333
0.941397  40
0.941401  47
0.941404  204
0.941589  344
0.941854  133
0.94186  281
0.941898  117
0.941944  181
0.941946  174
0.942005  169
0.942015  55
0.942129  331
0.942136  341
0.942162  79
0.942298  347
0.942325  337
0.942338  23
0.942351  378
0.942517  332
0.942641  322
0.942703  69
0.942717  137
0.942982  239
0.943056  13
0.943112  210
0.943309  375
0.943319  330
0.943394  335
0.943447  362
0.943456  364
0.943472  159
0.943532  163
0.94359  229
0.94361  309
0.943947  313
0.944342  140
0.944403  371
0.944447  376
0.944924  108
0.944946  176
0.945055  384
0.945269  391
0.945301  319
0.945392  373
0.945431  305
0.945432  16
0.945457  38
0.945513  383
0.945951  168
0.946062  360
0.946106  398
0.946142  308
0.946355  10
0.946403  201
0.946776  279
0.946828  48
0.946966  258
0.946982  314
0.947226  199
0.947316  63
0.947535  346
0.947601  143
0.947603  286
0.947612  235
0.947644  339
0.947727  188
0.947872  379
0.947941  118
0.948423  164
0.948587  372
0.948715  317
0.949244  334
0.949444  30
0.949454  234
0.949512  365
0.949549  394
0.949609  355
0.949615  374
0.949687  385
0.950015  250
0.950243  75
0.950259  316
0.950581  312
0.950979  377
0.951126  327
0.951277  340
0.951329  130
0.951694  310
0.951752  304
0.951879  127
0.952269  357
0.953416  17
0.953649  336
0.953745  83
0.954381  51
0.954783  186
0.955187  292
0.955469  49
0.955659  353
0.956253  396
0.956566  358
0.956701  370
0.956937  147
0.957108  200
0.957121  195
0.95735  349
0.95755  359
0.958817  320
0.959391  24
0.959805  306
0.960307  300
0.961811  274
0.963101  37
0.964208  105
0.965321  122
0.966736  119
0.967513  39
0.968537  342
0.968853  179
0.968904  348
0.969006  329
0.96966  94
0.969836  66
0.970164  228
0.970272  191
0.970604  171
0.971827  285
0.971844  367
0.97258  315
0.972984  352
0.97309  129
0.973245  259
0.973337  182
0.973551  328
0.974541  296
0.974662  249
0.974765  395
0.974924  324
0.974984  260
0.975049  198
0.975151  152
0.975469  354
0.975833  12
0.975929  362
0.975945  392
0.976064  56
0.976103  110
0.976836  368
0.97686  157
0.97697  107
0.977596  104
0.977685  325
0.977688  295
0.978094  103
0.978366  330
0.978648  382
0.978661  33
0.978692  323
0.9792  233
0.979239  73
0.98038  209
0.980563  213
0.98075  193
0.980818  301
0.980982  161
0.981001  35
0.981053  381
0.981152  155
0.981733  248
0.981754  333
0.981833  349
0.981881  134
0.981948  132
0.982221  387
0.982449  15
0.982551  386
0.982744  269
0.982795  356
0.983029  350
0.98304  205
0.98307  222
0.983187  267
0.98324  307
0.983554  331
0.98372  338
0.98385  8
0.983981  202
0.984174  64
0.984444  139
0.984547  399
0.984902  271
0.985276  389
0.985342  254
0.985349  363
0.985373  95
0.985386  165
0.985446  298
0.986005  308
0.986216  111
0.986251  36
0.986297  371
0.986535  276
0.986727  21
0.986743  238
0.98694  252
0.986957  376
0.986979  397
0.987007  57
0.987023  337
0.987086  68
0.987165  385
0.987214  313
0.987265  326
0.98729  211
0.98739  194
0.987469  124
0.987504  216
0.987552  225
0.987612  364
0.987773  167
0.987938  322
0.987949  67
0.987976  302
0.988041  232
0.988064  60
0.988075  87
0.988088  314
0.988111  335
0.988164  345
0.988451  380
0.988458  361
0.988502  207
0.988561  344
0.988614  343
0.98875  277
0.988774  366
0.989075  303
0.989121  27
0.989145  365
0.989173  288
0.989407  351
0.989583  197
0.989614  256
0.989747  332
0.989837  341
0.990118  212
0.990194  318
0.990885  390
0.991202  9
0.991335  218
0.991367  355
0.991421  309
0.992234  74
0.992297  379
0.992455  54
0.992462  396
0.992601  219
0.992658  13
0.992705  196
0.992739  220
0.992792  106
0.992888  62
0.992911  348
0.992942  158
0.99309  32
0.993138  321
0.99319  370
0.993301  172
0.993403  86
0.993481  176
0.993503  160
0.993591  291
0.993656  378
0.993716  373
0.993727  369
0.993849  310
0.993902  305
0.994087  388
0.994238  0
0.994386  346
0.99473  101
0.995017  306
0.995029  282
0.995132  151
0.995296  393
0.995604  241
0.995612  398
0.995811  236
0.995868  243
0.995897  153
0.995939  270
0.996228  22
0.996408  327
0.99644  316
0.996546  360
0.997166  317
0.997655  144
0.997861  41
0.998088  242
0.998174  46
0.998214  70
0.998351  358
0.998442  340
0.998522  336
0.998575  353
0.998646  300
0.998695  131
0.998934  319
0.999021  320
0.999167  304
0.9994  384
0.999522  347
0.999585  329
0.999887  391
0.999969  383
