5.09279e-07  185
1.28502e-06  220
1.84088e-06  68
3.92825e-06  45
1.38382e-05  103
1.82689e-05  164
2.3723e-05  51
2.57106e-05  259
4.36107e-05  31
4.63497e-05  219
4.79597e-05  137
5.22671e-05  184
5.31142e-05  228
5.82934e-05  83
5.90373e-05  40
6.16074e-05  171
8.20514e-05  197
8.28509e-05  141
8.45398e-05  107
8.462e-05  96
8.6184e-05  180
8.68357e-05  75
9.22266e-05  172
9.61479e-05  173
9.88403e-05  257
9.91573e-05  256
9.91673e-05  181
0.000106257  139
0.000114868  67
0.000116695  157
0.000118195  149
0.000118239  95
0.000123971  59
0.00013209  136
0.000133741  177
0.000136017  217
0.000136768  189
0.000139959  231
0.000142833  91
0.000154072  47
0.00015851  120
0.000161  151
0.000161506  43
0.000161847  44
0.000162111  140
0.000162609  84
0.000168756  99
0.000169058  188
0.000173463  160
0.000182734  55
0.000183924  29
0.000187102  64
0.000189225  60
0.000193337  125
0.000196383  25
0.000200474  100
0.000204441  80
0.000207397  133
0.00020819  81
0.000213471  196
0.000217462  113
0.000217535  227
0.000223306  199
0.000225141  207
0.000225568  121
0.000230223  232
0.000233784  128
0.00023414  205
0.000237804  109
0.000242489  97
0.00024258  235
0.000246587  119
0.000247391  156
0.000247722  112
0.000248953  87
0.000251668  115
0.00025188  9
0.000253056  48
0.00025836  161
0.000265623  224
0.000266285  8
0.0002728  77
0.000274231  88
0.000277586  192
0.000283135  233
0.000286274  159
0.000288449  76
0.000291052  111
0.000293434  27
0.000303572  165
0.000305098  85
0.00030626  116
0.000310196  71
0.000314436  147
0.000322315  191
0.000322652  144
0.000324533  168
0.000325295  127
0.000331829  148
0.000336261  11
0.000337847  41
0.000338123  117
0.000340463  221
0.000342315  124
0.000343802  57
0.000347097  105
0.000353362  216
0.000355033  129
0.000359321  49
0.000359349  187
0.000362468  108
0.000362977  53
0.00036808  169
0.000368892  225
0.000380327  135
0.000383318  132
0.000386472  79
0.000390166  195
0.000399293  56
0.000400355  167
0.000409297  52
0.000452776  72
0.000461498  229
0.000461606  131
0.000469467  176
0.000480816  28
0.000480876  223
0.000497523  183
0.000500591  179
0.000509908  24
0.000528876  123
0.000529785  92
0.000537275  104
0.000559694  163
0.00058959  69
0.000606148  61
0.000614905  89
0.00064489  63
0.0006675  143
0.000669703  93
0.000718897  73
0.000740157  175
0.000747776  65
0.000761533  101
0.000764977  204
0.00077485  193
0.00101659  145
0.00248707  212
0.00312018  267
0.00341307  340
0.00349299  313
0.0035745  319
0.00358723  266
0.00363594  320
0.00373831  262
0.00376514  371
0.00384269  381
0.00384718  324
0.00387339  349
0.00391573  356
0.00396126  387
0.0039782  317
0.00398713  315
0.00403652  383
0.00404356  369
0.00405712  335
0.00406822  336
0.00408613  19
0.00409271  364
0.00410487  361
0.00412532  331
0.00415171  341
0.00422924  392
0.00425022  213
0.004277  322
0.0042777  300
0.00428232  348
0.00429266  378
0.00432008  327
0.00432059  312
0.00443159  350
0.00443344  382
0.00444429  357
0.00445952  363
0.00449672  391
0.00450061  302
0.00452875  318
0.00456411  304
0.00461676  325
0.00462358  279
0.00463081  323
0.00466422  355
0.00466889  34
0.00475478  353
0.00476335  314
0.00476792  337
0.00476843  367
0.00480205  339
0.0048087  345
0.00483968  394
0.00485075  310
0.00494764  299
0.00494974  393
0.00495695  373
0.0049575  301
0.00498889  396
0.00499613  385
0.00500278  389
0.00502935  384
0.00509404  376
0.00512032  36
0.00516067  6
0.00517072  362
0.00517375  397
0.0051838  273
0.00518853  370
0.00525498  343
0.00529236  354
0.00533351  359
0.00535219  263
0.00536522  321
0.00538807  316
0.00539019  338
0.00539437  351
0.00540141  398
0.00547152  352
0.00556848  253
0.00564736  374
0.005651  3
0.00571622  347
0.00584947  308
0.00585343  330
0.00591423  311
0.00592667  329
0.00594341  309
0.00595103  346
0.00601919  342
0.00604606  372
0.00604761  35
0.00609226  328
0.00622567  200
0.00625915  333
0.00628198  332
0.00641192  285
0.00644126  326
0.00645855  365
0.00648838  292
0.00655995  264
0.00663734  366
0.0066594  216
0.00677503  13
0.00683749  375
0.00697318  23
0.00703871  93
0.00710987  303
0.00717534  358
0.0072845  211
0.00759408  360
0.00768479  32
0.00777281  380
0.0078805  386
0.00826156  240
0.00830457  0
0.00832808  368
0.00834782  305
0.00835711  17
0.00855304  239
0.0088567  16
0.00930949  271
0.00974035  5
0.010019  291
0.0100687  395
0.0102524  306
0.0104888  14
0.0107709  260
0.0112419  334
0.0113397  377
0.0131428  1
0.0138192  275
0.0138302  38
0.0147849  399
0.0162768  388
0.0199813  307
0.0225825  280
0.0226039  390
0.0248683  379
0.0317076  337
0.0320093  397
0.0329595  69
0.0354652  243
0.0369309  319
0.0387951  357
0.039359  361
0.0397332  254
0.0398775  274
0.0402256  290
0.0406199  344
0.0408579  341
0.0415078  154
0.0416257  246
0.0417711  179
0.0421938  324
0.042284  364
0.0422932  127
0.04334  382
0.0434471  317
0.0437599  391
0.0437877  312
0.0453858  255
0.0455334  315
0.0460271  349
0.0461603  85
0.0463644  393
0.0464955  284
0.0469165  383
0.0472526  123
0.0476003  76
0.0480573  79
0.0480901  296
0.0487546  276
0.0490595  363
0.0493004  108
0.0493142  325
0.0498307  320
0.0501684  12
0.0506155  289
0.050619  300
0.0506965  4
0.0516415  202
0.0516852  80
0.052067  394
0.0524918  215
0.0525623  71
0.0532114  310
0.0538444  367
0.0545867  385
0.0546681  197
0.0547311  149
0.0548923  220
0.0549028  56
0.0549292  270
0.055022  338
0.0552659  231
0.055877  249
0.0559787  257
0.0561151  195
0.0561517  313
0.0563637  252
0.0567884  398
0.0568648  380
0.0572613  73
0.057425  336
0.0574478  334
0.0576603  346
0.0579033  136
0.0579172  301
0.0580509  353
0.0580533  159
0.0581866  286
0.0581952  293
0.0582193  389
0.0584513  214
0.0585388  384
0.058614  131
0.0586164  318
0.058643  125
0.0587046  248
0.0588969  20
0.0589115  358
0.0589124  387
0.0589174  210
0.0589824  88
0.059062  323
0.0591908  87
0.0593382  288
0.0594042  330
0.0594208  332
0.0597488  22
0.05975  335
0.0598212  345
0.0598787  203
0.0600228  381
0.0600319  124
0.0602407  377
0.0602892  340
0.0603444  327
0.0605946  169
0.0606285  308
0.0606868  309
0.0607415  348
0.0607432  369
0.0611595  283
0.0612166  256
0.0614105  314
0.0615513  304
0.0616004  294
0.0618032  155
0.0619024  359
0.0620533  311
0.0621707  29
0.0622529  371
0.0623337  305
0.0625144  117
0.0630614  81
0.0634297  281
0.0634545  208
0.0635463  303
0.0635485  356
0.0637534  135
0.0637969  277
0.0638369  375
0.0639921  65
0.0640235  19
0.0640847  342
0.0641537  333
0.0646469  8
0.0654302  366
0.0654708  236
0.0655355  376
0.0658029  370
0.0662463  392
0.0666161  37
0.0667369  328
0.066994  175
0.0671571  297
0.0678883  316
0.0692495  395
0.0693554  251
0.0695627  36
0.0697761  144
0.0701389  343
0.0705571  269
0.0712087  225
0.0712196  201
0.0713641  355
0.0714358  351
0.0727437  378
0.0729368  101
0.0733535  372
0.0734456  184
0.0735219  339
0.0737702  396
0.074205  262
0.0744941  41
0.0748318  223
0.0752748  250
0.0754299  189
0.0760657  352
0.076153  347
0.0764638  399
0.0772103  362
0.0774234  161
0.0780885  331
0.078173  207
0.078341  265
0.0784426  261
0.07933  321
0.0796111  95
0.0796523  47
0.0798756  48
0.079908  391
0.0805282  15
0.0808923  397
0.0816573  368
0.0824186  390
0.0833783  322
0.0838828  374
0.0839161  354
0.0847161  176
0.0849756  306
0.0850291  350
0.08677  329
0.0869233  299
0.0872376  326
0.0876615  75
0.0886997  235
0.0906714  388
0.0917271  6
0.0917388  341
0.092537  180
0.0935538  14
0.0937436  373
0.0937644  360
0.0938958  379
0.0939489  386
0.0946936  89
0.094888  365
0.0954124  320
0.096242  337
0.0974039  143
0.0976153  5
0.0977419  57
0.0977776  363
0.0984998  9
0.0991687  319
0.100015  307
0.100685  153
0.100697  242
0.100968  382
0.101424  132
0.10151  282
0.101706  245
0.101984  302
0.102171  152
0.102469  380
0.102682  357
0.102876  145
0.103033  33
0.103739  349
0.103974  238
0.104658  107
0.10489  315
0.105263  300
0.105311  310
0.105352  272
0.105356  353
0.105439  2
0.105659  383
0.105701  51
0.10604  361
0.106332  268
0.106403  97
0.10647  324
0.106554  17
0.106677  113
0.107168  13
0.107185  387
0.107453  1
0.107537  237
0.1078  105
0.107833  359
0.107845  239
0.107876  325
0.10798  25
0.108193  156
0.108215  312
0.108227  364
0.10832  53
0.108858  244
0.108867  301
0.108964  148
0.109079  229
0.109389  93
0.109437  160
0.109441  163
0.109568  185
0.109817  172
0.110049  346
0.110248  327
0.110486  39
0.110567  336
0.110631  45
0.110759  344
0.110883  313
0.110926  295
0.111014  34
0.111027  309
0.111031  27
0.111112  334
0.111176  136
0.111592  264
0.111789  342
0.111863  284
0.112066  317
0.112265  120
0.112637  398
0.113275  23
0.113459  330
0.113634  278
0.11381  385
0.11383  394
0.11402  115
0.114111  358
0.114362  369
0.114426  305
0.11456  167
0.114796  32
0.115258  338
0.115379  377
0.115644  67
0.115661  332
0.116152  304
0.116441  395
0.116471  328
0.117081  127
0.117338  333
0.11824  366
0.11841  11
0.118787  150
0.118905  371
0.118977  286
0.119674  151
0.120213  133
0.120262  331
0.120651  123
0.120818  183
0.120899  352
0.120918  345
0.121153  389
0.121235  308
0.121314  275
0.121463  316
0.121781  323
0.122892  367
0.123024  303
0.12324  95
0.123284  21
0.123982  210
0.12422  393
0.124363  392
0.124475  396
0.124887  83
0.125241  322
0.125622  397
0.127006  199
0.127006  340
0.128701  356
0.128802  348
0.129027  205
0.129106  181
0.130707  347
0.130771  378
0.131323  253
0.132831  391
0.134416  399
0.134869  311
0.136396  321
0.137906  7
0.137948  319
0.138847  221
0.138892  211
0.139807  0
0.140096  372
0.14039  370
0.140662  85
0.141246  379
0.141661  373
0.142053  141
0.142228  350
0.142265  326
0.14305  329
0.143685  77
0.143785  386
0.144607  168
0.144817  383
0.144933  375
0.145616  384
0.145877  259
0.146675  318
0.146878  249
0.147234  337
0.147743  360
0.147891  44
0.149049  351
0.149648  362
0.150175  279
0.150333  355
0.150577  106
0.150608  64
0.152591  376
0.152925  368
0.153687  312
0.154158  92
0.154408  129
0.154577  108
0.154906  339
0.155011  24
0.156176  72
0.157018  359
0.158  131
0.158227  223
0.158449  196
0.158563  226
0.158678  390
0.158749  374
0.158784  66
0.159507  18
0.159511  81
0.159587  171
0.159633  260
0.159824  289
0.159915  55
0.15995  204
0.160619  291
0.160788  8
0.16108  300
0.161248  164
0.161282  209
0.161542  302
0.161817  314
0.16199  166
0.162063  387
0.162121  354
0.162157  307
0.162323  343
0.162534  365
0.162549  254
0.162552  250
0.162572  195
0.162602  62
0.162676  103
0.162681  10
0.162721  31
0.162772  29
0.163107  285
0.163149  186
0.163253  109
0.163307  69
0.163318  341
0.163541  61
0.163629  298
0.163719  19
0.163893  288
0.163971  357
0.164023  99
0.164114  147
0.164127  15
0.164133  269
0.164463  273
0.164618  94
0.164635  271
0.164703  3
0.16474  381
0.16485  102
0.164865  349
0.164989  175
0.165081  320
0.165104  58
0.165116  104
0.165171  41
0.165226  46
0.165244  212
0.165276  192
0.165357  335
0.165369  169
0.165423  79
0.165443  208
0.165475  353
0.165523  71
0.165544  248
0.165637  122
0.165646  398
0.16566  101
0.165734  80
0.16581  231
0.165811  308
0.165822  154
0.165844  225
0.165844  111
0.165936  310
0.165962  280
0.165963  324
0.166039  219
0.166088  112
0.166098  361
0.166135  327
0.166147  297
0.166165  220
0.166261  274
0.166299  198
0.166358  114
0.166397  187
0.166428  309
0.166436  388
0.166441  155
0.166442  316
0.166472  364
0.166486  201
0.166551  134
0.166555  263
0.166586  266
0.166684  262
0.166756  301
0.166771  49
0.166786  76
0.166807  369
0.166838  235
0.16689  140
0.166951  371
0.166981  363
0.167115  34
0.167117  197
0.167176  70
0.167178  277
0.167198  144
0.16721  86
0.167247  88
0.16726  394
0.167392  132
0.167609  261
0.167641  52
0.167678  322
0.167857  137
0.167916  136
0.167972  203
0.168018  323
0.168047  247
0.168056  173
0.168083  121
0.168087  194
0.168112  305
0.168133  382
0.168198  100
0.168217  56
0.168225  43
0.168323  385
0.168382  82
0.168384  366
0.168405  331
0.168434  392
0.168532  389
0.168586  338
0.168628  317
0.168723  399
0.168753  227
0.16877  330
0.168849  236
0.168859  306
0.168867  73
0.168867  257
0.168892  214
0.168899  315
0.168932  344
0.168934  342
0.168937  380
0.168952  13
0.169013  328
0.169037  245
0.169052  391
0.169092  182
0.169097  356
0.16916  379
0.169191  345
0.169329  179
0.169458  239
0.169477  332
0.169533  205
0.169564  378
0.169648  37
0.169677  296
0.169705  139
0.16975  91
0.169858  51
0.169868  165
0.1699  346
0.169942  38
0.169995  347
0.170066  312
0.170136  1
0.170252  318
0.170283  373
0.170291  358
0.170404  325
0.170434  177
0.170474  397
0.170475  241
0.170563  200
0.170591  74
0.170593  372
0.170603  367
0.170648  180
0.170658  59
0.17066  370
0.170705  238
0.170712  124
0.170852  243
0.170883  110
0.171036  246
0.171117  313
0.171128  350
0.171138  107
0.171197  293
0.17123  377
0.171242  395
0.171273  303
0.171287  57
0.171358  255
0.171496  299
0.171509  304
0.171515  375
0.171519  321
0.171547  210
0.171654  383
0.171674  384
0.171734  355
0.17186  336
0.171946  340
0.171965  42
0.171966  24
0.17207  65
0.172154  28
0.172237  329
0.172288  232
0.172328  95
0.172424  393
0.172553  396
0.172661  319
0.17288  351
0.17293  11
0.172934  143
0.173075  135
0.173447  352
0.173472  213
0.173482  90
0.173688  207
0.173717  390
0.173731  162
0.173768  68
0.173808  290
0.173844  188
0.173918  193
0.173929  84
0.174044  333
0.174418  150
0.174536  348
0.174757  281
0.175083  362
0.175578  359
0.175707  89
0.17587  160
0.175912  267
0.176566  158
0.176601  9
0.176984  116
0.17699  264
0.177029  240
0.177371  60
0.177447  117
0.17757  368
0.177658  360
0.177713  334
0.177717  339
0.177753  276
0.17795  21
0.178398  272
0.178487  215
0.178546  159
0.179151  53
0.179633  256
0.179831  386
0.179999  343
0.180185  311
0.180277  337
0.180574  167
0.180636  83
0.180735  105
0.181062  326
0.181083  310
0.181175  229
0.18247  183
0.182929  164
0.183277  156
0.184079  142
0.184261  314
0.184273  48
0.184725  323
0.185424  365
0.186148  286
0.186471  270
0.187138  278
0.18725  111
0.187333  47
0.187554  118
0.188239  322
0.189249  374
0.189515  387
0.189621  377
0.190256  78
0.190322  63
0.190339  5
0.190615  127
0.191129  309
0.192055  252
0.192622  392
0.192649  341
0.192995  153
0.193568  275
0.193631  356
0.193856  122
0.193956  115
0.194176  233
0.194189  331
0.194323  228
0.194511  313
0.194613  23
0.19467  284
0.194783  399
0.194923  364
0.195382  249
0.195388  332
0.195452  138
0.195568  97
0.195796  353
0.195963  317
0.196513  113
0.197044  170
0.197138  218
0.197142  302
0.197643  363
0.19794  308
0.198114  35
0.198136  2
0.198139  319
0.198282  388
0.198465  17
0.199426  234
0.199523  30
0.19982  389
0.200013  301
0.200033  119
0.200574  396
0.200763  307
0.20105  361
0.201214  36
0.201301  50
0.201497  397
0.202474  67
0.202667  191
0.203023  54
0.203565  176
0.204058  394
0.204327  385
0.204604  186
0.20483  106
0.204853  221
0.205005  280
0.205114  8
0.205157  126
0.205373  14
0.205533  22
0.205587  87
0.205593  148
0.205609  26
0.205635  20
0.205703  345
0.205866  349
0.206205  378
0.206262  145
0.206314  190
0.206401  133
0.206609  80
0.206619  4
0.206911  320
0.206914  338
0.206936  312
0.206995  121
0.207107  333
0.207481  172
0.207523  128
0.207689  318
0.207987  171
0.208115  398
0.20826  371
0.208646  120
0.208907  37
0.209019  315
0.209168  328
0.209385  324
0.209399  327
0.209537  304
0.209609  325
0.209635  376
0.209815  395
0.209922  300
0.20995  219
0.210524  92
0.210629  330
0.210631  6
0.210644  355
0.21068  351
0.211232  340
0.211271  381
0.211439  279
0.211589  366
0.211804  230
0.212666  306
0.21345  391
0.213455  152
0.213794  383
0.214072  382
0.214842  369
0.215112  181
0.215211  357
0.215731  29
0.216305  375
0.216579  72
0.216768  367
0.216984  354
0.217107  149
0.217131  151
0.217288  344
0.21731  163
0.217991  123
0.21805  335
0.218767  19
0.218955  139
0.219554  305
0.219724  265
0.219865  346
0.219918  350
0.221397  384
0.221743  206
0.222375  201
0.222811  77
0.223503  358
0.22453  339
0.224716  184
0.225097  372
0.226902  258
0.226943  362
0.228288  262
0.228352  316
0.228374  329
0.228824  240
0.229087  359
0.229175  66
0.230238  365
0.230604  337
0.230781  390
0.230895  379
0.233019  231
0.233149  61
0.233321  15
0.233534  198
0.23378  194
0.235185  393
0.235229  174
0.235414  157
0.235604  155
0.235644  101
0.236302  253
0.237411  161
0.237755  373
0.237857  34
0.238006  313
0.238289  336
0.238495  370
0.23875  12
0.239213  310
0.24019  348
0.240487  347
0.240654  352
0.240749  323
0.240876  259
0.241039  143
0.241828  3
0.241903  282
0.2425  289
0.243011  332
0.243322  45
0.243447  178
0.243525  254
0.24389  166
0.243916  55
0.244242  309
0.244362  321
0.245225  169
0.245279  246
0.245279  217
0.245659  342
0.245691  334
0.245702  326
0.245819  298
0.245856  86
0.246009  17
0.246055  199
0.246189  129
0.246237  377
0.24631  396
0.246352  159
0.246569  380
0.246637  263
0.24665  368
0.246743  287
0.246748  195
0.246825  226
0.247031  386
0.24727  322
0.247497  247
0.247525  81
0.247579  349
0.247597  208
0.247625  361
0.247638  192
0.247782  237
0.247914  144
0.247955  58
0.248131  33
0.248218  38
0.248264  397
0.248376  57
0.248389  180
0.24839  353
0.248537  317
0.248675  102
0.248724  185
0.248761  27
0.248806  341
0.248915  1
0.249315  260
0.249388  141
0.249404  200
0.249503  108
0.249573  394
0.249591  304
0.249618  398
0.249637  392
0.249643  376
0.249807  302
0.249822  375
0.249895  62
0.249922  283
0.250072  241
0.250251  371
0.250282  183
0.250287  162
0.250454  96
0.250574  110
0.250656  330
0.250816  319
0.251034  94
0.251158  175
0.251161  338
0.251286  301
0.251387  331
0.251609  16
0.251787  293
0.252019  113
0.252042  256
0.252074  189
0.252148  399
0.252155  366
0.252432  73
0.252468  299
0.252508  288
0.252583  300
0.25295  378
0.25297  387
0.253015  351
0.253022  356
0.253118  70
0.253264  234
0.25328  306
0.253585  235
0.25363  374
0.253788  130
0.253825  59
0.253956  340
0.254074  225
0.254189  250
0.254419  345
0.254551  50
0.254638  242
0.254822  136
0.25488  343
0.254949  291
0.254949  328
0.254968  115
0.254987  0
0.255073  154
0.255218  379
0.255237  290
0.255321  21
0.255508  305
0.255527  39
0.255597  344
0.255609  212
0.255647  372
0.255719  146
0.255769  333
0.255896  303
0.255942  320
0.255982  211
0.256007  308
0.256034  391
0.256037  182
0.256147  369
0.25617  311
0.256192  84
0.256275  85
0.256364  8
0.25643  56
0.256585  251
0.256708  324
0.256733  350
0.256791  18
0.256855  318
0.256989  316
0.257166  360
0.257187  268
0.257192  292
0.257282  325
0.257338  104
0.257525  358
0.257835  248
0.257904  269
0.25812  395
0.258191  315
0.258229  32
0.2586  312
0.258672  93
0.258679  179
0.259413  205
0.25963  335
0.259661  357
0.259716  214
0.259762  52
0.259808  363
0.260054  364
0.260077  381
0.26043  236
0.260813  207
0.260816  294
0.260863  249
0.260872  13
0.260964  6
0.261421  79
0.261471  383
0.261611  354
0.261619  373
0.261695  276
0.261784  314
0.262087  47
0.262096  165
0.262285  78
0.26234  388
0.262719  384
0.26276  297
0.262859  100
0.263021  109
0.26303  172
0.263066  307
0.26313  118
0.26372  365
0.26391  284
0.263998  35
0.264032  209
0.264251  233
0.264888  348
0.264946  238
0.2652  337
0.265483  367
0.265759  355
0.266569  390
0.266602  262
0.266919  28
0.267464  20
0.267564  339
0.267657  329
0.268081  149
0.268202  145
0.268349  193
0.269414  362
0.270537  24
0.271145  173
0.271883  191
0.272008  359
0.272156  361
0.272246  347
0.272342  370
0.273342  150
0.273424  160
0.273531  352
0.274326  89
0.27454  274
0.274762  132
0.275597  218
0.275624  382
0.276132  313
0.276357  277
0.276587  385
0.276999  202
0.277944  22
0.277957  29
0.278117  341
0.2789  134
0.279237  148
0.279437  380
0.279466  123
0.279724  396
0.280055  206
0.280589  310
0.282309  309
0.282463  267
0.283328  117
0.283569  393
0.284236  171
0.284384  387
0.28474  255
0.285066  336
0.285179  353
0.285534  304
0.285907  378
0.286331  147
0.287074  389
0.287097  321
0.288185  328
0.288636  64
0.288824  127
0.288826  95
0.28915  344
0.289166  346
0.289325  140
0.289879  34
0.291943  324
0.292329  63
0.292474  105
0.292504  391
0.292616  318
0.292763  157
0.293236  301
0.293532  398
0.293674  216
0.293691  71
0.293969  342
0.294213  116
0.294296  399
0.294338  83
0.294451  273
0.294608  48
0.295131  270
0.295281  77
0.29543  375
0.295471  107
0.295565  278
0.295747  76
0.295902  68
0.295946  239
0.295969  282
0.296392  327
0.296817  82
0.29711  322
0.297209  128
0.297383  74
0.297639  266
0.297872  88
0.297986  349
0.298138  397
0.298171  386
0.298172  315
0.298178  326
0.298457  201
0.298519  308
0.298792  377
0.298899  256
0.298905  332
0.298955  36
0.299033  319
0.299055  338
0.29915  87
0.299366  243
0.299368  305
0.299496  394
0.299806  194
0.299865  37
0.299982  80
0.300067  275
0.300121  51
0.300421  356
0.30086  331
0.300923  303
0.300982  111
0.300984  69
0.301571  210
0.301696  360
0.30172  317
0.301869  323
0.302015  320
0.302261  333
0.302715  220
0.30276  229
0.302843  366
0.303274  351
0.303376  350
0.303549  376
0.303907  395
0.303979  224
0.305248  363
0.305286  306
0.305434  133
0.305443  369
0.306057  334
0.306336  154
0.306355  176
0.30676  383
0.306907  311
0.306994  354
0.307459  14
0.308529  373
0.309254  371
0.309886  307
0.309887  217
0.310106  340
0.310666  38
0.310866  56
0.312616  330
0.313114  135
0.313477  120
0.313947  185
0.314361  92
0.314686  357
0.314942  312
0.314987  67
0.316086  97
0.316923  337
0.317805  302
0.317806  361
0.3179  339
0.318618  365
0.319473  30
0.3203  41
0.320628  314
0.320829  396
0.320839  114
0.321467  379
0.321791  300
0.321838  359
0.322121  252
0.324078  325
0.324921  2
0.325102  295
0.325454  390
0.325547  227
0.325559  257
0.326083  381
0.326122  183
0.326229  364
0.326297  313
0.326391  355
0.326402  253
0.326483  132
0.327223  168
0.327491  380
0.327721  372
0.327915  75
0.328699  348
0.328985  195
0.329189  180
0.329257  299
0.329724  119
0.329854  240
0.330456  343
0.330496  316
0.330566  352
0.330568  301
0.330578  294
0.33084  139
0.331257  60
0.331562  392
0.331796  341
0.331867  324
0.332137  142
0.332336  329
0.332408  309
0.332734  53
0.332786  175
0.333504  367
0.333529  46
0.333556  4
0.333594  215
0.333821  368
0.333907  393
0.334509  388
0.334787  335
0.335225  304
0.335511  321
0.335517  103
0.335964  163
0.336044  174
0.336438  85
0.336619  384
0.337893  336
0.337978  23
0.338116  131
0.338311  184
0.33912  382
0.339256  190
0.339741  286
0.339763  112
0.339763  129
0.340103  370
0.340135  386
0.340323  385
0.340417  166
0.340749  20
0.340845  310
0.341053  374
0.341094  222
0.341113  387
0.341305  347
0.341744  362
0.3418  161
0.341869  21
0.342126  281
0.342197  170
0.343189  308
0.343249  50
0.343318  297
0.343493  223
0.343811  228
0.343922  271
0.34394  237
0.344102  198
0.344277  169
0.34436  398
0.344674  137
0.344715  66
0.344735  377
0.345032  292
0.34507  144
0.345269  199
0.345335  322
0.345397  12
0.345779  345
0.345807  389
0.345833  318
0.345882  65
0.345895  346
0.345993  162
0.346031  315
0.346328  328
0.346335  155
0.34639  164
0.346423  208
0.346954  255
0.346967  42
0.347435  116
0.347458  101
0.347691  204
0.347954  61
0.348119  349
0.348208  152
0.348335  125
0.348368  353
0.348373  0
0.348497  333
0.3488  371
0.348847  15
0.348854  358
0.349152  342
0.349171  334
0.349179  378
0.349381  13
0.34941  124
0.349427  113
0.349591  138
0.349737  395
0.349857  242
0.349956  394
0.350034  366
0.350044  110
0.350141  22
0.350334  231
0.350416  306
0.350631  323
0.350694  363
0.350757  93
0.350757  115
0.350784  136
0.351026  399
0.351087  186
0.351154  320
0.351217  39
0.351222  203
0.351417  98
0.351546  179
0.351563  326
0.351669  172
0.351906  397
0.351932  287
0.351956  373
0.352038  285
0.352043  25
0.352073  181
0.352073  296
0.352153  214
0.352177  391
0.352184  361
0.352271  99
0.352391  279
0.3525  94
0.352562  123
0.352707  49
0.352732  191
0.352791  280
0.352818  327
0.352824  45
0.352843  360
0.353013  40
0.353483  376
0.353535  375
0.353826  151
0.353893  63
0.35391  219
0.35392  265
0.353926  288
0.353982  331
0.35401  153
0.35402  187
0.354196  332
0.354305  247
0.354325  90
0.354367  10
0.354434  216
0.354444  316
0.35468  283
0.354682  209
0.354841  312
0.355221  78
0.355233  344
0.355475  330
0.355513  44
0.355519  213
0.355522  396
0.355662  305
0.355728  365
0.355954  350
0.356034  232
0.356097  359
0.356122  239
0.356127  7
0.356131  68
0.356148  260
0.356412  3
0.356528  121
0.356553  167
0.356634  207
0.356672  28
0.35684  31
0.356885  43
0.356894  319
0.356911  339
0.35694  303
0.356945  83
0.356958  381
0.356961  245
0.357154  354
0.357355  149
0.357474  369
0.357524  70
0.35761  338
0.357841  383
0.358094  183
0.358128  272
0.358175  226
0.358276  372
0.358358  122
0.358474  251
0.358564  357
0.358647  202
0.358689  146
0.358928  106
0.35894  147
0.359074  26
0.359206  388
0.359333  205
0.359453  325
0.35949  8
0.359512  17
0.359712  300
0.359931  324
0.360006  261
0.360011  341
0.36012  317
0.360289  291
0.360364  194
0.36047  182
0.360624  246
0.360768  380
0.360798  307
0.360801  311
0.360851  80
0.360883  197
0.361101  356
0.361122  234
0.361236  97
0.361265  266
0.36134  337
0.361466  379
0.361567  284
0.361747  117
0.362003  301
0.362153  225
0.362244  352
0.36235  390
0.362487  130
0.36261  302
0.362985  74
0.363158  348
0.3632  244
0.363559  368
0.363675  86
0.363707  178
0.363873  111
0.363879  321
0.363897  340
0.364168  336
0.364849  393
0.365323  238
0.365425  108
0.366133  328
0.366184  355
0.366369  343
0.36707  254
0.367542  52
0.367623  314
0.368158  249
0.369627  192
0.369975  335
0.37013  118
0.37025  364
0.370303  100
0.370656  57
0.37072  367
0.370881  126
0.371144  189
0.371593  358
0.372948  370
0.373003  308
0.37312  89
0.373687  273
0.373871  208
0.374448  263
0.374464  235
0.374958  392
0.375231  318
0.375266  282
0.375612  306
0.376286  159
0.376348  241
0.376349  134
0.376409  323
0.376828  386
0.376924  196
0.377067  102
0.377302  347
0.377623  374
0.378257  309
0.378788  54
0.379097  257
0.379435  148
0.379645  11
0.379897  304
0.380109  378
0.380183  104
0.380254  384
0.380469  333
0.380924  221
0.380957  133
0.381149  250
0.381196  349
0.381267  351
0.381403  274
0.381497  387
0.382555  377
0.382913  114
0.383663  276
0.385615  201
0.385633  150
0.38574  313
0.386131  334
0.386178  398
0.386376  362
0.38646  33
0.386864  95
0.387627  21
0.388302  396
0.389514  277
0.389643  1
0.389714  193
0.390211  332
0.390506  188
0.39124  373
0.39161  173
0.391971  264
0.392251  397
0.392708  376
0.392754  346
0.392884  46
0.393082  360
0.393269  294
0.393583  37
0.393616  350
0.394161  13
0.394575  129
0.394972  290
0.395103  23
0.39542  69
0.395538  322
0.39583  107
0.39587  9
0.396037  2
0.396075  143
0.39641  14
0.396482  329
0.396736  6
0.396974  342
0.397312  47
0.397442  382
0.397494  371
0.397564  165
0.397581  77
0.397618  38
0.397826  140
0.397901  287
0.398074  391
0.398185  375
0.39869  215
0.398763  243
0.399219  399
0.399392  327
0.399466  132
0.399542  61
0.399605  141
0.399657  32
0.399669  320
0.399992  353
0.399995  319
0.400013  19
0.400144  339
0.400175  217
0.400597  357
0.400653  286
0.400731  59
0.40075  185
0.400869  344
0.401001  331
0.401064  0
0.401213  324
0.401416  127
0.401746  218
0.401787  137
0.401844  336
0.401897  340
0.401962  365
0.401979  224
0.402127  385
0.402453  136
0.402627  105
0.402729  204
0.402733  310
0.40283  73
0.402834  366
0.403042  174
0.403095  345
0.40327  389
0.403358  326
0.403493  293
0.403569  96
0.403903  301
0.403911  316
0.403917  236
0.404013  395
0.404322  158
0.404374  270
0.404541  311
0.404544  5
0.404602  305
0.404858  39
0.404883  206
0.405527  240
0.405669  199
0.405732  306
0.405897  381
0.405937  81
0.406274  388
0.406323  64
0.406436  356
0.406492  372
0.406562  115
0.406602  233
0.406692  205
0.406787  131
0.406861  227
0.406896  175
0.407284  266
0.407397  352
0.407434  338
0.407477  315
0.407536  394
0.407823  302
0.407917  182
0.408239  63
0.408544  30
0.408658  369
0.408922  176
0.409094  248
0.409152  278
0.409211  337
0.409268  303
0.409348  262
0.409449  341
0.409588  162
0.410062  393
0.410156  27
0.410221  87
0.410273  170
0.410361  343
0.410514  119
0.410621  354
0.410851  312
0.41131  383
0.411385  309
0.411786  101
0.41182  325
0.412128  380
0.412436  361
0.4126  390
0.412695  323
0.412777  348
0.412862  242
0.412946  300
0.413045  328
0.413802  211
0.414107  378
0.414704  60
0.414983  330
0.415354  304
0.415764  108
0.415906  103
0.416416  351
0.416569  295
0.416907  314
0.416974  307
0.416987  216
0.41742  66
0.418011  355
0.418431  229
0.418564  386
0.419467  317
0.421455  298
0.421737  368
0.425232  292
0.425739  371
0.425873  252
0.426222  334
0.427172  363
0.429105  347
0.429441  256
0.429498  384
0.431799  255
0.43235  308
0.432847  367
0.432906  349
0.432986  82
0.433342  267
0.433792  163
0.433916  271
0.434325  67
0.434537  116
0.434704  154
0.435474  180
0.435584  359
0.435611  398
0.436023  51
0.436301  142
0.436408  231
0.436616  15
0.436672  228
0.436926  166
0.437528  128
0.437631  396
0.437759  364
0.437785  297
0.437936  377
0.438014  164
0.438298  379
0.438305  44
0.438819  269
0.438891  358
0.43933  65
0.439403  120
0.439851  17
0.440076  84
0.440211  392
0.44037  333
0.440629  370
0.440763  373
0.441142  102
0.441191  16
0.441313  321
0.441572  346
0.441601  189
0.441613  146
0.441632  93
0.441654  237
0.441703  376
0.441859  18
0.441888  335
0.442096  391
0.442392  222
0.4428  171
0.442831  210
0.443062  251
0.443229  332
0.443471  190
0.443481  382
0.443488  41
0.443745  112
0.444056  45
0.444133  10
0.444208  318
0.444223  362
0.444234  374
0.4444  380
0.444599  31
0.444694  356
0.445077  167
0.445106  212
0.445214  284
0.44538  29
0.445397  135
0.445502  194
0.44551  357
0.445572  327
0.445644  138
0.44571  94
0.446179  207
0.446218  62
0.446226  375
0.446299  99
0.446413  324
0.446476  113
0.446501  186
0.446651  187
0.44675  177
0.446851  148
0.446904  214
0.446919  365
0.446939  320
0.446946  350
0.447115  34
0.447185  354
0.447194  340
0.447288  366
0.447299  348
0.447568  196
0.447633  219
0.447655  397
0.447666  387
0.448023  79
0.448025  260
0.448089  338
0.448133  125
0.448158  253
0.44828  275
0.448287  134
0.44861  52
0.448738  331
0.448758  234
0.448993  339
0.449041  86
0.449198  90
0.449322  168
0.449325  122
0.449551  322
0.449673  283
0.449964  197
0.45003  202
0.450086  381
0.450256  263
0.450313  191
0.450413  353
0.450428  109
0.450664  389
0.450741  56
0.450982  319
0.451281  183
0.451685  53
0.451696  313
0.45172  71
0.451906  316
0.452004  388
0.452019  55
0.452118  169
0.452133  301
0.452281  393
0.452438  345
0.452505  329
0.452553  309
0.452599  344
0.452747  46
0.452922  395
0.452967  258
0.453028  341
0.453496  312
0.454028  4
0.454422  58
0.454698  306
0.454913  181
0.455028  280
0.455377  361
0.455472  311
0.455577  305
0.455614  399
0.456457  372
0.456879  213
0.45772  351
0.457743  315
0.458118  383
0.458208  294
0.458336  104
0.458624  209
0.458815  304
0.458911  394
0.459109  342
0.45956  235
0.460035  385
0.460334  328
0.460348  40
0.461367  233
0.462375  22
0.462607  35
0.462946  141
0.463334  330
0.464821  254
0.464856  360
0.464901  390
0.465003  369
0.465009  310
0.46527  378
0.466424  159
0.467208  217
0.467422  347
0.46788  337
0.468158  303
0.468694  300
0.469376  173
0.469698  230
0.470898  178
0.471732  384
0.471755  121
0.471775  364
0.472377  170
0.472495  117
0.473374  188
0.473575  326
0.473909  398
0.473935  107
0.474688  98
0.47524  11
0.47536  358
0.475444  225
0.475796  193
0.475814  323
0.476926  76
0.477045  249
0.477048  130
0.477125  184
0.477126  203
0.477224  317
0.477692  335
0.477705  151
0.477805  200
0.478008  314
0.478077  133
0.478221  129
0.479054  355
0.479172  155
0.479233  12
0.479683  250
0.479836  39
0.479841  359
0.479841  206
0.479846  24
0.48022  268
0.480642  72
0.480898  302
0.480924  21
0.480989  272
0.481073  352
0.481304  126
0.481305  386
0.481704  5
0.481877  238
0.481879  64
0.481903  78
0.481914  123
0.481972  118
0.482228  308
0.482293  363
0.48257  54
0.482669  43
0.482707  96
0.482785  216
0.483151  100
0.483221  48
0.483349  392
0.48353  137
0.483567  343
0.483792  105
0.483808  285
0.483909  195
0.483969  0
0.484027  232
0.484076  226
0.484136  124
0.484237  273
0.484309  261
0.484347  348
0.484465  50
0.484509  28
0.484545  97
0.484701  266
0.484704  47
0.484721  281
0.484736  60
0.484754  236
0.484861  327
0.484888  376
0.484952  101
0.484955  333
0.484974  220
0.485104  365
0.485137  325
0.485191  23
0.485312  85
0.485323  322
0.485329  307
0.485392  19
0.485441  356
0.485531  274
0.485536  299
0.485596  20
0.485599  382
0.485653  208
0.485689  37
0.485733  248
0.485757  290
0.485769  366
0.485806  157
0.485951  27
0.485987  368
0.485998  354
0.48611  115
0.486161  265
0.486362  334
0.486513  353
0.486548  14
0.48661  111
0.486722  245
0.486773  83
0.486799  324
0.486833  306
0.486836  106
0.486844  349
0.4869  316
0.486908  1
0.486931  370
0.486943  140
0.486996  244
0.487164  145
0.487245  350
0.487364  160
0.487426  204
0.487473  357
0.487576  286
0.48758  8
0.487635  346
0.487636  309
0.487657  297
0.487665  271
0.48771  44
0.487849  373
0.487917  175
0.487973  313
0.487984  263
0.488001  91
0.488065  149
0.488094  33
0.488129  13
0.488187  207
0.488291  336
0.48831  3
0.488345  374
0.488564  315
0.488626  223
0.48877  367
0.488851  340
0.488857  399
0.488885  328
0.489354  73
0.489383  369
0.489483  127
0.489528  318
0.489683  362
0.48971  7
0.489746  139
0.489821  395
0.489827  332
0.489887  393
0.489902  396
0.489928  163
0.489939  375
0.490077  378
0.490104  380
0.490163  31
0.490262  389
0.490341  172
0.490352  390
0.490619  185
0.490839  381
0.49091  147
0.491027  174
0.491027  152
0.491467  110
0.491624  351
0.491733  227
0.491803  305
0.491965  68
0.492036  321
0.492113  199
0.492126  247
0.492238  2
0.492353  329
0.492648  296
0.492918  377
0.49293  379
0.492934  6
0.49313  331
0.493145  81
0.493244  239
0.493531  303
0.493674  190
0.493728  312
0.493848  341
0.494026  218
0.494159  257
0.494359  67
0.494384  345
0.494389  320
0.494405  391
0.49442  344
0.494438  371
0.494451  311
0.49486  80
0.494914  361
0.494921  243
0.495359  291
0.495381  338
0.495384  264
0.495699  210
0.495763  301
0.495775  388
0.495814  319
0.495902  300
0.49598  397
0.496168  142
0.496502  385
0.496636  156
0.496687  242
0.497214  387
0.497357  66
0.497877  394
0.498479  88
0.498507  342
0.498543  304
0.498689  132
0.499476  289
0.499583  166
0.500562  330
0.500781  339
0.50122  99
0.503909  212
0.504912  231
0.506263  323
0.509266  205
0.509325  90
0.509794  187
0.511523  57
0.512378  173
0.5128  347
0.513876  59
0.513989  9
0.51506  383
0.515291  177
0.515871  359
0.516111  225
0.516247  358
0.516652  55
0.5169  15
0.517461  335
0.517604  372
0.517737  229
0.518337  308
0.518388  182
0.518519  292
0.518539  282
0.518713  392
0.519699  386
0.519907  302
0.520125  180
0.520536  327
0.520788  310
0.520903  360
0.521502  153
0.521674  144
0.521807  398
0.521878  61
0.522198  169
0.523036  26
0.523337  161
0.523404  279
0.524119  189
0.524287  252
0.524422  356
0.52451  159
0.52471  179
0.524919  256
0.524925  337
0.525522  275
0.525905  352
0.526021  384
0.52611  94
0.526328  293
0.52645  258
0.526474  116
0.526651  240
0.526728  318
0.526809  53
0.52681  114
0.526896  367
0.527355  89
0.527449  237
0.527609  366
0.527728  103
0.527774  241
0.527781  198
0.527993  35
0.528015  262
0.528017  216
0.528032  192
0.528107  93
0.528121  295
0.528195  87
0.528388  170
0.528559  316
0.528569  77
0.528651  314
0.528651  399
0.528852  354
0.52908  42
0.529128  382
0.529446  313
0.529472  201
0.52952  294
0.529668  162
0.529962  5
0.53001  348
0.530015  105
0.530096  381
0.530124  349
0.530174  363
0.530236  29
0.530369  325
0.530398  317
0.5304  322
0.530418  135
0.530423  332
0.530447  307
0.530524  36
0.530562  260
0.530611  389
0.530657  333
0.530674  150
0.530831  62
0.531153  329
0.531164  25
0.531286  136
0.531423  196
0.531454  165
0.531465  38
0.531636  368
0.531666  184
0.531735  334
0.532105  328
0.532199  378
0.532378  214
0.532384  315
0.532493  118
0.532522  236
0.532692  311
0.53276  268
0.532788  303
0.53287  326
0.533036  97
0.533056  305
0.533097  340
0.533106  63
0.533251  362
0.533501  365
0.533528  370
0.533584  324
0.533689  306
0.533797  64
0.533982  52
0.533988  353
0.534038  82
0.534131  373
0.534142  112
0.534283  123
0.53446  167
0.534604  377
0.534626  213
0.534699  104
0.534732  270
0.534809  350
0.534829  287
0.535052  168
0.535067  4
0.535236  388
0.535325  309
0.535353  393
0.535939  239
0.53607  49
0.536194  312
0.536196  300
0.53624  320
0.536269  194
0.537451  113
0.537478  20
0.537482  369
0.537511  11
0.537843  395
0.538699  43
0.538883  163
0.539082  122
0.539481  364
0.539526  202
0.539617  211
0.53997  342
0.541043  183
0.541295  341
0.541344  107
0.54191  30
0.542017  376
0.5426  148
0.542856  374
0.543626  280
0.544459  27
0.544719  339
0.545103  234
0.545565  331
0.545687  383
0.545774  344
0.545863  235
0.546326  188
0.546999  394
0.547204  338
0.547221  17
0.547502  385
0.548178  397
0.548738  304
0.549129  371
0.549247  28
0.550318  390
0.550766  276
0.550771  128
0.551007  346
0.551579  248
0.551967  396
0.552142  345
0.552687  301
0.55319  255
0.554672  361
0.554753  357
0.555192  210
0.555328  66
0.555687  246
0.555933  372
0.555966  176
0.556236  336
0.556601  391
0.557143  8
0.557515  375
0.557544  141
0.558024  379
0.558511  41
0.558597  58
0.558663  355
0.559126  351
0.559606  73
0.559643  14
0.559817  386
0.560134  367
0.560214  265
0.560233  330
0.560408  79
0.560494  298
0.561339  95
0.561587  10
0.561964  343
0.562067  380
0.562286  117
0.562327  51
0.562374  318
0.562706  220
0.56281  40
0.563052  286
0.56307  271
0.563119  387
0.563645  319
0.563745  284
0.563817  125
0.563909  321
0.564087  314
0.564266  84
0.564343  359
0.564459  347
0.564536  297
0.565164  177
0.565937  399
0.566081  349
0.56633  44
0.566345  328
0.56642  80
0.567045  250
0.567099  154
0.56731  35
0.567805  358
0.567922  56
0.568023  313
0.568778  32
0.569042  72
0.569167  121
0.5694  308
0.569411  200
0.569736  335
0.57001  392
0.570141  207
0.570267  398
0.57031  12
0.570714  384
0.570935  337
0.571975  102
0.572378  16
0.57249  115
0.572538  137
0.572692  326
0.573032  228
0.573066  208
0.573084  324
0.573381  259
0.573423  263
0.573505  332
0.573684  334
0.573917  267
0.573932  69
0.573933  134
0.574021  180
0.574406  373
0.574939  323
0.575012  356
0.575094  224
0.575301  352
0.575723  281
0.575796  303
0.575992  360
0.57603  119
0.576559  217
0.576623  307
0.576641  85
0.5769  18
0.577087  206
0.577207  96
0.578091  251
0.578491  233
0.578801  145
0.578843  37
0.578899  19
0.579369  369
0.579601  370
0.579827  156
0.580026  315
0.580114  175
0.580124  74
0.580291  45
0.580357  87
0.580525  143
0.580573  366
0.580589  155
0.580592  329
0.580855  362
0.581098  215
0.581365  317
0.58141  377
0.581477  374
0.581481  348
0.581513  322
0.58153  310
0.581585  39
0.581599  114
0.58193  1
0.582026  382
0.582212  325
0.582394  304
0.582454  78
0.582568  388
0.582586  333
0.582687  129
0.582757  381
0.582781  160
0.582854  378
0.582891  389
0.582913  364
0.582975  31
0.583067  238
0.583212  300
0.583445  305
0.583478  101
0.583504  47
0.583524  216
0.583592  131
0.584043  53
0.584048  394
0.584263  395
0.585168  331
0.585635  273
0.585681  302
0.586251  229
0.586325  368
0.586974  306
0.587047  24
0.587161  244
0.587166  312
0.587397  288
0.587405  209
0.587587  104
0.588123  341
0.588234  350
0.588374  340
0.589037  327
0.589369  63
0.589611  344
0.589758  197
0.589782  68
0.590138  277
0.590928  64
0.591088  77
0.591214  109
0.591925  193
0.592022  99
0.592196  371
0.59302  330
0.593295  299
0.593427  173
0.593563  363
0.593717  169
0.593846  311
0.594241  141
0.594352  346
0.594478  254
0.594814  365
0.595058  316
0.595149  36
0.595215  25
0.595273  100
0.595464  386
0.595642  23
0.595865  237
0.595893  166
0.596618  33
0.596977  256
0.5973  59
0.597351  354
0.598351  345
0.598396  393
0.598919  236
0.598959  336
0.599005  376
0.599213  397
0.599223  151
0.599326  385
0.599398  57
0.599456  213
0.59959  5
0.59966  70
0.599751  282
0.600113  258
0.600349  144
0.600549  157
0.600591  338
0.600759  295
0.600836  164
0.600998  396
0.601055  138
0.601103  13
0.601106  339
0.601121  130
0.601227  185
0.601404  361
0.601488  319
0.601507  307
0.601587  351
0.601949  171
0.602264  320
0.602922  140
0.603132  372
0.603353  309
0.603786  379
0.603984  178
0.604056  383
0.604682  398
0.604812  226
0.604851  301
0.604882  232
0.605071  359
0.60544  223
0.605728  222
0.605787  357
0.605794  46
0.606183  337
0.606193  243
0.606213  158
0.606277  203
0.606523  375
0.606581  38
0.606624  358
0.606909  342
0.607032  91
0.607122  116
0.607412  93
0.607459  205
0.607821  387
0.608114  75
0.608236  60
0.608571  227
0.609  347
0.609171  55
0.609484  278
0.609574  198
0.609661  353
0.609797  90
0.609919  257
0.61018  318
0.610465  95
0.611286  391
0.611404  349
0.611782  3
0.61194  261
0.612064  26
0.612094  190
0.612181  163
0.612189  355
0.612286  399
0.612372  390
0.612396  225
0.612509  218
0.612734  285
0.612776  253
0.612811  287
0.612909  186
0.612988  380
0.613006  332
0.613028  302
0.613047  2
0.613183  230
0.613238  86
0.613283  9
0.613357  50
0.613538  329
0.613845  231
0.613945  174
0.614237  108
0.614307  314
0.614993  146
0.615078  348
0.61517  362
0.615247  172
0.615273  370
0.615305  102
0.615465  367
0.61564  153
0.61567  208
0.615726  149
0.616365  284
0.616442  292
0.616511  81
0.61667  322
0.616721  326
0.616836  328
0.616864  323
0.617083  276
0.617096  270
0.617159  66
0.617723  360
0.617738  335
0.617898  246
0.618005  308
0.61801  105
0.61803  310
0.618154  139
0.618303  334
0.618457  296
0.618494  161
0.61855  275
0.618557  204
0.618702  321
0.61889  343
0.618925  324
0.619371  6
0.619482  76
0.619621  211
0.619638  303
0.619698  214
0.619753  369
0.619767  352
0.620047  356
0.620072  194
0.620144  260
0.620222  135
0.620367  374
0.620416  71
0.620634  289
0.620696  52
0.620789  388
0.620939  290
0.62108  34
0.621113  381
0.621189  350
0.621412  129
0.621669  300
0.621759  293
0.621925  240
0.621936  191
0.621948  331
0.622015  382
0.622112  122
0.622195  364
0.622272  119
0.622905  187
0.623094  327
0.623216  103
0.623403  377
0.623443  45
0.623533  315
0.623634  133
0.623904  184
0.624063  333
0.624229  312
0.624418  98
0.62472  247
0.625369  366
0.626425  354
0.62663  16
0.627103  42
0.627473  394
0.628085  160
0.628192  311
0.628452  212
0.628516  40
0.628518  365
0.628647  49
0.628796  1
0.628855  252
0.628896  274
0.629042  392
0.629061  11
0.629268  397
0.629461  272
0.629594  89
0.630108  92
0.630167  306
0.630388  317
0.630841  325
0.631262  115
0.631402  389
0.631882  363
0.632335  159
0.632452  195
0.632507  280
0.63275  182
0.632811  15
0.632826  294
0.633411  384
0.633433  27
0.633952  259
0.633957  313
0.634161  340
0.634317  305
0.634362  189
0.63455  307
0.634688  395
0.634834  345
0.635632  385
0.635863  249
0.636392  376
0.636411  110
0.636453  371
0.637351  304
0.63741  10
0.637479  219
0.637621  59
0.637724  224
0.637888  368
0.638166  228
0.638326  378
0.638634  283
0.638952  386
0.639012  210
0.639448  176
0.639758  393
0.639928  87
0.64002  37
0.640082  48
0.640776  241
0.640873  288
0.641005  373
0.641255  281
0.641491  320
0.642068  344
0.642394  336
0.642775  170
0.642853  123
0.643198  353
0.643992  132
0.64405  203
0.644242  341
0.644408  361
0.645277  181
0.645319  370
0.645747  332
0.646201  383
0.64672  248
0.646732  180
0.647089  316
0.647821  357
0.648307  22
0.648329  301
0.648504  147
0.648875  97
0.649236  387
0.649946  375
0.650807  302
0.651041  372
0.651188  120
0.651558  338
0.651732  379
0.652232  216
0.65405  152
0.654676  84
0.65477  309
0.6548  28
0.655103  330
0.655404  348
0.655658  143
0.65593  351
0.656224  124
0.656681  391
0.65733  179
0.657795  220
0.65781  349
0.658044  128
0.658448  315
0.65866  356
0.658797  359
0.659137  347
0.659678  337
0.660085  217
0.661802  0
0.662368  62
0.662843  57
0.663289  398
0.663877  342
0.664083  396
0.6641  390
0.664682  329
0.66494  43
0.66532  192
0.665642  141
0.666196  369
0.666591  7
0.667047  51
0.667227  362
0.667248  303
0.667278  238
0.667293  323
0.668852  358
0.668886  250
0.668962  18
0.669133  382
0.669642  319
0.669646  99
0.669695  286
0.67057  366
0.670768  65
0.670882  196
0.670971  94
0.671118  291
0.671128  104
0.671305  355
0.671351  169
0.671768  239
0.671988  262
0.672224  245
0.672297  175
0.672374  318
0.672509  101
0.672537  209
0.672798  136
0.672984  21
0.673065  267
0.67309  12
0.673142  58
0.673221  20
0.673347  339
0.673385  322
0.673443  321
0.673455  67
0.673477  326
0.673574  39
0.67363  148
0.674032  83
0.674047  177
0.674149  340
0.674157  308
0.674232  367
0.674239  377
0.674322  56
0.674462  363
0.674699  74
0.674707  310
0.674836  13
0.674879  380
0.675057  278
0.675133  183
0.675186  105
0.675343  334
0.675348  328
0.675396  324
0.675558  186
0.676107  41
0.676267  244
0.676309  118
0.676339  199
0.676341  360
0.676358  125
0.676361  352
0.676386  130
0.676415  279
0.676626  47
0.67664  350
0.676971  306
0.677001  234
0.677122  221
0.677184  381
0.677286  153
0.677299  298
0.677376  60
0.677398  331
0.677468  59
0.677514  299
0.677589  81
0.677619  235
0.677627  313
0.677643  85
0.677647  157
0.677736  139
0.677957  399
0.678051  346
0.678067  311
0.678132  300
0.678181  385
0.678237  134
0.678451  155
0.67848  173
0.678709  156
0.678775  117
0.678987  263
0.67906  242
0.6791  232
0.679101  246
0.679101  264
0.679116  154
0.679214  257
0.679322  197
0.679322  394
0.679521  14
0.679529  325
0.679593  237
0.679653  185
0.679929  131
0.680086  103
0.680111  35
0.680158  341
0.680223  190
0.680305  54
0.680323  312
0.680609  112
0.680674  365
0.680691  255
0.68071  361
0.680726  207
0.680768  333
0.680859  95
0.680903  200
0.68091  397
0.680977  327
0.680997  368
0.681001  309
0.681001  388
0.681039  215
0.681078  384
0.681101  260
0.681131  335
0.681158  8
0.681159  135
0.681348  349
0.681386  371
0.681924  317
0.682114  378
0.682121  79
0.6822  44
0.682368  113
0.682566  72
0.682676  5
0.682888  336
0.682917  122
0.682985  63
0.683068  78
0.683077  73
0.683082  4
0.68309  376
0.683112  386
0.683136  50
0.683218  162
0.683253  307
0.68331  266
0.683338  314
0.683381  351
0.683399  389
0.683483  345
0.683517  280
0.683639  96
0.68374  178
0.683879  275
0.683901  364
0.68423  374
0.684434  38
0.684443  146
0.684607  304
0.68476  353
0.684794  145
0.68488  142
0.685168  348
0.685179  344
0.685221  372
0.685326  226
0.685374  269
0.685475  354
0.685588  387
0.685771  287
0.685935  19
0.685986  70
0.686036  297
0.686286  23
0.686476  393
0.686625  343
0.686692  150
0.686696  289
0.686715  265
0.68727  243
0.687407  202
0.687512  33
0.687539  93
0.688016  188
0.688107  276
0.688126  241
0.688145  3
0.688188  305
0.6882  31
0.688319  29
0.688358  64
0.688376  247
0.68855  227
0.688594  357
0.688641  294
0.688667  110
0.689016  288
0.689398  373
0.689412  332
0.689521  166
0.689632  319
0.689677  301
0.689714  163
0.689768  0
0.689777  206
0.689857  89
0.689873  218
0.690048  224
0.690051  392
0.69015  231
0.690168  258
0.69033  391
0.690534  398
0.690542  149
0.690624  369
0.690747  315
0.690971  342
0.691063  230
0.691141  338
0.691176  55
0.691328  121
0.691451  123
0.691513  164
0.691542  210
0.691561  17
0.691678  161
0.691722  127
0.691869  108
0.691934  236
0.692108  98
0.692155  171
0.692176  370
0.692236  323
0.692451  303
0.692465  383
0.692626  359
0.692683  159
0.692743  86
0.69289  328
0.692902  77
0.692957  45
0.692977  229
0.692984  390
0.693047  316
0.693243  339
0.693876  292
0.694032  326
0.694068  37
0.69413  151
0.694318  363
0.694348  6
0.694721  290
0.694809  284
0.694959  395
0.695124  296
0.695188  322
0.695265  356
0.69531  195
0.69541  138
0.695762  358
0.695948  26
0.696056  277
0.696058  245
0.696062  223
0.696405  396
0.696435  308
0.696673  87
0.696712  381
0.696942  310
0.696945  293
0.697009  272
0.697261  165
0.697321  76
0.697895  360
0.698253  160
0.698274  329
0.698551  271
0.69859  362
0.698674  91
0.698823  350
0.698999  233
0.699142  16
0.699183  302
0.699213  18
0.699303  274
0.699373  321
0.699417  361
0.699497  347
0.699664  366
0.699733  327
0.700058  355
0.700142  394
0.700495  144
0.700641  84
0.70075  42
0.700924  312
0.701122  337
0.701162  40
0.701326  397
0.701966  71
0.702148  384
0.702301  375
0.702326  107
0.702367  109
0.702978  12
0.703036  346
0.703043  11
0.703158  129
0.703381  320
0.703581  211
0.703908  46
0.704154  174
0.704264  331
0.70531  336
0.705323  382
0.705721  330
0.705804  240
0.705807  24
0.706314  137
0.706457  90
0.706488  191
0.706634  213
0.706643  379
0.706892  335
0.70707  372
0.707949  317
0.708618  168
0.70938  307
0.709502  399
0.710285  225
0.711452  38
0.711824  25
0.713465  273
0.714329  340
0.714665  238
0.714669  306
0.716961  376
0.717019  374
0.717409  69
0.718265  158
0.718424  318
0.718989  32
0.719386  309
0.719976  341
0.720474  325
0.720475  92
0.721273  260
0.721371  74
0.721479  116
0.722046  131
0.72224  235
0.722923  270
0.723016  368
0.723027  377
0.72316  380
0.724119  348
0.724285  365
0.724308  324
0.724313  345
0.725827  285
0.725854  61
0.726004  34
0.726087  314
0.726838  367
0.727231  35
0.727856  371
0.727971  349
0.728172  303
0.728397  305
0.72898  299
0.72904  176
0.72914  392
0.72941  370
0.730771  83
0.731273  81
0.731343  172
0.731944  75
0.732833  15
0.732967  295
0.73304  167
0.733449  353
0.733962  5
0.73425  140
0.735977  127
0.736101  21
0.736147  205
0.736397  267
0.73653  395
0.736677  196
0.737797  333
0.73794  136
0.738039  359
0.738343  364
0.738345  311
0.738655  354
0.738697  310
0.73902  217
0.739507  334
0.739735  375
0.739744  342
0.739787  219
0.739807  43
0.73982  344
0.739854  179
0.74013  351
0.740381  347
0.741016  99
0.741069  262
0.741122  313
0.741439  30
0.741459  145
0.741502  198
0.741557  300
0.741888  381
0.741999  58
0.742648  388
0.742793  39
0.743168  177
0.743575  261
0.743822  194
0.743935  170
0.743945  383
0.744035  386
0.744142  387
0.744338  134
0.744367  57
0.744396  332
0.744683  352
0.744729  358
0.744843  338
0.745134  220
0.745515  181
0.745787  323
0.745823  390
0.745853  304
0.745939  361
0.745958  230
0.746061  369
0.746307  197
0.746344  160
0.746406  322
0.746426  329
0.746435  385
0.746447  50
0.746555  242
0.746694  67
0.746806  357
0.747342  234
0.74742  317
0.747458  250
0.747651  301
0.747833  157
0.747907  396
0.748322  373
0.748548  302
0.748574  65
0.748885  187
0.749096  251
0.749456  378
0.749528  174
0.74972  326
0.749834  66
0.749938  8
0.749942  14
0.750164  328
0.750464  389
0.751171  360
0.751203  4
0.751437  319
0.751775  28
0.751814  343
0.752287  362
0.752339  356
0.752342  224
0.752575  111
0.752662  384
0.752888  124
0.753318  327
0.753423  321
0.754246  119
0.754332  221
0.755174  363
0.755325  366
0.756308  398
0.756628  376
0.756959  212
0.75771  341
0.757819  128
0.758067  309
0.758367  190
0.759523  314
0.759767  107
0.760494  393
0.7625  27
0.762657  394
0.762709  316
0.762823  339
0.763899  276
0.765002  125
0.765075  278
0.76544  204
0.765496  130
0.765616  293
0.765779  315
0.766526  331
0.767422  312
0.768948  290
0.768958  203
0.769806  336
0.769908  6
0.770014  346
0.7701  123
0.770264  126
0.770375  122
0.770582  320
0.770611  306
0.770688  68
0.770817  26
0.771273  94
0.771307  149
0.771448  18
0.771843  391
0.771959  318
0.772009  183
0.772126  245
0.772151  308
0.772286  372
0.772372  337
0.772525  298
0.772604  340
0.772781  103
0.772813  216
0.773054  254
0.773318  207
0.77377  237
0.773935  264
0.77435  282
0.774386  104
0.774496  307
0.77464  32
0.774662  189
0.774748  101
0.774843  399
0.774907  265
0.77494  335
0.775013  188
0.775014  151
0.775112  46
0.775162  325
0.775241  88
0.775251  214
0.775564  59
0.775767  349
0.7759  355
0.776477  382
0.776492  377
0.776502  397
0.776571  330
0.776723  291
0.777012  102
0.777088  259
0.777356  233
0.777799  70
0.777872  1
0.778359  392
0.778375  2
0.778584  281
0.778692  56
0.779089  371
0.779115  192
0.779402  147
0.779421  374
0.779443  380
0.779541  193
0.779651  273
0.779863  241
0.779941  133
0.780084  54
0.780164  248
0.780289  303
0.780317  353
0.780635  311
0.780662  286
0.780766  13
0.780946  62
0.781156  305
0.781264  10
0.781351  143
0.78138  173
0.781398  96
0.781407  114
0.781464  9
0.781514  22
0.781557  47
0.781578  36
0.781716  82
0.781773  365
0.781787  243
0.78182  37
0.781828  297
0.781859  379
0.782029  152
0.782033  16
0.782199  270
0.782438  7
0.782485  350
0.782603  199
0.782635  184
0.782671  329
0.782773  153
0.782797  348
0.782817  227
0.782844  390
0.782909  209
0.783111  354
0.783194  368
0.783269  11
0.783321  296
0.783326  252
0.783339  200
0.783398  334
0.783399  345
0.783538  384
0.783645  83
0.783827  344
0.783996  367
0.784  361
0.784021  239
0.784358  156
0.784391  171
0.784481  186
0.784494  191
0.784536  180
0.784576  49
0.784656  141
0.784868  279
0.784932  342
0.785026  304
0.785038  387
0.785064  34
0.785125  347
0.785203  170
0.785296  24
0.785371  31
0.785453  274
0.78548  338
0.785597  294
0.785621  52
0.78569  375
0.78578  150
0.785835  121
0.785874  378
0.78598  72
0.786036  386
0.786243  356
0.786252  319
0.786386  154
0.786387  364
0.78639  44
0.786392  155
0.786404  352
0.786415  51
0.786431  351
0.786433  277
0.786527  60
0.786631  370
0.786687  61
0.786701  333
0.78676  309
0.786822  359
0.786839  246
0.786941  120
0.786948  98
0.786971  218
0.787023  395
0.787027  324
0.787061  76
0.787113  301
0.787164  12
0.787177  389
0.787194  146
0.787203  110
0.787231  269
0.78728  161
0.787318  358
0.787321  385
0.7875  323
0.787504  369
0.787508  275
0.787563  97
0.787565  28
0.787611  313
0.787733  211
0.788004  267
0.788123  388
0.788193  393
0.788546  310
0.788558  162
0.788657  112
0.788992  196
0.789098  129
0.789169  17
0.789185  148
0.789297  48
0.789663  318
0.789849  169
0.789851  381
0.790048  300
0.790064  81
0.790102  332
0.790206  206
0.790336  383
0.79037  302
0.790376  208
0.790383  314
0.790383  213
0.790448  85
0.790478  95
0.790623  215
0.790872  194
0.791093  328
0.791142  327
0.791146  93
0.79117  331
0.791333  322
0.791355  135
0.791513  363
0.791525  337
0.791564  33
0.791606  268
0.791693  160
0.791831  86
0.791879  287
0.791923  366
0.791967  373
0.791973  45
0.792256  396
0.792263  317
0.792444  0
0.792769  89
0.792979  394
0.793099  182
0.793527  158
0.793551  336
0.793559  73
0.793808  398
0.793893  341
0.793983  271
0.794612  132
0.794629  80
0.794634  63
0.794682  75
0.794752  357
0.794789  257
0.794907  228
0.79497  306
0.795185  106
0.795217  339
0.795599  139
0.795619  21
0.795906  167
0.796027  116
0.796088  43
0.7962  216
0.796282  362
0.796709  326
0.796851  320
0.797282  99
0.797358  168
0.797501  372
0.797586  263
0.797733  117
0.797816  166
0.798169  210
0.798309  343
0.798338  289
0.798767  292
0.798768  159
0.798769  346
0.799758  53
0.799788  360
0.799898  20
0.800178  315
0.80022  74
0.800449  244
0.800573  91
0.800579  41
0.801478  340
0.801693  397
0.802136  195
0.802462  355
0.802654  145
0.802898  391
0.803047  299
0.803138  149
0.803469  312
0.803982  79
0.804163  376
0.804595  392
0.804628  316
0.804706  382
0.804845  247
0.805119  174
0.80568  71
0.805807  223
0.806059  222
0.806769  353
0.807741  238
0.807861  374
0.808193  131
0.808306  377
0.808671  321
0.808942  325
0.81017  68
0.810454  187
0.810829  4
0.811239  224
0.811644  307
0.813056  345
0.813081  350
0.813412  330
0.8137  142
0.815362  308
0.816386  179
0.816628  3
0.817434  338
0.817981  100
0.818059  35
0.819237  344
0.819662  351
0.820799  359
0.820864  333
0.821128  137
0.821419  379
0.821791  280
0.821964  176
0.82202  185
0.822764  250
0.822772  365
0.822851  323
0.824076  334
0.824129  226
0.824791  352
0.824868  368
0.826075  395
0.826911  303
0.827113  213
0.827113  342
0.827233  381
0.827956  335
0.82857  113
0.828983  356
0.82905  370
0.829245  217
0.829528  27
0.829787  232
0.82981  22
0.830025  282
0.830275  313
0.830574  371
0.831212  380
0.831702  199
0.831776  301
0.831998  51
0.832144  193
0.832405  78
0.833351  311
0.834067  39
0.834255  125
0.834308  204
0.83525  19
0.835283  390
0.835353  26
0.835401  265
0.836024  219
0.836189  375
0.836258  306
0.836804  258
0.836888  66
0.836913  310
0.837233  25
0.837272  201
0.837278  348
0.837315  393
0.837448  304
0.837528  181
0.83762  329
0.837643  298
0.837751  172
0.837961  273
0.837978  251
0.837998  331
0.83805  147
0.838144  309
0.838147  354
0.838236  30
0.838423  190
0.838473  361
0.838651  44
0.839085  205
0.83912  327
0.839195  274
0.839205  136
0.839226  221
0.83945  14
0.839517  305
0.839597  92
0.839799  319
0.839861  322
0.839933  386
0.840013  399
0.840096  225
0.840164  366
0.840366  378
0.840595  384
0.840705  6
0.84073  109
0.840899  15
0.841018  262
0.841161  317
0.841291  260
0.841358  64
0.84136  249
0.841454  302
0.84162  349
0.841623  358
0.84171  9
0.84179  8
0.841878  387
0.841977  107
0.84212  275
0.842384  183
0.842391  385
0.842401  164
0.843116  389
0.843193  108
0.843515  133
0.843641  163
0.843645  1
0.843701  127
0.843713  288
0.843779  336
0.843851  5
0.84412  234
0.844161  253
0.844291  369
0.844502  237
0.844508  55
0.844511  360
0.844528  214
0.844684  119
0.84474  324
0.845013  347
0.845022  33
0.845098  124
0.845264  81
0.845434  328
0.845508  294
0.84563  372
0.845666  47
0.845679  203
0.845953  312
0.845975  264
0.846068  272
0.846098  373
0.846508  341
0.846871  383
0.847027  67
0.847091  90
0.847094  367
0.847241  339
0.847302  398
0.847521  111
0.847658  391
0.847695  355
0.847755  337
0.847833  130
0.847841  332
0.847893  314
0.848254  94
0.848363  241
0.848572  338
0.848805  254
0.849184  84
0.849358  325
0.849896  326
0.850161  388
0.850239  32
0.850917  223
0.851041  364
0.851051  392
0.851455  212
0.851851  291
0.852071  318
0.852193  300
0.852367  45
0.853044  165
0.853282  316
0.853319  24
0.853545  374
0.853913  2
0.854067  128
0.854437  87
0.854561  58
0.855514  23
0.856089  175
0.856122  394
0.856568  376
0.856621  126
0.856675  246
0.856969  236
0.857032  356
0.857438  138
0.857537  345
0.857697  353
0.857824  153
0.858295  56
0.858378  95
0.858731  346
0.859111  72
0.859451  11
0.859852  351
0.859869  357
0.859892  290
0.859947  158
0.860142  115
0.86055  31
0.860701  377
0.86075  343
0.860965  382
0.861308  255
0.861563  352
0.861642  209
0.862117  222
0.86219  155
0.862362  276
0.862857  235
0.863328  277
0.863412  396
0.863446  307
0.86393  368
0.863982  320
0.864079  308
0.864317  186
0.864435  160
0.864532  379
0.864652  34
0.864771  371
0.865592  85
0.866023  50
0.866038  259
0.866166  156
0.866482  334
0.866799  182
0.866882  60
0.866973  170
0.867105  211
0.867316  268
0.867422  144
0.867427  381
0.867468  187
0.86782  350
0.867997  151
0.868209  311
0.86842  141
0.868549  397
0.868755  321
0.868984  305
0.86904  390
0.869394  333
0.869493  243
0.86971  313
0.869741  278
0.869784  7
0.869983  75
0.870298  71
0.870579  230
0.870937  42
0.871138  179
0.871168  330
0.871258  36
0.871268  340
0.871418  303
0.871456  395
0.871472  315
0.871561  210
0.871971  168
0.87212  97
0.8723  342
0.872739  173
0.872857  208
0.872892  365
0.873063  328
0.873174  363
0.873196  103
0.873218  198
0.873694  96
0.873777  231
0.873813  360
0.87409  349
0.874094  110
0.87411  180
0.874165  202
0.874235  46
0.874394  386
0.874565  10
0.874681  319
0.874842  197
0.874879  362
0.874882  344
0.874954  380
0.875171  150
0.875353  335
0.875489  134
0.87553  324
0.875813  86
0.875939  188
0.876226  40
0.876355  178
0.876419  373
0.876584  269
0.87738  242
0.877557  310
0.877584  399
0.877862  359
0.878097  154
0.878373  122
0.878697  317
0.878787  102
0.879129  355
0.879275  279
0.879351  304
0.879351  387
0.87946  309
0.879564  228
0.879608  218
0.880006  244
0.880069  192
0.880092  195
0.880155  53
0.880472  378
0.880586  300
0.880948  370
0.881485  16
0.882093  37
0.882386  112
0.882504  329
0.883038  331
0.883175  105
0.883301  323
0.883397  29
0.883711  369
0.883793  348
0.883907  316
0.884718  375
0.884769  388
0.885162  372
0.885842  20
0.885936  0
0.886148  250
0.886853  121
0.886872  347
0.888381  346
0.888508  325
0.889345  332
0.891283  48
0.893397  337
0.893399  366
0.893828  391
0.894938  356
0.895258  57
0.897037  389
0.89711  301
0.897199  272
0.897701  258
0.898945  384
0.898992  174
0.900758  98
0.901199  392
0.901401  364
0.901501  322
0.901604  327
0.90265  374
0.903091  352
0.903397  185
0.904578  326
0.904679  270
0.905065  357
0.905348  101
0.905813  152
0.906057  73
0.906208  139
0.90658  251
0.907236  106
0.907316  189
0.90736  286
0.907495  283
0.907545  252
0.90759  394
0.907753  367
0.90792  248
0.907974  12
0.908095  306
0.908391  354
0.908693  143
0.908826  336
0.908981  320
0.90899  204
0.909348  196
0.909545  293
0.909639  19
0.909742  229
0.909787  284
0.910014  17
0.910083  131
0.910138  339
0.910813  383
0.910895  318
0.910962  245
0.910975  223
0.911199  307
0.911376  358
0.911385  289
0.911514  341
0.911536  393
0.91158  13
0.911592  338
0.91173  345
0.912056  361
0.91209  116
0.912556  398
0.912691  281
0.913112  132
0.913527  61
0.913632  239
0.914234  319
0.914235  261
0.914245  59
0.914479  206
0.914508  397
0.914527  343
0.914697  376
0.914831  302
0.914996  31
0.915424  22
0.915558  314
0.915885  35
0.916111  176
0.916383  227
0.916553  275
0.916578  4
0.916596  91
0.916852  191
0.917231  237
0.917397  351
0.91756  330
0.91757  308
0.917571  353
0.917738  135
0.917931  15
0.918271  377
0.918298  349
0.918373  371
0.918451  11
0.918651  74
0.918665  396
0.918685  89
0.91899  171
0.919021  256
0.919042  167
0.919133  2
0.919159  362
0.919179  76
0.919194  390
0.919409  360
0.91954  123
0.91962  84
0.919641  172
0.919768  21
0.919871  363
0.919877  107
0.920094  148
0.92051  380
0.920643  285
0.920678  305
0.920996  385
0.921014  342
0.921151  136
0.921168  315
0.921246  271
0.921287  25
0.921324  104
0.921334  395
0.921456  72
0.921546  137
0.921794  312
0.921835  334
0.922006  311
0.922006  328
0.922162  303
0.922205  154
0.922397  309
0.922451  217
0.922589  65
0.922752  109
0.922803  82
0.922812  381
0.922884  317
0.922888  323
0.923028  77
0.923384  97
0.923525  133
0.923551  28
0.923617  120
0.923636  355
0.923647  344
0.923866  165
0.923951  194
0.923994  332
0.924082  236
0.924199  230
0.924269  70
0.924276  350
0.9243  262
0.924302  47
0.924429  220
0.92445  63
0.924835  117
0.92485  382
0.924904  356
0.924917  213
0.924968  321
0.925034  295
0.925035  118
0.925039  263
0.925235  193
0.925478  257
0.925663  55
0.925824  366
0.925838  114
0.925976  399
0.926532  369
0.926579  333
0.926585  335
0.9266  300
0.926619  49
0.926923  274
0.927067  129
0.927173  373
0.927639  329
0.927667  313
0.928494  75
0.928525  225
0.928646  280
0.928659  384
0.928759  387
0.928776  142
0.928851  379
0.928865  200
0.928887  161
0.928926  297
0.929406  209
0.929662  238
0.930038  375
0.93009  331
0.930234  316
0.930279  290
0.930385  93
0.93039  3
0.930458  190
0.930726  264
0.930826  233
0.930876  348
0.9309  368
0.930916  266
0.931055  299
0.931081  180
0.931158  201
0.931255  372
0.931346  240
0.931379  392
0.931801  18
0.931935  364
0.932015  304
0.932052  149
0.932173  386
0.932269  140
0.932472  346
0.932752  210
0.933012  127
0.933237  146
0.933353  378
0.933376  340
0.933505  222
0.933538  365
0.933577  44
0.93388  62
0.934222  246
0.934223  198
0.934259  81
0.934609  310
0.934665  45
0.934948  265
0.935368  152
0.935557  352
0.935817  337
0.935953  359
0.936214  160
0.936436  347
0.936535  51
0.936904  126
0.937152  358
0.937212  391
0.937493  102
0.937972  241
0.938063  14
0.93812  324
0.938123  33
0.938151  166
0.938172  144
0.938338  277
0.938426  24
0.938502  199
0.938518  388
0.938573  215
0.938669  367
0.93884  272
0.938878  36
0.939138  269
0.939238  293
0.939357  90
0.939361  187
0.939421  26
0.939427  8
0.939472  288
0.939726  301
0.939913  326
0.94036  32
0.940361  370
0.940677  294
0.940746  34
0.941078  177
0.941406  39
0.941486  69
0.941651  336
0.941659  302
0.941977  231
0.942106  224
0.942139  150
0.94218  27
0.94223  357
0.94257  306
0.942781  374
0.942794  341
0.943146  67
0.943262  282
0.943288  354
0.943315  307
0.943561  111
0.943813  112
0.943869  115
0.9439  327
0.943992  168
0.944393  145
0.944491  394
0.94477  377
0.944966  221
0.94505  42
0.945188  169
0.945361  267
0.945624  353
0.945798  80
0.945967  296
0.946343  397
0.946346  398
0.946367  163
0.946433  361
0.946536  314
0.946856  258
0.94728  219
0.947392  37
0.947666  105
0.947683  323
0.947691  360
0.94782  192
0.947882  362
0.947892  291
0.948118  339
0.948195  334
0.94828  108
0.948614  371
0.948636  212
0.948869  205
0.948923  287
0.948949  345
0.949256  395
0.949632  159
0.950022  363
0.950703  303
0.950908  6
0.951026  147
0.951106  134
0.951186  325
0.95135  390
0.951484  54
0.951642  383
0.951894  351
0.951903  338
0.951955  58
0.951971  122
0.952013  342
0.952102  320
0.952946  382
0.953415  305
0.953576  393
0.954999  178
0.955041  52
0.955144  399
0.955438  316
0.955655  155
0.956628  16
0.956852  385
0.957123  319
0.957878  376
0.958302  292
0.959078  203
0.959108  94
0.960015  366
0.960028  218
0.960715  309
0.961709  48
0.962468  60
0.963043  396
0.96404  308
0.965221  350
0.96568  384
0.965756  335
0.967924  331
0.969055  138
0.970041  318
0.970417  332
0.970539  322
0.971426  329
0.97178  300
0.971855  183
0.971862  230
0.97205  312
0.972105  389
0.972512  317
0.973051  249
0.973493  103
0.973525  207
0.974216  333
0.974284  214
0.974305  379
0.974453  348
0.974721  53
0.975365  101
0.975449  43
0.975671  295
0.976209  386
0.976244  346
0.976832  330
0.977131  343
0.977687  359
0.978022  176
0.978153  298
0.978353  349
0.978994  56
0.979052  9
0.979053  247
0.979173  356
0.979264  164
0.979354  64
0.979815  252
0.979969  380
0.980345  242
0.980599  162
0.980602  188
0.980666  340
0.980821  369
0.981124  99
0.981127  337
0.981192  328
0.981423  68
0.981439  213
0.981472  50
0.981624  158
0.981799  141
0.982077  315
0.982088  98
0.982233  79
0.982526  381
0.982675  202
0.983048  253
0.983069  365
0.9831  130
0.983335  388
0.983433  19
0.983716  223
0.983889  189
0.984411  96
0.984438  313
0.984809  73
0.985015  352
0.985082  106
0.985645  143
0.985939  174
0.985979  235
0.986022  347
0.986071  355
0.986194  46
0.986327  78
0.986349  161
0.986379  121
0.98654  113
0.98654  344
0.986626  375
0.986845  372
0.986889  154
0.986964  373
0.986971  206
0.986981  7
0.98717  301
0.987326  364
0.987482  391
0.987506  245
0.987525  119
0.987588  387
0.987691  13
0.987756  321
0.9878  374
0.988196  248
0.988342  243
0.988404  157
0.988658  246
0.988757  196
0.988866  197
0.988871  40
0.989041  92
0.989217  59
0.989661  12
0.98995  354
0.989995  324
0.990135  254
0.990239  311
0.990337  257
0.990396  395
0.990448  392
0.990606  191
0.990726  310
0.99103  303
0.991253  23
0.991268  378
0.991323  204
0.991454  262
0.991485  186
0.991821  361
0.991866  360
0.992431  353
0.992522  377
0.99258  304
0.992623  30
0.992689  368
0.992761  358
0.993345  36
0.993466  302
0.994062  283
0.994173  97
0.99422  128
0.994389  256
0.994439  281
0.994605  306
0.994658  210
0.995028  383
0.995178  397
0.995395  125
0.995401  217
0.995687  371
0.995817  167
0.99589  250
0.995952  398
0.996075  320
0.996473  38
0.996792  339
0.996959  124
0.997064  297
0.997157  76
0.998153  370
0.998398  326
0.998417  393
0.998663  184
0.99909  308
0.999154  342
0.999288  319
0.999826  288
