0.038251  366
0.0384692  184
0.0386355  146
0.0389051  291
0.0392855  51
0.0393336  1
0.0398861  12
0.0398934  245
0.039967  393
0.0403363  303
0.0404517  34
0.0404763  178
0.0405338  21
0.0405922  141
0.04078  64
0.0409114  175
0.0410042  99
0.0410217  63
0.0411069  327
0.0411107  109
0.0411326  88
0.0411455  154
0.0412167  317
0.0412573  336
0.041282  342
0.0414691  15
0.0415458  373
0.0415471  320
0.0415637  104
0.0415872  263
0.0416074  36
0.041621  195
0.0416919  139
0.0416962  369
0.0417985  384
0.0418036  377
0.0418133  20
0.0418177  380
0.0418322  318
0.0418434  329
0.0418456  249
0.0418534  275
0.0418577  220
0.0419099  363
0.0419099  257
0.0419141  71
0.0419343  283
0.041954  273
0.0420054  346
0.0420097  241
0.0420974  8
0.0421374  246
0.0421522  68
0.0421811  44
0.0421835  345
0.0421894  333
0.0421923  367
0.0421938  390
0.0421951  382
0.0422269  143
0.0422345  128
0.0422723  375
0.0422768  337
0.0422848  58
0.0422878  222
0.0422925  162
0.0423033  358
0.0423169  26
0.0423169  81
0.0423591  214
0.0423711  286
0.0423829  319
0.0424627  23
0.0424886  242
0.0424902  364
0.0424983  395
0.0425195  394
0.042526  207
0.042541  316
0.0425442  271
0.0425698  46
0.0425721  39
0.0426041  121
0.0426324  22
0.0426332  397
0.0426333  334
0.0426357  65
0.0426371  378
0.0426505  340
0.0426689  341
0.042696  299
0.0427347  251
0.0427448  313
0.0427562  229
0.0427926  351
0.0428063  182
0.0428133  312
0.0428239  362
0.0428444  93
0.0428451  160
0.0428573  6
0.0428811  134
0.042889  332
0.0428958  227
0.0428977  389
0.04291  279
0.0429243  326
0.0429483  297
0.0429491  180
0.0429534  185
0.0429648  211
0.0429963  158
0.0430016  295
0.0430032  348
0.0430035  352
0.0430062  292
0.043016  344
0.0430273  388
0.0430346  125
0.0430648  113
0.0430742  281
0.0430765  173
0.0430889  396
0.0430907  47
0.043091  152
0.043094  379
0.0430994  94
0.0431112  335
0.04313  87
0.0431477  236
0.0431506  349
0.043156  55
0.0431597  259
0.0431801  206
0.0431991  148
0.0432031  219
0.0432145  108
0.043234  239
0.0432407  190
0.0432519  9
0.0432532  323
0.0432547  269
0.0432573  203
0.0432631  31
0.043264  188
0.0432657  198
0.0432725  398
0.0432848  167
0.0432851  304
0.0432855  216
0.0432998  137
0.043312  224
0.043313  157
0.0433281  324
0.0433508  0
0.043353  338
0.043356  387
0.0433579  305
0.0433624  315
0.0433746  181
0.0433749  187
0.0433773  376
0.0433811  110
0.0433934  92
0.0433986  301
0.0433993  136
0.0434321  127
0.0434424  101
0.0434457  254
0.0434592  197
0.0434626  13
0.0434691  83
0.0434695  153
0.0434811  386
0.043482  201
0.0434929  368
0.0434939  61
0.0435  166
0.0435046  116
0.0435081  80
0.0435135  186
0.0435158  70
0.0435173  355
0.0435224  322
0.0435335  347
0.0435371  240
0.0435393  115
0.0435426  331
0.0435432  370
0.0435584  120
0.0435597  106
0.0435707  293
0.0435787  95
0.0435839  193
0.043588  59
0.0435882  117
0.043591  42
0.0435941  285
0.0435945  232
0.0436043  226
0.0436314  391
0.0436348  381
0.0436349  289
0.0436552  77
0.0436668  359
0.0436725  132
0.0436791  372
0.0436849  118
0.043685  365
0.0436862  311
0.0436874  343
0.0436976  174
0.0436982  111
0.0436986  57
0.0436988  107
0.0437054  191
0.0437061  24
0.0437079  308
0.043709  5
0.0437242  330
0.0437254  276
0.0437297  266
0.0437356  230
0.0437474  277
0.0437476  262
0.0437558  130
0.0437618  33
0.0437663  76
0.0437667  383
0.043773  325
0.0437738  371
0.0437767  49
0.0437786  30
0.0437853  2
0.0437971  354
0.0437999  298
0.0438107  112
0.0438407  399
0.0438461  151
0.0438492  282
0.0438534  321
0.0438583  302
0.0438622  168
0.0438722  62
0.0438732  243
0.0438872  290
0.043891  339
0.0439162  309
0.0439264  50
0.0439369  129
0.0439492  90
0.0439511  307
0.0439558  189
0.043967  52
0.0439674  306
0.0439678  231
0.0439793  72
0.0439869  294
0.0440011  314
0.0440046  287
0.0440049  248
0.0440098  244
0.0440124  194
0.0440181  228
0.0440248  360
0.044057  310
0.0440601  69
0.044064  155
0.044101  7
0.044108  29
0.0441146  165
0.0441345  238
0.0441398  392
0.0441662  98
0.0441692  221
0.0441762  385
0.0441872  37
0.044192  144
0.0441935  19
0.0442011  264
0.0442053  237
0.0442125  138
0.0442172  45
0.0442184  102
0.0442217  82
0.0442262  284
0.0442291  163
0.0442318  147
0.0442474  177
0.0442603  233
0.0442696  133
0.0442807  91
0.0442825  374
0.0442912  200
0.0442913  10
0.0442985  176
0.0443028  350
0.0443218  149
0.0443313  278
0.0443348  142
0.0443388  84
0.0443431  122
0.0443728  205
0.0444143  126
0.0444148  74
0.0444198  114
0.0444427  328
0.0444465  183
0.0444628  268
0.0444642  48
0.0444696  300
0.0444707  356
0.0444896  234
0.0445062  208
0.0445093  78
0.0445295  353
0.0445468  16
0.0445508  265
0.0445592  53
0.0445663  161
0.044607  124
0.044617  66
0.044641  25
0.0446421  225
0.0446729  67
0.0447122  54
0.0447237  86
0.044729  357
0.044737  28
0.0447505  223
0.0447579  296
0.0447759  280
0.0447803  192
0.0448225  361
0.0448491  79
0.0448564  159
0.0448613  170
0.0448653  38
0.044868  212
0.044903  267
0.0449269  253
0.0449336  18
0.044938  156
0.0449398  150
0.044948  41
0.0449491  169
0.0449523  260
0.0449595  100
0.0449739  75
0.0450224  27
0.0450434  258
0.0450646  131
0.0450718  85
0.0451148  40
0.0451403  196
0.0451404  17
0.0451514  105
0.0451781  171
0.0451873  135
0.0452152  179
0.0452334  209
0.0453217  97
0.0453266  215
0.0453647  119
0.0453938  247
0.0454  288
0.0454229  140
0.0454978  274
0.0455202  35
0.0455982  60
0.0456145  96
0.0456816  250
0.0457148  199
0.0457363  213
0.0457464  89
0.0457467  14
0.0457549  270
0.0457665  103
0.0457892  164
0.0457895  204
0.0458167  43
0.0458278  272
0.0459679  210
0.0460807  145
0.0460838  217
0.0461364  255
0.0462059  4
0.0462093  73
0.0462775  235
0.0462785  256
0.0463008  56
0.0464056  11
0.0464809  202
0.0467481  3
0.0468351  185
0.0469073  397
0.0469896  32
0.0470387  152
0.0471358  1
0.0472031  314
0.0472119  362
0.0472551  340
0.0472706  333
0.0474567  364
0.0474593  316
0.0475242  367
0.0475396  393
0.0475472  334
0.047564  385
0.0476584  303
0.0477279  377
0.047747  51
0.0477573  379
0.0478157  341
0.0478849  382
0.0479185  305
0.0479694  343
0.0479843  336
0.0479876  332
0.0480088  329
0.0480745  19
0.0481694  371
0.0481935  350
0.0482162  218
0.0483064  261
0.0483822  349
0.0485275  389
0.0486363  194
0.0487015  44
0.0487505  312
0.0491194  376
0.0491865  356
0.0493183  396
0.0493589  34
0.0494377  99
0.0494456  346
0.0495207  115
0.0496925  384
0.0497909  239
0.0497969  211
0.0499716  155
0.050105  287
0.0501712  263
0.0501776  302
0.0502269  184
0.0503993  315
0.0504514  335
0.0509164  222
0.0510112  172
0.0512147  154
0.0512599  395
0.0514211  21
0.0515302  26
0.0516323  216
0.0516841  123
0.0517774  83
0.0522843  252
0.0523212  23
0.0529432  188
0.0538212  383
0.0538428  125
0.0539683  2
0.0542593  228
0.0545733  357
0.0548356  318
0.0548974  361
0.0552521  146
0.0556905  255
0.0570689  387
0.0571358  325
0.0575295  162
0.0580739  377
0.0584159  282
0.0584582  353
0.0585373  157
0.0585917  11
0.0586908  232
0.0596255  85
0.0597404  262
0.0607952  131
0.0620612  80
0.0624373  241
0.0627929  333
0.0633198  175
0.0633718  321
0.0642387  322
0.0651103  316
0.0651647  81
0.0661152  143
0.0677456  284
0.0684843  160
0.069235  390
0.069686  331
0.0701593  304
0.0704474  350
0.0709239  54
0.0723598  206
0.0739916  340
0.074152  364
0.0742753  359
0.0745442  327
0.0752752  373
0.0753487  397
0.0765871  251
0.0768839  393
0.077451  345
0.0776305  176
0.079222  111
0.0792971  328
0.0797826  88
0.0803324  12
0.0808449  302
0.0811187  207
0.0812625  46
0.0833239  174
0.0835055  15
0.0844776  303
0.0844784  230
0.0858172  242
0.0858896  360
0.0859357  75
0.0861373  1
0.0864794  307
0.0869946  367
0.0872915  96
0.0875346  313
0.0877719  59
0.0878217  5
0.0881109  185
0.0881792  311
0.0882279  365
0.088358  217
0.0888936  121
0.088927  87
0.0893059  240
0.0893124  300
0.0895909  139
0.0896232  362
0.0898035  279
0.0899251  374
0.0899824  371
0.0901249  389
0.090583  43
0.0907496  369
0.0909436  380
0.0921159  320
0.0922619  71
0.0924013  335
0.0927015  245
0.0933364  4
0.0934319  315
0.0936411  294
0.0937172  39
0.093832  265
0.0939185  229
0.0941565  338
0.0942094  256
0.0944918  354
0.094519  317
0.0946864  199
0.0949216  324
0.0954187  50
0.0956371  235
0.0956489  337
0.095695  299
0.0957327  332
0.0957356  126
0.0962073  310
0.0963998  67
0.0964368  381
0.0964745  213
0.096635  168
0.0966784  306
0.0967702  334
0.096816  129
0.0968207  351
0.0968314  384
0.0968726  375
0.0969001  195
0.096957  281
0.0972575  319
0.0972873  64
0.0976262  124
0.0977041  30
0.0977537  392
0.0979925  370
0.0980051  343
0.0981576  363
0.0984562  68
0.098758  301
0.0988417  45
0.0988907  399
0.0990343  349
0.099486  368
0.0998084  372
0.0998921  318
0.100266  326
0.100403  204
0.100544  379
0.100692  388
0.100788  396
0.101435  47
0.102168  376
0.102419  32
0.102502  62
0.10276  198
0.102802  323
0.104299  227
0.104368  361
0.104995  387
0.105038  344
0.105357  394
0.105496  314
0.105574  141
0.105787  14
0.107096  77
0.107176  366
0.107334  305
0.107339  166
0.108406  385
0.109579  346
0.110558  342
0.110749  237
0.110858  347
0.111075  272
0.111269  233
0.1125  200
0.113055  348
0.114076  339
0.114095  325
0.11554  84
0.115917  309
0.115925  386
0.116925  378
0.117243  304
0.118189  353
0.118572  271
0.119419  395
0.120105  257
0.121207  398
0.122249  357
0.122404  336
0.123083  79
0.123893  321
0.124809  341
0.12569  356
0.126538  118
0.126589  292
0.127573  222
0.128623  364
0.128983  13
0.129323  291
0.129749  203
0.130259  42
0.130741  153
0.130758  205
0.130798  20
0.130803  95
0.130958  31
0.131118  91
0.131371  105
0.131431  352
0.131491  196
0.131581  330
0.131708  16
0.131726  358
0.131798  316
0.131873  273
0.132039  283
0.132348  223
0.132433  86
0.132446  41
0.132458  373
0.132517  164
0.132648  333
0.132648  93
0.132668  286
0.132748  303
0.13296  108
0.13302  382
0.133189  25
0.133293  116
0.133404  393
0.133447  340
0.133824  300
0.133871  149
0.134008  135
0.134089  383
0.134227  74
0.134248  390
0.134465  58
0.134532  7
0.134608  355
0.134695  246
0.134709  317
0.134871  80
0.134894  165
0.134908  130
0.135019  184
0.135083  21
0.135283  295
0.135386  55
0.135397  76
0.13542  178
0.13551  123
0.135528  260
0.135553  104
0.135605  207
0.135623  109
0.135771  367
0.135776  308
0.135778  274
0.135804  173
0.135951  359
0.136073  350
0.136124  381
0.13621  35
0.136303  219
0.136359  151
0.136477  88
0.136541  27
0.136551  338
0.136561  94
0.136598  377
0.136624  258
0.136696  214
0.136699  391
0.136755  320
0.136764  73
0.136798  365
0.136829  145
0.136836  322
0.137136  315
0.137138  131
0.137166  92
0.137172  327
0.137262  19
0.137427  234
0.137556  0
0.137577  56
0.137592  329
0.137609  180
0.137622  252
0.137667  143
0.137809  389
0.137894  324
0.137905  191
0.138163  211
0.138305  138
0.138431  136
0.138465  345
0.138557  3
0.138608  302
0.138645  157
0.138756  270
0.138825  97
0.139006  181
0.139107  380
0.139196  63
0.139482  238
0.139504  335
0.139607  101
0.139654  125
0.139708  312
0.139753  61
0.13988  374
0.139892  24
0.139924  155
0.140073  156
0.140235  98
0.140287  78
0.140527  120
0.140615  99
0.14062  239
0.140631  372
0.14064  36
0.140674  176
0.140693  326
0.140729  187
0.140767  23
0.140797  202
0.140805  261
0.140808  40
0.140808  397
0.140932  251
0.140952  89
0.141012  37
0.141014  182
0.141097  66
0.141114  399
0.141136  332
0.141177  208
0.141293  262
0.141298  241
0.141316  112
0.141362  133
0.141363  361
0.141456  210
0.141536  199
0.14156  349
0.141612  362
0.141643  195
0.14174  235
0.141754  371
0.141795  225
0.141823  307
0.141828  331
0.141882  8
0.141925  343
0.142  30
0.142009  334
0.142047  190
0.142083  33
0.142105  369
0.142138  376
0.142265  268
0.14227  49
0.142294  254
0.142439  17
0.142455  337
0.142457  354
0.142544  161
0.142609  114
0.142629  132
0.142638  44
0.142645  379
0.142666  200
0.142734  107
0.142754  134
0.142764  212
0.142827  226
0.142856  386
0.142893  306
0.142926  137
0.142951  301
0.142976  289
0.142981  388
0.14299  375
0.143056  90
0.143064  366
0.143099  280
0.143131  240
0.14317  328
0.143198  346
0.143227  323
0.143258  48
0.143275  287
0.143323  368
0.143352  269
0.143368  288
0.143444  310
0.143475  277
0.143588  318
0.143609  34
0.143625  311
0.143628  106
0.143706  12
0.143732  247
0.143752  282
0.143803  325
0.143814  146
0.143894  357
0.143934  360
0.143956  85
0.143978  395
0.144015  309
0.144056  69
0.144069  276
0.144098  60
0.14414  351
0.144205  348
0.144244  194
0.144245  363
0.144245  298
0.144277  370
0.144314  177
0.144359  385
0.144414  75
0.14443  70
0.144445  152
0.144453  81
0.14447  297
0.144508  46
0.144576  220
0.144591  29
0.144644  384
0.144665  163
0.1447  230
0.144735  387
0.144833  201
0.14484  171
0.14498  396
0.145007  62
0.145013  341
0.145166  364
0.145254  347
0.145337  96
0.145353  257
0.145374  314
0.145374  316
0.145385  249
0.145413  179
0.145487  227
0.145532  313
0.145534  209
0.145652  305
0.145768  139
0.145822  54
0.145854  344
0.145857  72
0.14592  168
0.146006  245
0.146008  111
0.146034  129
0.146062  275
0.146227  15
0.146246  339
0.146284  394
0.146326  110
0.146345  255
0.146499  232
0.146503  162
0.146632  144
0.146636  68
0.146644  378
0.146728  236
0.146859  140
0.14691  392
0.147099  160
0.147133  319
0.14718  340
0.147192  391
0.147232  147
0.147345  45
0.14742  336
0.147446  41
0.147508  296
0.147511  185
0.147725  83
0.147728  253
0.147767  321
0.147798  383
0.147904  6
0.147992  317
0.148003  102
0.148032  356
0.148364  353
0.148501  206
0.148612  244
0.14864  52
0.148751  333
0.14905  50
0.149063  154
0.149132  150
0.14914  285
0.149167  186
0.149263  87
0.149695  175
0.149703  193
0.149722  342
0.149734  304
0.149747  398
0.149895  315
0.149912  355
0.149927  192
0.149942  2
0.149969  272
0.150027  303
0.150368  84
0.150451  158
0.150452  174
0.150469  198
0.150479  16
0.150573  117
0.150632  204
0.15068  265
0.15078  216
0.150835  42
0.150865  215
0.151088  14
0.151236  169
0.151363  330
0.151415  119
0.15149  148
0.151503  324
0.151518  338
0.151578  167
0.151579  382
0.15158  389
0.151675  300
0.151738  170
0.151741  28
0.151795  231
0.151826  181
0.151845  345
0.152048  141
0.152229  390
0.152623  259
0.152623  180
0.152753  320
0.152763  26
0.152836  328
0.152865  365
0.15288  266
0.152958  188
0.152988  373
0.153004  136
0.15316  381
0.153406  100
0.15344  311
0.153599  128
0.153652  393
0.153668  53
0.153709  221
0.153753  39
0.153809  399
0.153875  284
0.153961  183
0.154105  380
0.154699  218
0.154761  82
0.155048  18
0.15514  237
0.155159  352
0.15544  358
0.155566  322
0.155802  20
0.155919  189
0.155953  359
0.156295  372
0.156612  369
0.156674  349
0.15746  59
0.157568  341
0.157911  377
0.15805  243
0.158818  335
0.158901  366
0.159797  76
0.160753  223
0.160913  278
0.161392  329
0.163917  350
0.16423  331
0.164796  8
0.164988  319
0.165441  308
0.165606  337
0.166286  256
0.166529  374
0.16824  109
0.168691  233
0.170078  388
0.170812  343
0.171225  327
0.171656  142
0.17277  318
0.173155  367
0.173472  307
0.173869  323
0.174874  31
0.174992  242
0.177364  325
0.17981  67
0.180994  326
0.181457  397
0.181474  306
0.181536  57
0.181771  254
0.183443  3
0.183524  339
0.183842  344
0.184504  394
0.185123  312
0.185345  332
0.18593  274
0.18606  228
0.186443  217
0.18741  301
0.187549  260
0.188865  362
0.189189  391
0.189415  347
0.189753  355
0.189937  368
0.190517  64
0.190548  213
0.190579  316
0.190635  346
0.191569  390
0.191983  9
0.192013  80
0.192058  47
0.19211  354
0.192262  383
0.192911  283
0.193948  292
0.194345  321
0.194505  263
0.195209  384
0.196233  267
0.197476  303
0.1976  334
0.197767  363
0.198943  371
0.199115  361
0.19921  74
0.201294  279
0.201734  294
0.201781  385
0.202656  159
0.203508  311
0.204292  364
0.204588  370
0.205167  122
0.209313  357
0.21004  333
0.210856  222
0.212014  310
0.212086  166
0.212832  11
0.212954  329
0.212968  197
0.213022  10
0.213498  396
0.213521  219
0.213522  240
0.213729  130
0.213865  73
0.213941  62
0.214205  58
0.214703  238
0.214813  255
0.214837  398
0.214859  288
0.214911  157
0.214916  43
0.214965  261
0.215057  56
0.21508  191
0.215169  375
0.215171  378
0.215184  275
0.215246  313
0.215284  302
0.215319  25
0.215363  365
0.215365  49
0.215383  360
0.215483  234
0.215491  164
0.215619  291
0.215628  345
0.215732  328
0.216116  146
0.21619  248
0.216201  336
0.21622  204
0.216275  212
0.216292  380
0.216319  69
0.216354  103
0.216375  351
0.21639  32
0.21644  341
0.216533  114
0.216547  71
0.216548  40
0.216623  226
0.216836  290
0.216902  86
0.216967  348
0.217077  314
0.217094  77
0.217234  190
0.217314  0
0.217317  395
0.21732  144
0.217369  379
0.217382  251
0.217405  386
0.217409  35
0.217496  22
0.21751  352
0.217623  178
0.217631  167
0.217722  239
0.217784  342
0.217858  1
0.217945  300
0.217992  317
0.218018  273
0.218052  358
0.218123  151
0.218162  200
0.218177  94
0.218218  337
0.218243  343
0.218456  299
0.218531  33
0.218546  155
0.218756  286
0.21876  124
0.218786  132
0.218806  241
0.218852  373
0.21887  99
0.218961  280
0.219008  115
0.219118  163
0.219258  133
0.219303  37
0.219306  353
0.219329  369
0.21935  196
0.219386  131
0.219431  320
0.219476  30
0.219509  91
0.219522  372
0.219578  305
0.219741  181
0.21977  20
0.219791  399
0.21981  98
0.219866  264
0.219899  340
0.219926  21
0.21996  13
0.219973  276
0.220017  325
0.220043  28
0.220082  189
0.220133  84
0.220157  376
0.220157  315
0.220191  349
0.22021  126
0.220211  149
0.220296  113
0.220346  335
0.220382  388
0.220389  374
0.220415  387
0.220448  100
0.22046  304
0.220703  324
0.220828  281
0.220837  392
0.220886  121
0.220906  59
0.220915  271
0.220915  332
0.220956  397
0.221169  89
0.221178  322
0.221248  389
0.221251  224
0.221278  36
0.221285  111
0.221489  93
0.221534  338
0.221592  15
0.221626  139
0.221749  7
0.221787  51
0.221828  383
0.221862  229
0.221889  308
0.221962  368
0.222061  223
0.222076  138
0.222087  359
0.222171  362
0.222216  207
0.222257  152
0.222261  344
0.222308  347
0.22231  377
0.22233  393
0.222346  382
0.222405  277
0.222406  249
0.22243  55
0.222491  12
0.222502  284
0.222507  171
0.222519  72
0.222585  208
0.222589  331
0.222612  78
0.222657  236
0.222665  221
0.222719  256
0.222731  285
0.222769  153
0.222808  293
0.222935  366
0.222963  334
0.223002  319
0.223065  330
0.223139  350
0.223174  394
0.223204  339
0.223306  70
0.223322  356
0.223332  117
0.223368  161
0.223389  326
0.22344  252
0.223514  135
0.223544  184
0.223716  321
0.223746  186
0.223784  110
0.223791  66
0.223864  381
0.223922  206
0.22398  390
0.224073  6
0.224133  17
0.224142  174
0.224159  309
0.224174  156
0.224213  258
0.224215  201
0.22437  120
0.224555  172
0.224579  327
0.224588  85
0.224603  346
0.224613  214
0.224618  301
0.224642  318
0.224906  333
0.224909  287
0.224938  310
0.224969  158
0.225095  108
0.225127  307
0.225227  323
0.225512  106
0.225717  154
0.225746  19
0.22576  262
0.22579  306
0.225848  303
0.225878  391
0.225938  351
0.226018  5
0.226101  112
0.22617  225
0.226228  270
0.2264  298
0.226718  107
0.226966  145
0.227231  367
0.227273  125
0.227438  170
0.227476  215
0.227495  61
0.227577  105
0.227941  363
0.227983  371
0.228006  385
0.228025  187
0.228149  384
0.228172  65
0.22833  54
0.228437  283
0.228649  354
0.228724  220
0.228799  329
0.229188  311
0.229355  250
0.229416  8
0.229711  312
0.22976  140
0.229778  173
0.229886  90
0.229987  316
0.230004  123
0.230128  357
0.2305  289
0.230625  355
0.230647  165
0.230786  26
0.230811  396
0.230847  48
0.230955  272
0.231001  213
0.231078  45
0.231087  198
0.231117  364
0.23123  386
0.231445  96
0.231869  47
0.232048  4
0.233032  148
0.233189  75
0.233197  41
0.233656  263
0.233823  116
0.23413  361
0.234238  101
0.234881  259
0.235038  378
0.235172  372
0.235328  97
0.235513  314
0.235992  320
0.236963  27
0.237395  313
0.237452  380
0.237826  79
0.237973  349
0.238092  342
0.238365  142
0.23878  118
0.240023  216
0.240044  297
0.240461  399
0.240888  340
0.24125  343
0.241439  321
0.241643  370
0.242263  57
0.242525  167
0.242775  322
0.24412  137
0.244461  244
0.244484  300
0.24476  382
0.245972  379
0.246215  279
0.246423  338
0.246939  88
0.247007  345
0.247732  268
0.248056  211
0.248676  352
0.249253  292
0.249626  360
0.251094  246
0.251129  218
0.251489  193
0.251952  348
0.252395  84
0.253237  294
0.253387  393
0.253973  192
0.254214  31
0.254418  395
0.254424  159
0.255144  392
0.255653  175
0.256379  398
0.256487  254
0.256591  150
0.256708  251
0.256709  296
0.257463  334
0.257611  394
0.258142  324
0.258751  219
0.258757  326
0.258763  333
0.259028  16
0.259282  243
0.259375  76
0.259429  227
0.259867  365
0.26004  199
0.260202  305
0.260207  66
0.260278  390
0.260334  235
0.260667  330
0.26075  295
0.260825  376
0.260877  362
0.260943  317
0.261289  337
0.261336  63
0.261446  366
0.261651  44
0.26184  301
0.262553  350
0.262622  2
0.262623  335
0.262658  353
0.26267  308
0.263076  388
0.263532  92
0.263588  367
0.264052  375
0.264263  358
0.264549  282
0.264737  374
0.264772  189
0.265953  188
0.265992  275
0.266358  24
0.267523  169
0.267659  318
0.267744  231
0.267836  183
0.268666  341
0.268925  310
0.269938  319
0.270375  28
0.271256  242
0.272191  368
0.272439  14
0.273069  356
0.273315  266
0.273813  280
0.274014  152
0.274189  327
0.27424  157
0.274447  302
0.275064  383
0.275095  391
0.275344  29
0.275614  139
0.27571  315
0.276173  397
0.276775  325
0.277451  307
0.278803  304
0.27897  39
0.279028  384
0.279363  328
0.279404  361
0.27955  377
0.27983  339
0.279933  233
0.280595  381
0.280872  245
0.280882  247
0.280971  143
0.281181  133
0.281193  351
0.281672  202
0.281722  359
0.282024  347
0.282628  336
0.282925  106
0.283221  316
0.283271  261
0.283612  306
0.284859  3
0.285098  212
0.285131  340
0.285221  58
0.285482  309
0.285729  124
0.285818  127
0.28608  332
0.286183  396
0.28621  387
0.286254  331
0.28645  389
0.287008  205
0.287849  364
0.288971  380
0.2891  149
0.289274  185
0.289716  269
0.290078  197
0.291296  23
0.291325  354
0.291993  382
0.292132  320
0.292529  369
0.292847  379
0.293084  129
0.294124  209
0.294132  187
0.294186  229
0.294647  104
0.294774  312
0.29481  102
0.295274  22
0.295387  10
0.296067  160
0.296625  200
0.296881  285
0.297009  113
0.297021  119
0.297655  64
0.297992  80
0.298033  81
0.298045  345
0.2982  373
0.298289  89
0.298472  240
0.298555  363
0.298564  321
0.298677  140
0.298771  128
0.299366  386
0.299589  177
0.29964  322
0.299681  155
0.299692  355
0.299694  329
0.299852  53
0.299942  46
0.300062  257
0.300079  303
0.300155  8
0.300176  314
0.300196  385
0.300221  210
0.300512  252
0.300622  349
0.30101  136
0.301137  130
0.301276  114
0.301524  346
0.30183  357
0.301929  228
0.301984  204
0.302278  392
0.302507  323
0.303422  236
0.303816  146
0.30415  311
0.304214  333
0.304348  12
0.304564  101
0.30473  360
0.304751  9
0.304752  158
0.304889  313
0.304948  234
0.305088  288
0.305136  370
0.305167  343
0.305513  1
0.305528  201
0.305652  344
0.305753  260
0.305923  226
0.305965  224
0.306028  178
0.306293  319
0.306524  30
0.306548  93
0.306604  358
0.306911  310
0.30694  221
0.306983  342
0.307363  103
0.307482  324
0.307538  371
0.307964  274
0.30804  273
0.308079  300
0.308098  317
0.308304  365
0.308457  287
0.308539  334
0.308599  330
0.308642  301
0.308666  203
0.30887  255
0.309061  250
0.30948  62
0.309641  208
0.309862  326
0.310002  378
0.310108  338
0.310176  111
0.310197  186
0.31022  239
0.310624  61
0.310695  65
0.310902  399
0.311012  376
0.31114  374
0.31148  194
0.312212  350
0.312279  28
0.312522  315
0.312548  43
0.312719  122
0.31279  281
0.312885  348
0.312966  398
0.312966  337
0.313212  168
0.313479  135
0.313793  49
0.313821  391
0.314024  353
0.314278  395
0.314403  390
0.314494  327
0.314679  393
0.315273  372
0.315506  15
0.315549  325
0.316807  57
0.316918  248
0.317115  375
0.31746  383
0.31856  302
0.319548  384
0.319792  36
0.320155  79
0.320307  179
0.320349  176
0.320773  132
0.321069  316
0.321222  366
0.321255  138
0.32138  195
0.32194  388
0.322303  309
0.322306  60
0.323009  361
0.324106  359
0.324157  220
0.324222  181
0.324278  318
0.324638  237
0.325  307
0.325193  335
0.325239  4
0.325517  305
0.32571  340
0.326438  148
0.327317  189
0.327343  86
0.327538  272
0.327926  166
0.327963  352
0.328451  341
0.328597  387
0.3303  134
0.330317  164
0.330758  332
0.330902  336
0.33167  265
0.332236  367
0.3327  369
0.332858  95
0.333042  97
0.333459  394
0.333773  192
0.33465  308
0.334732  339
0.334976  389
0.335774  296
0.336027  351
0.336186  356
0.336566  290
0.336755  379
0.337093  227
0.337165  198
0.337334  120
0.338142  20
0.33854  377
0.338615  202
0.338788  286
0.339093  121
0.339702  77
0.339742  11
0.339969  253
0.340533  276
0.34075  196
0.340985  357
0.34101  99
0.341084  38
0.341663  364
0.341703  123
0.341703  243
0.341915  209
0.341928  37
0.342122  163
0.342366  190
0.342617  14
0.342648  362
0.342845  241
0.342949  370
0.343067  246
0.34317  68
0.343177  322
0.343472  298
0.343512  328
0.343703  75
0.343811  117
0.343865  216
0.343892  213
0.344045  182
0.344412  277
0.344486  151
0.344619  222
0.344621  382
0.344646  381
0.344668  386
0.344859  303
0.34491  323
0.345163  311
0.345404  363
0.345663  48
0.345758  71
0.345766  293
0.345771  346
0.345788  180
0.345814  245
0.345906  320
0.345952  42
0.345994  306
0.345997  267
0.346146  17
0.346162  162
0.346234  331
0.346305  266
0.347039  27
0.347079  259
0.347094  56
0.34732  66
0.347686  315
0.347746  59
0.347849  347
0.347886  368
0.347894  321
0.348083  355
0.348101  108
0.348242  342
0.348281  373
0.348348  109
0.348413  314
0.348565  337
0.348815  83
0.34894  329
0.349006  344
0.349449  317
0.349667  300
0.349676  297
0.350112  90
0.350227  143
0.35026  13
0.350492  184
0.350618  94
0.350671  312
0.350724  230
0.350866  74
0.350953  396
0.351184  291
0.351448  360
0.351916  264
0.352018  88
0.352022  223
0.352227  251
0.352319  380
0.352496  365
0.352512  390
0.352598  345
0.352621  325
0.352774  155
0.352789  25
0.353047  278
0.353111  175
0.353117  160
0.353126  34
0.353158  313
0.35324  232
0.353546  324
0.353579  167
0.353598  133
0.353752  262
0.353759  330
0.353767  6
0.353952  256
0.354025  47
0.354073  392
0.35414  268
0.354302  304
0.354342  302
0.354378  217
0.354443  399
0.354946  229
0.354996  106
0.355019  359
0.355184  100
0.355258  375
0.355267  319
0.355374  333
0.355442  197
0.355494  147
0.355603  398
0.355622  343
0.355727  159
0.355843  41
0.356169  154
0.35629  371
0.356317  125
0.356556  73
0.356578  349
0.356585  21
0.356634  318
0.356699  150
0.356718  301
0.356734  378
0.356932  234
0.35694  307
0.356944  354
0.357524  388
0.357696  169
0.357786  51
0.358018  174
0.358049  218
0.358066  310
0.358119  52
0.358205  214
0.35824  385
0.35826  332
0.358278  393
0.358391  316
0.358498  376
0.358744  338
0.359021  279
0.359022  366
0.359077  97
0.359331  353
0.35934  326
0.359486  383
0.359602  24
0.359661  76
0.359975  113
0.361064  395
0.3611  270
0.361243  372
0.361572  299
0.361874  350
0.3624  261
0.362468  394
0.362767  206
0.363023  114
0.363029  352
0.363333  5
0.363508  199
0.364593  389
0.364642  248
0.364703  374
0.366154  397
0.366234  391
0.366334  275
0.3669  57
0.366907  327
0.367694  9
0.368022  323
0.368183  118
0.368302  340
0.36914  336
0.369631  43
0.370097  341
0.370337  32
0.371557  215
0.372513  379
0.373969  369
0.374561  62
0.377522  119
0.377702  33
0.377788  334
0.377892  50
0.377924  191
0.379119  377
0.379267  295
0.379495  39
0.380187  225
0.380474  116
0.380725  110
0.38124  131
0.381527  172
0.381625  210
0.382454  194
0.382533  28
0.38292  328
0.382964  176
0.383338  308
0.383846  26
0.384332  361
0.38502  157
0.385253  335
0.385488  81
0.385598  219
0.385768  171
0.385815  370
0.385986  201
0.386137  351
0.386177  72
0.3866  367
0.387373  140
0.387655  141
0.387673  64
0.387743  339
0.388182  382
0.388281  177
0.388341  207
0.388369  153
0.388375  348
0.388539  358
0.388569  79
0.388637  93
0.3887  188
0.388702  44
0.388856  347
0.388862  305
0.388934  55
0.389057  139
0.389282  356
0.389406  368
0.389527  373
0.389553  3
0.389619  7
0.38967  127
0.389704  242
0.389946  12
0.390018  238
0.390112  179
0.390166  69
0.39031  38
0.390341  386
0.390477  282
0.390567  233
0.390619  92
0.391202  183
0.391257  255
0.391294  329
0.391329  342
0.391361  204
0.391394  320
0.391447  315
0.391469  363
0.391513  384
0.391712  36
0.391713  170
0.391759  103
0.391818  396
0.392147  105
0.3922  181
0.392232  161
0.392385  317
0.392512  354
0.392597  35
0.392643  173
0.392705  158
0.392761  303
0.392805  6
0.392822  311
0.392925  115
0.393025  67
0.393099  350
0.393262  61
0.393307  31
0.393324  304
0.393332  324
0.393337  309
0.393353  283
0.393359  366
0.393402  322
0.393423  185
0.393442  346
0.393452  387
0.393499  390
0.393658  211
0.393665  18
0.393712  240
0.393732  102
0.393945  357
0.394183  45
0.394237  129
0.39428  54
0.394282  121
0.394495  0
0.394621  318
0.394662  19
0.394882  71
0.395009  77
0.395091  359
0.395104  123
0.395112  86
0.395168  355
0.395219  239
0.395289  312
0.395457  203
0.395516  130
0.395565  151
0.395601  289
0.395613  40
0.395658  220
0.395691  331
0.395926  284
0.395927  208
0.395959  316
0.396033  381
0.396166  321
0.396339  306
0.396396  302
0.396445  87
0.396468  365
0.396488  17
0.396542  394
0.396583  333
0.396635  286
0.396684  313
0.396723  307
0.396948  271
0.396984  124
0.397384  392
0.397446  397
0.397453  362
0.397587  360
0.397657  247
0.397663  152
0.397694  65
0.397755  385
0.397759  344
0.397915  269
0.398264  257
0.398284  380
0.398571  94
0.398599  378
0.398692  2
0.398708  260
0.398945  53
0.399137  58
0.399165  332
0.39947  270
0.399558  288
0.39956  399
0.399568  376
0.399599  364
0.399928  337
0.39998  395
0.40005  383
0.400058  15
0.400063  353
0.400253  178
0.400294  75
0.400517  297
0.400538  371
0.400556  98
0.400582  325
0.400676  314
0.401011  398
0.401217  258
0.401306  327
0.401502  338
0.401609  293
0.401704  251
0.401796  326
0.401976  375
0.402015  374
0.402056  388
0.402245  104
0.402263  301
0.402338  147
0.402418  349
0.402466  21
0.402607  228
0.402616  248
0.403674  323
0.403756  205
0.403945  142
0.40415  379
0.404317  336
0.404469  377
0.404632  84
0.404845  222
0.405957  226
0.405995  145
0.406206  367
0.406378  372
0.407065  345
0.407735  300
0.407757  146
0.408525  393
0.409801  241
0.410538  370
0.412384  221
0.4124  330
0.414817  343
0.416601  290
0.416779  391
0.416835  334
0.416948  202
0.417746  319
0.418568  252
0.419379  352
0.419707  389
0.42163  227
0.421816  4
0.422767  232
0.424815  310
0.42489  361
0.425629  206
0.425931  187
0.426157  231
0.426186  224
0.426261  369
0.42661  29
0.426957  213
0.427675  274
0.427882  95
0.427957  234
0.428233  396
0.429215  387
0.429254  294
0.429267  193
0.429356  263
0.429363  216
0.429383  82
0.429655  164
0.430218  351
0.430393  133
0.430816  340
0.430991  125
0.431224  298
0.431422  335
0.4315  275
0.43166  68
0.431793  246
0.431797  354
0.432059  305
0.432223  302
0.432255  262
0.43246  341
0.432466  236
0.433288  273
0.433899  214
0.434383  280
0.434384  368
0.43452  347
0.434973  189
0.435145  156
0.435521  324
0.435641  199
0.435855  188
0.436247  126
0.436272  73
0.436363  120
0.437369  57
0.437438  325
0.437505  329
0.437558  318
0.437712  348
0.43779  138
0.437794  254
0.437808  212
0.43847  52
0.43848  166
0.438694  149
0.438766  136
0.438947  30
0.438988  27
0.438999  250
0.439057  328
0.439079  209
0.4391  174
0.439191  267
0.439364  103
0.43937  277
0.439486  244
0.439588  358
0.439616  245
0.439774  339
0.439796  331
0.439825  66
0.439849  399
0.439862  307
0.439922  60
0.439966  89
0.439966  219
0.440093  365
0.440108  186
0.440124  304
0.440144  114
0.440181  24
0.440255  128
0.440501  355
0.440501  306
0.440599  373
0.440788  101
0.440928  320
0.440976  344
0.440996  215
0.44101  266
0.441051  132
0.441091  295
0.441178  55
0.44123  143
0.441241  356
0.441266  8
0.441449  337
0.441544  342
0.441647  46
0.441699  381
0.441743  19
0.44176  134
0.441777  281
0.441857  78
0.441862  135
0.441934  313
0.441983  17
0.441987  1
0.441993  287
0.442049  175
0.442154  385
0.442296  81
0.44234  370
0.442402  363
0.44246  382
0.442518  394
0.442522  308
0.442695  285
0.442804  366
0.442869  350
0.442976  322
0.443216  119
0.44327  346
0.443281  16
0.443305  218
0.443387  13
0.443387  315
0.443415  316
0.443566  99
0.443819  359
0.443848  384
0.4441  10
0.444115  129
0.444207  20
0.444245  312
0.444251  372
0.44437  388
0.444498  198
0.444563  154
0.444585  278
0.444599  314
0.444874  362
0.444985  386
0.445388  190
0.445449  220
0.445458  364
0.445512  63
0.445593  23
0.445639  336
0.44565  182
0.445765  317
0.445778  309
0.445815  395
0.445968  393
0.446061  398
0.446134  375
0.446281  97
0.446451  230
0.446828  380
0.446867  323
0.446913  37
0.447005  181
0.447009  333
0.44701  148
0.447019  117
0.447074  151
0.447104  108
0.447159  229
0.447224  265
0.447503  192
0.447505  12
0.447569  155
0.44761  353
0.447613  3
0.447877  249
0.447947  360
0.448006  25
0.448326  310
0.448377  179
0.448573  28
0.448727  70
0.448747  374
0.448751  343
0.448762  31
0.448828  259
0.448913  233
0.449123  321
0.449133  50
0.44921  367
0.449229  352
0.44924  195
0.449396  47
0.449527  56
0.449728  144
0.449772  397
0.449889  377
0.450184  300
0.450366  59
0.450435  112
0.450452  116
0.450555  357
0.450582  178
0.450638  338
0.450915  349
0.450949  223
0.450985  258
0.451177  371
0.451445  383
0.451616  311
0.451622  369
0.451713  392
0.451781  264
0.45197  87
0.452262  376
0.452721  157
0.452874  303
0.452949  319
0.453432  107
0.453506  235
0.453523  378
0.454247  42
0.45435  389
0.454614  145
0.455648  261
0.455688  318
0.45601  33
0.456355  96
0.456489  14
0.456847  301
0.457178  257
0.457516  194
0.457854  226
0.458175  335
0.458816  327
0.459  140
0.459321  345
0.459862  130
0.459903  105
0.459942  361
0.460749  340
0.461468  330
0.461724  399
0.461985  326
0.462463  163
0.463457  165
0.464926  390
0.465438  184
0.466039  272
0.466258  382
0.466782  94
0.467956  141
0.468223  158
0.470257  26
0.470792  40
0.470965  88
0.470998  167
0.471527  118
0.47155  391
0.472544  351
0.472565  385
0.472653  15
0.473369  302
0.474101  174
0.474353  332
0.474501  71
0.474566  201
0.474712  127
0.474803  72
0.474898  240
0.475433  202
0.475565  253
0.47567  206
0.475938  208
0.476015  297
0.476167  308
0.476263  387
0.476461  49
0.4767  197
0.476747  79
0.476823  242
0.476942  304
0.476977  168
0.477343  396
0.477886  22
0.477896  305
0.4779  85
0.478202  341
0.4785  354
0.478641  237
0.478829  290
0.47888  74
0.479024  316
0.479117  146
0.479233  2
0.479261  373
0.479542  110
0.479919  234
0.480075  299
0.48013  159
0.48013  363
0.480146  279
0.480149  339
0.48024  183
0.480249  358
0.480256  342
0.480256  62
0.48046  102
0.480566  292
0.480682  356
0.480697  217
0.480741  109
0.48076  207
0.480851  372
0.480915  171
0.480954  379
0.481042  252
0.481107  306
0.481108  370
0.481112  8
0.481134  48
0.481231  90
0.481286  166
0.481313  111
0.481462  113
0.481808  380
0.482002  39
0.48223  350
0.482296  283
0.482345  205
0.482453  366
0.48249  288
0.482495  67
0.482733  348
0.4828  5
0.48291  362
0.482934  93
0.482945  359
0.483073  296
0.483222  238
0.483226  324
0.483291  344
0.483303  347
0.483353  384
0.483454  4
0.483722  329
0.483735  248
0.484051  203
0.484128  368
0.484214  328
0.484326  398
0.484393  122
0.484557  334
0.48469  147
0.484775  239
0.484977  124
0.48511  365
0.485373  364
0.485665  352
0.485669  83
0.486155  161
0.486718  331
0.486745  353
0.486885  346
0.486944  185
0.488032  176
0.488086  200
0.488162  210
0.488329  386
0.488349  300
0.488412  115
0.488441  260
0.488575  307
0.488888  393
0.488932  65
0.488988  75
0.489112  204
0.489233  134
0.489274  212
0.489301  311
0.489334  313
0.489572  336
0.489604  317
0.490069  381
0.490339  150
0.490417  367
0.490545  21
0.490555  320
0.490607  131
0.490763  349
0.490807  301
0.490981  378
0.491122  323
0.491291  319
0.491411  225
0.49166  325
0.492006  312
0.492017  315
0.492144  395
0.492423  232
0.492444  355
0.492701  66
0.492737  318
0.495705  180
0.495831  294
0.496712  360
0.498416  388
0.499051  216
0.499396  230
0.499404  375
0.499596  32
0.499603  251
0.499776  369
0.50072  337
0.500868  357
0.502346  27
0.503168  389
0.503409  335
0.505129  374
0.505213  343
0.506894  303
0.50711  31
0.507181  397
0.507715  91
0.508706  340
0.510082  221
0.51028  333
0.51193  127
0.51281  129
0.512827  162
0.512942  241
0.513123  64
0.51337  382
0.51369  399
0.514169  302
0.514218  108
0.514536  143
0.514546  282
0.51462  196
0.515419  77
0.515948  92
0.516048  371
0.516082  172
0.516499  54
0.516987  394
0.517477  321
0.518154  286
0.518326  46
0.518743  0
0.518754  80
0.518879  69
0.519084  354
0.519222  289
0.519242  276
0.519262  390
0.519356  123
0.519758  376
0.519998  351
0.520254  361
0.520353  30
0.520511  121
0.520609  199
0.520641  383
0.521235  322
0.521425  385
0.52153  285
0.521603  271
0.521623  57
0.521792  327
0.521899  53
0.521921  160
0.521956  314
0.521996  379
0.522164  391
0.522254  29
0.522408  309
0.52241  326
0.522424  193
0.52251  173
0.522779  89
0.522795  7
0.522834  372
0.522834  269
0.522889  41
0.522941  330
0.523037  387
0.523062  51
0.523065  95
0.523195  270
0.523336  215
0.52351  100
0.523563  177
0.523568  94
0.52374  13
0.523922  152
0.524059  310
0.524186  192
0.524201  275
0.52421  68
0.52426  338
0.524286  392
0.524365  268
0.524515  189
0.524526  182
0.524618  138
0.524708  170
0.524746  305
0.524882  188
0.52496  377
0.524993  112
0.525277  219
0.525306  316
0.525477  155
0.525482  156
0.525642  61
0.525648  119
0.525716  345
0.5259  249
0.525916  37
0.525994  223
0.526027  81
0.526264  78
0.526643  280
0.526709  18
0.526734  82
0.52677  128
0.526936  43
0.527066  224
0.527125  16
0.527236  300
0.527241  384
0.527296  293
0.527386  22
0.527421  350
0.527476  317
0.527487  308
0.527496  256
0.527659  245
0.527805  366
0.527845  320
0.527914  370
0.527976  358
0.528401  247
0.528409  136
0.528412  179
0.528435  110
0.528483  306
0.528591  344
0.528725  228
0.528748  301
0.528815  336
0.528913  365
0.528971  214
0.528971  267
0.529124  378
0.529199  398
0.529284  142
0.529304  243
0.529433  347
0.529536  311
0.529646  323
0.529703  222
0.52972  364
0.529731  59
0.529749  130
0.529753  26
0.529789  334
0.529825  67
0.529842  104
0.529866  287
0.529872  55
0.530059  319
0.530118  396
0.530253  337
0.530267  165
0.530363  265
0.530384  325
0.530428  313
0.530525  146
0.530574  17
0.530632  263
0.530842  159
0.530878  332
0.530929  229
0.530965  20
0.530999  211
0.531007  395
0.531124  356
0.531139  194
0.531151  298
0.531422  2
0.531591  307
0.53163  60
0.531742  346
0.531821  167
0.531912  73
0.531996  315
0.532097  375
0.532659  178
0.53266  35
0.532685  175
0.53269  40
0.532776  380
0.532867  174
0.532972  204
0.532976  352
0.532976  227
0.533041  281
0.533078  368
0.533089  15
0.533115  114
0.53314  157
0.53325  56
0.533397  38
0.533572  348
0.533581  284
0.533595  360
0.533673  248
0.533723  362
0.533933  333
0.533934  328
0.533981  24
0.534019  340
0.534053  168
0.534092  343
0.534143  252
0.534162  153
0.534214  318
0.534219  388
0.53423  296
0.534253  329
0.534317  273
0.534351  44
0.534455  191
0.534565  277
0.534755  324
0.534902  250
0.534915  312
0.534952  339
0.535032  353
0.535078  111
0.535184  304
0.535441  349
0.535785  331
0.535974  209
0.53633  45
0.536677  1
0.536799  154
0.536903  36
0.536987  342
0.537299  171
0.537556  164
0.537676  113
0.537899  145
0.538067  341
0.538116  373
0.538156  235
0.538297  369
0.538583  292
0.538704  84
0.538784  359
0.538843  187
0.539067  99
0.53907  345
0.539157  169
0.539216  367
0.539366  140
0.539735  303
0.53977  205
0.54089  213
0.540947  201
0.541165  397
0.541206  363
0.541252  295
0.541323  97
0.541494  202
0.541741  226
0.541959  335
0.541991  25
0.542191  389
0.542473  181
0.542474  278
0.542508  183
0.542655  314
0.542759  12
0.543085  258
0.543216  385
0.543362  393
0.543653  151
0.543694  383
0.543764  382
0.543768  39
0.544518  354
0.544585  190
0.544629  161
0.544689  264
0.544746  124
0.544755  374
0.544781  76
0.545371  254
0.545434  52
0.546496  27
0.546652  321
0.547157  220
0.548016  399
0.548346  357
0.548448  305
0.548623  236
0.548729  306
0.548793  71
0.549088  34
0.549186  376
0.549711  390
0.549913  387
0.550158  208
0.550537  115
0.55103  246
0.551449  392
0.551953  87
0.552215  386
0.55239  237
0.554196  327
0.554371  132
0.555317  379
0.556648  242
0.556897  31
0.557688  372
0.557874  70
0.558043  3
0.558117  186
0.558156  158
0.558198  330
0.558229  231
0.558336  307
0.558337  338
0.55928  302
0.560295  21
0.56062  148
0.56064  98
0.56095  326
0.561195  384
0.561567  207
0.561998  364
0.562177  131
0.562354  9
0.562543  86
0.562616  28
0.562842  361
0.563032  355
0.5635  381
0.563669  362
0.564033  272
0.564174  42
0.564594  317
0.564628  125
0.564899  318
0.564963  310
0.565062  322
0.565118  74
0.565351  10
0.565622  176
0.566157  210
0.566644  323
0.566656  106
0.566897  360
0.566939  391
0.567284  351
0.567648  103
0.567883  329
0.567922  212
0.567981  102
0.568226  377
0.568305  119
0.568812  43
0.568819  366
0.568926  300
0.568927  101
0.569008  398
0.569029  289
0.56914  147
0.569201  297
0.569308  108
0.569614  137
0.570124  319
0.570239  82
0.570243  217
0.570339  291
0.570922  139
0.570933  118
0.570935  251
0.57148  127
0.571559  48
0.571637  133
0.571692  311
0.5719  396
0.571923  371
0.572043  79
0.572139  244
0.572162  141
0.57241  309
0.572486  346
0.572593  279
0.572605  304
0.572624  188
0.57263  320
0.572657  350
0.57268  92
0.572714  308
0.572767  370
0.572909  316
0.573051  344
0.5733  91
0.57366  365
0.573814  388
0.573861  347
0.574299  315
0.574311  293
0.574637  301
0.574678  332
0.575509  328
0.575661  75
0.576236  249
0.576544  179
0.576659  253
0.5768  135
0.577004  184
0.577374  94
0.577384  334
0.577608  33
0.57781  375
0.578313  395
0.578601  259
0.578921  269
0.579072  397
0.579374  313
0.579396  283
0.579726  303
0.57986  336
0.579929  116
0.580633  185
0.58089  144
0.581642  255
0.581885  340
0.581945  30
0.581964  257
0.581999  88
0.582196  19
0.582554  90
0.582557  369
0.582791  35
0.582904  142
0.58313  348
0.583727  358
0.58383  306
0.583873  368
0.584228  376
0.5846  247
0.584987  352
0.585449  342
0.585524  382
0.58605  314
0.586388  163
0.58667  343
0.586784  239
0.58695  331
0.587549  122
0.587568  337
0.587936  112
0.588085  117
0.589349  182
0.590306  378
0.590789  339
0.590962  353
0.59122  338
0.591483  274
0.592631  165
0.59344  354
0.593959  32
0.594203  129
0.59428  394
0.59485  333
0.595414  230
0.59559  373
0.595644  383
0.596236  150
0.596461  56
0.596739  335
0.596924  367
0.597873  356
0.597929  305
0.598136  380
0.598317  299
0.598516  385
0.599053  66
0.599333  349
0.599333  345
0.599404  312
0.601541  379
0.601635  44
0.602119  59
0.602997  276
0.603118  83
0.603915  109
0.603926  15
0.604001  47
0.604896  324
0.605386  73
0.605644  246
0.605735  107
0.605978  302
0.605992  325
0.606395  357
0.606565  374
0.606636  359
0.606774  149
0.606885  52
0.608374  399
0.609495  363
0.61219  317
0.61227  364
0.612778  160
0.613446  264
0.614311  64
0.614543  288
0.614559  74
0.614581  273
0.614677  221
0.614684  194
0.61471  377
0.615089  173
0.615578  386
0.615578  130
0.615863  136
0.615904  134
0.615972  389
0.616155  240
0.616812  69
0.61694  323
0.617201  370
0.617276  290
0.61753  392
0.617884  214
0.618063  4
0.618152  8
0.61816  216
0.618465  95
0.619188  387
0.619364  384
0.619374  20
0.619418  381
0.619522  390
0.619589  321
0.619697  391
0.620131  53
0.620395  197
0.620409  161
0.620454  355
0.620634  6
0.620653  327
0.620834  396
0.62091  70
0.620984  46
0.621566  14
0.621672  241
0.621772  156
0.621988  78
0.622107  45
0.622148  189
0.622398  222
0.623047  93
0.623114  295
0.623148  360
0.623418  372
0.623514  105
0.623586  330
0.623603  215
0.623609  203
0.623696  326
0.623718  311
0.623767  29
0.623831  266
0.623954  351
0.623961  206
0.623966  348
0.624133  146
0.624138  341
0.624233  244
0.624339  18
0.624372  205
0.624642  145
0.624699  126
0.624759  350
0.624761  99
0.625007  171
0.625088  315
0.62523  307
0.625261  39
0.625297  225
0.625494  110
0.625527  397
0.625577  286
0.625908  34
0.626008  235
0.626112  233
0.626135  368
0.626172  371
0.626185  190
0.626258  382
0.626403  322
0.626487  378
0.626556  154
0.626613  347
0.626675  72
0.626682  292
0.626685  393
0.62674  272
0.626775  62
0.626823  115
0.626959  328
0.627011  316
0.627045  304
0.627352  209
0.627426  334
0.627652  297
0.627666  183
0.62769  51
0.627717  227
0.627772  294
0.627876  301
0.627932  333
0.627939  48
0.628005  262
0.628131  318
0.628163  354
0.628309  223
0.62834  356
0.62835  166
0.628509  236
0.628538  180
0.628547  164
0.628714  362
0.628777  131
0.628809  25
0.62885  344
0.628943  398
0.628966  31
0.628997  343
0.629  175
0.629033  256
0.629051  375
0.629103  289
0.62912  313
0.629175  58
0.629224  308
0.629295  310
0.629477  120
0.629531  388
0.629576  280
0.629597  234
0.629639  329
0.629809  224
0.630038  137
0.630139  27
0.630143  181
0.630154  13
0.630165  319
0.630175  200
0.630235  168
0.630401  123
0.630416  335
0.630484  140
0.630616  208
0.63064  369
0.630714  192
0.630869  101
0.631003  275
0.631018  361
0.631018  346
0.631062  172
0.631104  50
0.631118  60
0.631178  217
0.631322  325
0.63137  374
0.631379  314
0.631396  36
0.631397  114
0.631409  358
0.631424  250
0.631586  199
0.631594  320
0.631617  383
0.631668  337
0.631698  19
0.631752  65
0.631753  261
0.631756  342
0.632079  144
0.632182  103
0.632217  271
0.632219  345
0.632311  303
0.632327  157
0.632355  213
0.632536  366
0.632608  111
0.632664  309
0.632697  336
0.632782  141
0.632796  281
0.632889  202
0.632909  228
0.632961  147
0.63298  306
0.632998  365
0.633111  331
0.633337  312
0.63355  277
0.633618  151
0.633652  28
0.633674  109
0.633727  265
0.633839  113
0.633916  394
0.633935  85
0.633954  11
0.633956  3
0.634084  80
0.6342  349
0.634235  179
0.634254  255
0.634292  201
0.634343  143
0.634356  57
0.634376  0
0.634401  138
0.634569  226
0.634582  90
0.634585  167
0.634591  300
0.634638  302
0.634726  339
0.634871  155
0.634969  279
0.635052  367
0.635064  340
0.635075  357
0.63519  232
0.635276  40
0.635282  81
0.635299  169
0.635352  238
0.635416  395
0.635472  379
0.635483  338
0.635487  376
0.635493  218
0.635622  353
0.635626  212
0.635723  174
0.635905  247
0.635926  12
0.635977  7
0.636002  153
0.636007  63
0.636138  352
0.636229  9
0.636253  373
0.636269  323
0.636446  282
0.636531  283
0.636651  76
0.636911  380
0.637011  311
0.637159  132
0.637348  118
0.637429  324
0.637568  5
0.637945  364
0.638366  260
0.638506  32
0.638674  305
0.638698  363
0.639123  188
0.639143  106
0.639202  246
0.639416  191
0.63944  42
0.639676  332
0.63968  33
0.639698  370
0.639774  386
0.639805  17
0.639843  205
0.639859  211
0.640266  317
0.640408  97
0.64047  270
0.640814  326
0.640814  150
0.641106  287
0.641162  23
0.641278  384
0.641482  83
0.64155  254
0.641872  385
0.642541  49
0.642552  193
0.642808  248
0.642967  102
0.64302  381
0.643173  84
0.643184  184
0.643276  391
0.64332  399
0.643431  392
0.643493  387
0.64372  249
0.643824  196
0.645175  321
0.64675  351
0.646996  139
0.647364  377
0.647525  87
0.647626  372
0.648919  334
0.649624  341
0.650241  264
0.650629  259
0.651116  320
0.651388  128
0.651707  71
0.651891  360
0.652254  263
0.652371  348
0.652521  10
0.652655  210
0.652928  237
0.653279  315
0.653335  284
0.653415  307
0.653848  37
0.655482  330
0.655947  124
0.657056  177
0.657084  302
0.657564  16
0.657719  96
0.658828  26
0.658905  359
0.658958  15
0.659594  343
0.65991  187
0.659993  316
0.660233  389
0.66033  112
0.660339  342
0.660935  293
0.660995  127
0.661867  322
0.661912  298
0.662086  291
0.662242  230
0.662275  335
0.662351  68
0.663088  94
0.66315  86
0.663209  195
0.663221  390
0.663792  346
0.664174  38
0.664245  398
0.664721  149
0.664822  374
0.664957  306
0.665649  152
0.665867  158
0.665874  278
0.666139  2
0.666195  308
0.666289  54
0.666304  61
0.666818  163
0.666866  319
0.66701  380
0.667111  215
0.667148  328
0.667453  126
0.66773  208
0.668094  396
0.668235  243
0.668236  29
0.668354  333
0.668454  225
0.668765  368
0.668782  145
0.668818  344
0.668855  47
0.668922  310
0.669014  364
0.669226  361
0.669325  347
0.669423  176
0.669668  185
0.669866  355
0.670075  148
0.670465  121
0.670502  178
0.670678  358
0.670692  267
0.670751  41
0.671039  318
0.671129  353
0.671145  134
0.671186  182
0.671315  21
0.671456  30
0.671458  299
0.671532  296
0.671644  365
0.671654  251
0.671663  192
0.671751  258
0.671752  242
0.671788  79
0.671914  340
0.672094  235
0.672265  116
0.67234  209
0.672456  329
0.672506  382
0.672565  354
0.672584  345
0.672666  313
0.672698  394
0.672908  371
0.673027  379
0.673159  129
0.673281  14
0.673737  119
0.673748  314
0.673767  160
0.674234  309
0.674437  369
0.674628  186
0.67466  233
0.675071  303
0.675212  122
0.675289  165
0.675366  327
0.675448  164
0.675501  397
0.675503  67
0.675527  268
0.675843  386
0.676115  363
0.676161  223
0.676185  246
0.676205  35
0.676279  356
0.676286  312
0.676295  117
0.676361  357
0.676553  331
0.676734  142
0.676799  210
0.676884  107
0.677099  190
0.677132  25
0.67718  349
0.677291  305
0.677738  360
0.678004  336
0.678128  300
0.678262  64
0.678517  325
0.67864  43
0.678685  276
0.679128  103
0.679414  59
0.679535  140
0.679729  370
0.679748  317
0.679997  219
0.68029  366
0.680667  6
0.681003  334
0.681014  391
0.681021  88
0.681204  189
0.681204  337
0.681266  104
0.681408  324
0.681533  212
0.681617  301
0.682056  367
0.68241  99
0.682714  254
0.68291  197
0.682955  377
0.68296  154
0.682996  339
0.683211  234
0.683282  393
0.683374  162
0.683404  304
0.683565  198
0.683656  350
0.683714  135
0.683771  381
0.685286  252
0.68592  22
0.686134  375
0.686204  307
0.686658  45
0.687344  136
0.687803  92
0.688132  62
0.688285  253
0.688783  395
0.689186  173
0.689465  70
0.689555  352
0.689565  229
0.69083  385
0.690952  111
0.691066  399
0.691246  36
0.691904  376
0.691972  169
0.692162  362
0.692374  105
0.69258  108
0.692644  202
0.69276  137
0.692919  206
0.693768  194
0.69386  388
0.693999  13
0.694049  320
0.694355  285
0.694661  82
0.694673  387
0.69501  110
0.695204  131
0.69573  332
0.695826  351
0.696096  115
0.696196  338
0.696455  321
0.69646  330
0.696507  333
0.696889  19
0.697018  378
0.697064  221
0.697632  383
0.697737  313
0.697739  146
0.697898  65
0.698342  372
0.698501  56
0.698513  384
0.698664  292
0.698704  316
0.698967  274
0.699716  365
0.700129  311
0.700492  55
0.70052  323
0.700548  18
0.700729  211
0.702262  180
0.702588  373
0.702669  171
0.702751  346
0.702948  158
0.703076  179
0.703109  295
0.703134  341
0.703306  306
0.704379  217
0.704406  204
0.704509  315
0.704605  214
0.70528  261
0.705407  161
0.705527  335
0.706063  260
0.70655  73
0.707031  183
0.707266  343
0.707621  392
0.707785  394
0.70827  389
0.708338  244
0.708373  296
0.708794  326
0.709308  359
0.709377  120
0.709406  0
0.709655  300
0.709944  4
0.709969  256
0.710134  396
0.710209  382
0.711035  379
0.711085  369
0.711383  348
0.711708  24
0.712162  159
0.712316  358
0.713075  342
0.7135  354
0.713514  344
0.714016  364
0.714273  374
0.714557  255
0.715754  243
0.715964  175
0.71609  250
0.71637  102
0.716456  283
0.716588  203
0.716716  220
0.71674  371
0.717797  286
0.717819  125
0.71835  230
0.718643  66
0.718645  390
0.718995  3
0.719051  34
0.719117  132
0.719138  398
0.719231  288
0.719309  75
0.719404  334
0.719632  1
0.719662  370
0.719925  328
0.720328  361
0.720395  312
0.720478  322
0.720486  385
0.720739  90
0.721162  363
0.721225  165
0.721361  269
0.721519  37
0.722151  31
0.72263  245
0.722836  377
0.722874  308
0.722938  368
0.72295  329
0.723011  98
0.723137  77
0.723353  147
0.723568  289
0.723732  38
0.723792  27
0.724322  331
0.725071  309
0.725533  299
0.725582  89
0.725592  397
0.72572  257
0.725831  208
0.725859  177
0.725939  337
0.72611  380
0.726111  355
0.726158  271
0.726172  357
0.726395  366
0.726499  209
0.726503  264
0.727026  318
0.727361  25
0.727527  57
0.72782  386
0.727861  48
0.728184  71
0.728216  46
0.728376  86
0.728541  279
0.728716  303
0.728818  391
0.728977  74
0.729013  375
0.729382  226
0.729412  270
0.729669  236
0.729716  44
0.72988  50
0.730067  109
0.730215  340
0.730273  235
0.730445  327
0.730611  167
0.730819  304
0.731062  356
0.731083  314
0.731239  188
0.73137  262
0.731439  97
0.731485  393
0.731516  229
0.731563  297
0.731652  40
0.731666  118
0.731978  143
0.732089  336
0.732103  381
0.732291  293
0.732374  85
0.732461  307
0.73257  94
0.732675  241
0.733139  93
0.733227  325
0.733757  301
0.733761  324
0.733961  11
0.734002  316
0.734114  20
0.734114  239
0.734179  113
0.734351  349
0.734479  302
0.7345  156
0.73452  294
0.73498  54
0.735001  170
0.735063  395
0.735126  51
0.735228  306
0.735255  207
0.735334  387
0.735335  216
0.735414  317
0.735444  321
0.735487  218
0.735514  338
0.735673  353
0.735967  112
0.736034  346
0.73615  26
0.736285  313
0.736332  80
0.736375  139
0.736436  69
0.736669  81
0.737039  273
0.737219  347
0.737608  339
0.737615  95
0.73769  96
0.737838  383
0.737998  344
0.738083  281
0.738232  277
0.738327  310
0.73838  240
0.738695  47
0.738812  184
0.73888  172
0.739344  319
0.739469  320
0.739568  350
0.739614  330
0.739631  282
0.739633  130
0.739639  202
0.73967  388
0.739758  352
0.740066  367
0.740168  259
0.740266  351
0.740347  360
0.740398  362
0.740609  263
0.741324  185
0.741404  58
0.741827  12
0.742551  160
0.742872  5
0.74299  247
0.743033  61
0.743145  345
0.743307  333
0.743437  341
0.743748  67
0.743754  372
0.744111  359
0.744245  84
0.744368  376
0.744413  305
0.74454  189
0.744858  396
0.744924  323
0.745037  157
0.745202  378
0.745265  332
0.745369  311
0.745652  9
0.746031  164
0.746082  268
0.746215  29
0.746222  365
0.746225  399
0.746618  32
0.74664  354
0.747096  39
0.747206  373
0.747585  174
0.748736  326
0.749619  141
0.751987  335
0.752187  215
0.753599  392
0.753659  129
0.754108  114
0.754407  287
0.754708  379
0.754986  33
0.755238  64
0.755545  390
0.75559  266
0.75598  308
0.756512  329
0.756908  363
0.75862  10
0.759436  361
0.759614  68
0.762173  223
0.762208  394
0.762559  358
0.762592  233
0.762706  322
0.762894  374
0.763326  103
0.764  76
0.764709  182
0.765294  382
0.765392  302
0.765669  384
0.765905  135
0.765966  42
0.766334  370
0.766371  334
0.766454  312
0.766562  397
0.766739  52
0.766764  100
0.767815  151
0.767887  371
0.767913  106
0.768293  36
0.768994  6
0.769016  369
0.769343  232
0.769354  190
0.769401  55
0.769857  138
0.769917  248
0.770173  337
0.770513  121
0.77065  348
0.771298  126
0.771584  357
0.7716  343
0.771705  225
0.772222  117
0.772301  342
0.772489  136
0.773032  60
0.773033  206
0.773093  171
0.773161  124
0.77335  252
0.773572  309
0.773719  133
0.773776  368
0.774127  166
0.774279  389
0.774839  391
0.774932  16
0.775142  187
0.775204  210
0.775353  325
0.775651  193
0.775817  364
0.775837  131
0.775889  181
0.7759  276
0.775954  163
0.775958  203
0.776206  78
0.776428  315
0.77651  380
0.77662  385
0.776702  300
0.776856  23
0.777053  355
0.777055  398
0.777195  59
0.777262  265
0.777288  127
0.777435  196
0.777446  120
0.77757  327
0.777616  65
0.777798  303
0.77782  154
0.778077  155
0.778188  14
0.778236  328
0.778645  227
0.778648  102
0.778653  200
0.778918  386
0.778921  72
0.778938  195
0.778973  331
0.779004  153
0.779004  79
0.77906  352
0.779289  393
0.779398  191
0.779578  234
0.779978  231
0.77999  349
0.780325  243
0.780411  275
0.780484  336
0.780515  375
0.780596  249
0.780597  346
0.780746  324
0.780918  45
0.781027  280
0.781062  376
0.781095  383
0.781102  285
0.781687  173
0.781703  316
0.782038  107
0.78212  283
0.782138  99
0.782147  307
0.782217  219
0.782285  318
0.782313  158
0.782494  104
0.782611  344
0.78271  267
0.782765  321
0.782848  261
0.782878  221
0.782888  19
0.78301  387
0.783112  201
0.783121  372
0.783195  378
0.783392  239
0.783576  295
0.783614  338
0.783692  108
0.783725  254
0.783795  395
0.784075  28
0.784176  347
0.784188  362
0.784231  353
0.784302  290
0.78434  2
0.784368  245
0.784473  82
0.784657  305
0.78475  53
0.785032  85
0.785143  311
0.785172  256
0.785232  317
0.785237  213
0.785271  320
0.785382  211
0.785406  350
0.785414  165
0.785473  308
0.785504  377
0.7856  168
0.785617  20
0.785636  229
0.785695  341
0.785924  274
0.785945  332
0.785956  366
0.78599  222
0.786151  87
0.786227  34
0.786507  323
0.786546  388
0.78657  360
0.786662  339
0.787012  272
0.787053  116
0.787483  95
0.787509  330
0.787528  253
0.787601  356
0.787624  293
0.787861  96
0.787965  197
0.788003  310
0.788175  110
0.788188  381
0.788222  237
0.788503  301
0.788805  83
0.788937  57
0.789187  345
0.789637  314
0.789655  363
0.789981  304
0.790204  313
0.790375  373
0.790693  319
0.790803  354
0.790904  358
0.791136  89
0.791669  37
0.791951  224
0.792168  326
0.79226  93
0.792322  66
0.792543  30
0.792557  149
0.79256  340
0.792642  329
0.793354  91
0.793519  226
0.794195  333
0.795175  351
0.796078  392
0.7962  359
0.796251  306
0.79647  13
0.797016  299
0.798789  322
0.799204  271
0.799314  312
0.799562  335
0.800326  50
0.801344  374
0.801352  390
0.802303  18
0.804642  379
0.805173  343
0.806862  297
0.807619  371
0.807713  1
0.808547  38
0.809027  242
0.809253  396
0.810904  41
0.811367  217
0.81155  64
0.811869  278
0.812272  368
0.812571  365
0.813361  198
0.814161  334
0.81475  81
0.814972  134
0.814997  394
0.815489  169
0.815666  74
0.815713  22
0.815755  349
0.816062  399
0.816086  309
0.816341  10
0.816394  244
0.816571  277
0.816752  287
0.816848  25
0.816937  294
0.816981  148
0.817132  263
0.817159  68
0.817187  367
0.817359  284
0.817625  172
0.817804  90
0.818122  63
0.818341  286
0.818415  289
0.818428  140
0.818515  35
0.818704  302
0.818728  185
0.818891  156
0.819056  382
0.819067  67
0.819316  325
0.819407  105
0.819495  342
0.819599  240
0.819687  145
0.819735  115
0.820256  97
0.820298  370
0.820341  303
0.820425  384
0.820659  348
0.820858  133
0.821209  88
0.821254  315
0.821255  292
0.821735  214
0.821871  355
0.822191  161
0.822249  106
0.82251  336
0.82252  364
0.822538  108
0.822579  357
0.822592  218
0.822936  264
0.823081  29
0.823083  86
0.823124  4
0.8232  113
0.82338  178
0.823589  15
0.82388  180
0.823905  205
0.824019  204
0.824046  337
0.824094  77
0.824349  236
0.82437  24
0.824375  17
0.824506  111
0.824551  150
0.824589  132
0.824669  94
0.824751  380
0.824778  281
0.82481  311
0.824908  11
0.824911  327
0.824959  54
0.825022  44
0.825022  176
0.82503  260
0.825279  92
0.825327  183
0.825429  125
0.825454  212
0.825461  331
0.82558  387
0.825587  139
0.825618  73
0.825621  71
0.82565  346
0.82565  361
0.825678  199
0.825737  350
0.825962  340
0.826014  391
0.826032  353
0.826073  328
0.826131  381
0.826145  397
0.826164  209
0.826201  101
0.826253  262
0.826286  56
0.826366  80
0.826422  208
0.826477  393
0.826483  58
0.826515  389
0.82654  112
0.826647  305
0.826668  231
0.826669  330
0.826688  395
0.826883  341
0.826948  335
0.826949  31
0.826986  117
0.827232  114
0.827263  352
0.827312  358
0.827327  316
0.827335  296
0.82743  388
0.827434  192
0.827525  279
0.82765  75
0.827714  162
0.827856  332
0.827945  288
0.827969  89
0.828169  258
0.828242  313
0.828263  135
0.828336  347
0.828371  385
0.828371  7
0.82847  259
0.828667  378
0.828803  76
0.828804  372
0.828819  345
0.82887  238
0.828903  61
0.829187  43
0.829187  356
0.829241  324
0.829278  194
0.829297  369
0.829398  351
0.829482  230
0.829568  392
0.829684  386
0.829692  312
0.829698  142
0.829728  339
0.829729  338
0.829875  359
0.829885  21
0.829897  189
0.830066  223
0.830297  307
0.830392  377
0.830468  241
0.830482  319
0.830559  329
0.83065  344
0.830661  250
0.830774  51
0.830867  320
0.830968  206
0.830976  109
0.831113  310
0.831146  126
0.831441  379
0.831469  179
0.831496  383
0.831572  300
0.831608  306
0.831695  130
0.831783  9
0.832042  374
0.832191  47
0.832436  79
0.832518  268
0.832721  137
0.832734  322
0.83296  318
0.833129  164
0.833174  167
0.833294  363
0.833303  72
0.833458  366
0.833538  321
0.833618  144
0.833692  298
0.833961  375
0.834006  360
0.834061  354
0.834229  323
0.834246  368
0.8344  49
0.834476  170
0.834827  390
0.834876  195
0.835362  143
0.835394  373
0.83585  235
0.836015  269
0.836915  334
0.836943  314
0.837487  255
0.838247  70
0.838262  249
0.838596  343
0.839268  188
0.839328  122
0.839354  333
0.841304  36
0.841784  398
0.842017  371
0.842802  247
0.843133  211
0.847248  155
0.848831  201
0.848843  131
0.849026  326
0.851081  349
0.851514  376
0.85167  138
0.852777  301
0.853463  154
0.853705  367
0.854378  309
0.854957  308
0.85528  317
0.855552  365
0.856177  246
0.856844  200
0.857611  190
0.857795  282
0.857983  384
0.858514  311
0.859548  19
0.859958  355
0.860488  151
0.860873  248
0.860941  118
0.861071  328
0.861673  221
0.861689  242
0.861886  342
0.862432  380
0.862514  159
0.862666  266
0.862839  156
0.862879  336
0.862882  389
0.862885  270
0.862975  276
0.863376  26
0.863445  325
0.864285  382
0.864836  394
0.865615  91
0.865849  254
0.866175  381
0.86668  362
0.867428  42
0.867519  369
0.86811  197
0.868871  377
0.869039  397
0.869278  215
0.86963  315
0.870125  127
0.870434  364
0.870462  128
0.871244  123
0.871463  181
0.871526  391
0.871855  1
0.872002  304
0.872276  169
0.872356  256
0.8725  378
0.872586  198
0.872972  225
0.873496  341
0.873498  84
0.873514  174
0.873731  320
0.874041  372
0.874211  302
0.874459  357
0.874832  345
0.874997  370
0.875006  152
0.875186  337
0.875374  330
0.87608  78
0.876114  62
0.876127  327
0.876212  232
0.876286  45
0.876293  23
0.876311  280
0.876455  324
0.876894  63
0.877284  287
0.877361  399
0.877487  385
0.877497  35
0.877537  5
0.877847  165
0.877934  252
0.878063  335
0.878351  307
0.878794  100
0.878909  257
0.87903  305
0.87939  332
0.879402  352
0.87946  396
0.879465  173
0.879925  371
0.880029  102
0.880163  313
0.8803  395
0.880897  351
0.881133  388
0.88133  187
0.882025  353
0.882235  30
0.88227  392
0.882713  361
0.882794  393
0.882863  186
0.882868  293
0.883166  132
0.883182  32
0.883413  59
0.883719  41
0.884206  184
0.884301  202
0.88433  82
0.884489  339
0.884774  120
0.884849  323
0.88491  147
0.885365  233
0.885402  387
0.885497  359
0.885679  146
0.886229  237
0.886354  212
0.886489  340
0.886835  183
0.887013  218
0.887023  239
0.887078  319
0.887105  390
0.887357  208
0.887768  136
0.887911  331
0.887917  383
0.888019  326
0.888067  116
0.888274  312
0.888591  348
0.888719  374
0.888801  368
0.888827  46
0.888857  141
0.889025  48
0.889253  96
0.889534  274
0.889732  251
0.890028  244
0.890298  347
0.890466  33
0.890556  375
0.890568  129
0.890576  346
0.890589  227
0.890783  354
0.891227  214
0.891329  316
0.891587  358
0.891663  379
0.891667  286
0.891693  344
0.891693  95
0.891807  288
0.891917  220
0.892053  111
0.89232  142
0.892456  166
0.892478  386
0.892491  219
0.892653  322
0.892719  329
0.893066  191
0.893233  384
0.893827  90
0.893845  158
0.894135  356
0.894447  245
0.894473  217
0.894878  338
0.895003  333
0.895091  99
0.895171  89
0.895354  360
0.895425  310
0.895496  192
0.895528  299
0.896303  317
0.897047  311
0.89728  306
0.897293  58
0.897729  363
0.897999  157
0.898226  53
0.898236  107
0.898375  265
0.898864  398
0.89895  318
0.898966  376
0.899106  40
0.899157  14
0.899334  366
0.899398  300
0.899698  309
0.899971  77
0.900066  272
0.901063  350
0.90137  108
0.901497  303
0.902092  34
0.902095  105
0.902137  103
0.902224  49
0.903023  342
0.903574  314
0.904102  57
0.904309  301
0.90431  2
0.904794  8
0.904806  298
0.905009  80
0.905557  182
0.905732  321
0.906584  247
0.906741  328
0.907204  397
0.907299  112
0.907582  275
0.908204  343
0.908238  264
0.908655  362
0.908735  367
0.909612  389
0.909717  387
0.909718  295
0.910266  290
0.910272  39
0.9103  27
0.910532  382
0.911496  226
0.912086  143
0.912163  334
0.913029  126
0.913671  50
0.913735  140
0.913886  213
0.913986  261
0.913996  277
0.914193  139
0.914297  52
0.914675  222
0.914745  349
0.914862  336
0.915002  307
0.915005  263
0.915507  153
0.915584  324
0.915808  122
0.915873  201
0.916038  378
0.916062  291
0.916524  395
0.91659  155
0.916647  179
0.916813  63
0.917114  377
0.917158  297
0.917176  320
0.917356  101
0.917637  29
0.917658  369
0.917672  355
0.91808  325
0.918199  315
0.918287  365
0.918346  16
0.918353  304
0.918422  373
0.918517  270
0.919065  54
0.919166  71
0.919337  207
0.919358  262
0.919529  0
0.919552  231
0.919565  352
0.919656  43
0.919824  289
0.920033  313
0.92006  372
0.920171  385
0.920218  171
0.920256  305
0.920574  228
0.921009  154
0.921167  74
0.921207  18
0.921266  258
0.921294  19
0.9216  180
0.921656  216
0.921672  241
0.921878  60
0.921878  341
0.921892  79
0.922012  394
0.922081  357
0.92214  337
0.922228  279
0.922234  168
0.922313  335
0.922376  370
0.92257  361
0.922711  12
0.922808  189
0.922879  399
0.923025  345
0.923136  7
0.923194  354
0.923222  37
0.923286  13
0.92332  351
0.923338  185
0.923385  310
0.92345  282
0.923622  302
0.923636  177
0.923664  104
0.923894  21
0.92425  174
0.924436  196
0.924462  380
0.924493  93
0.924501  364
0.924528  83
0.924796  127
0.925  273
0.925063  326
0.925136  98
0.925327  115
0.925389  323
0.925551  114
0.925611  256
0.925643  195
0.925647  392
0.925647  259
0.9257  332
0.925718  292
0.925915  9
0.925972  255
0.925976  193
0.926038  356
0.926094  388
0.926181  131
0.926315  203
0.926635  194
0.926647  281
0.926835  224
0.926858  381
0.92691  327
0.926995  359
0.927012  205
0.927078  249
0.927096  51
0.927178  347
0.927277  109
0.927293  330
0.927359  176
0.927543  269
0.927552  398
0.92769  306
0.927708  303
0.927762  135
0.927785  346
0.927797  391
0.927818  87
0.927922  69
0.928089  331
0.928123  130
0.928131  243
0.928178  353
0.928215  252
0.928319  383
0.928354  36
0.92853  245
0.928611  276
0.928663  181
0.928724  278
0.928786  88
0.929373  280
0.929382  164
0.929465  248
0.929488  340
0.929502  308
0.929602  312
0.929603  266
0.929745  65
0.929956  124
0.930146  64
0.930223  144
0.930377  28
0.930405  17
0.930418  348
0.930501  197
0.930569  55
0.930598  285
0.930626  379
0.930731  287
0.930791  40
0.930816  339
0.93082  136
0.931048  91
0.931135  149
0.931244  333
0.931335  11
0.931341  368
0.93136  246
0.931373  319
0.931421  22
0.931538  137
0.931552  85
0.931659  390
0.931766  393
0.931878  386
0.931968  94
0.932003  311
0.932047  233
0.932059  322
0.932162  81
0.932392  86
0.9324  309
0.932444  329
0.932606  375
0.932696  317
0.932842  360
0.932928  334
0.933047  316
0.933055  138
0.933198  24
0.933502  369
0.933618  344
0.933623  300
0.934072  387
0.934273  396
0.934335  188
0.934382  374
0.934675  362
0.934701  61
0.934711  20
0.934731  107
0.935352  363
0.935403  47
0.935708  70
0.935721  271
0.935771  358
0.935877  235
0.935909  30
0.936453  301
0.936561  92
0.936626  160
0.936867  44
0.937137  31
0.937369  336
0.937465  350
0.938165  223
0.938386  165
0.938529  304
0.939112  384
0.939131  134
0.939408  32
0.939741  267
0.940125  355
0.940652  366
0.94105  335
0.941289  34
0.943597  227
0.943679  376
0.944337  72
0.944388  307
0.944922  318
0.945276  41
0.946604  106
0.946677  97
0.947791  389
0.948717  328
0.949115  102
0.949131  172
0.950382  385
0.950497  342
0.952077  337
0.954037  340
0.954261  371
0.954631  67
0.954881  73
0.954966  240
0.956028  272
0.956625  367
0.957175  338
0.957853  298
0.958242  359
0.959533  178
0.959936  253
0.960373  324
0.961036  399
0.961131  175
0.961274  305
0.961333  325
0.961702  157
0.961836  306
0.961873  373
0.961972  166
0.962117  167
0.962387  378
0.962662  343
0.963441  228
0.963632  321
0.963887  365
0.964057  320
0.964471  125
0.965747  345
0.966083  129
0.966231  128
0.966923  353
0.967481  98
0.967618  283
0.967692  302
0.96792  351
0.968435  332
0.969309  326
0.96951  354
0.969994  310
0.970015  303
0.970089  23
0.970303  5
0.970903  42
0.971014  264
0.971275  388
0.972309  148
0.972332  1
0.972355  352
0.972392  116
0.972491  392
0.972783  242
0.972861  229
0.973253  289
0.973742  314
0.973859  221
0.974124  377
0.974168  222
0.975048  189
0.975057  170
0.975199  262
0.975239  214
0.975404  394
0.975969  395
0.976345  300
0.976526  313
0.976993  151
0.977227  349
0.977353  357
0.977654  380
0.978227  119
0.978231  379
0.978677  66
0.979015  327
0.979337  279
0.979492  257
0.979799  82
0.979959  212
0.980276  202
0.980535  383
0.98072  182
0.981134  374
0.981255  323
0.981317  294
0.981356  93
0.981847  225
0.982543  118
0.982587  346
0.982843  397
0.983058  369
0.983066  372
0.983232  22
0.983663  3
0.983719  111
0.983859  62
0.983953  364
0.983972  49
0.984176  87
0.984435  113
0.984514  203
0.985174  80
0.985196  89
0.985347  366
0.985581  139
0.985729  156
0.98586  382
0.986046  239
0.98616  339
0.98617  58
0.986353  391
0.986442  370
0.986533  24
0.986601  211
0.986938  108
0.986958  251
0.987017  387
0.98703  6
0.987063  187
0.987097  25
0.987198  101
0.98754  330
0.987614  315
0.98774  83
0.987817  57
0.987939  336
0.987971  398
0.987997  213
0.988176  126
0.988207  199
0.98834  99
0.988384  84
0.988605  159
0.988637  21
0.988757  90
0.988868  241
0.98887  344
0.988924  122
0.988939  230
0.988942  123
0.988963  361
0.988966  231
0.988968  312
0.989059  4
0.989149  375
0.989157  110
0.989269  356
0.989347  270
0.989485  120
0.989494  360
0.989509  191
0.989647  317
0.989661  147
0.989829  341
0.989998  328
0.990017  319
0.990218  234
0.990324  75
0.990501  77
0.990573  208
0.99059  296
0.990754  268
0.99087  358
0.990928  390
0.991069  318
0.991119  14
0.991167  308
0.991198  333
0.991213  261
0.991231  381
0.991261  154
0.991302  363
0.991308  362
0.991478  384
0.991498  193
0.991644  371
0.991654  104
0.991865  15
0.991928  347
0.992224  285
0.99241  340
0.992421  348
0.992447  26
0.992626  162
0.992658  322
0.992816  78
0.992817  378
0.992971  237
0.993031  244
0.99319  50
0.993261  368
0.993278  48
0.993431  386
0.99359  163
0.993598  16
0.993673  85
0.993728  309
0.993775  389
0.993835  133
0.993912  301
0.994026  284
0.99419  304
0.994312  282
0.994382  350
0.994445  218
0.994513  56
0.994529  286
0.994763  331
0.994869  337
0.994996  396
0.995059  252
0.995087  393
0.995149  321
0.995183  329
0.995248  334
0.995444  210
0.995549  247
0.995877  249
0.996113  161
0.996186  92
0.996224  306
0.996251  299
0.996362  305
0.996491  155
0.996609  79
0.997298  150
0.997305  103
0.99734  311
0.997573  295
0.997659  274
0.997816  141
0.997971  254
0.99812  46
0.998357  142
0.998415  194
0.998821  359
0.998875  320
0.999228  157
0.99931  367
0.999391  171
0.999497  134
0.999868  192
0.999921  260
