9.39921e-07  229
6.36293e-06  145
1.03446e-05  227
1.27911e-05  81
2.10866e-05  25
2.56998e-05  51
3.0508e-05  11
4.44318e-05  61
4.69405e-05  177
5.07209e-05  9
5.79042e-05  57
6.41405e-05  131
6.68117e-05  161
7.26776e-05  129
8.15303e-05  124
8.31372e-05  156
8.35773e-05  111
8.50119e-05  100
8.62379e-05  47
9.00964e-05  171
9.01051e-05  164
9.11621e-05  105
9.14879e-05  217
9.28873e-05  191
9.83524e-05  60
0.000102784  56
0.000103715  125
0.000104199  157
0.000105992  149
0.000107745  24
0.000113748  176
0.000113913  101
0.00012244  181
0.000125342  224
0.000128339  163
0.000129812  189
0.000132707  136
0.000133662  103
0.000136174  132
0.000138896  167
0.000141369  175
0.000149716  144
0.000153895  220
0.000158693  256
0.000159088  84
0.000160599  183
0.00016061  137
0.000161979  231
0.000162061  52
0.000162244  165
0.000162646  223
0.000164262  180
0.000167217  187
0.000167257  73
0.000167944  69
0.000169437  92
0.00017227  91
0.000178065  63
0.000189096  53
0.000191936  232
0.000193197  95
0.000195627  89
0.000199022  41
0.000202645  259
0.000203588  179
0.000205404  123
0.000206572  173
0.000207835  120
0.000209175  65
0.000211506  29
0.000212088  219
0.00021393  75
0.000221249  87
0.000225671  117
0.0002277  79
0.000236226  141
0.000243497  204
0.000247635  113
0.000248915  169
0.000257597  107
0.000258962  31
0.000267702  108
0.000268272  139
0.000271771  172
0.000276068  115
0.00027812  233
0.000278402  71
0.000281341  77
0.000281882  121
0.000285503  28
0.000292558  147
0.000297873  216
0.000308419  109
0.000311973  83
0.00031482  188
0.000319346  197
0.000329488  55
0.000331006  160
0.000342252  48
0.000343576  8
0.000348534  168
0.000349132  151
0.000369112  196
0.000387526  143
0.000389512  104
0.000394425  148
0.000409833  112
0.000410969  88
0.00041351  228
0.000426443  85
0.000426491  221
0.000432528  159
0.000432905  49
0.000435103  193
0.000441438  192
0.000442211  195
0.000442263  127
0.000454391  207
0.000457437  68
0.000458202  43
0.000472028  40
0.000477596  76
0.000507274  93
0.000511097  257
0.000513946  45
0.000529807  96
0.000545441  184
0.000548735  44
0.000553289  128
0.000554582  80
0.000557364  225
0.000564588  205
0.000575934  72
0.000584388  64
0.000594087  119
0.00059728  185
0.000617681  67
0.0006521  133
0.000653671  135
0.000670798  99
0.000674925  199
0.000702815  116
0.000743887  27
0.000763717  97
0.000790062  140
0.000821215  59
0.000847299  235
0.00168622  2
0.00308315  390
0.00338896  288
0.00347625  304
0.00373048  302
0.00374613  397
0.00379095  373
0.00379786  380
0.00381813  6
0.00391073  356
0.00395571  337
0.00396458  289
0.00397363  386
0.00407758  374
0.0040922  295
0.00409942  361
0.00413209  253
0.0042351  266
0.00423962  282
0.00424826  372
0.00426215  296
0.00426517  395
0.00427942  319
0.00427993  385
0.0043054  351
0.0043207  392
0.00432096  329
0.00435148  367
0.00436216  332
0.00437421  383
0.00438481  318
0.00447015  387
0.0044758  350
0.00447943  377
0.00448897  324
0.00451192  276
0.00453383  335
0.0045374  334
0.00458658  238
0.00461985  344
0.00463601  371
0.00464036  388
0.0046521  313
0.0046781  391
0.0046803  368
0.00476551  345
0.0048045  311
0.00484774  366
0.00485572  338
0.0048687  364
0.00491307  317
0.00491709  308
0.00491838  384
0.00493242  211
0.0049385  393
0.00495225  19
0.0049555  349
0.00496387  359
0.00497573  330
0.0050275  323
0.00504684  315
0.00508219  355
0.00511104  353
0.00513247  321
0.00513421  396
0.00514713  365
0.00516048  312
0.00516545  363
0.00516782  246
0.00520853  305
0.0052265  314
0.00524168  331
0.00526749  261
0.00528985  327
0.00529439  265
0.00530682  362
0.00536562  357
0.00539597  376
0.00543341  325
0.00545844  292
0.00546705  307
0.00549518  340
0.00552151  240
0.00556377  352
0.00557087  242
0.00559093  375
0.00563502  354
0.00568317  333
0.00569849  300
0.00580939  326
0.00583236  22
0.00583451  369
0.00585027  310
0.00589505  346
0.00595035  243
0.00597886  389
0.00600775  394
0.00601395  382
0.00605121  283
0.0061669  210
0.00635159  34
0.00635431  306
0.00639427  328
0.0064694  320
0.00647374  179
0.00653993  341
0.00659707  322
0.00660544  378
0.00671184  209
0.00676638  348
0.00684932  303
0.00691372  316
0.00700662  251
0.00702449  379
0.00705759  339
0.00707538  347
0.00722206  360
0.00736213  97
0.00750897  202
0.00756578  342
0.00784179  399
0.00786126  237
0.00817665  277
0.00853755  294
0.0085862  343
0.00860831  309
0.00899145  7
0.00900508  336
0.00930471  398
0.00958795  290
0.0112631  358
0.0161715  301
0.0167717  214
0.017011  370
0.0172517  381
0.0378659  285
0.039529  392
0.0396957  367
0.0398105  111
0.0398943  374
0.0421549  397
0.0422597  199
0.0427352  329
0.0436382  304
0.0442662  387
0.0443027  361
0.0443649  92
0.045114  278
0.0452828  99
0.0454386  330
0.0462407  319
0.0467291  289
0.0471807  282
0.0472511  175
0.0472652  253
0.0473387  152
0.0477935  356
0.0479265  212
0.0484488  291
0.0484812  295
0.0490266  197
0.049322  123
0.049711  6
0.0498488  16
0.0499757  38
0.0506078  203
0.0506695  390
0.0509021  302
0.050933  15
0.0510225  147
0.0510305  8
0.0510424  27
0.05111  3
0.0511136  383
0.051261  213
0.0512886  373
0.051397  324
0.0514628  335
0.0517932  185
0.0519218  364
0.0520221  264
0.0520527  315
0.0520945  32
0.0522066  388
0.0522234  287
0.0522317  351
0.0522415  247
0.0523657  18
0.0524486  396
0.0525044  385
0.0525485  311
0.0526041  380
0.0528433  321
0.0531532  259
0.0533165  353
0.0533859  37
0.0533946  313
0.0535592  195
0.0535719  377
0.0536432  267
0.0538068  350
0.053851  323
0.0540706  395
0.054184  31
0.0543882  68
0.0544891  344
0.0546137  260
0.0546765  35
0.0547462  273
0.0548047  345
0.0548289  136
0.0548527  45
0.0549939  358
0.0549988  1
0.0550897  129
0.0555012  116
0.0556183  327
0.0558097  155
0.0558222  325
0.0559622  298
0.0559928  67
0.0560246  280
0.0560789  368
0.056223  376
0.0562273  331
0.0566163  332
0.0566798  393
0.0567345  284
0.0567586  201
0.0568026  276
0.0568313  269
0.0572169  318
0.0572391  337
0.0572843  297
0.0576294  308
0.0577845  91
0.0577995  286
0.0581015  326
0.0581639  372
0.0582259  310
0.0582966  220
0.0587092  349
0.0587318  384
0.0590601  386
0.0590964  354
0.0591912  305
0.0593705  334
0.0596039  317
0.0596886  279
0.0597666  314
0.0600586  357
0.0602163  355
0.0611066  184
0.061283  347
0.0613988  341
0.0616208  391
0.0623251  307
0.0624556  363
0.0629547  252
0.0630779  338
0.0631006  339
0.0631007  293
0.0631539  59
0.0632943  381
0.0633295  236
0.0635069  394
0.0637338  316
0.0646309  346
0.0661951  28
0.0671429  306
0.0675002  229
0.0675405  378
0.0678941  359
0.068065  171
0.0682784  375
0.0690092  365
0.0691565  79
0.0720255  21
0.072646  340
0.0734482  398
0.0739339  303
0.0745719  371
0.0745917  399
0.0801927  288
0.0804242  366
0.0812078  239
0.0815378  322
0.0829924  348
0.0830231  382
0.083594  333
0.0839882  233
0.0849068  336
0.085794  352
0.0871407  360
0.0883116  374
0.0883532  328
0.090482  250
0.090717  176
0.0918061  225
0.0919252  301
0.0920408  389
0.0920961  57
0.0921529  187
0.0932913  65
0.093603  369
0.0937093  335
0.0937418  238
0.0937875  320
0.0938354  274
0.0946126  140
0.094919  235
0.0957554  101
0.0961595  370
0.0978651  159
0.0996604  362
0.100238  272
0.100254  12
0.100644  127
0.101005  43
0.10129  124
0.102016  300
0.102064  256
0.1021  275
0.102256  181
0.102356  343
0.102488  216
0.10255  221
0.102605  168
0.102692  270
0.102804  379
0.103118  153
0.103383  255
0.10344  312
0.103545  85
0.103628  228
0.10374  388
0.104215  358
0.104359  385
0.10437  248
0.104507  329
0.104516  19
0.104524  241
0.104755  390
0.10561  154
0.105985  380
0.106216  204
0.106464  309
0.106598  342
0.107117  69
0.107323  350
0.107693  86
0.108156  387
0.108382  397
0.108451  285
0.108543  211
0.108706  151
0.108929  281
0.109039  83
0.109153  331
0.109795  373
0.109823  17
0.109886  105
0.10989  227
0.109915  353
0.11047  367
0.110543  304
0.110636  318
0.110678  242
0.110689  200
0.110702  376
0.110763  80
0.110999  326
0.111059  334
0.111291  386
0.111418  384
0.111539  40
0.111543  392
0.111778  143
0.111977  321
0.112017  308
0.112145  22
0.112215  313
0.112363  107
0.112454  262
0.112637  257
0.112849  319
0.112899  361
0.112969  9
0.113122  5
0.113241  391
0.113453  364
0.113786  330
0.11382  325
0.114137  75
0.114151  2
0.114658  315
0.114941  383
0.115073  271
0.115147  165
0.115308  115
0.115343  302
0.115488  95
0.116237  347
0.116558  245
0.116704  76
0.116801  351
0.116898  207
0.117397  395
0.117458  284
0.117461  363
0.117552  119
0.117643  359
0.118196  283
0.118361  141
0.119763  193
0.119834  158
0.120164  220
0.120271  89
0.120548  349
0.120775  398
0.121059  184
0.121143  112
0.121176  366
0.121261  14
0.121302  375
0.121392  0
0.121459  269
0.121488  323
0.12187  23
0.121981  324
0.122013  377
0.122104  345
0.122488  18
0.122575  346
0.122866  135
0.123156  339
0.123387  381
0.123435  368
0.12355  217
0.123933  182
0.124224  371
0.124423  88
0.124881  333
0.124896  338
0.125005  246
0.125762  196
0.125809  314
0.125851  317
0.126173  152
0.126318  305
0.126704  360
0.127664  327
0.128473  306
0.128995  20
0.129128  356
0.130454  354
0.130459  297
0.130738  41
0.130759  33
0.13091  301
0.131501  252
0.131606  335
0.132318  172
0.132659  311
0.132672  13
0.132789  157
0.133059  74
0.133311  341
0.133424  77
0.133968  348
0.134709  85
0.134847  303
0.135074  340
0.135413  396
0.135705  322
0.135767  53
0.136373  378
0.13664  385
0.136873  336
0.137867  352
0.137905  132
0.13804  64
0.138461  117
0.138763  6
0.138932  71
0.139187  355
0.139638  268
0.139799  91
0.140226  225
0.140231  263
0.140231  310
0.140607  344
0.140897  254
0.141098  93
0.141457  251
0.141623  37
0.14169  372
0.142313  307
0.142989  266
0.143095  292
0.143271  278
0.143693  365
0.143714  390
0.144105  394
0.144756  179
0.145094  163
0.14566  320
0.14585  332
0.145883  176
0.146101  188
0.146153  374
0.146166  121
0.146177  382
0.146349  81
0.146401  39
0.146722  316
0.147338  337
0.147396  343
0.147522  328
0.147701  294
0.147707  108
0.14787  393
0.148549  202
0.149095  45
0.149292  144
0.150054  148
0.150078  270
0.150254  291
0.150333  167
0.150416  258
0.151105  125
0.151141  326
0.151239  277
0.15128  237
0.151354  232
0.15205  357
0.152212  210
0.152681  276
0.152972  397
0.15303  175
0.153112  99
0.153467  205
0.153645  342
0.153687  331
0.153699  133
0.153837  300
0.153872  391
0.154372  56
0.154518  319
0.154526  109
0.154773  358
0.154877  362
0.154974  379
0.155517  290
0.155701  219
0.15593  312
0.156117  370
0.156427  63
0.156495  102
0.15657  48
0.156724  208
0.156734  399
0.15715  369
0.157164  361
0.157529  389
0.157606  321
0.157844  61
0.157974  189
0.158169  248
0.158266  97
0.15833  244
0.158805  318
0.158917  386
0.158933  388
0.159046  330
0.159095  363
0.159209  240
0.159556  27
0.15961  249
0.159651  87
0.159708  111
0.159735  31
0.160251  67
0.160277  16
0.160853  59
0.161311  293
0.161383  213
0.161668  44
0.161958  70
0.162348  145
0.162363  216
0.162388  324
0.162409  234
0.162643  295
0.162679  373
0.162868  10
0.163056  147
0.163233  104
0.16324  65
0.163277  299
0.16334  169
0.16338  302
0.163405  376
0.163578  387
0.163611  377
0.164217  3
0.164749  253
0.164851  351
0.164892  334
0.16496  92
0.165156  340
0.165162  384
0.165305  304
0.165329  333
0.165422  106
0.165556  46
0.165566  180
0.165639  260
0.16564  21
0.165793  350
0.165826  128
0.165894  36
0.165953  209
0.166181  308
0.166289  207
0.166381  395
0.166588  137
0.166692  339
0.166741  383
0.166769  380
0.166792  353
0.167178  267
0.167263  359
0.167423  199
0.167436  367
0.167465  98
0.167623  281
0.167869  118
0.167907  25
0.167924  398
0.168001  305
0.168066  192
0.168091  303
0.168121  73
0.168161  381
0.168223  313
0.168252  315
0.168506  62
0.16851  250
0.168562  34
0.168594  347
0.16867  338
0.168801  214
0.168873  368
0.169071  366
0.169103  4
0.169518  371
0.169748  323
0.169944  117
0.170177  349
0.170224  139
0.170271  317
0.170473  354
0.170609  78
0.170829  116
0.170844  345
0.17085  197
0.170865  392
0.171469  186
0.171898  124
0.171932  322
0.171954  200
0.172066  282
0.172474  195
0.173146  301
0.173153  90
0.173217  242
0.173251  288
0.17359  257
0.173608  20
0.173628  113
0.173718  273
0.174016  327
0.174074  375
0.175039  309
0.175627  332
0.176329  365
0.176865  100
0.17738  212
0.177579  310
0.177773  52
0.177805  364
0.178004  162
0.178173  159
0.17853  356
0.178681  286
0.178741  238
0.17907  329
0.179604  287
0.180044  355
0.180464  346
0.180525  227
0.18106  320
0.181483  393
0.181512  194
0.181853  360
0.182295  173
0.183555  372
0.183605  357
0.183838  96
0.184312  140
0.184663  275
0.18518  292
0.185406  378
0.185893  307
0.186147  190
0.18626  306
0.186342  328
0.186344  39
0.186502  348
0.186941  91
0.187002  311
0.18705  114
0.187491  127
0.188138  344
0.188193  158
0.188239  379
0.188901  399
0.188961  138
0.189562  245
0.189567  166
0.189612  76
0.190347  230
0.190418  183
0.190591  325
0.190674  122
0.190864  326
0.191376  101
0.191379  394
0.191442  335
0.191459  319
0.191508  22
0.191588  336
0.191668  77
0.191927  191
0.192035  274
0.192252  382
0.192527  341
0.192558  112
0.192639  42
0.192699  231
0.192761  206
0.192973  161
0.192975  8
0.193515  264
0.193601  130
0.193802  50
0.19388  153
0.193989  297
0.194024  316
0.194354  136
0.194441  312
0.194721  374
0.194847  352
0.194882  390
0.195013  265
0.195102  362
0.195365  361
0.195434  343
0.195703  119
0.195773  5
0.195837  2
0.195978  241
0.196124  397
0.197254  337
0.197258  71
0.197322  330
0.197432  105
0.197509  396
0.197662  103
0.198139  255
0.198324  254
0.198587  0
0.198724  51
0.199083  49
0.199256  296
0.199615  276
0.199663  300
0.199815  168
0.200202  79
0.200626  259
0.200781  389
0.200928  43
0.201051  21
0.201063  94
0.201178  221
0.201275  342
0.201656  1
0.201721  318
0.201806  313
0.201899  201
0.202026  146
0.202042  261
0.202058  68
0.202075  60
0.202378  239
0.202416  57
0.202552  331
0.202617  17
0.202724  72
0.202741  314
0.20286  376
0.202871  262
0.202884  170
0.202912  142
0.202973  143
0.203283  334
0.20333  321
0.203659  37
0.203713  229
0.203777  85
0.203854  29
0.204014  358
0.204161  248
0.204427  385
0.204498  26
0.20456  235
0.204594  226
0.20477  14
0.204871  289
0.204945  108
0.204948  303
0.204975  308
0.20521  377
0.20527  368
0.205496  220
0.205712  66
0.2058  80
0.205876  149
0.205913  338
0.205939  256
0.205981  258
0.206154  38
0.206195  369
0.206395  252
0.206507  129
0.206521  13
0.206696  193
0.20675  347
0.206814  118
0.206974  223
0.20698  364
0.207024  23
0.207071  280
0.207125  277
0.207225  388
0.207359  33
0.207403  121
0.207505  120
0.207568  63
0.207692  154
0.207718  132
0.207741  144
0.20782  393
0.207858  215
0.207873  391
0.207924  351
0.207931  305
0.207971  365
0.207984  363
0.208077  266
0.208236  333
0.208259  83
0.208344  386
0.208388  290
0.208562  370
0.208828  74
0.208829  350
0.208895  135
0.208978  107
0.209099  177
0.209155  302
0.209215  392
0.209274  30
0.209359  304
0.209654  380
0.209822  56
0.209827  367
0.209874  383
0.209943  218
0.210025  310
0.210118  348
0.210374  75
0.210528  157
0.210788  373
0.210839  237
0.210871  35
0.210879  381
0.210883  324
0.210895  160
0.210982  329
0.211006  328
0.211231  339
0.211259  156
0.211391  115
0.211543  257
0.211615  340
0.211834  299
0.21187  395
0.212081  398
0.212224  246
0.212286  47
0.212337  260
0.212422  298
0.21275  202
0.212785  88
0.213041  98
0.213046  176
0.213258  203
0.213373  344
0.213482  179
0.213581  353
0.213769  366
0.213897  198
0.214073  196
0.214331  109
0.214356  399
0.214822  228
0.214845  187
0.214888  301
0.214959  345
0.215166  222
0.215194  387
0.215344  315
0.215533  131
0.215588  323
0.215601  372
0.215802  390
0.215815  73
0.215985  95
0.216357  12
0.216798  293
0.217158  378
0.217281  284
0.217308  111
0.217384  148
0.217635  346
0.217677  174
0.217826  106
0.217835  267
0.217865  352
0.217912  311
0.218001  306
0.218084  322
0.218548  53
0.218571  359
0.218753  336
0.21881  319
0.218834  271
0.218976  90
0.219204  251
0.219353  327
0.219387  181
0.219417  375
0.219662  34
0.220071  341
0.220173  374
0.220351  279
0.220547  211
0.220613  291
0.22062  349
0.220652  356
0.220699  59
0.220725  272
0.221024  309
0.221094  43
0.221392  317
0.221488  100
0.222156  89
0.222346  182
0.222516  205
0.222887  172
0.223701  360
0.223863  78
0.223946  332
0.223969  162
0.224052  320
0.224253  101
0.224265  69
0.22539  312
0.225549  145
0.225565  357
0.225769  300
0.225861  371
0.225896  11
0.22603  379
0.226825  44
0.227227  138
0.227423  249
0.227467  54
0.227651  316
0.227681  394
0.228017  55
0.228066  147
0.228688  325
0.228957  4
0.229711  343
0.229832  158
0.230364  217
0.230954  389
0.232213  330
0.232994  104
0.233006  7
0.233712  335
0.233817  342
0.234419  0
0.234497  362
0.234685  382
0.235057  384
0.235373  264
0.235623  245
0.236276  354
0.237613  103
0.239475  339
0.23989  76
0.240306  363
0.241323  31
0.241933  334
0.242343  188
0.242925  227
0.242959  331
0.243834  152
0.244464  396
0.244509  307
0.244788  358
0.2448  40
0.244887  185
0.24539  361
0.246921  333
0.247313  15
0.247588  269
0.247704  61
0.248034  28
0.248064  87
0.248983  213
0.249073  139
0.249491  16
0.249967  385
0.25006  326
0.250825  313
0.250992  274
0.251052  128
0.25128  304
0.251556  275
0.251625  41
0.252018  310
0.252232  171
0.252233  107
0.252684  210
0.25312  197
0.253401  167
0.253761  225
0.254218  370
0.254263  364
0.25435  161
0.254359  351
0.254361  337
0.254363  224
0.254383  134
0.25442  391
0.254449  65
0.254472  380
0.254493  62
0.254527  39
0.254667  266
0.254742  376
0.255001  29
0.255013  140
0.255081  155
0.255164  208
0.25524  164
0.255259  233
0.255533  318
0.255617  13
0.255862  9
0.256015  392
0.256203  321
0.256325  282
0.256414  86
0.256456  189
0.256481  369
0.256483  240
0.256595  243
0.256624  27
0.256952  398
0.257031  367
0.257038  79
0.257126  368
0.257129  110
0.257438  350
0.257464  355
0.257625  393
0.257635  311
0.257817  173
0.257973  365
0.258107  22
0.258232  91
0.258246  324
0.258266  377
0.258358  84
0.25849  212
0.258506  303
0.258588  268
0.258709  70
0.259009  387
0.259062  81
0.259184  281
0.259241  113
0.259271  178
0.2595  226
0.259601  372
0.259602  47
0.259934  215
0.259938  238
0.259967  302
0.260262  323
0.260273  20
0.260543  64
0.2607  329
0.260793  292
0.260818  347
0.260969  132
0.261016  19
0.261137  381
0.26121  150
0.261219  378
0.261231  2
0.261288  130
0.261422  48
0.261453  117
0.261585  193
0.261607  395
0.261711  137
0.261719  344
0.261744  336
0.261888  124
0.2619  165
0.261921  119
0.262043  356
0.262086  141
0.262168  263
0.26217  328
0.262178  388
0.262237  270
0.262466  373
0.262485  232
0.262495  348
0.262787  353
0.262822  383
0.262913  93
0.262986  359
0.262993  327
0.262996  72
0.263058  258
0.263092  386
0.263191  196
0.2632  322
0.263303  73
0.263494  45
0.263501  99
0.26354  38
0.263652  397
0.263873  231
0.263999  305
0.264097  133
0.264135  92
0.264149  253
0.264163  319
0.264197  153
0.264264  300
0.264413  308
0.26442  338
0.264422  265
0.26454  17
0.264644  346
0.264682  37
0.264795  394
0.264931  112
0.265241  357
0.265448  375
0.265455  345
0.265636  374
0.265752  371
0.266049  259
0.26611  362
0.266126  115
0.266158  278
0.266169  390
0.266342  18
0.266622  46
0.266644  366
0.266723  192
0.266752  184
0.266942  301
0.267062  239
0.267569  289
0.267585  166
0.267637  349
0.267817  379
0.268759  256
0.269034  320
0.269074  312
0.269089  330
0.269153  314
0.269386  242
0.26977  360
0.269949  342
0.269964  283
0.270346  295
0.270448  309
0.270463  10
0.270594  315
0.270682  399
0.27076  63
0.271205  163
0.27128  382
0.271312  51
0.271448  340
0.271666  389
0.271743  236
0.271746  125
0.271765  190
0.271926  273
0.272022  286
0.272167  94
0.272907  363
0.27303  223
0.273357  358
0.273498  343
0.27397  354
0.274115  396
0.274163  149
0.27435  102
0.277705  97
0.278369  331
0.278504  325
0.278593  317
0.280515  352
0.280934  218
0.282673  307
0.284531  318
0.284641  392
0.286694  364
0.286737  313
0.287885  341
0.288317  306
0.28834  335
0.288409  334
0.289767  385
0.291244  304
0.291766  88
0.292732  361
0.293033  376
0.294841  49
0.294845  316
0.295068  50
0.297085  58
0.297606  384
0.297707  228
0.297893  332
0.298465  209
0.300727  148
0.300752  337
0.300847  296
0.300864  299
0.301369  146
0.303469  179
0.304082  126
0.304228  293
0.304439  31
0.305053  310
0.305384  25
0.306352  237
0.306396  129
0.306704  175
0.306718  336
0.306765  220
0.307021  26
0.307098  264
0.307128  172
0.30729  191
0.307597  359
0.307675  34
0.307978  257
0.30809  205
0.308132  85
0.308213  339
0.308275  344
0.308337  311
0.308345  118
0.30838  235
0.30842  108
0.308435  380
0.308451  285
0.308479  180
0.308551  372
0.308727  29
0.308751  204
0.308762  294
0.308823  269
0.308939  105
0.309046  74
0.309054  77
0.309067  54
0.309109  350
0.309229  251
0.309321  244
0.309365  202
0.309421  182
0.309434  57
0.309454  207
0.309493  145
0.309627  122
0.309653  327
0.309759  371
0.309769  169
0.309972  210
0.310017  381
0.310071  216
0.310143  170
0.310146  76
0.310173  21
0.31022  176
0.310295  14
0.310295  271
0.3103  131
0.310441  143
0.310479  185
0.310603  229
0.310767  276
0.31077  351
0.310772  326
0.310796  290
0.310809  201
0.310835  395
0.310961  89
0.310989  387
0.31104  245
0.311133  357
0.311214  164
0.31122  75
0.311235  230
0.311317  252
0.311406  353
0.311444  274
0.311482  152
0.311524  109
0.311533  393
0.311691  55
0.311745  114
0.311764  87
0.311766  398
0.311857  183
0.31187  388
0.311933  260
0.312029  333
0.312124  32
0.312129  221
0.312162  159
0.312201  288
0.312234  68
0.312237  219
0.31229  370
0.312337  369
0.312339  177
0.312347  24
0.312373  141
0.312478  28
0.312562  347
0.312578  39
0.312633  215
0.312633  22
0.312643  352
0.3127  329
0.312789  383
0.312892  187
0.31291  194
0.313032  324
0.313065  377
0.313088  33
0.313103  167
0.313108  308
0.313129  301
0.313132  321
0.313173  41
0.313194  78
0.313346  132
0.313349  355
0.31345  367
0.313524  69
0.313545  375
0.31357  365
0.313574  100
0.313622  267
0.31366  6
0.313671  300
0.313683  360
0.313758  5
0.313764  390
0.313941  394
0.31395  303
0.31395  272
0.314007  151
0.31406  358
0.314099  399
0.314135  123
0.314168  356
0.314345  397
0.314373  214
0.314427  348
0.314449  373
0.314462  8
0.314478  340
0.314643  166
0.31465  314
0.314664  391
0.314751  227
0.314824  366
0.314835  12
0.314869  362
0.31493  328
0.314947  60
0.314998  386
0.315027  144
0.315067  282
0.315133  368
0.315139  317
0.315172  346
0.315214  104
0.315244  319
0.315283  197
0.315289  320
0.315356  250
0.315377  195
0.315488  354
0.315498  15
0.315538  154
0.315705  265
0.315761  73
0.315784  376
0.315839  120
0.315921  318
0.316037  86
0.316185  240
0.316264  107
0.31635  52
0.316433  217
0.316462  338
0.316516  9
0.316579  305
0.316621  322
0.316626  16
0.316791  213
0.316813  119
0.31682  335
0.317016  304
0.317051  309
0.317052  379
0.317069  255
0.317088  385
0.317104  66
0.317135  203
0.317135  281
0.317209  302
0.3173  392
0.317348  382
0.317373  43
0.317466  286
0.317482  378
0.317502  315
0.317511  101
0.317547  95
0.317574  150
0.317662  59
0.317768  96
0.317768  158
0.317812  363
0.317843  266
0.317852  334
0.317913  81
0.318006  313
0.318008  331
0.318053  13
0.318058  138
0.318167  103
0.318236  51
0.318364  307
0.318427  61
0.318508  337
0.318551  249
0.31857  212
0.318651  325
0.318664  374
0.318677  98
0.31906  111
0.319208  396
0.319308  330
0.319325  44
0.319408  361
0.31945  91
0.319575  71
0.319623  345
0.319812  342
0.319861  349
0.319901  38
0.32003  134
0.320161  312
0.32037  198
0.320478  323
0.3205  359
0.320607  113
0.32095  181
0.32099  196
0.321047  341
0.321168  128
0.321363  295
0.321664  310
0.321962  389
0.322191  206
0.322298  139
0.322409  263
0.322942  306
0.323247  147
0.323398  343
0.323805  11
0.324441  47
0.325627  174
0.32604  90
0.327017  20
0.328957  350
0.329162  268
0.329183  157
0.329444  224
0.331433  23
0.331546  336
0.332511  156
0.334402  353
0.334803  130
0.335629  82
0.337069  67
0.338179  369
0.339917  248
0.340098  371
0.340512  398
0.341021  367
0.342264  65
0.343086  352
0.343155  377
0.343862  296
0.34444  53
0.3446  395
0.34464  316
0.346186  50
0.346692  142
0.347865  92
0.348448  347
0.348462  346
0.348706  160
0.348925  329
0.349652  383
0.350012  241
0.350378  301
0.350381  164
0.350412  129
0.350877  393
0.350921  387
0.351045  19
0.35146  185
0.351557  357
0.3518  45
0.352415  364
0.352549  41
0.352558  381
0.352636  390
0.352714  362
0.35301  339
0.353206  279
0.353427  258
0.353596  326
0.353652  2
0.353721  80
0.353759  10
0.353925  37
0.353961  297
0.354131  35
0.354254  17
0.354344  376
0.354746  136
0.354751  18
0.354886  242
0.35494  321
0.35499  368
0.355067  280
0.355263  62
0.35574  333
0.355747  334
0.355867  308
0.355997  145
0.356229  344
0.356261  348
0.35646  46
0.356473  318
0.356659  384
0.356736  40
0.356765  244
0.356898  246
0.357061  300
0.35714  324
0.357258  388
0.357733  386
0.357788  178
0.357859  378
0.357956  74
0.357987  267
0.358256  298
0.358383  27
0.358657  315
0.358697  163
0.359226  261
0.359232  234
0.35925  125
0.359384  54
0.359388  332
0.3594  190
0.359719  186
0.359973  392
0.360145  210
0.360187  31
0.360227  394
0.360241  243
0.360342  372
0.360536  102
0.360628  29
0.360878  115
0.361212  251
0.361253  356
0.361541  373
0.361658  366
0.36166  271
0.361723  283
0.361842  200
0.361885  223
0.362042  254
0.362125  76
0.362155  328
0.362203  370
0.36247  380
0.362472  153
0.362755  302
0.362798  169
0.363088  126
0.363351  354
0.36347  155
0.363495  340
0.363718  338
0.363738  335
0.364022  57
0.364168  375
0.364504  311
0.364547  358
0.364752  309
0.364993  322
0.365075  391
0.365104  34
0.365831  355
0.365866  217
0.366085  351
0.366295  171
0.366426  134
0.366919  291
0.36698  341
0.367037  233
0.367134  337
0.367464  13
0.367797  193
0.367876  188
0.367963  342
0.368028  226
0.368057  108
0.368181  379
0.368516  397
0.368719  3
0.368744  327
0.368817  314
0.36915  320
0.369296  317
0.370237  399
0.371248  319
0.372692  331
0.373426  105
0.37389  330
0.374856  385
0.374977  312
0.375009  369
0.375249  253
0.375787  365
0.375946  270
0.376339  94
0.376724  306
0.376997  260
0.377752  58
0.378121  184
0.378692  56
0.380668  118
0.38105  123
0.381359  173
0.381451  305
0.38173  313
0.38199  216
0.382009  396
0.382967  359
0.383101  310
0.383498  303
0.383588  177
0.383597  122
0.384307  97
0.384397  218
0.384636  192
0.38549  274
0.385841  89
0.385952  307
0.387018  199
0.387201  79
0.387481  148
0.387703  124
0.387954  364
0.388011  98
0.388194  135
0.388504  269
0.388878  381
0.389004  389
0.389561  374
0.390028  336
0.390041  323
0.390117  382
0.390135  236
0.390314  247
0.390707  211
0.390719  347
0.390964  325
0.390986  304
0.391141  49
0.391221  77
0.391794  235
0.392157  361
0.392508  0
0.392541  182
0.392548  161
0.392645  377
0.39297  220
0.393227  162
0.393438  117
0.39358  343
0.393871  207
0.393992  141
0.393998  350
0.394011  176
0.394078  387
0.394167  395
0.394275  201
0.394337  294
0.394814  60
0.394945  329
0.394949  383
0.395089  346
0.395123  167
0.395295  15
0.395315  222
0.395388  175
0.395407  262
0.395461  345
0.395616  149
0.395671  214
0.395687  288
0.395813  187
0.395971  63
0.395973  183
0.395993  362
0.396085  366
0.396228  7
0.396257  316
0.396273  33
0.396278  289
0.39629  344
0.396293  308
0.396531  143
0.39656  174
0.396589  390
0.396669  203
0.397244  227
0.39735  264
0.397437  367
0.397518  93
0.397524  357
0.397617  321
0.397626  349
0.39767  221
0.397859  202
0.398033  84
0.398054  232
0.398113  109
0.398121  146
0.398264  301
0.398317  380
0.398556  315
0.399102  360
0.399311  179
0.399457  154
0.399529  92
0.399538  287
0.39957  290
0.399681  239
0.399809  292
0.399834  213
0.399855  332
0.400026  86
0.400056  116
0.400068  388
0.400109  356
0.400119  371
0.400238  398
0.40041  393
0.400431  335
0.400523  386
0.400534  85
0.400632  348
0.400924  121
0.401069  156
0.401081  189
0.401209  324
0.40129  107
0.401382  11
0.401383  12
0.401437  309
0.401517  334
0.401711  354
0.401733  353
0.401777  273
0.401809  22
0.402  368
0.402025  338
0.402066  212
0.402099  219
0.402537  48
0.402718  99
0.40294  163
0.402981  158
0.403409  363
0.403491  272
0.403521  376
0.403703  160
0.403801  240
0.403876  4
0.403992  339
0.404034  302
0.404034  326
0.404583  205
0.404696  190
0.404823  384
0.404937  328
0.405293  399
0.405518  194
0.405875  385
0.406077  358
0.406322  145
0.406769  265
0.407309  319
0.407355  352
0.408264  327
0.408399  340
0.408705  61
0.40873  297
0.408868  391
0.409416  42
0.409476  337
0.40952  333
0.409579  17
0.409696  83
0.40974  88
0.41034  95
0.410472  317
0.410725  150
0.410819  299
0.410847  370
0.41124  320
0.411248  248
0.412528  378
0.412615  278
0.412703  392
0.412881  372
0.413253  261
0.414169  24
0.414351  303
0.415016  157
0.415245  188
0.415503  311
0.415547  130
0.415584  253
0.415997  379
0.416558  322
0.41664  341
0.416686  318
0.416889  114
0.416993  59
0.417161  331
0.417248  355
0.417287  263
0.417865  314
0.418231  375
0.418422  312
0.418528  275
0.419472  19
0.419703  258
0.420005  43
0.420487  285
0.420984  286
0.421263  351
0.422034  112
0.4227  152
0.423009  140
0.423858  249
0.423964  100
0.424347  217
0.424822  373
0.425163  347
0.425378  231
0.425384  196
0.425461  304
0.425573  133
0.425706  36
0.425893  330
0.4268  396
0.426855  104
0.427005  31
0.427134  374
0.427142  256
0.42746  34
0.427624  75
0.427928  209
0.427945  191
0.428238  132
0.428358  296
0.428694  41
0.428881  30
0.429069  195
0.429094  283
0.429241  40
0.429394  259
0.429462  199
0.429477  300
0.429515  394
0.429553  369
0.429968  5
0.43012  398
0.430668  381
0.43083  111
0.430923  47
0.430964  365
0.430978  230
0.430999  364
0.431129  266
0.431227  284
0.43137  383
0.431389  306
0.431459  291
0.431575  38
0.431675  336
0.431855  64
0.431888  65
0.431935  359
0.432052  208
0.432056  250
0.432061  161
0.432074  389
0.432091  332
0.432164  51
0.432203  159
0.432284  10
0.432323  60
0.432382  239
0.432452  81
0.432578  52
0.432589  32
0.432738  151
0.43275  118
0.43281  147
0.432937  23
0.432939  144
0.433023  103
0.433091  20
0.433102  388
0.43311  186
0.433127  165
0.433134  215
0.433269  171
0.433269  325
0.433282  53
0.433384  342
0.433406  71
0.43349  27
0.433548  241
0.433572  307
0.433599  293
0.433689  137
0.433851  382
0.433913  9
0.433941  28
0.433953  25
0.434101  204
0.434113  82
0.434156  39
0.434159  343
0.43425  280
0.434323  361
0.43433  181
0.434354  257
0.434405  366
0.434423  247
0.434428  90
0.434445  397
0.434506  323
0.434631  200
0.434637  6
0.434739  344
0.434787  367
0.434792  166
0.434914  155
0.43506  198
0.435061  313
0.435092  315
0.43531  172
0.435313  345
0.435319  362
0.435322  105
0.435343  62
0.435692  78
0.435788  386
0.435896  110
0.435943  298
0.436024  387
0.436036  329
0.436112  131
0.436138  354
0.436146  251
0.43616  184
0.436228  295
0.436301  305
0.436336  220
0.436337  308
0.436547  301
0.436723  85
0.436822  334
0.43709  193
0.437109  370
0.437134  225
0.43724  349
0.437362  101
0.437684  178
0.437846  371
0.437946  358
0.437968  350
0.437973  84
0.43798  176
0.437998  255
0.438139  309
0.438217  70
0.43822  320
0.438245  233
0.438262  35
0.438262  8
0.438314  127
0.438403  243
0.438416  357
0.438487  348
0.438539  368
0.438611  50
0.438628  339
0.438829  242
0.43895  335
0.43906  391
0.43912  333
0.439128  206
0.439205  13
0.439225  380
0.43926  310
0.439275  271
0.439357  197
0.439415  252
0.439472  302
0.439582  3
0.439596  327
0.439615  375
0.439634  91
0.439688  185
0.439711  377
0.439752  29
0.439775  139
0.439792  338
0.440085  153
0.440141  340
0.4402  106
0.440239  392
0.440263  281
0.440368  128
0.440483  316
0.440507  56
0.440524  390
0.440666  180
0.440789  96
0.440864  120
0.441016  238
0.441033  393
0.441052  346
0.441073  123
0.441097  324
0.441385  331
0.441489  384
0.44157  363
0.441674  356
0.441763  385
0.442189  69
0.442259  355
0.442287  378
0.442348  276
0.442461  341
0.442544  399
0.442686  352
0.442728  269
0.442738  282
0.442772  294
0.442827  246
0.443016  311
0.44328  227
0.443428  318
0.44357  55
0.443778  45
0.443874  319
0.444153  321
0.444833  67
0.44502  312
0.445121  360
0.445298  376
0.445383  229
0.445475  395
0.44573  330
0.445751  19
0.446089  223
0.446124  168
0.446225  277
0.446316  68
0.446831  314
0.447211  46
0.447377  372
0.449782  398
0.449807  164
0.44988  317
0.450021  107
0.450092  365
0.450244  115
0.451372  326
0.457735  63
0.457954  396
0.45899  394
0.460093  337
0.460329  382
0.460582  15
0.461496  322
0.464262  274
0.466157  268
0.467564  87
0.468176  86
0.468942  177
0.469114  1
0.469831  297
0.4699  303
0.470171  205
0.470669  286
0.47072  245
0.470861  92
0.471018  273
0.471163  328
0.471238  379
0.471265  113
0.471388  353
0.471432  288
0.471773  387
0.471821  183
0.472258  12
0.472799  389
0.472938  325
0.473279  308
0.473726  210
0.473731  201
0.47402  16
0.474112  14
0.474202  347
0.474697  315
0.474904  224
0.475129  390
0.475249  267
0.475553  66
0.475704  361
0.476069  11
0.47631  122
0.476323  336
0.47661  299
0.476714  192
0.476846  364
0.476942  57
0.477028  386
0.477332  93
0.477342  290
0.477978  22
0.478272  2
0.478301  373
0.478491  375
0.478577  345
0.4787  300
0.478713  129
0.47874  89
0.478776  119
0.478819  162
0.478871  149
0.478945  76
0.479201  304
0.47937  49
0.479447  381
0.479461  152
0.479474  351
0.479588  253
0.479598  48
0.479632  332
0.479787  302
0.479818  58
0.479828  339
0.47991  266
0.479957  138
0.48  306
0.480032  235
0.48004  18
0.480202  141
0.480213  222
0.480307  369
0.480318  124
0.480395  126
0.480457  44
0.480475  272
0.480597  367
0.480801  0
0.480921  292
0.481028  21
0.481041  393
0.481155  136
0.48122  320
0.481282  318
0.481316  102
0.481386  313
0.481469  169
0.481516  338
0.481562  301
0.481748  383
0.481915  189
0.481935  117
0.481937  348
0.482044  309
0.482095  377
0.482503  77
0.482533  42
0.482715  363
0.482824  216
0.482848  344
0.482912  47
0.483113  248
0.48316  341
0.483189  40
0.483203  366
0.483235  88
0.483355  305
0.48346  340
0.483469  323
0.483495  74
0.483573  295
0.483574  310
0.483596  75
0.483602  359
0.483721  17
0.48381  365
0.483865  368
0.484324  219
0.484355  73
0.484453  174
0.484545  64
0.484546  380
0.484586  80
0.484637  329
0.484733  342
0.484754  54
0.484763  228
0.48484  343
0.484857  335
0.485078  184
0.485281  31
0.485404  133
0.48556  378
0.485769  360
0.485883  242
0.486041  362
0.48609  397
0.486442  311
0.486542  251
0.486548  319
0.486852  53
0.487107  259
0.487137  384
0.487363  264
0.487516  185
0.487591  333
0.487616  350
0.487932  316
0.487958  371
0.4883  312
0.489313  108
0.489421  193
0.489613  203
0.490104  327
0.49037  334
0.490578  355
0.490833  346
0.491265  399
0.491675  356
0.491818  214
0.492838  370
0.492893  395
0.492998  358
0.493435  388
0.494022  289
0.495675  287
0.495773  396
0.496648  96
0.497386  211
0.497673  160
0.498501  142
0.499213  324
0.500133  391
0.500205  186
0.500828  372
0.501032  321
0.503148  56
0.503931  132
0.504601  307
0.504781  236
0.504933  349
0.508722  392
0.510418  385
0.510424  283
0.511068  325
0.511401  373
0.511441  13
0.512473  357
0.512534  293
0.51255  114
0.512619  196
0.512815  212
0.512858  398
0.51303  352
0.513674  291
0.513784  28
0.513912  143
0.514371  330
0.515139  182
0.515169  237
0.515774  154
0.516147  35
0.516595  234
0.516675  374
0.517008  361
0.517221  231
0.517549  261
0.517705  317
0.517994  110
0.518356  188
0.51844  125
0.51848  26
0.518515  379
0.518592  326
0.519105  256
0.519115  159
0.519371  279
0.519458  354
0.519556  163
0.519813  71
0.519843  72
0.519907  347
0.520033  94
0.520252  24
0.52055  32
0.520731  315
0.520787  322
0.520859  240
0.520928  36
0.52101  275
0.521139  254
0.521212  328
0.521339  394
0.521621  246
0.521646  104
0.521775  194
0.521796  60
0.521946  145
0.52195  239
0.521987  131
0.522047  135
0.522095  229
0.52229  62
0.522418  270
0.522428  5
0.522536  369
0.522617  331
0.522622  118
0.522959  337
0.522992  336
0.523041  137
0.523359  221
0.523556  50
0.523557  206
0.523604  218
0.52388  105
0.523946  255
0.523947  172
0.523981  353
0.524075  217
0.524206  148
0.524221  146
0.52434  387
0.524431  158
0.524593  195
0.524596  173
0.52467  67
0.524726  117
0.524738  7
0.52476  151
0.524763  59
0.524892  282
0.525138  340
0.525196  232
0.525265  37
0.525346  155
0.525377  309
0.525634  320
0.525701  285
0.525862  393
0.525872  197
0.525897  257
0.52593  367
0.526028  280
0.526136  376
0.526168  365
0.526175  351
0.526188  91
0.526191  276
0.526208  183
0.526355  205
0.526377  341
0.526446  363
0.526482  20
0.52651  388
0.526628  244
0.526639  305
0.526676  243
0.526683  98
0.526689  368
0.526765  233
0.526769  33
0.526781  175
0.526806  274
0.52688  342
0.526921  319
0.527065  370
0.527131  389
0.527164  30
0.527187  139
0.5272  226
0.52731  147
0.52738  314
0.527414  87
0.527482  300
0.52751  225
0.527513  375
0.527654  78
0.527692  345
0.527947  278
0.527968  39
0.528107  224
0.528149  332
0.528185  318
0.52833  344
0.528367  258
0.52841  284
0.528425  209
0.528441  313
0.528446  3
0.528577  95
0.528613  262
0.52864  316
0.528794  308
0.528845  310
0.528846  247
0.528869  348
0.52901  168
0.529039  306
0.529104  356
0.529156  127
0.529256  329
0.529289  335
0.529372  312
0.529388  112
0.529398  386
0.529455  223
0.529542  215
0.529581  200
0.529634  382
0.52966  38
0.529668  355
0.529669  339
0.529707  301
0.529779  303
0.52988  359
0.529893  395
0.529922  327
0.529934  64
0.529946  82
0.529947  85
0.529977  304
0.530006  350
0.530047  297
0.530104  41
0.530286  343
0.530354  383
0.530483  371
0.530488  277
0.5305  47
0.530501  333
0.530552  372
0.530692  55
0.53076  311
0.530789  157
0.530895  381
0.5309  156
0.530919  167
0.530942  68
0.531001  109
0.531042  346
0.531074  65
0.531158  307
0.531176  84
0.531215  349
0.531342  191
0.531414  203
0.531414  144
0.531586  185
0.531637  10
0.531648  153
0.531663  323
0.531691  391
0.531818  141
0.531846  107
0.531874  362
0.531888  187
0.531922  202
0.532006  208
0.532007  150
0.532044  292
0.532071  385
0.532129  116
0.532141  390
0.532168  171
0.532281  25
0.532338  397
0.532339  399
0.53239  250
0.532555  360
0.532616  46
0.532761  213
0.532871  170
0.53289  302
0.533058  181
0.533062  162
0.533137  130
0.533505  222
0.533509  384
0.533607  12
0.533721  396
0.533781  165
0.533861  252
0.533986  128
0.534234  129
0.534272  273
0.534277  338
0.534316  6
0.534429  177
0.534576  230
0.534704  134
0.534755  321
0.53479  364
0.535096  295
0.53511  140
0.535122  271
0.535308  11
0.535325  263
0.535398  281
0.535504  16
0.535801  97
0.535844  15
0.536018  40
0.53606  169
0.536177  376
0.536418  317
0.536443  366
0.536507  361
0.536518  34
0.536671  358
0.536822  330
0.537152  377
0.537194  100
0.537199  22
0.53728  27
0.537575  219
0.537898  260
0.537994  178
0.538376  188
0.538407  58
0.53841  17
0.53874  324
0.539316  378
0.539655  23
0.539945  357
0.540289  334
0.540394  269
0.540558  138
0.540721  164
0.540733  308
0.540932  93
0.54139  249
0.541424  380
0.541588  54
0.541636  266
0.541695  394
0.54191  319
0.54197  132
0.542169  57
0.542251  347
0.54235  56
0.54256  276
0.542825  374
0.542842  305
0.542878  298
0.542998  199
0.543002  354
0.54344  4
0.543952  286
0.543992  121
0.544002  342
0.544028  73
0.544189  152
0.544612  289
0.544746  251
0.544808  392
0.545171  0
0.545862  379
0.545989  322
0.546002  236
0.546077  325
0.546079  69
0.546891  53
0.547425  111
0.547535  314
0.547943  398
0.54829  77
0.548641  36
0.548676  220
0.548891  365
0.549297  309
0.5497  18
0.549712  241
0.550544  198
0.550883  21
0.551008  256
0.551039  340
0.551603  143
0.551775  332
0.552276  352
0.552576  228
0.552739  327
0.55279  353
0.553147  389
0.553241  373
0.553616  320
0.553692  45
0.555294  79
0.555391  375
0.555458  370
0.556366  61
0.5565  351
0.556998  105
0.557289  37
0.557637  368
0.557668  161
0.557834  261
0.557937  74
0.558023  393
0.558238  341
0.559177  387
0.559326  196
0.559532  326
0.560008  113
0.56026  9
0.560346  193
0.560728  312
0.56074  31
0.561328  106
0.561708  361
0.561767  156
0.561884  316
0.562722  63
0.563059  19
0.56306  371
0.563749  382
0.563762  345
0.56397  336
0.564421  344
0.56561  201
0.56563  110
0.565712  1
0.567005  363
0.5676  43
0.568576  306
0.568722  115
0.569102  385
0.569337  210
0.569441  355
0.569565  335
0.570024  315
0.571403  232
0.572231  51
0.572927  231
0.573208  296
0.573576  331
0.573832  268
0.573924  102
0.574287  329
0.574583  179
0.574661  227
0.574841  70
0.575115  304
0.575229  195
0.575561  122
0.575577  287
0.575598  388
0.575633  328
0.575885  364
0.576386  175
0.576399  168
0.576551  290
0.576838  109
0.577025  158
0.577056  307
0.577485  203
0.577624  192
0.577722  71
0.577726  253
0.577763  124
0.577819  131
0.577823  259
0.577938  318
0.578009  226
0.578166  348
0.578215  119
0.578257  20
0.578491  216
0.578601  133
0.578682  300
0.578782  272
0.578926  362
0.578983  339
0.57899  356
0.579077  384
0.579124  374
0.579172  313
0.579205  299
0.579288  323
0.579419  367
0.579488  52
0.580048  183
0.580074  49
0.580189  101
0.580307  301
0.580512  358
0.580741  334
0.581597  378
0.581997  369
0.582215  180
0.582247  347
0.582562  383
0.582634  59
0.582754  212
0.582764  379
0.582798  197
0.582834  303
0.582892  359
0.583209  8
0.583735  83
0.583817  283
0.583837  302
0.583968  346
0.583968  352
0.584054  376
0.584094  237
0.584478  394
0.584604  78
0.58502  154
0.585391  184
0.58549  33
0.585764  96
0.585914  386
0.586086  26
0.586256  322
0.586361  81
0.586716  186
0.586742  399
0.586932  90
0.587065  308
0.587203  395
0.587496  288
0.587787  211
0.58805  72
0.588443  247
0.589091  397
0.589202  360
0.58921  24
0.589322  295
0.589519  274
0.58954  264
0.589785  350
0.589805  267
0.590117  291
0.590201  319
0.590226  366
0.590262  207
0.59044  381
0.590468  324
0.590765  87
0.590773  189
0.590843  330
0.590899  99
0.591335  341
0.591579  209
0.591652  157
0.591784  398
0.591819  15
0.591877  38
0.592198  385
0.592365  123
0.592652  230
0.593016  349
0.593281  32
0.593711  372
0.593879  44
0.594007  120
0.59439  390
0.594643  377
0.594684  342
0.594698  204
0.594777  257
0.594806  98
0.595014  163
0.595146  13
0.595299  165
0.595538  310
0.595661  208
0.595769  145
0.595773  149
0.595875  325
0.5959  191
0.595981  365
0.596007  233
0.596188  293
0.596614  314
0.5967  126
0.596903  333
0.597006  391
0.597101  309
0.597459  344
0.597644  357
0.598142  312
0.599135  159
0.599816  392
0.600546  305
0.600934  343
0.601221  338
0.602346  148
0.602813  361
0.603384  380
0.603414  167
0.603553  371
0.603684  332
0.603856  213
0.604389  311
0.604584  317
0.604844  368
0.60503  335
0.605449  337
0.60549  234
0.605771  217
0.606113  340
0.60623  353
0.606651  327
0.606661  139
0.607493  373
0.608165  60
0.60866  118
0.610832  144
0.610886  364
0.611891  5
0.613663  29
0.615087  316
0.616193  108
0.616195  125
0.617045  384
0.61713  334
0.617348  306
0.617712  383
0.618028  107
0.618177  266
0.61839  297
0.618624  114
0.619248  321
0.619386  320
0.619883  153
0.619885  345
0.621912  389
0.621935  300
0.622321  262
0.62249  174
0.622892  229
0.623106  354
0.623175  141
0.623736  347
0.623866  235
0.623888  194
0.624051  103
0.624123  375
0.62413  30
0.624206  95
0.624331  394
0.624687  64
0.625002  2
0.625065  138
0.625116  326
0.62513  279
0.625137  243
0.625246  176
0.625267  88
0.625419  351
0.625637  42
0.625643  358
0.625933  339
0.626008  355
0.626161  10
0.626169  135
0.626447  113
0.6267  336
0.626851  328
0.626993  363
0.627025  171
0.627378  346
0.627546  14
0.627617  48
0.627635  379
0.627685  80
0.62777  224
0.627838  278
0.627906  276
0.627968  387
0.628435  94
0.628559  238
0.628571  382
0.628661  173
0.628755  281
0.628904  119
0.629335  313
0.629346  315
0.629366  388
0.62937  65
0.629447  46
0.62963  260
0.629993  129
0.630014  151
0.630016  89
0.630512  116
0.630587  228
0.630746  378
0.630751  393
0.630762  172
0.63093  12
0.630966  286
0.631016  136
0.63102  16
0.631038  193
0.631121  275
0.631295  158
0.631342  308
0.631358  370
0.631382  104
0.631411  329
0.631442  396
0.631499  255
0.631514  218
0.631521  253
0.631587  250
0.631595  269
0.631721  356
0.631858  101
0.631943  251
0.631983  302
0.632012  374
0.632019  361
0.632063  318
0.632111  91
0.632203  285
0.632207  162
0.632215  86
0.632229  362
0.632254  66
0.632292  369
0.632337  273
0.632368  246
0.632387  359
0.632426  92
0.632483  399
0.632507  330
0.632594  376
0.632639  331
0.632673  23
0.63268  280
0.63276  349
0.632816  319
0.632893  111
0.632974  304
0.632988  183
0.633054  223
0.63316  249
0.633432  272
0.633644  348
0.633688  284
0.633693  324
0.633738  395
0.633761  47
0.633897  301
0.633924  20
0.633952  198
0.634  19
0.634025  83
0.634091  366
0.634251  210
0.63432  368
0.634335  360
0.634345  343
0.634353  367
0.634387  240
0.634416  28
0.634455  215
0.634465  140
0.634576  298
0.634589  143
0.634644  205
0.63466  82
0.634717  7
0.634748  357
0.63476  221
0.634817  310
0.635074  371
0.63513  386
0.635249  134
0.635288  309
0.635304  392
0.635361  185
0.635394  131
0.635481  242
0.635568  333
0.635585  84
0.635657  69
0.635676  156
0.635676  322
0.63583  307
0.635922  391
0.635963  59
0.635984  244
0.636062  323
0.636067  270
0.636088  147
0.636522  381
0.636604  142
0.636625  303
0.636936  203
0.637001  241
0.637092  239
0.637222  342
0.637414  277
0.63754  334
0.637578  9
0.637591  79
0.637602  227
0.637926  184
0.637927  226
0.637937  341
0.638108  267
0.63856  177
0.638593  100
0.638631  338
0.638699  40
0.638754  166
0.63878  232
0.639037  102
0.639196  76
0.639408  268
0.639667  390
0.63985  112
0.639953  311
0.639967  350
0.640107  202
0.640481  373
0.640518  335
0.640619  155
0.640702  58
0.640872  167
0.641352  55
0.641517  306
0.641608  340
0.641681  70
0.641852  352
0.641869  181
0.64187  127
0.642051  337
0.642414  24
0.642503  34
0.642503  312
0.642531  314
0.642679  243
0.642706  144
0.642784  316
0.642789  364
0.64279  365
0.642799  385
0.642854  372
0.643186  214
0.643261  252
0.643378  8
0.643821  321
0.644295  74
0.644395  325
0.644621  225
0.644764  11
0.644793  380
0.644837  160
0.645449  397
0.645493  320
0.646557  299
0.646587  25
0.646671  93
0.646698  317
0.646706  327
0.647137  258
0.64759  37
0.647752  208
0.64783  63
0.647913  288
0.64792  115
0.647986  332
0.648766  360
0.649357  346
0.649596  305
0.649798  121
0.649917  300
0.650008  377
0.650264  199
0.650625  344
0.651089  326
0.651575  21
0.651673  230
0.652634  5
0.652702  398
0.652772  313
0.653115  57
0.653516  351
0.653694  289
0.654236  38
0.654877  189
0.654902  196
0.65561  271
0.655658  187
0.655834  304
0.656199  18
0.656493  41
0.656598  369
0.657033  294
0.657166  383
0.657729  354
0.657753  117
0.658436  186
0.658911  353
0.659121  382
0.659529  355
0.659557  219
0.659877  120
0.660004  345
0.660299  328
0.660719  358
0.660759  195
0.661045  109
0.66196  379
0.6622  378
0.662558  336
0.66324  49
0.664241  0
0.664521  137
0.664739  78
0.664966  265
0.665067  388
0.665347  175
0.665583  56
0.665782  394
0.666358  284
0.666358  201
0.666402  139
0.666734  168
0.667296  347
0.667439  211
0.667938  248
0.668487  200
0.668732  387
0.668934  169
0.669022  281
0.66921  363
0.669883  71
0.670037  393
0.670416  287
0.671186  374
0.671407  329
0.671848  165
0.672592  67
0.672652  399
0.672964  330
0.673039  4
0.673299  324
0.673386  130
0.673476  170
0.673651  52
0.674087  43
0.674315  141
0.674377  103
0.674502  254
0.674784  341
0.674951  261
0.675023  105
0.675543  315
0.6756  384
0.675671  375
0.675796  367
0.676025  296
0.676705  192
0.677178  161
0.677475  126
0.677602  245
0.677843  331
0.678162  361
0.678285  308
0.678358  234
0.678645  309
0.678655  386
0.678761  279
0.678835  373
0.679149  368
0.67917  350
0.679287  174
0.679323  149
0.679391  339
0.67941  282
0.679591  89
0.679774  338
0.680079  381
0.680081  359
0.680298  337
0.680309  362
0.680333  231
0.680531  162
0.680645  343
0.680953  207
0.681108  357
0.681186  128
0.681321  125
0.681352  27
0.681388  33
0.681571  327
0.681775  68
0.681848  17
0.681904  301
0.681951  349
0.682651  356
0.682757  310
0.682809  371
0.682932  291
0.683285  247
0.683344  145
0.683414  104
0.683663  293
0.68447  372
0.684614  392
0.684712  391
0.684735  212
0.684762  303
0.68477  122
0.685219  333
0.685418  264
0.685905  36
0.685912  365
0.686079  348
0.686328  283
0.686515  389
0.686785  312
0.6874  370
0.687464  256
0.687511  51
0.688103  259
0.688161  31
0.688238  334
0.688293  110
0.688563  274
0.689464  332
0.689673  132
0.689715  182
0.689831  325
0.689877  318
0.690097  313
0.690253  366
0.690423  390
0.690507  376
0.690962  396
0.691793  307
0.693572  335
0.693654  322
0.696787  87
0.699221  216
0.699915  106
0.70002  342
0.700397  157
0.700573  96
0.701021  352
0.701335  364
0.701786  344
0.702356  398
0.702788  39
0.702864  32
0.702949  118
0.703275  306
0.703387  133
0.704027  355
0.704093  319
0.704165  383
0.704916  124
0.705294  224
0.705894  218
0.706158  353
0.706339  95
0.706367  123
0.706529  385
0.706733  62
0.706804  360
0.707305  311
0.707395  60
0.707427  378
0.707565  323
0.70821  79
0.70848  328
0.709549  244
0.709651  382
0.709816  65
0.710021  320
0.710194  66
0.710218  395
0.710265  255
0.710809  209
0.710811  305
0.710974  172
0.712347  300
0.712351  148
0.712388  369
0.712824  235
0.712943  20
0.713504  152
0.713637  292
0.714001  158
0.714279  2
0.714675  397
0.714741  19
0.71483  272
0.71484  97
0.715011  114
0.715325  69
0.715328  304
0.715339  314
0.715397  236
0.715413  302
0.715692  85
0.715906  351
0.715918  176
0.716002  399
0.716034  91
0.716265  88
0.716351  263
0.716513  111
0.716567  1
0.716684  94
0.717072  10
0.717126  24
0.71715  147
0.717194  321
0.717242  22
0.717299  117
0.717411  191
0.71745  90
0.717466  361
0.717541  346
0.717566  164
0.71758  63
0.717614  64
0.717616  159
0.71773  185
0.717807  326
0.717883  171
0.717987  276
0.718272  277
0.718343  206
0.718418  92
0.71842  394
0.718511  275
0.718667  81
0.71869  150
0.718711  50
0.718748  219
0.718761  203
0.718877  317
0.719099  197
0.719227  379
0.719286  345
0.719535  80
0.719592  25
0.719598  163
0.719607  368
0.71961  377
0.71981  183
0.719821  269
0.719837  387
0.720051  82
0.720107  173
0.720212  99
0.720307  45
0.720308  343
0.720348  237
0.720517  202
0.720646  350
0.720711  301
0.720732  190
0.720865  44
0.720938  154
0.721033  384
0.721088  220
0.721263  16
0.721311  75
0.72138  393
0.721414  198
0.721429  374
0.721476  354
0.721592  389
0.721592  297
0.721665  375
0.721725  316
0.722026  188
0.722039  226
0.722054  336
0.722106  204
0.722133  358
0.72229  194
0.722447  146
0.722461  347
0.722517  9
0.722705  246
0.722716  40
0.72279  238
0.722884  0
0.722969  309
0.722979  333
0.72309  340
0.72311  116
0.723119  15
0.72315  180
0.723171  386
0.723388  43
0.723397  372
0.723426  7
0.723459  72
0.723495  331
0.723524  59
0.723542  208
0.723568  330
0.723604  388
0.723709  195
0.72374  273
0.723784  290
0.723852  356
0.724012  186
0.724032  270
0.724143  365
0.724165  28
0.724186  137
0.724195  337
0.724256  23
0.724263  339
0.72437  380
0.724416  257
0.724434  112
0.724476  18
0.724538  258
0.724634  54
0.724727  127
0.724776  363
0.724832  278
0.724913  307
0.72509  254
0.72513  282
0.725201  100
0.725364  179
0.725366  367
0.725375  359
0.725418  175
0.725476  200
0.725498  232
0.725554  34
0.725555  371
0.72562  329
0.725735  352
0.725747  56
0.725796  324
0.725826  313
0.725854  392
0.72586  215
0.725891  298
0.725995  46
0.726043  308
0.726089  390
0.72612  120
0.726143  362
0.726145  68
0.726149  349
0.726222  153
0.726279  344
0.7264  166
0.726413  41
0.726458  205
0.72657  251
0.726592  373
0.726606  37
0.726687  129
0.726709  67
0.72674  93
0.72677  157
0.726776  162
0.726815  332
0.726886  357
0.727034  266
0.727041  115
0.72705  391
0.727094  156
0.727099  315
0.72713  320
0.727143  398
0.727363  214
0.727389  353
0.727434  334
0.727462  341
0.727512  285
0.727553  30
0.727567  327
0.727586  136
0.727593  242
0.727707  376
0.727777  49
0.727786  348
0.72781  26
0.727836  328
0.72794  174
0.727945  21
0.72797  84
0.727972  213
0.72805  121
0.728107  342
0.728169  378
0.728174  139
0.728203  138
0.728212  306
0.728216  249
0.728256  31
0.728276  102
0.728291  355
0.728321  234
0.728381  48
0.728414  108
0.728419  98
0.728424  303
0.728459  338
0.728472  73
0.728479  119
0.728531  299
0.728549  134
0.728572  335
0.7286  322
0.728648  12
0.728663  381
0.728793  130
0.728927  325
0.729009  396
0.729038  187
0.729137  53
0.729138  239
0.729169  57
0.729696  35
0.729721  310
0.729731  370
0.729819  241
0.72997  265
0.730232  165
0.730326  6
0.730421  312
0.730597  113
0.730634  385
0.730662  318
0.731015  369
0.731076  240
0.731147  222
0.731154  155
0.731332  14
0.731442  151
0.731513  305
0.731514  196
0.731664  383
0.731683  302
0.7318  399
0.732108  366
0.732147  131
0.732226  83
0.732409  323
0.732601  38
0.732808  142
0.732811  223
0.73292  260
0.732965  161
0.732988  229
0.733006  377
0.733369  311
0.733512  261
0.734203  319
0.734343  211
0.734539  228
0.734562  360
0.734991  300
0.735648  286
0.735757  106
0.735851  256
0.736109  364
0.736317  143
0.736538  262
0.736589  382
0.73701  397
0.737624  368
0.737749  105
0.7381  277
0.738126  160
0.73833  167
0.738735  294
0.73925  395
0.73945  274
0.73947  304
0.739478  101
0.740506  289
0.74099  122
0.74165  132
0.742691  61
0.743264  13
0.743879  11
0.743916  76
0.743924  321
0.74398  168
0.744373  250
0.744467  210
0.744602  394
0.744729  217
0.745297  345
0.746727  340
0.747851  384
0.747896  178
0.749042  379
0.749279  17
0.75062  199
0.750897  351
0.75095  337
0.751751  330
0.752012  69
0.752714  358
0.752746  36
0.753336  58
0.753488  336
0.753819  287
0.754099  74
0.75462  315
0.754894  80
0.755477  293
0.755681  346
0.756223  375
0.756686  77
0.756896  387
0.758384  104
0.758439  396
0.758597  333
0.758762  164
0.758884  374
0.759005  359
0.759913  362
0.760007  124
0.760077  316
0.760187  269
0.760373  175
0.761097  60
0.761178  44
0.761242  307
0.761354  125
0.761456  35
0.761885  7
0.761965  322
0.762148  317
0.762408  272
0.76281  314
0.763556  193
0.763608  177
0.764335  27
0.76439  288
0.764419  324
0.764511  158
0.764606  301
0.764669  354
0.764796  245
0.765188  363
0.765292  295
0.765305  367
0.76563  386
0.765718  392
0.765742  5
0.765875  209
0.765902  123
0.766018  194
0.766257  352
0.766269  338
0.766278  331
0.766555  398
0.766747  236
0.766819  3
0.767028  233
0.767087  281
0.767506  238
0.767559  184
0.767595  357
0.767937  149
0.768107  85
0.768237  303
0.768282  372
0.768532  339
0.768558  380
0.768563  271
0.768587  377
0.768697  309
0.768948  259
0.769074  89
0.769339  355
0.769398  393
0.769647  381
0.769818  47
0.769867  243
0.770048  283
0.77018  32
0.770237  332
0.770297  42
0.770322  370
0.770333  310
0.770351  376
0.770625  19
0.771119  140
0.771199  23
0.771391  302
0.77181  388
0.771812  356
0.772048  252
0.77219  198
0.772294  348
0.772321  344
0.772476  350
0.772599  313
0.772616  389
0.772698  92
0.772758  97
0.772812  291
0.773105  147
0.773155  204
0.77319  148
0.773199  373
0.77341  347
0.773891  361
0.774436  318
0.774513  383
0.774546  275
0.774553  320
0.775156  326
0.775245  235
0.775326  248
0.775615  341
0.776004  334
0.776024  327
0.776425  20
0.776475  390
0.77666  323
0.77709  366
0.780646  267
0.780723  244
0.783914  90
0.784524  246
0.785138  399
0.78542  251
0.786281  63
0.786759  201
0.786824  312
0.786965  159
0.787034  111
0.787522  31
0.788822  371
0.788824  78
0.788968  335
0.789319  343
0.789445  349
0.789885  305
0.78989  230
0.789914  141
0.790112  365
0.79064  273
0.790717  360
0.790831  66
0.791255  190
0.7913  22
0.79147  280
0.792155  342
0.792241  28
0.792416  231
0.792558  394
0.792909  118
0.793289  311
0.793341  353
0.793384  15
0.793414  241
0.793847  52
0.793994  176
0.794001  268
0.79411  368
0.794217  328
0.794597  155
0.794664  333
0.79479  329
0.794924  96
0.795049  59
0.795343  197
0.795374  300
0.795456  397
0.795678  255
0.795959  319
0.795968  50
0.796101  364
0.796305  109
0.79632  337
0.796629  135
0.796807  68
0.796974  172
0.79725  382
0.797289  264
0.797368  86
0.79753  16
0.79785  345
0.797974  308
0.797976  8
0.79814  211
0.798628  372
0.798901  29
0.798998  391
0.799238  279
0.799255  307
0.799284  65
0.7994  107
0.799425  369
0.799553  212
0.799598  385
0.799779  99
0.799924  163
0.799933  112
0.800101  351
0.800217  4
0.800272  378
0.800384  304
0.80043  95
0.800554  387
0.800708  331
0.801091  316
0.801423  62
0.801921  189
0.802549  306
0.802603  379
0.802879  200
0.802978  278
0.803168  101
0.803294  206
0.803729  6
0.803776  182
0.803892  70
0.804054  261
0.804205  151
0.804477  321
0.804583  156
0.804668  384
0.804776  395
0.804874  133
0.805046  358
0.805575  26
0.805651  260
0.805786  56
0.805801  370
0.805907  354
0.806041  98
0.806281  220
0.806324  222
0.80643  227
0.806445  373
0.806719  330
0.806868  362
0.806891  195
0.806938  240
0.807149  226
0.807273  310
0.807284  320
0.807392  325
0.807397  39
0.807431  217
0.807643  359
0.807697  142
0.80788  129
0.807927  2
0.808059  117
0.808368  265
0.808379  9
0.808386  284
0.808388  24
0.808421  126
0.808426  216
0.808494  388
0.808607  340
0.808692  301
0.808885  256
0.808887  309
0.80918  218
0.809184  115
0.809342  203
0.809588  73
0.80967  170
0.809708  355
0.809741  338
0.810132  253
0.81014  196
0.810425  389
0.810533  314
0.810684  58
0.810738  137
0.810764  374
0.810788  315
0.811162  375
0.811345  120
0.811646  303
0.811668  139
0.811763  257
0.811789  339
0.811797  318
0.81187  72
0.811874  302
0.811928  383
0.812015  346
0.812077  296
0.812624  221
0.812883  352
0.813053  323
0.813451  386
0.81354  254
0.813568  276
0.813569  380
0.813938  332
0.81401  207
0.814148  356
0.814153  377
0.814247  366
0.814397  363
0.814401  103
0.814556  224
0.814845  336
0.815328  145
0.815435  239
0.815863  233
0.815991  79
0.816674  232
0.816776  37
0.816826  57
0.817233  324
0.817305  41
0.817315  313
0.817403  71
0.817417  376
0.817672  381
0.817884  322
0.818139  46
0.818754  194
0.818784  114
0.819479  357
0.819937  396
0.820292  113
0.82043  317
0.820579  360
0.820955  287
0.82192  275
0.822174  134
0.822185  202
0.822648  149
0.822665  367
0.822963  144
0.823696  123
0.823848  319
0.823859  393
0.824185  204
0.824341  399
0.824645  326
0.824654  48
0.825056  249
0.825299  392
0.825461  327
0.825488  246
0.825491  371
0.825516  341
0.825556  88
0.825635  329
0.826006  7
0.826021  394
0.82605  347
0.826354  334
0.826566  91
0.826804  343
0.826836  311
0.82695  130
0.827769  87
0.82786  273
0.828052  80
0.828243  266
0.828273  269
0.828624  242
0.829264  192
0.829299  171
0.829307  104
0.829632  262
0.829908  250
0.830484  55
0.830589  282
0.830681  348
0.830854  312
0.831876  390
0.832505  49
0.832536  234
0.832615  283
0.833247  3
0.833427  331
0.834295  281
0.834367  238
0.834584  223
0.834676  138
0.834687  150
0.834707  358
0.83478  398
0.834976  162
0.835009  342
0.835049  350
0.835139  391
0.835212  344
0.835266  372
0.835399  229
0.835411  25
0.835908  12
0.836554  108
0.836654  300
0.836877  76
0.836907  351
0.836955  361
0.837054  110
0.837199  335
0.837347  382
0.837404  353
0.837443  337
0.837647  306
0.838069  92
0.839048  328
0.839202  237
0.840308  236
0.840359  305
0.841024  330
0.841626  369
0.841637  289
0.841924  333
0.841983  11
0.842117  154
0.84241  61
0.842847  34
0.842894  304
0.843599  245
0.843601  69
0.843777  106
0.84381  225
0.843824  64
0.843904  181
0.843975  84
0.844375  89
0.844859  340
0.844934  153
0.845033  18
0.845273  78
0.845651  314
0.846556  365
0.846729  179
0.847003  355
0.847212  386
0.847262  77
0.847329  258
0.847346  396
0.847362  198
0.847692  384
0.848255  183
0.848358  228
0.848792  178
0.848829  316
0.849079  307
0.849092  160
0.849439  368
0.84981  199
0.849845  271
0.84988  377
0.849917  94
0.850044  376
0.850383  219
0.850708  20
0.850922  303
0.850962  308
0.851101  270
0.851192  375
0.851288  247
0.851367  345
0.851626  131
0.851762  356
0.851864  169
0.851977  261
0.852078  209
0.852472  321
0.852777  294
0.852906  301
0.852988  325
0.853275  374
0.853291  51
0.853418  349
0.853444  191
0.853488  362
0.853626  218
0.85392  309
0.853973  373
0.854055  341
0.85447  385
0.855035  187
0.855438  32
0.855454  105
0.855824  338
0.855885  354
0.855993  148
0.856178  380
0.856181  43
0.856395  388
0.856929  14
0.857288  267
0.85735  381
0.857457  37
0.857854  318
0.858409  90
0.858501  243
0.859301  302
0.859498  173
0.859645  320
0.85974  100
0.859848  47
0.860255  387
0.86039  352
0.860889  339
0.860943  65
0.860955  395
0.861145  231
0.861184  379
0.861322  102
0.861429  397
0.861433  322
0.861459  35
0.861634  122
0.861635  55
0.862175  167
0.862206  66
0.862297  36
0.863145  210
0.863327  348
0.86361  364
0.86377  10
0.863843  393
0.864288  299
0.864396  327
0.864537  97
0.864595  158
0.864637  280
0.864803  263
0.864851  15
0.864934  128
0.865023  378
0.865493  346
0.865693  215
0.866353  311
0.867196  366
0.867269  334
0.867607  315
0.868262  96
0.868541  82
0.868551  282
0.868726  186
0.868824  394
0.868908  367
0.869082  324
0.869558  335
0.869623  363
0.869666  159
0.869713  332
0.86976  383
0.869797  323
0.870185  326
0.870274  85
0.870624  295
0.871479  359
0.872149  168
0.87229  389
0.872356  60
0.872576  272
0.873473  142
0.873728  370
0.873751  0
0.874298  214
0.874501  288
0.874571  58
0.874629  390
0.874812  1
0.874959  86
0.875265  336
0.875733  344
0.87577  290
0.876043  347
0.8762  357
0.87722  268
0.877666  57
0.877732  115
0.878307  399
0.878319  391
0.878515  317
0.878526  392
0.878589  279
0.878666  21
0.878729  342
0.878993  255
0.879095  88
0.879132  176
0.879629  269
0.879746  297
0.879986  121
0.880315  241
0.88063  137
0.88063  343
0.881344  358
0.881351  16
0.881438  190
0.881475  30
0.882076  6
0.883074  125
0.883259  93
0.883327  22
0.883469  310
0.883473  304
0.883531  175
0.883841  328
0.884041  382
0.88408  331
0.884109  305
0.884217  398
0.884529  135
0.88462  182
0.884703  52
0.884784  330
0.884791  371
0.885089  291
0.885103  312
0.886237  111
0.886343  41
0.886638  34
0.886712  224
0.886876  365
0.886921  9
0.887045  313
0.887117  345
0.887164  95
0.887554  143
0.887554  351
0.887579  249
0.88762  50
0.88825  274
0.888283  171
0.888334  306
0.888338  217
0.88861  107
0.888665  19
0.888862  256
0.888893  212
0.889052  349
0.889104  62
0.889307  144
0.889447  361
0.889692  384
0.889716  189
0.889765  120
0.889774  329
0.889917  75
0.890046  337
0.890586  387
0.890802  213
0.890809  63
0.890986  132
0.890999  321
0.891011  307
0.89103  141
0.891269  56
0.891447  4
0.891514  105
0.891516  355
0.891591  223
0.891736  68
0.891747  340
0.891756  298
0.891836  54
0.891875  238
0.89223  179
0.892253  27
0.892368  156
0.8924  136
0.892427  201
0.892482  372
0.892575  350
0.892634  264
0.892842  99
0.892998  106
0.893088  230
0.893144  188
0.893204  356
0.893383  53
0.893604  72
0.893623  205
0.893753  163
0.89387  45
0.893883  236
0.894081  396
0.894172  204
0.894247  133
0.8943  377
0.894328  83
0.894443  29
0.89462  200
0.894651  172
0.894651  373
0.894742  376
0.894913  300
0.894955  301
0.895062  315
0.895236  149
0.895258  302
0.895268  277
0.89535  360
0.895393  193
0.895435  123
0.895441  362
0.895804  368
0.89587  333
0.89587  354
0.895942  325
0.896054  79
0.896075  31
0.896143  316
0.896224  225
0.896253  308
0.896327  380
0.89639  292
0.896394  375
0.896586  253
0.896697  89
0.896725  319
0.896813  185
0.896944  353
0.897031  67
0.897061  157
0.89711  165
0.897193  379
0.897214  131
0.897256  197
0.897327  166
0.8974  281
0.897511  309
0.89759  127
0.897603  180
0.897615  77
0.897639  229
0.897729  341
0.897732  146
0.897753  164
0.8978  208
0.89792  174
0.897921  335
0.897928  314
0.897976  283
0.898001  196
0.898003  150
0.898161  13
0.898322  327
0.898527  378
0.898572  326
0.898588  381
0.898635  374
0.898662  322
0.898708  23
0.898726  177
0.898846  119
0.898906  385
0.899216  303
0.89923  278
0.899257  390
0.899271  364
0.899537  17
0.899674  116
0.899687  40
0.899912  323
0.9002  366
0.90027  324
0.900336  338
0.900447  394
0.900545  370
0.901072  211
0.901087  285
0.901193  332
0.90122  359
0.90124  28
0.90133  26
0.901473  397
0.901579  352
0.90196  318
0.902016  367
0.902976  311
0.902996  147
0.90318  173
0.903268  320
0.903278  348
0.903958  369
0.904076  392
0.904585  199
0.904658  395
0.904802  271
0.904832  11
0.905048  346
0.905079  347
0.905224  386
0.90537  383
0.905942  153
0.906244  30
0.908072  342
0.908711  358
0.909048  388
0.909193  363
0.909289  389
0.909606  344
0.910541  339
0.914696  218
0.916675  49
0.921416  328
0.922559  158
0.923927  310
0.92604  44
0.92631  8
0.926933  393
0.928073  257
0.928591  128
0.930279  357
0.930507  331
0.930734  183
0.931112  343
0.933399  80
0.933446  85
0.933464  202
0.933702  108
0.934161  334
0.934239  18
0.934495  284
0.934895  10
0.934953  22
0.934996  84
0.935463  305
0.935473  317
0.935708  240
0.936037  42
0.936053  377
0.936172  270
0.936368  286
0.936786  398
0.936909  262
0.93724  2
0.937388  87
0.937759  20
0.937851  113
0.937896  15
0.938005  330
0.938083  275
0.93831  207
0.938606  321
0.93863  76
0.938896  227
0.939306  231
0.939339  82
0.93941  162
0.939461  215
0.939488  239
0.939635  109
0.93975  313
0.939901  54
0.939989  263
0.940024  399
0.94003  382
0.940057  5
0.940077  301
0.940444  140
0.940537  314
0.940565  155
0.940613  12
0.940768  81
0.940868  154
0.94091  336
0.940927  248
0.940945  139
0.940978  38
0.941  293
0.94101  178
0.941104  345
0.941154  97
0.941263  350
0.941285  376
0.941434  266
0.941489  190
0.942024  303
0.942093  311
0.942099  122
0.94227  276
0.942296  375
0.942363  126
0.942379  260
0.942473  374
0.942504  340
0.942565  356
0.942567  70
0.942743  304
0.942745  59
0.942763  335
0.942785  369
0.942801  308
0.942809  351
0.942858  244
0.943018  329
0.943162  267
0.943248  65
0.943266  203
0.94328  365
0.9433  117
0.94331  61
0.943463  234
0.943717  371
0.943779  114
0.943935  39
0.943964  312
0.943971  16
0.944086  69
0.944107  241
0.944176  361
0.944183  66
0.944267  384
0.944312  245
0.94441  337
0.944566  366
0.944606  156
0.944722  98
0.944741  210
0.944757  367
0.944765  370
0.94481  86
0.944827  327
0.944881  7
0.944934  33
0.944949  247
0.945215  362
0.945338  373
0.945413  259
0.94543  348
0.945561  167
0.945708  364
0.945712  391
0.945734  78
0.945771  359
0.945828  385
0.945896  71
0.945916  28
0.946002  390
0.946006  90
0.946039  118
0.946094  379
0.946227  306
0.946307  324
0.946321  32
0.946356  121
0.946376  96
0.946696  333
0.946807  73
0.946863  170
0.946932  320
0.946938  107
0.947002  341
0.947031  309
0.947044  115
0.947056  368
0.947186  372
0.947238  206
0.9473  246
0.947337  91
0.947353  41
0.947382  48
0.947388  232
0.947417  124
0.947555  352
0.947616  47
0.947652  169
0.947673  394
0.94782  353
0.947851  325
0.947858  307
0.947917  1
0.947935  43
0.94798  159
0.948034  378
0.948054  226
0.94807  302
0.94811  137
0.948164  360
0.948279  280
0.948367  94
0.948586  300
0.948665  75
0.948755  346
0.948975  100
0.949011  397
0.949098  282
0.949137  250
0.949209  160
0.949225  198
0.949365  338
0.949595  354
0.949603  79
0.949679  363
0.949759  172
0.949791  147
0.949836  175
0.949853  199
0.950202  339
0.950235  60
0.950249  388
0.950291  349
0.950595  31
0.950666  355
0.950715  152
0.950776  50
0.950879  233
0.950916  125
0.951114  323
0.951147  95
0.951149  322
0.951154  134
0.951244  315
0.951421  197
0.951462  278
0.951553  387
0.951617  326
0.95162  64
0.951677  319
0.951757  287
0.951901  318
0.951977  316
0.952019  110
0.952079  145
0.952243  112
0.952266  142
0.95254  290
0.952591  221
0.952615  256
0.952704  194
0.95271  257
0.952825  104
0.952949  26
0.953035  214
0.953148  380
0.953243  386
0.953272  111
0.953364  383
0.953396  3
0.953408  393
0.953491  272
0.953574  343
0.953677  21
0.953737  347
0.953768  291
0.954236  19
0.954267  187
0.954445  188
0.95447  236
0.954487  357
0.954549  55
0.954748  143
0.955034  389
0.955079  235
0.955142  395
0.955203  332
0.955389  342
0.955492  27
0.955567  129
0.956  120
0.956336  17
0.956393  297
0.956525  238
0.956858  24
0.957216  181
0.957239  358
0.957282  13
0.957336  344
0.957509  151
0.957551  182
0.957951  148
0.957966  330
0.958085  8
0.958232  299
0.958296  57
0.958629  392
0.958668  53
0.958675  288
0.959135  85
0.959142  255
0.959531  396
0.959869  228
0.960089  296
0.960247  308
0.960896  381
0.961107  186
0.961455  105
0.961683  277
0.96177  295
0.96218  166
0.962336  168
0.962469  377
0.962713  328
0.962786  25
0.963067  345
0.963919  35
0.964101  351
0.964314  252
0.964481  92
0.964774  42
0.964808  329
0.964819  164
0.964838  390
0.964852  334
0.965141  62
0.96552  223
0.965561  45
0.965601  103
0.965895  222
0.965909  67
0.966288  374
0.966463  366
0.966491  89
0.966841  367
0.966876  138
0.966938  242
0.967071  321
0.967086  375
0.96723  304
0.967247  271
0.967343  379
0.967428  56
0.968202  376
0.968275  204
0.968288  14
0.968437  320
0.968464  398
0.968554  22
0.968594  161
0.968601  192
0.968668  141
0.968832  185
0.969178  9
0.969421  2
0.969426  399
0.969448  237
0.970143  312
0.970174  150
0.970201  153
0.970528  200
0.970643  369
0.970777  6
0.971029  310
0.971136  136
0.971153  305
0.971216  382
0.971445  88
0.971568  313
0.971809  331
0.972216  314
0.972604  99
0.972767  102
0.972874  130
0.973058  179
0.973102  348
0.973398  101
0.9734  106
0.973439  37
0.973561  177
0.973662  387
0.973675  350
0.973717  163
0.97373  133
0.974141  337
0.974196  212
0.974424  243
0.974435  281
0.974552  317
0.974621  283
0.974952  346
0.97506  324
0.975178  273
0.975192  132
0.975201  157
0.975249  205
0.975649  202
0.975752  20
0.975815  372
0.976126  165
0.976279  251
0.976454  364
0.976506  335
0.976867  63
0.976871  303
0.976895  158
0.976974  211
0.977064  380
0.977534  333
0.978046  363
0.978347  360
0.978396  258
0.978472  128
0.978625  149
0.978858  327
0.979045  326
0.9799  343
0.980254  340
0.980471  234
0.980556  338
0.980889  301
0.980979  302
0.981138  362
0.983247  245
0.983715  189
0.983773  325
0.983782  180
0.984412  309
0.984417  126
0.984672  355
0.985003  368
0.98516  384
0.985224  358
0.985945  268
0.987082  354
0.987398  391
0.988348  93
0.98907  218
0.989382  311
0.990068  262
0.991391  370
0.991495  371
0.99162  395
0.992104  336
0.992216  306
0.992627  378
0.993308  122
0.994096  184
0.994595  361
0.996285  131
0.996602  356
0.997916  174
0.999258  353
0.999514  33
0.999608  397
