4.20972e-09  65
1.22346e-07  69
2.22193e-06  120
3.87018e-06  189
4.89081e-06  111
6.19805e-06  95
9.11275e-06  29
9.89278e-06  148
1.41395e-05  133
1.51174e-05  173
1.9414e-05  45
2.03798e-05  113
2.76269e-05  51
3.01531e-05  137
3.30948e-05  177
4.32138e-05  44
4.43432e-05  128
4.66269e-05  257
4.94384e-05  8
4.9704e-05  139
5.03161e-05  168
5.164e-05  57
5.52704e-05  67
6.50512e-05  217
6.75466e-05  256
7.02644e-05  123
7.03187e-05  144
7.05818e-05  192
7.18221e-05  259
7.39169e-05  75
7.6803e-05  127
7.72146e-05  47
7.98422e-05  28
8.73531e-05  163
9.51104e-05  185
9.55003e-05  103
9.58978e-05  99
9.7425e-05  136
9.88676e-05  149
9.94933e-05  61
0.00010078  191
0.000101685  83
0.000102083  85
0.00010456  140
0.000104987  220
0.000106577  76
0.000115012  48
0.000121415  221
0.000125307  180
0.000129044  151
0.00013147  229
0.000134428  80
0.000134461  193
0.000134474  207
0.000135086  157
0.000137499  116
0.00013967  184
0.000142733  79
0.000144394  112
0.000144923  188
0.000145912  233
0.0001461  147
0.000148706  159
0.000148846  63
0.000149374  183
0.000150811  55
0.000150947  141
0.00015184  119
0.000162284  27
0.000163582  167
0.000164274  25
0.000166574  161
0.000167375  41
0.000172273  81
0.000173138  196
0.000175873  235
0.000182329  197
0.000185196  219
0.00018835  73
0.000195206  53
0.000195475  49
0.000196793  96
0.000197507  224
0.000206395  40
0.000208829  88
0.000220441  187
0.000221535  64
0.000223695  43
0.000228171  143
0.000231328  160
0.000236736  228
0.000237919  52
0.000238666  164
0.000238723  24
0.000239851  31
0.000242114  72
0.000243953  68
0.000246871  92
0.000252074  105
0.00025801  125
0.000264999  117
0.000265937  121
0.000276678  84
0.000277698  59
0.000278701  205
0.000279634  225
0.000283461  87
0.000283555  232
0.00028392  108
0.000285171  11
0.000294871  71
0.000294923  179
0.000299102  77
0.000311574  135
0.000315827  165
0.000316105  175
0.000329451  145
0.000330072  101
0.000364368  156
0.000368075  97
0.000377723  172
0.000387973  131
0.000388172  181
0.000393423  176
0.000396797  171
0.000400603  56
0.000415882  107
0.000425895  9
0.000431685  169
0.000432377  60
0.000450242  129
0.000501779  93
0.000503259  104
0.000508445  115
0.000525968  6
0.000562655  100
0.000578326  195
0.000584449  124
0.000598735  109
0.000618194  89
0.000622342  231
0.000631323  199
0.000634533  2
0.000642195  216
0.000672701  223
0.000674484  227
0.000755765  204
0.000818369  91
0.000918258  132
0.00357652  376
0.00359327  313
0.00366933  352
0.00370951  392
0.00375095  335
0.003782  378
0.00379431  391
0.00381149  390
0.00388387  397
0.00395928  314
0.00396287  303
0.00398326  305
0.00398687  318
0.00400832  371
0.00402422  395
0.00408051  327
0.00408832  362
0.00412242  7
0.00420997  369
0.00425812  364
0.00427588  357
0.00428858  200
0.00432542  319
0.00433584  387
0.00437814  379
0.0044027  370
0.00441755  304
0.00442607  359
0.00443159  382
0.0044505  340
0.00447418  252
0.00447664  270
0.00453288  363
0.00455906  339
0.00459675  350
0.00462095  310
0.00464147  331
0.00468188  21
0.00468676  301
0.00470042  374
0.00472573  372
0.00474839  337
0.00475388  14
0.00476182  384
0.00476524  344
0.00481938  320
0.00482165  351
0.0048355  153
0.00487961  367
0.00489899  375
0.00491363  356
0.00492552  355
0.00493668  345
0.00493979  154
0.00496078  383
0.00498172  368
0.0050009  317
0.00501002  377
0.00502967  334
0.0050437  237
0.00506696  333
0.00507486  385
0.00509205  366
0.00509761  328
0.00511652  213
0.00513053  5
0.00514321  321
0.00518864  389
0.00518896  309
0.00527136  155
0.00538755  343
0.00542947  360
0.00545888  398
0.00550037  373
0.00554244  287
0.00555725  330
0.00556713  302
0.00557977  326
0.00558726  349
0.00570498  354
0.0057264  263
0.00574051  381
0.00574354  332
0.00578678  36
0.00578731  244
0.00583684  308
0.00584243  241
0.00585404  338
0.00585462  307
0.00594067  316
0.0059444  399
0.00595198  272
0.00595246  268
0.00601719  346
0.00602133  353
0.0060264  342
0.00605083  4
0.00607847  300
0.00608737  358
0.00611298  312
0.00630741  323
0.0063347  329
0.00657274  311
0.00664081  336
0.00669099  266
0.0066987  1
0.00675182  394
0.00676366  261
0.00682118  152
0.00683785  347
0.00688615  35
0.00692101  294
0.00696251  246
0.00699738  396
0.00702154  388
0.0070484  306
0.00705023  325
0.00719991  315
0.00729837  212
0.00754347  322
0.00771389  361
0.00781199  386
0.00785472  365
0.00803225  324
0.00819514  341
0.0082284  269
0.00830871  22
0.00832816  274
0.0086824  23
0.00872239  215
0.00938151  348
0.0095645  290
0.00976459  298
0.00990168  380
0.0101719  393
0.0104313  38
0.0108102  248
0.0138382  282
0.0262128  304
0.0263568  378
0.0353646  305
0.0366867  208
0.0385782  267
0.039067  264
0.0390834  314
0.0399918  340
0.0412172  392
0.0419858  350
0.0423853  245
0.0440415  277
0.0442932  318
0.0449855  273
0.0452424  203
0.0452613  352
0.0459631  111
0.0459924  231
0.0461302  387
0.0464155  337
0.0465185  319
0.0466514  360
0.0472571  286
0.047716  390
0.0479509  265
0.0480194  385
0.0480977  356
0.0482785  346
0.0484943  204
0.0502661  367
0.0506274  374
0.0508578  239
0.0509296  384
0.05125  103
0.0519682  3
0.0519758  262
0.0530452  249
0.0531254  372
0.0533797  342
0.0554472  257
0.0554795  377
0.0555817  33
0.0557648  247
0.0559778  91
0.0561131  214
0.0561755  359
0.0563645  295
0.0564015  129
0.0564245  168
0.0565042  339
0.0565054  363
0.0566884  13
0.0571142  181
0.057231  39
0.0573205  370
0.0573684  325
0.0573809  73
0.0574639  236
0.0576545  121
0.057961  11
0.0580466  297
0.0580683  357
0.0582343  313
0.0582393  369
0.0582772  202
0.0583956  235
0.0585422  53
0.0588666  303
0.0590408  205
0.0592737  335
0.0593029  209
0.059522  317
0.0597112  275
0.0602422  328
0.0602863  331
0.0603131  233
0.0604496  292
0.0605408  201
0.0606101  343
0.0608953  315
0.0609265  227
0.0611112  251
0.0611194  320
0.0612711  375
0.0612873  299
0.0613079  391
0.061472  15
0.0616291  373
0.0616423  376
0.0616671  283
0.0618185  16
0.0621155  336
0.0622138  327
0.0624551  396
0.0625109  326
0.063069  310
0.0630961  250
0.0633584  252
0.0635571  304
0.063614  368
0.0636827  382
0.0637374  362
0.0639284  397
0.0642193  285
0.0642636  395
0.0645335  353
0.0647489  316
0.0647696  14
0.0648009  329
0.0648224  18
0.0648282  306
0.0648847  240
0.0650638  393
0.0652607  223
0.0653835  200
0.0657419  287
0.0661397  338
0.0662153  332
0.0662657  312
0.0667618  280
0.0669846  398
0.0670401  96
0.0675469  177
0.0679073  60
0.0680693  354
0.0682217  210
0.0683908  300
0.0685798  321
0.0686088  31
0.069045  143
0.0693442  307
0.0694691  334
0.0694946  351
0.0697774  17
0.0701081  361
0.0702691  383
0.0703896  294
0.0705096  330
0.0710365  355
0.0711031  176
0.0711793  345
0.0727903  347
0.0734056  379
0.0738802  380
0.0748007  378
0.0759751  291
0.0763682  256
0.076693  381
0.0769892  105
0.0776594  169
0.0776752  155
0.0780365  371
0.0789163  305
0.0789774  278
0.0791106  2
0.0795284  324
0.0802699  288
0.0804633  340
0.0809129  311
0.0810483  366
0.0811659  364
0.0815569  394
0.0816716  358
0.0832335  302
0.0842995  293
0.0896556  238
0.0902648  255
0.0909633  386
0.0915435  333
0.0916729  83
0.0919015  0
0.09294  349
0.0941925  350
0.0945966  399
0.0956959  88
0.0958605  384
0.0963572  37
0.0967237  301
0.0967481  323
0.0969219  160
0.0969634  344
0.0973062  392
0.0974054  276
0.0974859  279
0.0978149  348
0.0981941  319
0.0982247  69
0.0991039  193
0.100281  43
0.100306  172
0.100597  365
0.100754  341
0.101048  21
0.101173  318
0.101318  77
0.101423  195
0.101668  124
0.101756  211
0.10308  346
0.103264  309
0.103522  191
0.104134  145
0.104141  360
0.104229  97
0.104354  149
0.10446  104
0.10455  272
0.104656  36
0.104669  87
0.10472  388
0.105107  308
0.105119  273
0.105184  232
0.105573  337
0.105728  389
0.105872  109
0.105956  244
0.105965  281
0.106026  9
0.106049  248
0.106183  357
0.106374  24
0.10638  153
0.106935  237
0.107104  290
0.107137  156
0.107145  199
0.108036  151
0.108095  310
0.1086  167
0.108878  19
0.109303  339
0.109545  7
0.109875  369
0.110132  44
0.110287  263
0.110514  20
0.11059  71
0.11072  56
0.110969  113
0.111079  271
0.111255  342
0.111272  396
0.111274  187
0.111284  373
0.111569  352
0.111578  65
0.111653  359
0.111793  63
0.111802  304
0.111808  353
0.111909  356
0.112059  390
0.112135  314
0.112226  266
0.112416  154
0.11264  159
0.112766  377
0.11289  180
0.113258  257
0.113603  270
0.113669  131
0.113898  175
0.113924  326
0.114041  163
0.114235  70
0.114434  332
0.114453  335
0.114705  15
0.114883  368
0.114943  328
0.115013  312
0.115114  322
0.115184  108
0.115258  387
0.115404  268
0.11553  185
0.116204  336
0.116432  320
0.116445  382
0.116512  374
0.116763  375
0.116805  213
0.116851  398
0.116877  317
0.116972  307
0.117272  208
0.117387  219
0.117537  381
0.117752  75
0.117761  194
0.11784  12
0.117864  362
0.117881  93
0.1179  32
0.118165  334
0.118192  297
0.118247  306
0.118331  47
0.1185  327
0.118535  385
0.118609  107
0.118763  367
0.118878  340
0.118897  253
0.118905  395
0.119229  376
0.119247  363
0.119375  115
0.119659  152
0.12007  132
0.120352  379
0.120491  397
0.120825  207
0.120841  372
0.12097  222
0.120981  52
0.121095  338
0.121529  148
0.121616  315
0.122222  231
0.122376  366
0.122457  6
0.122564  59
0.123437  103
0.123856  311
0.123973  313
0.124723  393
0.124887  64
0.124901  316
0.124902  383
0.125217  323
0.125861  101
0.125925  182
0.126362  22
0.12652  351
0.126889  358
0.127438  136
0.128424  370
0.128723  329
0.128868  344
0.129015  68
0.130841  275
0.131176  274
0.131191  371
0.131473  259
0.132567  378
0.133574  299
0.134057  120
0.134436  354
0.135674  365
0.136037  305
0.136433  321
0.1372  392
0.13723  34
0.137657  386
0.140256  301
0.141505  247
0.141512  81
0.141897  330
0.142304  331
0.142421  324
0.143034  62
0.14339  254
0.143513  272
0.143533  346
0.143845  4
0.143868  255
0.144315  343
0.144338  361
0.144758  341
0.146386  345
0.147074  29
0.14715  302
0.147283  348
0.14813  303
0.14875  84
0.148877  298
0.149541  280
0.149561  292
0.150127  260
0.151215  355
0.152065  394
0.152105  190
0.152121  349
0.153101  234
0.153325  399
0.15351  238
0.153592  204
0.153887  221
0.154025  210
0.154102  325
0.154197  333
0.154468  391
0.154599  35
0.154719  364
0.1549  304
0.155587  388
0.156292  5
0.156699  236
0.156745  46
0.156776  205
0.157808  229
0.158061  300
0.158133  347
0.158152  3
0.158801  39
0.159035  139
0.159847  66
0.16004  155
0.160252  396
0.160285  224
0.160341  357
0.160648  164
0.161954  80
0.162016  295
0.162018  286
0.162631  337
0.1628  367
0.162801  390
0.163188  72
0.163199  283
0.163255  83
0.163259  156
0.163296  198
0.163313  121
0.163332  350
0.163421  100
0.163504  233
0.163579  137
0.163778  40
0.164249  243
0.164391  356
0.164509  352
0.164553  188
0.164668  26
0.164715  332
0.164833  119
0.165319  128
0.165323  203
0.165332  293
0.1656  17
0.165644  61
0.165652  209
0.165679  195
0.166008  162
0.166111  230
0.166159  165
0.166176  82
0.166269  117
0.166378  181
0.166386  157
0.166401  228
0.166531  99
0.166543  366
0.166754  312
0.166755  339
0.166968  104
0.167008  41
0.167081  278
0.167111  363
0.167119  196
0.167147  327
0.167208  395
0.167329  282
0.167342  111
0.167367  212
0.167433  27
0.167492  313
0.167565  335
0.167621  223
0.167677  342
0.1677  319
0.167865  106
0.167965  306
0.167968  192
0.168035  309
0.168051  44
0.168072  141
0.168081  74
0.168114  380
0.168152  2
0.168182  360
0.168212  250
0.168257  97
0.168267  251
0.168273  320
0.168343  45
0.168368  144
0.168383  284
0.168438  92
0.168496  393
0.168544  98
0.16869  322
0.168727  318
0.168732  383
0.168778  314
0.168825  172
0.168908  377
0.168966  206
0.168985  88
0.168985  133
0.169018  252
0.169115  127
0.16921  225
0.169271  308
0.169416  123
0.169428  378
0.169466  175
0.169479  397
0.169497  381
0.169568  241
0.169644  328
0.169661  368
0.169735  340
0.169866  311
0.169956  353
0.170003  326
0.170021  235
0.170101  294
0.17012  344
0.170173  16
0.170195  398
0.17023  63
0.170233  384
0.170282  142
0.170359  135
0.17045  96
0.17053  359
0.170631  369
0.170701  261
0.170727  25
0.17077  374
0.170772  387
0.170798  116
0.170831  385
0.170918  371
0.171052  362
0.171345  307
0.171352  334
0.171429  201
0.171457  213
0.171598  1
0.171617  187
0.171655  38
0.171655  269
0.171674  57
0.171691  291
0.171766  365
0.171775  103
0.171814  338
0.172015  89
0.172063  176
0.172105  67
0.172105  354
0.172126  382
0.172128  226
0.172584  392
0.172601  370
0.172805  336
0.172892  122
0.17295  242
0.172955  379
0.172977  140
0.173026  11
0.173169  316
0.173389  301
0.173414  375
0.173595  303
0.173607  129
0.173933  386
0.173938  373
0.174209  161
0.174341  376
0.174472  310
0.174654  302
0.174849  389
0.174879  321
0.174885  73
0.17511  118
0.175147  258
0.175463  267
0.175709  372
0.176276  355
0.176407  351
0.176413  185
0.176711  239
0.176741  14
0.176993  315
0.177375  263
0.177847  325
0.1779  323
0.17819  12
0.178209  186
0.178337  305
0.178381  394
0.178493  13
0.178861  112
0.17925  218
0.179531  329
0.179603  54
0.179707  179
0.179746  346
0.179798  8
0.180172  240
0.180365  341
0.181029  171
0.181182  358
0.181239  28
0.182465  343
0.18275  349
0.182939  60
0.183302  200
0.18357  184
0.183594  42
0.183931  330
0.184673  169
0.185374  31
0.185588  324
0.185927  304
0.18689  364
0.187981  173
0.192509  189
0.192767  219
0.193118  348
0.193253  300
0.193343  399
0.194264  345
0.194561  152
0.195512  361
0.195787  78
0.19633  317
0.196548  347
0.196811  357
0.197873  46
0.198235  23
0.198724  94
0.198865  333
0.200019  113
0.201699  178
0.202057  132
0.20274  331
0.20371  296
0.204554  153
0.204779  33
0.204922  259
0.205181  335
0.205236  149
0.205338  59
0.205356  69
0.205658  344
0.206021  366
0.206209  71
0.206387  32
0.206584  211
0.206631  390
0.20671  374
0.207127  114
0.207402  297
0.207609  340
0.207631  150
0.207942  21
0.20842  244
0.208539  108
0.208963  51
0.209129  265
0.209408  85
0.209499  76
0.209578  342
0.209739  75
0.209808  270
0.209909  285
0.210184  115
0.210225  167
0.21026  308
0.210278  126
0.210349  20
0.210418  337
0.210438  332
0.210448  105
0.210488  264
0.210552  55
0.210716  193
0.210768  7
0.210792  158
0.210998  199
0.211099  368
0.211109  90
0.211156  339
0.211254  289
0.211341  163
0.211725  393
0.211764  275
0.211801  166
0.211846  326
0.212001  367
0.21207  388
0.212094  363
0.212554  238
0.212885  9
0.212891  10
0.212989  382
0.213112  328
0.213143  396
0.213218  146
0.213244  6
0.213309  381
0.213391  174
0.213503  378
0.213594  391
0.213651  309
0.213828  268
0.213888  30
0.213912  397
0.213925  380
0.213959  370
0.214027  395
0.214071  369
0.214088  148
0.214218  102
0.214333  290
0.214434  360
0.214709  22
0.214713  168
0.21475  353
0.21481  143
0.215008  125
0.215133  0
0.215246  359
0.215496  314
0.21553  36
0.2157  151
0.215712  356
0.215798  95
0.215876  365
0.216153  252
0.216345  387
0.216401  222
0.216494  210
0.2165  346
0.216575  160
0.216595  159
0.216632  389
0.216733  190
0.216774  392
0.216816  215
0.216932  62
0.217093  338
0.217132  52
0.217308  377
0.217474  316
0.21764  117
0.217736  293
0.217746  384
0.217751  383
0.217752  351
0.217789  120
0.217952  29
0.217975  320
0.218122  322
0.218128  87
0.218349  249
0.218455  379
0.218604  107
0.21875  172
0.218775  306
0.218839  242
0.218847  313
0.21885  364
0.219005  207
0.219015  276
0.219288  325
0.219555  65
0.2196  35
0.219663  183
0.219676  156
0.220454  191
0.220611  358
0.220773  321
0.220887  37
0.220924  327
0.221103  269
0.221124  334
0.221164  303
0.221166  278
0.221187  237
0.221306  345
0.221515  43
0.221538  53
0.221547  47
0.221664  310
0.221787  135
0.221878  287
0.221891  319
0.221931  221
0.222251  220
0.222403  385
0.222457  324
0.222529  119
0.222577  131
0.222613  300
0.222623  371
0.222626  48
0.223027  329
0.223041  256
0.223101  122
0.223246  373
0.223292  355
0.223349  272
0.223419  162
0.223455  195
0.223463  274
0.223672  204
0.223704  253
0.223713  39
0.223765  41
0.22385  375
0.224137  376
0.224243  302
0.224319  315
0.224389  177
0.224523  17
0.224667  24
0.224761  398
0.224801  307
0.224825  312
0.224922  111
0.225208  106
0.225308  354
0.225382  295
0.22539  343
0.225495  227
0.226369  347
0.226482  277
0.226793  399
0.226906  361
0.226994  217
0.227032  262
0.22738  350
0.227438  34
0.227789  311
0.227884  288
0.227934  247
0.228034  362
0.228099  348
0.228226  46
0.228261  66
0.228348  223
0.228666  372
0.228718  245
0.228729  72
0.228806  224
0.229153  45
0.229663  60
0.230182  136
0.230403  349
0.230537  341
0.230551  184
0.230583  280
0.230881  129
0.23122  333
0.231357  5
0.231396  130
0.231505  323
0.231542  128
0.23189  344
0.231934  96
0.231981  299
0.232403  352
0.23273  116
0.232745  197
0.232873  149
0.232959  266
0.233095  301
0.233106  144
0.233122  196
0.23349  330
0.233577  23
0.233756  292
0.233848  235
0.233913  382
0.234237  99
0.234657  386
0.234975  27
0.235024  357
0.235287  318
0.235293  124
0.235312  69
0.235408  291
0.235489  317
0.235665  80
0.235696  236
0.236227  198
0.23647  50
0.236543  73
0.236608  154
0.236983  3
0.237066  257
0.23725  305
0.237413  304
0.237466  394
0.237502  359
0.237751  260
0.237929  219
0.238236  336
0.238265  331
0.238436  25
0.238523  234
0.23853  127
0.238639  337
0.238678  205
0.239076  54
0.239396  64
0.2394  231
0.23947  57
0.239483  164
0.239706  340
0.2398  282
0.240019  82
0.240038  306
0.240094  335
0.240663  390
0.240674  308
0.240734  346
0.240764  314
0.24235  281
0.242403  267
0.242524  396
0.242867  381
0.242869  134
0.242878  391
0.243348  239
0.243551  26
0.243798  150
0.244875  369
0.245422  185
0.245631  11
0.245957  271
0.246076  332
0.246247  363
0.246279  328
0.246372  393
0.247202  251
0.247344  246
0.247351  310
0.248151  339
0.248434  100
0.248828  173
0.249006  240
0.249014  353
0.249377  68
0.251074  370
0.251272  374
0.25154  313
0.252433  368
0.252963  338
0.25308  389
0.253882  283
0.253972  56
0.255755  342
0.255958  388
0.256138  365
0.256285  397
0.256461  289
0.256574  58
0.256906  320
0.25715  364
0.257531  351
0.258243  384
0.258936  307
0.258944  362
0.260453  378
0.262039  298
0.262821  366
0.263177  383
0.26403  302
0.264293  309
0.264535  303
0.265427  139
0.265496  398
0.266349  208
0.266797  233
0.268151  377
0.268551  315
0.268762  118
0.269693  229
0.269916  360
0.270496  327
0.270948  373
0.270984  356
0.271064  358
0.271123  392
0.271479  152
0.271508  361
0.272527  19
0.272865  180
0.273845  385
0.274012  255
0.274195  321
0.274583  81
0.275212  326
0.275304  387
0.275322  355
0.275489  22
0.275567  230
0.276192  316
0.276724  284
0.277965  395
0.279291  67
0.280135  207
0.280494  189
0.281221  214
0.281261  300
0.281469  325
0.281582  176
0.281926  28
0.282069  119
0.282183  241
0.282345  347
0.282757  354
0.282836  334
0.283348  286
0.283507  168
0.28361  279
0.283872  146
0.284198  285
0.28432  319
0.284839  399
0.284996  40
0.285109  293
0.285171  367
0.285932  372
0.285968  181
0.286087  91
0.286211  203
0.28639  74
0.286538  312
0.286659  323
0.286862  172
0.287035  12
0.287351  4
0.287754  143
0.287837  352
0.287866  371
0.287882  261
0.288148  138
0.288679  44
0.288865  254
0.289142  390
0.289172  202
0.289176  113
0.289348  375
0.289569  333
0.289653  329
0.290131  270
0.290211  64
0.290766  42
0.290868  115
0.29104  213
0.291271  350
0.291294  133
0.291407  317
0.291448  331
0.291875  386
0.291882  21
0.291884  186
0.292089  324
0.292102  159
0.292127  84
0.292229  306
0.292415  322
0.292442  20
0.29315  185
0.293379  311
0.293504  370
0.294106  376
0.294121  141
0.294139  8
0.294323  216
0.294694  341
0.294823  348
0.295148  335
0.295176  78
0.295318  174
0.295502  89
0.295504  108
0.295565  345
0.295647  357
0.29595  382
0.295967  155
0.296031  182
0.296178  332
0.296193  275
0.296578  394
0.296612  63
0.296719  11
0.296741  123
0.296936  380
0.296964  343
0.297065  79
0.297105  83
0.297106  194
0.297125  16
0.297228  222
0.297231  206
0.297243  242
0.297259  379
0.297294  125
0.297471  396
0.297735  165
0.297772  14
0.298079  388
0.298101  93
0.298152  38
0.298292  190
0.298309  218
0.298454  330
0.298493  215
0.298498  253
0.298546  349
0.298734  378
0.298741  249
0.298959  338
0.299024  346
0.299216  132
0.29925  265
0.299316  219
0.299406  66
0.29944  238
0.299508  308
0.299539  192
0.299667  269
0.299779  290
0.29991  239
0.299988  97
0.300002  109
0.300199  301
0.300263  344
0.300312  243
0.300315  217
0.300385  104
0.300499  221
0.3005  77
0.30053  305
0.300671  302
0.300739  86
0.300918  101
0.300925  374
0.300951  166
0.300978  183
0.301014  70
0.301174  359
0.301186  297
0.301235  145
0.301317  134
0.301429  383
0.301531  2
0.301559  201
0.301848  85
0.301946  95
0.301952  247
0.302236  13
0.302237  273
0.30231  336
0.302316  314
0.302369  164
0.302493  391
0.302521  37
0.302532  234
0.302535  384
0.302545  307
0.302674  76
0.30286  298
0.302863  353
0.302887  318
0.30293  6
0.302981  142
0.303046  337
0.303066  397
0.303088  126
0.303126  304
0.303151  169
0.303226  310
0.30324  268
0.30335  316
0.303508  287
0.303569  328
0.303579  327
0.303605  17
0.303712  121
0.303792  395
0.303836  140
0.303849  157
0.303929  131
0.30402  356
0.304025  340
0.304039  197
0.304042  200
0.304062  365
0.304066  158
0.304161  369
0.304242  31
0.304347  103
0.304465  210
0.304534  24
0.304591  299
0.304728  45
0.30473  280
0.304732  315
0.304735  393
0.304741  57
0.304776  29
0.304884  69
0.304887  135
0.304977  366
0.30498  230
0.305082  363
0.305187  325
0.305216  313
0.305275  30
0.305303  257
0.30535  167
0.305358  295
0.305368  360
0.30543  368
0.305678  362
0.305738  171
0.305818  151
0.305823  389
0.305903  9
0.306029  199
0.306096  137
0.306228  96
0.306474  364
0.306524  35
0.306531  358
0.306536  162
0.306569  252
0.306798  309
0.306935  381
0.306975  122
0.30722  175
0.307233  392
0.307246  250
0.307258  59
0.307276  148
0.307294  373
0.307376  3
0.307409  88
0.307421  191
0.307509  27
0.307667  361
0.30767  342
0.307703  232
0.307894  354
0.30798  49
0.308016  231
0.30808  339
0.308084  65
0.308178  351
0.308225  276
0.308269  272
0.30827  324
0.308327  100
0.308371  387
0.308491  347
0.308494  75
0.308842  321
0.308948  320
0.309186  312
0.309218  283
0.30922  237
0.309386  52
0.309423  377
0.309477  300
0.309657  34
0.309663  334
0.309673  274
0.309806  136
0.309839  161
0.30993  107
0.309941  209
0.310017  323
0.310019  212
0.310469  398
0.3107  211
0.310709  293
0.310769  399
0.310799  367
0.31092  386
0.311141  82
0.311161  319
0.311406  306
0.311561  296
0.311561  371
0.311938  291
0.312327  180
0.312689  80
0.313106  204
0.313157  394
0.313308  112
0.31347  110
0.313529  376
0.31358  326
0.314511  303
0.314576  390
0.31461  251
0.314842  372
0.314905  117
0.314952  72
0.314989  102
0.315411  317
0.31556  264
0.315599  39
0.316263  278
0.316546  170
0.316798  281
0.317053  331
0.31782  41
0.318468  350
0.319156  380
0.319256  314
0.319313  19
0.319475  229
0.319983  51
0.320048  322
0.320178  352
0.32077  98
0.321097  43
0.322222  311
0.322366  106
0.322568  329
0.32293  246
0.32356  195
0.324227  188
0.325454  349
0.326355  333
0.326525  391
0.326615  355
0.327965  262
0.328032  379
0.328563  375
0.329047  385
0.329597  60
0.330345  328
0.332089  174
0.332698  341
0.332723  150
0.332744  270
0.333462  50
0.334943  225
0.335316  310
0.336064  396
0.336214  182
0.336285  124
0.336354  56
0.337199  18
0.337525  397
0.337804  365
0.338207  348
0.338334  279
0.338418  71
0.338876  87
0.339124  16
0.339128  395
0.339944  346
0.340272  245
0.340516  130
0.340626  316
0.341057  196
0.34112  286
0.341128  0
0.341238  20
0.341385  337
0.341398  153
0.341585  345
0.342262  304
0.342501  7
0.342574  198
0.342688  388
0.343139  313
0.34355  261
0.343653  233
0.343882  4
0.343894  294
0.344055  301
0.344164  53
0.344217  189
0.34429  292
0.344324  235
0.344442  215
0.344765  190
0.345369  319
0.345444  307
0.345451  147
0.345562  305
0.345603  363
0.345901  220
0.346856  74
0.346996  302
0.347189  201
0.347206  308
0.347271  324
0.347371  67
0.347409  334
0.347511  226
0.347685  384
0.347975  12
0.348098  176
0.348223  366
0.348225  145
0.348253  318
0.348326  338
0.34865  330
0.348746  184
0.348778  203
0.348976  208
0.349091  179
0.349092  325
0.349157  227
0.349302  285
0.349392  259
0.349476  357
0.349643  168
0.349674  323
0.349801  143
0.34982  152
0.349849  103
0.350148  157
0.350216  386
0.350269  340
0.350296  347
0.350318  343
0.350354  258
0.350489  187
0.35058  114
0.350763  269
0.350792  144
0.35087  336
0.350921  273
0.351008  327
0.351049  1
0.351204  21
0.351247  374
0.351316  5
0.351518  113
0.351616  54
0.351624  389
0.351702  393
0.351709  218
0.351922  119
0.351978  58
0.352052  36
0.352056  383
0.3521  149
0.352246  335
0.3523  300
0.352369  369
0.3524  370
0.352409  331
0.352439  368
0.352553  344
0.353136  351
0.353252  399
0.353265  160
0.353408  309
0.353447  361
0.353488  81
0.353609  46
0.354053  326
0.354106  377
0.354164  40
0.35418  382
0.354223  350
0.354603  359
0.354652  256
0.354662  172
0.354718  23
0.354771  315
0.354977  378
0.355064  271
0.355171  47
0.355329  360
0.355691  38
0.355863  263
0.35596  272
0.356034  94
0.356221  321
0.356244  314
0.356457  154
0.356642  183
0.356934  390
0.357218  364
0.357677  391
0.35775  392
0.357996  173
0.358042  207
0.359066  398
0.35924  239
0.359984  138
0.360044  376
0.360066  342
0.360121  373
0.360954  387
0.361072  332
0.361573  367
0.362134  175
0.362417  260
0.362609  353
0.362673  127
0.362726  341
0.362988  213
0.36357  2
0.364253  375
0.366048  45
0.367337  287
0.368234  356
0.368616  303
0.369205  354
0.370378  329
0.370498  381
0.371945  125
0.372831  293
0.373168  397
0.373958  394
0.374132  362
0.37462  322
0.376057  8
0.37606  134
0.376703  44
0.377615  310
0.378221  339
0.380022  77
0.380604  55
0.381678  90
0.381838  204
0.381867  316
0.381889  249
0.382389  93
0.382501  123
0.382608  317
0.383032  11
0.383397  66
0.383696  29
0.383779  352
0.384304  156
0.384412  252
0.384453  97
0.384608  358
0.385718  129
0.385748  372
0.385945  216
0.385986  163
0.386076  380
0.386245  142
0.386387  84
0.386511  42
0.386726  56
0.38692  254
0.386935  126
0.386999  337
0.387856  69
0.387906  177
0.387906  80
0.38799  379
0.388106  162
0.388256  72
0.388366  13
0.38842  385
0.388437  347
0.3886  334
0.388933  91
0.388942  68
0.38922  155
0.389251  85
0.389264  232
0.389441  96
0.389543  10
0.390163  320
0.390181  6
0.390192  371
0.390241  174
0.390257  140
0.390326  217
0.390377  99
0.390399  228
0.390452  363
0.390531  346
0.390601  180
0.390627  395
0.390662  148
0.390685  186
0.39088  357
0.390886  236
0.390917  231
0.390923  107
0.390926  19
0.390933  185
0.391139  311
0.391139  37
0.391261  266
0.391362  393
0.391382  307
0.391517  299
0.391652  102
0.391683  159
0.391738  133
0.391845  101
0.391924  282
0.392025  245
0.392062  396
0.392254  278
0.392262  370
0.392266  210
0.392349  28
0.392508  312
0.392673  344
0.392701  241
0.392765  32
0.392836  399
0.392839  25
0.392865  386
0.392873  41
0.392956  65
0.392985  75
0.393059  355
0.393175  262
0.393213  295
0.39328  73
0.393316  124
0.393324  59
0.39339  62
0.393535  135
0.393536  308
0.393536  223
0.393593  27
0.393713  248
0.393836  117
0.393849  9
0.393913  221
0.393965  270
0.393993  206
0.394021  333
0.394027  383
0.394035  340
0.394041  305
0.394095  224
0.394138  219
0.394138  315
0.394139  193
0.394201  324
0.394227  31
0.394252  389
0.394286  309
0.394345  181
0.394389  369
0.394403  220
0.394406  348
0.394466  88
0.394514  121
0.394537  338
0.394547  366
0.394555  192
0.394566  81
0.394576  306
0.394701  108
0.394704  109
0.394749  33
0.394781  298
0.394785  87
0.394795  89
0.394799  280
0.394886  253
0.394955  349
0.395024  277
0.395077  255
0.395128  200
0.395147  17
0.395168  318
0.39521  335
0.39525  64
0.39526  178
0.395263  237
0.395291  30
0.395349  234
0.395384  398
0.395436  328
0.395438  330
0.395439  70
0.395539  285
0.395557  137
0.39556  297
0.39559  291
0.395645  325
0.395694  53
0.395748  246
0.395793  194
0.395901  342
0.395905  230
0.395926  391
0.395929  377
0.395932  313
0.395992  139
0.396009  360
0.396038  105
0.39607  150
0.396085  301
0.39622  202
0.396249  145
0.39626  86
0.396264  362
0.396265  302
0.396267  120
0.396286  304
0.396436  265
0.396472  343
0.396497  15
0.396507  24
0.39651  331
0.39652  345
0.396529  314
0.396548  161
0.39656  364
0.396596  51
0.396599  388
0.396655  321
0.396667  353
0.396701  365
0.396723  164
0.39674  98
0.39674  361
0.396805  368
0.396845  168
0.396877  131
0.396882  182
0.396963  257
0.396967  390
0.396968  303
0.397022  97
0.397036  373
0.397049  1
0.39706  367
0.397088  153
0.397089  296
0.397151  136
0.39719  300
0.397223  83
0.397299  22
0.397407  358
0.397423  326
0.397429  376
0.397485  392
0.397601  323
0.397739  190
0.397827  95
0.39786  359
0.397878  235
0.397881  341
0.397962  242
0.398019  116
0.398111  384
0.3983  165
0.398353  214
0.398436  138
0.398438  374
0.398574  212
0.398642  256
0.398718  258
0.398732  267
0.398758  49
0.398827  319
0.398886  222
0.398946  218
0.399001  351
0.399029  36
0.399056  350
0.399148  170
0.399252  71
0.399407  209
0.399411  26
0.399428  378
0.399451  92
0.399555  327
0.399594  322
0.399666  310
0.399705  387
0.399771  394
0.399963  198
0.400066  69
0.400131  43
0.400145  269
0.400211  354
0.400239  179
0.400245  58
0.400272  271
0.400342  38
0.400375  46
0.4004  61
0.400574  375
0.400596  279
0.400636  336
0.400685  176
0.400771  329
0.400846  84
0.401  52
0.401009  195
0.401096  320
0.401159  40
0.40118  290
0.401251  397
0.401451  356
0.401684  363
0.401733  113
0.401764  283
0.401901  122
0.401927  199
0.401975  250
0.40199  381
0.402003  21
0.402071  372
0.402185  347
0.402324  16
0.402568  344
0.403172  379
0.403219  141
0.403246  382
0.403309  251
0.403842  339
0.404017  332
0.404364  334
0.404524  118
0.40475  134
0.40514  274
0.40566  249
0.405789  183
0.406313  172
0.406511  63
0.406575  132
0.406782  112
0.407489  292
0.407532  231
0.407554  272
0.407599  355
0.407657  45
0.407831  55
0.408755  380
0.409469  14
0.409972  147
0.41075  385
0.411039  154
0.411324  160
0.411373  196
0.411887  34
0.412484  60
0.412989  110
0.413474  395
0.414301  386
0.415113  244
0.415347  103
0.415463  233
0.415525  3
0.416083  376
0.416114  316
0.416424  343
0.416894  304
0.417067  175
0.417542  247
0.417982  203
0.418054  330
0.418372  337
0.418579  225
0.419113  340
0.419486  54
0.420148  243
0.420982  226
0.421801  130
0.422083  325
0.422911  308
0.423189  366
0.423424  76
0.423704  169
0.423852  276
0.424143  300
0.424304  324
0.424506  396
0.424577  398
0.424675  115
0.424915  82
0.425242  311
0.425435  399
0.426166  50
0.426231  317
0.426494  327
0.426799  105
0.426804  383
0.426892  342
0.427198  119
0.427248  18
0.427795  309
0.428184  144
0.428229  219
0.428724  393
0.428845  358
0.429373  305
0.429942  227
0.43005  126
0.430831  20
0.43137  229
0.432789  299
0.433142  362
0.433229  281
0.433419  302
0.433452  99
0.433812  162
0.4345  338
0.434809  268
0.434827  335
0.435064  278
0.435289  142
0.435498  312
0.435507  149
0.435613  365
0.435719  163
0.436227  285
0.436251  388
0.436257  364
0.436476  306
0.43662  314
0.436653  328
0.436703  204
0.436711  140
0.436742  368
0.437049  263
0.437413  264
0.437498  180
0.437617  286
0.437785  0
0.437844  369
0.437878  382
0.438045  375
0.438148  319
0.438152  348
0.438259  354
0.438505  318
0.439529  387
0.439764  389
0.440367  49
0.442185  288
0.442214  352
0.442294  321
0.442429  322
0.442517  377
0.442619  315
0.442836  347
0.444355  232
0.444832  370
0.445728  331
0.447316  320
0.4477  346
0.447812  301
0.447935  252
0.448154  363
0.448361  333
0.448451  326
0.448624  42
0.448773  349
0.452102  67
0.452751  78
0.454109  313
0.456379  367
0.456648  303
0.457817  372
0.457979  307
0.458223  310
0.458834  66
0.460109  11
0.460626  25
0.461238  392
0.46209  65
0.462223  206
0.462784  101
0.462934  360
0.463032  261
0.463505  236
0.463751  123
0.463808  239
0.464514  345
0.464597  287
0.464906  336
0.465033  41
0.465101  128
0.465162  350
0.465428  275
0.465862  174
0.46587  52
0.466041  373
0.466202  329
0.466326  70
0.46637  391
0.466411  378
0.466752  282
0.466914  254
0.466917  98
0.466925  379
0.467021  323
0.467122  68
0.467219  177
0.467247  270
0.467402  151
0.467404  57
0.467602  22
0.467671  390
0.467809  121
0.46824  341
0.468399  167
0.468415  15
0.468429  353
0.468446  238
0.468508  385
0.468541  17
0.468576  215
0.46861  131
0.468763  395
0.468841  386
0.46885  361
0.469112  30
0.469145  191
0.469181  53
0.469195  197
0.469364  91
0.469428  207
0.469483  384
0.469763  355
0.469803  293
0.469837  273
0.469866  208
0.470256  297
0.470291  93
0.470391  80
0.470446  260
0.470464  357
0.470606  33
0.470717  2
0.470758  340
0.470809  6
0.470913  371
0.471006  397
0.471014  39
0.471087  120
0.47119  59
0.471381  381
0.471496  339
0.471511  44
0.471591  330
0.471648  161
0.471693  228
0.471932  351
0.471972  130
0.472103  150
0.472181  102
0.472203  79
0.472215  100
0.472354  184
0.472399  201
0.472425  308
0.47254  359
0.472587  62
0.472661  334
0.472796  240
0.472919  96
0.473009  87
0.47308  292
0.473127  300
0.47316  166
0.473266  187
0.473302  344
0.473321  316
0.473345  342
0.473411  85
0.473525  16
0.473564  35
0.473825  241
0.47394  383
0.474007  374
0.474228  246
0.47452  153
0.474589  325
0.474656  114
0.474657  326
0.474682  231
0.474759  159
0.474808  74
0.474891  1
0.47492  253
0.474925  127
0.474939  139
0.474968  242
0.474979  366
0.474983  304
0.475002  399
0.475023  148
0.475038  343
0.475038  61
0.475056  284
0.475069  135
0.47507  158
0.475104  259
0.475128  309
0.475157  312
0.475298  233
0.475299  318
0.475422  7
0.475443  335
0.475609  107
0.475655  173
0.475665  29
0.47577  302
0.475806  311
0.475999  58
0.476023  289
0.476061  64
0.476088  24
0.476095  194
0.476209  380
0.476235  40
0.476264  104
0.476267  356
0.476347  146
0.476363  170
0.476365  125
0.476423  75
0.476437  48
0.476438  169
0.476492  369
0.476497  223
0.476546  327
0.476615  199
0.476667  388
0.476687  183
0.476728  317
0.476778  19
0.477022  47
0.477075  248
0.477089  23
0.477133  324
0.477207  168
0.477243  186
0.47727  108
0.477286  322
0.477317  348
0.477459  13
0.477538  185
0.477558  43
0.47773  319
0.477733  205
0.477768  132
0.477798  110
0.47787  389
0.477964  358
0.47801  237
0.47803  5
0.47814  275
0.478207  376
0.478466  314
0.478471  27
0.478497  393
0.478537  81
0.478561  188
0.478598  377
0.478624  175
0.478631  178
0.478664  364
0.478881  328
0.478888  362
0.47889  3
0.478909  26
0.478919  111
0.478978  352
0.479002  372
0.47906  382
0.47908  262
0.479157  212
0.47929  214
0.479314  307
0.479354  249
0.479384  354
0.479492  73
0.47952  209
0.479698  118
0.479751  375
0.479815  95
0.479818  306
0.47988  332
0.479957  124
0.480018  116
0.480069  291
0.480076  258
0.480138  338
0.480166  157
0.480301  235
0.480377  333
0.480381  220
0.480458  396
0.480487  92
0.480616  320
0.480617  398
0.480709  349
0.480728  347
0.480753  141
0.480845  181
0.480858  392
0.480889  365
0.480969  370
0.481139  71
0.481271  367
0.48131  8
0.481426  210
0.481435  97
0.481595  200
0.481917  82
0.481976  305
0.481977  112
0.482041  279
0.482127  244
0.482152  243
0.48216  301
0.482225  395
0.482255  346
0.482382  337
0.482438  360
0.482517  303
0.482611  257
0.482637  106
0.482806  331
0.482824  313
0.482896  278
0.482951  31
0.482975  353
0.483043  345
0.483377  336
0.483452  277
0.48362  394
0.483719  251
0.483754  172
0.483963  117
0.483995  391
0.484179  321
0.484239  295
0.484294  4
0.484358  76
0.484605  363
0.484611  204
0.484648  387
0.48466  281
0.484863  285
0.484906  310
0.485134  390
0.485304  350
0.48589  46
0.485916  165
0.486327  239
0.486596  144
0.487795  329
0.487797  72
0.4878  397
0.487958  94
0.48802  30
0.488119  216
0.489231  368
0.490146  296
0.491164  379
0.492428  381
0.492555  276
0.492575  357
0.492598  225
0.492959  366
0.493846  83
0.494087  160
0.49464  341
0.495297  300
0.497531  208
0.497917  171
0.498225  385
0.499507  135
0.499648  340
0.500475  348
0.500498  176
0.501521  86
0.501533  369
0.5019  316
0.502458  371
0.502817  145
0.503325  91
0.504333  163
0.504368  130
0.504685  314
0.505043  323
0.505344  164
0.505668  49
0.506015  198
0.506128  45
0.507402  90
0.5075  213
0.508324  311
0.509622  211
0.510037  155
0.510662  96
0.511004  373
0.511457  180
0.51171  320
0.512106  260
0.512712  374
0.513191  361
0.51331  265
0.513895  384
0.514805  393
0.514878  382
0.51564  15
0.51641  293
0.517024  50
0.517135  328
0.517196  378
0.517239  143
0.517246  309
0.51733  283
0.51748  356
0.517824  330
0.518225  34
0.518319  133
0.518356  234
0.518498  307
0.518725  129
0.519033  380
0.519093  388
0.519634  263
0.519683  312
0.519927  250
0.519997  351
0.520438  298
0.520584  103
0.520712  89
0.520726  65
0.520898  136
0.520919  308
0.521275  36
0.521545  358
0.521657  105
0.52169  51
0.522921  359
0.523091  315
0.523185  306
0.52341  21
0.523496  55
0.523617  217
0.523706  322
0.524055  304
0.524416  112
0.524561  332
0.525226  202
0.525438  280
0.525867  343
0.526025  142
0.526195  344
0.526472  325
0.526566  224
0.526703  64
0.526923  99
0.527016  335
0.527032  69
0.527059  54
0.527066  24
0.52735  334
0.527475  327
0.527512  346
0.527519  20
0.527671  10
0.527709  126
0.527767  191
0.527901  42
0.528174  98
0.528263  264
0.528386  362
0.528396  339
0.528512  354
0.528522  301
0.528586  398
0.528644  396
0.528765  227
0.528902  395
0.528961  151
0.529001  317
0.529002  386
0.529403  185
0.529579  271
0.529595  326
0.529644  196
0.530019  383
0.530062  357
0.530219  60
0.530286  342
0.530457  207
0.531215  305
0.531468  193
0.531606  370
0.531861  381
0.531981  115
0.531984  319
0.53206  252
0.532242  377
0.532369  294
0.532755  259
0.532801  22
0.532833  333
0.532868  88
0.533012  321
0.533192  268
0.533313  347
0.533451  272
0.533615  12
0.533732  302
0.534289  379
0.534483  17
0.534725  146
0.535093  390
0.535116  353
0.535279  360
0.535852  329
0.535935  52
0.536251  215
0.536409  254
0.536667  131
0.537227  389
0.537498  310
0.537519  245
0.537692  355
0.53803  59
0.538063  256
0.538287  391
0.538324  331
0.53855  58
0.538756  399
0.53917  336
0.539304  385
0.539637  63
0.539886  318
0.540161  364
0.540659  74
0.542395  201
0.54255  269
0.543036  150
0.54354  376
0.543786  128
0.544536  261
0.544741  320
0.545296  188
0.545458  394
0.546116  341
0.546354  287
0.546671  157
0.54704  218
0.547161  349
0.547514  18
0.547792  106
0.547908  79
0.548492  371
0.548642  375
0.548708  13
0.548976  363
0.549234  168
0.549287  303
0.549363  338
0.54966  92
0.549709  0
0.54995  352
0.550146  66
0.550427  316
0.550447  367
0.551865  236
0.552283  2
0.55238  314
0.552885  28
0.552996  119
0.553105  374
0.553527  177
0.553771  122
0.554158  148
0.554561  121
0.554808  39
0.554957  200
0.55513  229
0.555228  345
0.555492  366
0.555493  387
0.555524  300
0.556056  192
0.556236  32
0.55629  222
0.556331  8
0.556603  275
0.556785  384
0.557041  397
0.557112  337
0.557313  9
0.557347  35
0.557638  361
0.557691  348
0.557715  340
0.557903  392
0.558125  138
0.558248  273
0.558444  365
0.55874  137
0.558797  87
0.559087  372
0.559366  57
0.559549  257
0.559868  3
0.560348  117
0.560433  56
0.560475  80
0.560734  184
0.560735  104
0.560749  276
0.560789  311
0.560923  291
0.561203  393
0.561349  195
0.561355  299
0.561442  223
0.561484  255
0.561555  6
0.561683  282
0.561839  368
0.561896  243
0.561903  290
0.562085  70
0.562192  246
0.562351  226
0.562459  313
0.562791  277
0.56282  380
0.562924  233
0.563167  253
0.563216  25
0.563304  197
0.563451  248
0.563563  373
0.563584  283
0.563713  238
0.563726  205
0.563806  27
0.563833  183
0.563958  317
0.564034  68
0.564166  112
0.564296  324
0.56435  350
0.564503  44
0.564615  322
0.564632  84
0.564652  16
0.564694  354
0.564792  41
0.564922  306
0.565084  97
0.565155  262
0.565214  160
0.565351  260
0.565378  221
0.565382  309
0.565386  141
0.565476  395
0.56551  296
0.565597  159
0.565724  153
0.565749  323
0.565751  132
0.56589  330
0.565931  356
0.56594  14
0.566037  212
0.56605  77
0.56607  339
0.566114  357
0.566132  281
0.566144  95
0.566158  167
0.566226  171
0.56628  206
0.566361  166
0.566398  101
0.56645  130
0.56649  284
0.566495  344
0.566497  381
0.566736  396
0.566932  332
0.566957  149
0.566958  388
0.56698  358
0.567005  328
0.567084  51
0.567155  289
0.567198  61
0.567254  158
0.567345  312
0.567349  270
0.567379  301
0.567404  37
0.567452  376
0.567503  399
0.567514  362
0.567565  147
0.567583  378
0.567621  216
0.56766  210
0.567728  383
0.567743  31
0.567854  165
0.567913  297
0.567994  331
0.568075  245
0.568091  369
0.568115  304
0.568245  351
0.568287  359
0.568316  342
0.568399  370
0.568443  67
0.568444  241
0.568477  219
0.568501  199
0.568557  307
0.568608  242
0.568822  310
0.569118  93
0.569128  249
0.569287  33
0.569353  327
0.569375  308
0.569454  100
0.569503  29
0.569529  274
0.56957  187
0.56965  135
0.569762  102
0.569913  326
0.569923  203
0.569951  325
0.570064  240
0.570081  398
0.570107  156
0.570165  38
0.570184  78
0.57025  75
0.57026  239
0.570325  315
0.570326  17
0.570439  386
0.570525  155
0.570644  343
0.570828  305
0.570865  364
0.570935  1
0.570953  190
0.570988  124
0.571077  40
0.571098  85
0.571114  186
0.571128  319
0.571295  338
0.571319  355
0.57135  173
0.571434  353
0.571509  389
0.571522  60
0.571554  169
0.571634  347
0.571705  382
0.571772  140
0.571787  377
0.572117  207
0.572269  258
0.572416  73
0.572444  125
0.572608  298
0.572717  120
0.572731  320
0.572737  76
0.572813  251
0.572935  134
0.572939  108
0.573051  392
0.573125  341
0.573146  49
0.57316  391
0.573254  74
0.573348  385
0.573371  89
0.573384  47
0.573407  161
0.573435  163
0.573561  247
0.573613  390
0.573676  345
0.5739  164
0.574042  329
0.574052  334
0.574425  367
0.57448  375
0.574567  152
0.574572  34
0.574584  268
0.574836  335
0.574898  107
0.574918  295
0.57509  318
0.575116  333
0.575675  220
0.575694  72
0.575747  170
0.575815  142
0.576322  82
0.576748  235
0.576992  90
0.577176  180
0.577189  96
0.577248  26
0.577413  302
0.577649  88
0.577681  189
0.577736  321
0.577739  244
0.577749  218
0.577774  293
0.577777  352
0.577778  336
0.578008  154
0.578012  23
0.578036  46
0.578433  397
0.578456  191
0.578742  360
0.578754  316
0.578777  178
0.579013  19
0.579058  371
0.579296  232
0.579415  263
0.579566  123
0.579585  36
0.580005  361
0.580228  373
0.580403  64
0.580442  379
0.581085  54
0.581267  372
0.581465  363
0.581469  83
0.581493  303
0.581598  145
0.58164  21
0.581694  128
0.581799  174
0.581808  129
0.581953  314
0.582057  267
0.582058  349
0.582252  394
0.582253  43
0.582521  387
0.582586  348
0.582603  346
0.583244  172
0.5833  380
0.583927  98
0.583959  366
0.584497  234
0.584538  91
0.584951  376
0.585172  306
0.585666  317
0.586515  324
0.586658  105
0.587358  322
0.588764  374
0.58885  175
0.589423  256
0.591013  300
0.59194  311
0.592456  313
0.592794  127
0.594447  109
0.595193  126
0.596039  395
0.596112  378
0.596629  368
0.596849  71
0.598816  57
0.599397  248
0.599815  340
0.599918  354
0.600041  254
0.600056  365
0.600083  261
0.600326  337
0.600953  323
0.601865  225
0.603364  136
0.603408  211
0.603828  356
0.603831  384
0.604179  271
0.604222  45
0.604492  330
0.605005  119
0.605451  358
0.605536  357
0.605573  192
0.605889  359
0.606254  388
0.606829  315
0.607008  301
0.607151  182
0.607287  144
0.607397  228
0.607955  351
0.609013  224
0.60946  181
0.61015  393
0.610939  103
0.610994  328
0.611055  309
0.611587  242
0.61237  332
0.612625  185
0.612694  231
0.613001  381
0.613311  350
0.613442  292
0.613976  15
0.614133  121
0.614326  179
0.614437  342
0.614462  194
0.614703  20
0.614822  399
0.61503  280
0.615091  118
0.61546  285
0.616164  11
0.616634  114
0.617034  7
0.617047  13
0.617379  81
0.617411  310
0.617653  331
0.617988  344
0.61799  87
0.618754  334
0.618846  338
0.619649  38
0.619651  396
0.619777  115
0.619967  329
0.619969  66
0.620299  355
0.621249  106
0.621275  42
0.62161  386
0.621962  22
0.621964  278
0.622125  398
0.622128  308
0.622138  268
0.622451  336
0.622884  18
0.623537  362
0.623762  259
0.623885  377
0.625  139
0.625053  265
0.625567  369
0.625569  312
0.626114  196
0.62623  360
0.62664  222
0.626839  302
0.626969  320
0.627054  250
0.627395  10
0.627427  62
0.627755  392
0.628079  209
0.628157  205
0.628204  52
0.628448  387
0.628588  316
0.628696  24
0.628729  288
0.628776  6
0.628842  375
0.629195  135
0.629248  367
0.629864  339
0.629916  213
0.63008  50
0.630328  146
0.630343  237
0.630633  229
0.631002  327
0.631049  12
0.631149  97
0.631152  317
0.631291  321
0.631342  364
0.63162  379
0.632232  391
0.632251  147
0.632841  44
0.632893  99
0.632936  314
0.632945  32
0.632947  230
0.633063  361
0.633117  294
0.633208  238
0.633688  345
0.633719  255
0.633938  335
0.634041  269
0.634075  341
0.634153  325
0.634271  347
0.634631  76
0.634777  272
0.634792  306
0.634878  343
0.635021  389
0.635056  49
0.636063  373
0.636258  370
0.636585  245
0.637049  349
0.637071  90
0.637556  319
0.637559  382
0.638041  157
0.638458  279
0.638844  65
0.63911  305
0.639527  363
0.639722  353
0.641136  365
0.641386  187
0.64179  383
0.64248  318
0.642828  376
0.642915  208
0.643098  200
0.643218  356
0.643306  394
0.64334  303
0.644057  390
0.645111  397
0.645279  8
0.645435  311
0.645693  348
0.645794  304
0.645893  104
0.646069  162
0.646373  35
0.646453  380
0.647074  346
0.647192  368
0.647522  23
0.649061  290
0.649429  125
0.649807  153
0.650181  372
0.650831  352
0.65112  378
0.651761  117
0.652071  155
0.652119  37
0.652345  16
0.6524  29
0.652583  51
0.652727  322
0.653125  96
0.653366  366
0.653511  168
0.65375  295
0.653831  167
0.653977  337
0.654409  4
0.654626  77
0.655069  219
0.655377  384
0.65552  55
0.655627  299
0.655714  374
0.655988  221
0.656144  68
0.656535  212
0.656576  93
0.657006  358
0.657073  340
0.657164  253
0.657622  350
0.657629  333
0.657686  286
0.657775  201
0.657793  186
0.65785  107
0.658237  330
0.658536  48
0.65862  323
0.658792  164
0.658874  67
0.658978  152
0.659015  199
0.659142  215
0.659179  313
0.659203  357
0.659355  19
0.659405  247
0.659534  359
0.65963  267
0.659771  328
0.659929  172
0.659935  285
0.660412  315
0.660498  385
0.660514  263
0.660994  371
0.661073  178
0.661276  217
0.66134  108
0.661399  232
0.66143  324
0.661491  307
0.66156  34
0.661597  302
0.66178  381
0.661816  257
0.661922  137
0.662064  351
0.662151  185
0.662237  198
0.662369  308
0.662566  388
0.662673  282
0.663093  59
0.663137  165
0.663141  270
0.66332  362
0.66336  204
0.663473  2
0.663478  39
0.663551  142
0.663676  329
0.663741  84
0.663881  121
0.664098  203
0.664105  326
0.66416  377
0.664244  338
0.664355  151
0.664423  344
0.664426  159
0.664526  225
0.664786  63
0.664849  260
0.664958  133
0.665158  314
0.665171  14
0.66518  261
0.665282  5
0.665354  195
0.665406  331
0.665419  242
0.665481  113
0.665532  149
0.665623  264
0.665642  395
0.665804  128
0.665817  143
0.665972  183
0.666037  112
0.666051  70
0.666308  66
0.666313  334
0.666347  27
0.666355  227
0.666407  9
0.666422  300
0.666434  166
0.666525  184
0.666545  246
0.666555  131
0.666572  145
0.666641  60
0.666653  239
0.666747  41
0.666809  341
0.66685  276
0.666922  262
0.666929  393
0.66694  74
0.667009  316
0.667077  354
0.667093  134
0.667105  36
0.667135  398
0.667174  188
0.667218  310
0.667218  132
0.667314  197
0.66747  75
0.667519  399
0.667528  80
0.667656  321
0.667741  182
0.667915  30
0.667948  116
0.667953  153
0.66797  312
0.667986  283
0.668005  240
0.668032  193
0.668215  293
0.668378  97
0.668379  367
0.66843  289
0.668487  317
0.668523  284
0.668544  343
0.668574  332
0.668581  379
0.668592  271
0.668602  325
0.668769  320
0.668778  360
0.668832  363
0.668841  214
0.66892  56
0.668981  386
0.669002  364
0.669026  136
0.669085  82
0.669145  369
0.669184  111
0.669201  17
0.669201  72
0.669242  86
0.669469  87
0.669482  327
0.669534  173
0.669598  79
0.669626  397
0.669776  95
0.669948  171
0.669963  244
0.669972  375
0.670024  342
0.670035  11
0.670051  88
0.670104  243
0.670158  339
0.670219  336
0.670262  102
0.670281  335
0.670289  160
0.670296  101
0.670299  392
0.670309  292
0.670331  309
0.67034  100
0.670435  207
0.670492  61
0.670789  355
0.670811  161
0.670839  345
0.671109  305
0.671179  396
0.671183  373
0.671205  304
0.671239  301
0.67125  303
0.671262  150
0.671366  126
0.67139  349
0.671402  361
0.671408  69
0.671478  248
0.67149  189
0.671496  98
0.6715  275
0.671766  64
0.671772  318
0.671791  122
0.671794  366
0.671991  288
0.672017  92
0.672081  148
0.672163  382
0.67239  251
0.672517  194
0.672595  389
0.672613  58
0.672702  376
0.672737  175
0.672763  394
0.672833  348
0.672853  254
0.672872  1
0.672971  380
0.6731  384
0.673102  365
0.673261  135
0.673284  3
0.67329  352
0.673338  224
0.673675  319
0.673758  191
0.67381  273
0.673946  387
0.673948  31
0.67406  45
0.674225  169
0.674233  322
0.674372  208
0.674911  39
0.674986  50
0.675084  209
0.675144  370
0.675392  180
0.67541  115
0.675423  250
0.675525  368
0.675537  329
0.675587  353
0.675606  7
0.676319  85
0.676554  356
0.677029  245
0.677376  388
0.677504  274
0.677619  22
0.677663  57
0.67783  218
0.677931  158
0.677997  277
0.678184  298
0.678266  114
0.678359  174
0.678484  391
0.678573  249
0.67862  372
0.678646  340
0.678738  144
0.678818  222
0.67889  234
0.679143  344
0.679199  383
0.679232  53
0.680031  377
0.680104  215
0.680868  311
0.680902  378
0.681001  21
0.681097  206
0.681182  328
0.681465  40
0.68167  347
0.681894  398
0.681917  196
0.681988  89
0.682334  252
0.682406  323
0.682564  390
0.682702  314
0.682705  381
0.682773  358
0.683689  357
0.684195  220
0.685356  124
0.68591  229
0.686615  46
0.686663  351
0.687317  333
0.687434  306
0.687975  192
0.689649  313
0.692838  109
0.693432  346
0.695552  308
0.695921  374
0.696323  399
0.696974  330
0.697015  350
0.69714  106
0.698083  359
0.698491  385
0.698668  43
0.69995  83
0.700293  13
0.7015  38
0.702244  163
0.702316  393
0.702605  44
0.7027  54
0.704041  316
0.704225  302
0.704274  266
0.704732  307
0.704744  371
0.705037  47
0.705262  337
0.705357  285
0.706082  24
0.706419  320
0.706471  138
0.707228  15
0.70783  305
0.707937  338
0.709124  157
0.709397  301
0.70988  367
0.710213  325
0.710528  326
0.710745  294
0.711983  386
0.712619  156
0.712814  396
0.713699  363
0.714558  247
0.714629  140
0.716279  309
0.716693  139
0.716923  130
0.717046  237
0.717303  216
0.717774  332
0.718228  324
0.718244  26
0.718261  93
0.718372  380
0.718404  319
0.718998  343
0.719003  392
0.71931  233
0.720096  35
0.720821  360
0.721141  345
0.721167  241
0.721178  127
0.721356  341
0.722068  195
0.72208  91
0.72229  187
0.722613  224
0.72281  369
0.723071  202
0.723165  255
0.723173  87
0.72343  210
0.723708  331
0.723755  373
0.723757  278
0.723831  336
0.723912  342
0.723953  366
0.724239  226
0.72427  310
0.724538  59
0.72471  300
0.72581  119
0.726087  354
0.726248  48
0.726295  391
0.726436  20
0.72649  335
0.726748  78
0.727061  286
0.727134  146
0.727615  33
0.727809  16
0.727952  18
0.728321  348
0.7286  321
0.728657  217
0.728697  340
0.728873  293
0.728991  334
0.72905  49
0.729104  236
0.729149  295
0.729251  267
0.729267  230
0.729275  190
0.729291  55
0.729396  384
0.729484  36
0.729607  353
0.730143  355
0.730147  12
0.730441  79
0.730449  315
0.730652  339
0.730759  155
0.731158  52
0.731243  303
0.731273  327
0.731456  204
0.731667  19
0.731788  377
0.732111  8
0.732367  370
0.732628  289
0.732655  260
0.732746  141
0.732885  132
0.732889  6
0.733031  375
0.733129  299
0.733131  347
0.733271  387
0.733326  317
0.733407  388
0.733492  362
0.733557  213
0.733701  397
0.73379  365
0.733795  205
0.733798  312
0.733808  297
0.733894  96
0.733991  318
0.734014  67
0.734025  304
0.734164  232
0.734182  361
0.734381  120
0.734492  191
0.734595  306
0.734755  252
0.734801  62
0.73496  264
0.735248  390
0.735345  238
0.735375  107
0.73543  143
0.735615  329
0.735932  364
0.736089  244
0.736403  102
0.736513  231
0.736586  154
0.736659  235
0.736695  328
0.736881  376
0.736906  271
0.737235  225
0.737448  70
0.737501  311
0.737516  287
0.737524  352
0.737559  389
0.73764  88
0.73771  314
0.737803  349
0.73805  372
0.738158  385
0.738239  166
0.738309  183
0.738348  72
0.738398  258
0.738467  323
0.738591  313
0.738779  368
0.738879  394
0.739135  381
0.739243  251
0.739376  221
0.739436  379
0.73969  275
0.739789  383
0.739998  269
0.740147  262
0.74044  292
0.740673  398
0.740728  256
0.74084  344
0.740944  351
0.741212  358
0.741329  399
0.741555  66
0.741622  382
0.74208  367
0.742428  359
0.742561  7
0.742728  125
0.74274  2
0.742873  357
0.743365  110
0.743686  170
0.744843  274
0.744888  374
0.744935  283
0.744995  188
0.745005  194
0.745236  346
0.745377  333
0.74604  76
0.746484  320
0.746973  152
0.747414  305
0.747548  259
0.748819  10
0.748903  360
0.749028  307
0.749399  180
0.750098  28
0.750229  325
0.750448  378
0.751145  179
0.751913  284
0.75218  240
0.752261  290
0.75288  332
0.753291  63
0.753314  162
0.75386  369
0.754113  338
0.754279  169
0.754422  291
0.754662  124
0.754908  116
0.755514  371
0.755713  73
0.756106  131
0.756119  32
0.756355  163
0.756443  337
0.756694  322
0.757294  324
0.757475  330
0.757511  363
0.757767  392
0.757777  356
0.758488  92
0.758763  326
0.759394  395
0.759985  93
0.760059  44
0.760204  71
0.760369  302
0.760668  106
0.761226  23
0.761305  350
0.76137  308
0.761471  108
0.761639  310
0.761849  159
0.762044  223
0.762068  331
0.762369  393
0.762867  61
0.763156  301
0.763728  386
0.763856  215
0.76386  316
0.763862  279
0.763989  366
0.764101  185
0.764454  239
0.765019  396
0.765453  29
0.765782  1
0.766071  211
0.766097  30
0.766184  9
0.766349  172
0.766446  340
0.76666  298
0.766723  343
0.766807  207
0.767298  43
0.767403  339
0.767461  42
0.767757  129
0.76777  353
0.767834  11
0.768045  341
0.76805  212
0.768068  164
0.768299  362
0.768308  58
0.768498  265
0.769623  270
0.769713  165
0.769804  118
0.769967  34
0.769982  145
0.77044  97
0.770526  373
0.770775  361
0.770914  208
0.770993  352
0.77139  220
0.771484  370
0.771567  354
0.771827  137
0.771856  56
0.771902  365
0.772171  140
0.772268  300
0.772617  57
0.77296  151
0.772963  391
0.773484  266
0.773543  199
0.773587  206
0.773589  336
0.773775  317
0.774076  348
0.774224  314
0.774709  306
0.774823  367
0.775031  60
0.775078  315
0.775435  387
0.775771  321
0.775954  178
0.776189  355
0.777191  288
0.778092  304
0.778144  368
0.778425  328
0.778567  335
0.778965  100
0.779591  303
0.77975  273
0.779898  388
0.780228  344
0.780584  383
0.780991  247
0.781316  380
0.782389  54
0.782537  217
0.783842  197
0.783985  372
0.78413  338
0.784468  76
0.784547  134
0.785012  167
0.785329  99
0.785903  244
0.786738  182
0.78681  121
0.787185  311
0.787245  377
0.787705  219
0.78832  128
0.788496  177
0.788889  84
0.788898  375
0.78905  187
0.789235  94
0.789479  24
0.789581  345
0.789628  77
0.790137  243
0.790305  319
0.790465  349
0.790535  329
0.790603  87
0.790849  309
0.79101  229
0.791016  17
0.791081  385
0.791272  68
0.791462  296
0.791877  276
0.792037  25
0.792074  381
0.792292  175
0.792315  294
0.792487  347
0.792501  390
0.792547  80
0.792572  376
0.792622  127
0.79279  394
0.792951  155
0.793019  4
0.793051  312
0.793086  181
0.793121  357
0.793361  268
0.793511  158
0.79369  389
0.793747  119
0.794032  359
0.794106  210
0.794264  358
0.794636  200
0.794726  209
0.795758  364
0.795967  325
0.796018  112
0.796047  323
0.796071  126
0.79634  384
0.796356  226
0.796473  282
0.796479  3
0.796489  157
0.796539  113
0.796582  397
0.796852  65
0.796862  173
0.796886  305
0.797305  228
0.797537  135
0.797583  320
0.797798  330
0.797881  36
0.798022  371
0.798234  149
0.798608  40
0.798625  262
0.798991  184
0.799134  51
0.799337  378
0.799622  250
0.79976  399
0.799872  114
0.799931  301
0.799984  122
0.800323  386
0.800784  133
0.800832  190
0.80093  369
0.801031  242
0.801105  48
0.801215  141
0.801242  5
0.801335  75
0.801357  393
0.801362  82
0.80153  237
0.801648  136
0.801925  351
0.801938  238
0.801965  254
0.802519  224
0.802538  374
0.802654  353
0.803002  363
0.803025  98
0.80319  281
0.803269  31
0.803371  85
0.803391  346
0.803399  249
0.803599  341
0.80366  59
0.803702  327
0.80376  334
0.803888  230
0.803901  16
0.803918  130
0.804251  53
0.804393  81
0.804452  333
0.804477  343
0.804525  370
0.80472  49
0.804751  382
0.804781  318
0.804812  93
0.804837  174
0.80494  307
0.804964  72
0.805143  33
0.805143  166
0.805207  366
0.805471  64
0.805544  332
0.805561  66
0.805574  321
0.805602  146
0.805802  379
0.805847  248
0.805884  251
0.806195  105
0.806276  38
0.806453  183
0.806476  111
0.8066  302
0.806662  396
0.806717  316
0.806877  91
0.807137  322
0.807161  337
0.807168  313
0.807257  206
0.807331  212
0.807353  291
0.807358  79
0.807381  245
0.807424  186
0.80744  286
0.807752  255
0.807802  263
0.807899  265
0.807907  279
0.807915  342
0.807943  308
0.808168  362
0.808264  298
0.80843  205
0.808519  192
0.808587  46
0.808629  107
0.808673  326
0.808809  256
0.808992  303
0.809052  18
0.809078  398
0.809365  368
0.809387  289
0.809411  391
0.809583  392
0.809791  189
0.809927  109
0.809937  168
0.80994  354
0.809957  95
0.810191  348
0.810283  272
0.810338  356
0.810381  280
0.810516  355
0.810566  198
0.810683  367
0.810696  340
0.810801  387
0.810867  131
0.81096  361
0.811014  395
0.811036  304
0.811126  193
0.811467  27
0.811495  220
0.8115  314
0.811672  236
0.81172  273
0.811866  315
0.811873  214
0.811924  143
0.811932  257
0.81198  9
0.812045  22
0.812239  163
0.812402  232
0.812847  222
0.812872  195
0.812982  101
0.813023  103
0.813096  156
0.813244  56
0.813422  300
0.813474  108
0.813726  20
0.81376  324
0.813981  306
0.814193  233
0.814204  331
0.814476  227
0.814499  350
0.814611  194
0.814671  261
0.814701  191
0.814753  102
0.814832  55
0.815117  335
0.815181  317
0.81519  213
0.815191  50
0.815263  234
0.815351  204
0.815367  365
0.815389  359
0.815491  372
0.815778  310
0.815944  215
0.816014  352
0.81608  57
0.816114  185
0.816264  115
0.816272  380
0.816491  285
0.816493  258
0.816854  252
0.816888  377
0.816898  70
0.816957  172
0.8179  345
0.818057  74
0.81814  311
0.818167  381
0.818338  26
0.818355  319
0.818425  147
0.818634  293
0.818696  357
0.818843  309
0.818844  328
0.818903  139
0.819087  388
0.819092  43
0.819176  397
0.819309  8
0.819685  37
0.819713  389
0.819909  32
0.820032  5
0.820053  83
0.820151  339
0.820455  209
0.82055  344
0.820775  297
0.820866  125
0.820922  229
0.821175  330
0.821254  6
0.821355  376
0.821393  364
0.821508  383
0.821988  278
0.822028  360
0.822129  90
0.822389  318
0.822671  176
0.822685  28
0.822875  17
0.823283  329
0.823345  1
0.823419  346
0.824141  270
0.824507  305
0.824627  369
0.824864  2
0.825145  302
0.825244  336
0.825429  366
0.825498  202
0.825908  123
0.826447  52
0.8265  120
0.826596  356
0.826815  333
0.827305  299
0.827735  199
0.828066  197
0.82822  347
0.828326  375
0.829575  323
0.829785  385
0.829915  271
0.830134  325
0.831669  35
0.832024  170
0.832195  312
0.833311  390
0.836638  378
0.836649  373
0.837212  182
0.840538  363
0.841427  394
0.84144  301
0.842583  221
0.842867  62
0.844922  313
0.845123  391
0.846359  155
0.846562  165
0.846593  349
0.84662  246
0.847159  113
0.847221  15
0.847659  132
0.847663  334
0.84776  223
0.847927  150
0.848186  250
0.848211  259
0.848571  365
0.848649  384
0.84908  314
0.84928  354
0.849571  342
0.849954  343
0.850045  370
0.851016  121
0.851113  110
0.851142  322
0.851172  171
0.851317  351
0.851675  144
0.851924  0
0.852033  399
0.852715  306
0.853088  58
0.853829  148
0.854572  196
0.854662  374
0.854894  386
0.854947  44
0.855096  211
0.855317  129
0.855642  3
0.856219  78
0.856275  368
0.856372  275
0.856881  324
0.857231  25
0.857348  292
0.857479  395
0.857519  331
0.857725  116
0.857747  276
0.857762  7
0.857765  393
0.857972  31
0.858035  338
0.858069  19
0.858171  152
0.858409  23
0.858825  355
0.859215  371
0.859227  77
0.85927  380
0.859354  47
0.859402  320
0.859668  96
0.860049  277
0.860178  287
0.860312  341
0.860648  235
0.860792  377
0.86088  234
0.861007  137
0.861351  358
0.86158  42
0.861629  195
0.861785  162
0.861818  353
0.861838  39
0.862059  154
0.862284  128
0.86248  332
0.862517  145
0.862549  337
0.862951  339
0.862983  134
0.863035  329
0.863077  119
0.86321  87
0.863455  262
0.863722  311
0.863737  362
0.864016  309
0.864405  130
0.864538  359
0.864613  340
0.864677  124
0.86507  327
0.86514  63
0.865229  398
0.865361  382
0.865443  14
0.865579  135
0.86573  260
0.865735  117
0.865875  218
0.866053  387
0.866338  189
0.866346  396
0.866435  300
0.866742  40
0.866744  333
0.866754  296
0.866765  389
0.866858  284
0.866905  142
0.866952  181
0.867  316
0.86707  140
0.867223  321
0.867377  303
0.867519  185
0.867652  348
0.867909  173
0.868278  92
0.868422  360
0.868577  392
0.868658  326
0.868728  328
0.869013  381
0.869098  304
0.869355  67
0.869367  267
0.869519  375
0.869922  282
0.87016  51
0.870162  131
0.870164  347
0.870369  151
0.870888  379
0.870913  169
0.870952  317
0.871378  241
0.871454  352
0.871866  97
0.871932  249
0.872125  323
0.872156  54
0.872282  157
0.872422  190
0.87288  237
0.872914  330
0.872995  29
0.873017  310
0.873091  53
0.873313  315
0.873329  376
0.873545  164
0.873568  367
0.873601  350
0.873738  239
0.873787  88
0.874019  174
0.874252  373
0.874273  281
0.874975  290
0.875417  216
0.875483  177
0.875492  308
0.875861  210
0.876298  318
0.876371  242
0.876601  207
0.876669  146
0.876834  357
0.876944  61
0.876974  314
0.877113  274
0.877257  336
0.877638  114
0.877869  21
0.87819  13
0.878319  273
0.878357  136
0.878411  346
0.878426  361
0.878562  397
0.878989  203
0.879146  89
0.879227  344
0.879339  356
0.879864  178
0.87995  225
0.880198  394
0.880281  112
0.880444  391
0.880505  247
0.880619  283
0.880715  325
0.880735  180
0.880744  349
0.88075  24
0.880796  319
0.880843  233
0.881004  80
0.88107  307
0.881149  8
0.881205  302
0.881252  334
0.881527  258
0.88165  335
0.881886  366
0.881886  240
0.882026  187
0.882254  266
0.882401  90
0.882492  118
0.882503  69
0.882548  166
0.882669  147
0.882893  365
0.882938  122
0.882953  378
0.882974  127
0.88304  71
0.883408  208
0.88344  363
0.883491  295
0.883563  213
0.883574  385
0.883741  383
0.883812  369
0.883882  62
0.883955  372
0.883982  305
0.884071  99
0.884111  188
0.884254  37
0.884553  388
0.88471  264
0.884807  301
0.884821  253
0.884857  143
0.88487  342
0.885134  226
0.885248  312
0.885827  183
0.886172  320
0.886248  133
0.886296  16
0.886371  354
0.886635  279
0.887017  41
0.887053  192
0.887515  45
0.887602  324
0.887611  167
0.887663  390
0.887991  219
0.888536  65
0.888563  343
0.888768  73
0.888827  399
0.888962  74
0.889236  291
0.889238  306
0.889356  113
0.889484  215
0.889519  197
0.890213  386
0.890907  313
0.890981  345
0.891225  52
0.89123  204
0.892217  209
0.892319  364
0.892502  12
0.89296  246
0.893279  28
0.893694  198
0.894473  217
0.895106  285
0.89566  370
0.895672  338
0.896095  158
0.896102  272
0.89625  105
0.896443  298
0.896494  374
0.896581  139
0.896725  333
0.896843  293
0.897065  332
0.897675  30
0.897775  289
0.897916  153
0.897929  221
0.898001  294
0.898371  337
0.898659  84
0.898696  395
0.898927  110
0.899203  371
0.899271  380
0.899524  268
0.899691  9
0.899711  331
0.899774  229
0.899974  244
0.90004  398
0.900444  181
0.900485  50
0.900588  0
0.900625  184
0.900711  103
0.900806  261
0.90101  330
0.901019  220
0.901153  389
0.90168  339
0.901761  355
0.901902  327
0.901967  362
0.901999  56
0.902169  149
0.902204  39
0.902384  358
0.902472  120
0.902553  32
0.902684  123
0.902768  101
0.902811  238
0.903015  384
0.903026  300
0.903085  278
0.903213  397
0.903321  107
0.903404  309
0.903563  86
0.903631  271
0.9037  311
0.903738  396
0.903905  236
0.904008  269
0.90403  347
0.904059  179
0.904144  326
0.90433  38
0.904433  359
0.904582  17
0.904591  329
0.904775  308
0.904955  161
0.904994  75
0.904997  43
0.905055  351
0.905132  341
0.905316  322
0.90535  35
0.905401  22
0.905527  328
0.905559  64
0.905696  262
0.905774  186
0.905851  288
0.906197  100
0.90621  340
0.906386  46
0.906395  223
0.906602  376
0.906611  392
0.9067  117
0.90688  200
0.907143  360
0.907217  317
0.907238  350
0.907307  132
0.907391  10
0.907472  66
0.907769  295
0.907851  368
0.907858  379
0.908097  48
0.908113  377
0.908397  160
0.908457  382
0.90859  375
0.908964  104
0.909213  304
0.90925  33
0.909286  2
0.90929  72
0.909378  352
0.909388  265
0.909423  394
0.909483  388
0.909529  316
0.909571  387
0.90966  336
0.909835  393
0.909866  353
0.909877  321
0.91006  1
0.910073  256
0.910074  218
0.910671  367
0.910719  257
0.910773  96
0.910932  363
0.91099  318
0.911166  93
0.911927  36
0.912393  323
0.912504  185
0.912578  286
0.912781  348
0.91296  310
0.914178  361
0.914729  119
0.914791  370
0.914901  201
0.91541  239
0.915677  248
0.916017  344
0.916136  148
0.916733  168
0.916917  118
0.917013  373
0.917396  171
0.917546  356
0.917569  381
0.917996  365
0.918225  55
0.919081  250
0.920247  109
0.920923  369
0.92251  345
0.92303  385
0.923327  166
0.923333  19
0.923673  325
0.925065  366
0.925146  307
0.925206  391
0.925302  337
0.925468  349
0.926401  305
0.92695  320
0.928249  383
0.931269  343
0.932504  234
0.932953  357
0.933986  390
0.935158  137
0.937421  301
0.938326  11
0.938958  314
0.939266  334
0.939732  378
0.940663  222
0.940811  202
0.941247  312
0.941307  162
0.941932  354
0.942165  338
0.942192  211
0.942525  34
0.943094  212
0.943185  7
0.943266  59
0.943482  342
0.943909  302
0.944119  106
0.944371  315
0.944981  136
0.945163  192
0.945854  205
0.945992  346
0.94652  275
0.946665  306
0.946752  389
0.946844  216
0.947653  20
0.94773  330
0.948023  319
0.948112  140
0.948159  335
0.948621  24
0.948957  287
0.949104  91
0.949114  77
0.949661  214
0.949737  324
0.950072  40
0.950267  135
0.950444  14
0.95078  351
0.950889  60
0.951143  3
0.951332  371
0.951844  191
0.951904  332
0.952399  99
0.952523  80
0.952607  303
0.952782  309
0.953009  68
0.953182  16
0.953305  170
0.953347  203
0.95338  396
0.953387  138
0.953398  359
0.953775  277
0.954057  58
0.954141  372
0.954361  260
0.954423  193
0.954585  362
0.954645  111
0.95467  397
0.954781  42
0.954808  127
0.954962  374
0.954964  399
0.954974  387
0.955155  235
0.955398  382
0.955747  242
0.955782  82
0.955891  251
0.956016  395
0.956185  296
0.956195  163
0.956218  181
0.956377  364
0.956398  355
0.956445  215
0.956457  131
0.956475  8
0.956524  270
0.956566  340
0.956662  129
0.956853  180
0.957054  289
0.957118  219
0.957286  132
0.957395  50
0.957417  358
0.957481  47
0.957485  187
0.957602  345
0.957726  353
0.957777  304
0.95794  173
0.958072  95
0.958383  159
0.958412  263
0.958483  384
0.958553  274
0.958555  130
0.958729  155
0.958732  182
0.958811  336
0.958888  331
0.958906  318
0.958923  339
0.958949  308
0.95897  197
0.958976  194
0.959328  386
0.95936  259
0.959402  157
0.95942  356
0.959462  380
0.959725  267
0.959975  369
0.960046  26
0.960132  146
0.960319  322
0.960338  254
0.960481  195
0.960494  341
0.960501  333
0.960621  282
0.960621  295
0.960624  49
0.960789  25
0.960807  189
0.961103  300
0.961122  238
0.961357  350
0.961544  383
0.961553  29
0.961648  316
0.961666  281
0.961675  268
0.961687  347
0.96176  115
0.961783  360
0.961794  5
0.961816  326
0.961894  310
0.961913  207
0.961955  370
0.961989  54
0.961997  394
0.962018  313
0.962067  63
0.962206  31
0.962236  307
0.962252  375
0.96228  398
0.962297  317
0.962326  256
0.962419  62
0.962463  323
0.962479  391
0.96262  22
0.962953  85
0.963006  376
0.963177  354
0.96323  166
0.963359  352
0.963505  365
0.963557  198
0.963667  94
0.963745  363
0.963764  377
0.964004  121
0.964094  327
0.96433  366
0.964347  141
0.964402  79
0.964447  145
0.964585  379
0.964739  97
0.964793  388
0.964841  393
0.964841  176
0.964957  41
0.965023  6
0.965076  328
0.965201  38
0.965264  385
0.9653  361
0.965595  320
0.965718  305
0.965916  70
0.965992  89
0.966547  154
0.96707  367
0.967234  83
0.967349  337
0.967534  128
0.9679  315
0.968242  381
0.968411  227
0.968677  349
0.968759  325
0.96996  302
0.970882  343
0.971314  329
0.976303  13
0.977009  373
0.978067  114
0.979324  321
0.98255  301
0.984222  69
0.98444  312
0.984928  392
0.985068  334
0.98731  153
0.987576  306
0.988511  357
0.98875  165
0.98917  348
0.989215  92
0.989961  149
0.990471  44
0.990653  378
0.991749  81
0.991869  65
0.99209  396
0.992454  71
0.992799  150
0.992933  298
0.99349  330
0.993825  252
0.993845  144
0.994318  112
0.994462  390
0.994495  344
0.994601  311
0.994817  84
0.995386  273
0.996288  164
0.996657  100
0.996737  74
0.997475  335
0.997706  232
0.99862  358
0.998792  292
0.99881  104
0.998998  208
0.999176  372
0.999345  223
0.999417  353
0.999907  241
0.999908  102
0.999935  2
