1.84633e-07  216
2.38852e-07  101
5.51333e-06  103
6.5229e-06  124
6.74384e-06  217
1.33371e-05  63
1.97103e-05  195
2.58581e-05  188
2.81055e-05  171
2.86348e-05  112
3.02587e-05  231
3.22433e-05  207
3.38492e-05  228
3.8491e-05  104
3.89791e-05  125
4.68918e-05  80
4.85667e-05  169
4.8764e-05  135
4.95018e-05  137
4.9574e-05  89
5.54705e-05  232
5.58598e-05  259
5.61598e-05  136
6.41293e-05  56
6.98764e-05  111
7.38424e-05  88
7.47131e-05  129
8.29957e-05  53
8.48891e-05  168
8.50177e-05  108
8.73266e-05  123
9.12019e-05  93
9.15397e-05  227
0.000101112  223
0.000102276  196
0.00010627  121
0.000111875  92
0.00011226  81
0.000115094  172
0.000117919  173
0.000125315  61
0.000125363  97
0.000127225  143
0.000127394  85
0.000130346  160
0.000130752  24
0.000131755  256
0.000135782  139
0.00014072  219
0.00014364  151
0.000149799  69
0.000154193  133
0.000161021  52
0.000162359  76
0.000163413  77
0.000164548  59
0.000170824  40
0.000174659  205
0.000175485  68
0.000175724  41
0.000177217  65
0.000180383  199
0.000180483  28
0.000183971  163
0.00018564  165
0.00018716  191
0.000187247  9
0.000188579  57
0.00018959  189
0.000197542  177
0.000199062  45
0.000202221  221
0.000206178  73
0.000214244  100
0.000215392  96
0.000215803  60
0.000215866  156
0.000216408  109
0.000222562  128
0.000225479  176
0.000229404  157
0.000238427  79
0.000238557  55
0.000246332  99
0.000248142  75
0.000249619  8
0.000253513  229
0.000255057  180
0.000262645  224
0.000262833  119
0.000264109  132
0.000264248  192
0.000264952  161
0.00027109  31
0.000272714  149
0.00027718  145
0.000277472  107
0.000280037  43
0.000288084  148
0.000289282  225
0.000292335  197
0.000301367  141
0.000303282  175
0.000305428  187
0.000315041  116
0.000333383  184
0.000335066  257
0.000344442  235
0.000346653  147
0.000348222  144
0.000351555  67
0.000352282  193
0.000360969  167
0.000361341  113
0.000363984  120
0.000367195  164
0.000374111  71
0.000374592  117
0.000374875  233
0.000377953  47
0.000396592  183
0.000420392  84
0.000421314  181
0.000428801  48
0.000438139  131
0.000447691  72
0.000454984  87
0.000477709  27
0.000484637  220
0.000486314  179
0.000503935  91
0.000508159  105
0.000531624  29
0.000535384  44
0.000543994  115
0.00054426  140
0.000573982  95
0.000576225  204
0.0005958  25
0.000596128  64
0.0006165  159
0.000638706  49
0.000680368  11
0.000690196  127
0.000700712  83
0.000739694  51
0.00112186  185
0.00277915  324
0.00321069  17
0.00351701  329
0.00367391  363
0.00369332  367
0.00373992  387
0.00385565  246
0.0038769  326
0.00398378  373
0.0041017  304
0.00418685  285
0.00430161  321
0.00430732  212
0.00431989  278
0.0043218  339
0.00439359  343
0.0044796  380
0.00448625  376
0.00452791  307
0.00457667  289
0.00459577  351
0.00465762  341
0.00469763  349
0.00469775  273
0.00473085  375
0.00488884  334
0.00498007  399
0.00498933  385
0.00501311  383
0.00502291  22
0.00503842  302
0.00504282  331
0.00507803  287
0.00517647  379
0.00521428  347
0.00531251  381
0.00534007  369
0.00549928  325
0.00557438  350
0.00564007  345
0.00566285  328
0.00567695  20
0.00572827  353
0.00573443  312
0.00574056  333
0.00589096  395
0.00592296  268
0.00609203  357
0.00638934  378
0.00646613  320
0.00654235  317
0.0067161  306
0.00674396  377
0.00675313  390
0.00679432  368
0.00689046  382
0.00763209  313
0.0082712  327
0.00832479  371
0.0086786  308
0.00872833  323
0.00919838  396
0.00958176  340
0.0101499  338
0.0104903  303
0.0109755  314
0.0113175  362
0.0116032  301
0.0116701  372
0.0117843  354
0.0118606  335
0.0118924  337
0.012022  391
0.0121043  374
0.0129722  255
0.013774  344
0.0139529  315
0.0141639  393
0.0148416  330
0.0148675  386
0.016692  389
0.0170431  346
0.0171949  364
0.0174942  348
0.0196051  318
0.019643  342
0.0205461  352
0.0209556  300
0.0224628  252
0.0226035  203
0.0226451  336
0.0243041  309
0.0247893  398
0.025891  358
0.0259192  238
0.026126  360
0.0267599  332
0.0277283  366
0.0280941  319
0.0282232  355
0.0309795  356
0.0310203  394
0.0310525  370
0.0316  392
0.0328929  388
0.0337946  305
0.0356297  310
0.0359797  292
0.0373762  251
0.0374079  13
0.0379274  21
0.0383074  272
0.0384119  361
0.0389833  33
0.0391698  311
0.0392054  284
0.0401505  316
0.0418603  322
0.0423103  260
0.0423811  34
0.0454494  215
0.0456762  209
0.0458986  6
0.0459191  274
0.0459911  290
0.0460932  44
0.0461509  40
0.0462158  397
0.0462643  347
0.0463649  365
0.0466742  201
0.047565  276
0.0482157  242
0.0484485  384
0.0488173  328
0.0491085  299
0.0496645  211
0.0508053  0
0.0510452  334
0.0519491  2
0.0536391  249
0.0538623  326
0.0539043  210
0.0541646  248
0.0547086  14
0.0548884  349
0.0549446  243
0.0549551  19
0.0550469  152
0.0555021  282
0.0555205  266
0.0557609  320
0.0558345  353
0.0561149  263
0.0566316  317
0.0566964  39
0.0568519  35
0.0568769  373
0.0570407  339
0.0577058  208
0.0580982  47
0.0588951  390
0.0589093  261
0.0589994  295
0.0590333  244
0.0591159  325
0.0592198  91
0.0593055  136
0.0594304  345
0.0594375  278
0.059607  359
0.0596614  367
0.0596752  155
0.0597818  202
0.0602643  382
0.0604003  262
0.0604856  7
0.060489  32
0.0607641  383
0.0607701  250
0.0607828  49
0.0612352  180
0.0615369  275
0.0615956  381
0.0615972  327
0.0617903  3
0.0617927  380
0.0621253  184
0.0621865  329
0.0621867  161
0.0623368  331
0.0623843  280
0.0627019  357
0.0627135  212
0.0627562  286
0.06306  296
0.0631358  324
0.063192  314
0.0632416  38
0.063274  308
0.0637124  379
0.064179  375
0.0642536  341
0.0643614  387
0.0644334  271
0.0646507  363
0.0647935  385
0.0650126  338
0.0660226  374
0.0670351  333
0.0673492  366
0.0675174  340
0.067669  355
0.0677015  376
0.0693664  388
0.0697051  95
0.0706272  246
0.0709861  362
0.071076  354
0.0714484  323
0.0717502  303
0.072923  371
0.0735183  395
0.0736566  398
0.0738702  302
0.07454  309
0.0747041  301
0.0747758  330
0.0761631  399
0.0763485  204
0.0788648  312
0.0791215  307
0.0794791  252
0.0799577  306
0.0803397  315
0.0807238  386
0.0807586  264
0.0807922  391
0.0808805  298
0.0827397  378
0.0832885  350
0.0840147  265
0.084186  337
0.0853473  310
0.0856085  319
0.086097  313
0.0871889  342
0.0873689  360
0.0889888  237
0.0896606  48
0.0898879  185
0.0903141  393
0.0906318  41
0.0907567  305
0.0909501  335
0.0911842  120
0.0912088  396
0.0915732  200
0.0919864  346
0.0921219  372
0.092657  332
0.0927795  277
0.0952264  224
0.0954936  1
0.0955926  351
0.0960122  389
0.0960299  364
0.0961038  343
0.0961423  321
0.0963651  294
0.0971231  65
0.0971892  240
0.0978507  23
0.0982004  199
0.0991178  392
0.0992167  369
0.0992198  267
0.099223  87
0.0999255  126
0.100078  73
0.100878  235
0.100888  370
0.101021  347
0.101218  145
0.101671  358
0.101829  394
0.102735  253
0.102748  352
0.103066  279
0.103161  116
0.103236  177
0.103264  247
0.103423  344
0.103469  318
0.103971  5
0.104305  181
0.104367  111
0.104619  283
0.104958  336
0.105019  51
0.105242  60
0.105441  368
0.105488  72
0.105649  203
0.105856  377
0.10593  140
0.106333  304
0.107073  25
0.107664  166
0.107904  67
0.108066  311
0.108081  43
0.108159  325
0.108299  397
0.108355  322
0.108877  281
0.109116  4
0.109482  348
0.109574  239
0.110148  12
0.110372  219
0.110504  316
0.110562  144
0.111416  291
0.111618  241
0.111641  115
0.111714  26
0.111809  380
0.111848  20
0.11188  97
0.111949  176
0.112005  356
0.112155  285
0.113045  15
0.113062  375
0.113365  61
0.113368  154
0.113382  33
0.113596  361
0.113701  334
0.113848  68
0.113852  383
0.113966  255
0.114075  190
0.114532  328
0.114691  127
0.114755  376
0.114843  268
0.115016  151
0.115177  77
0.115305  384
0.115619  83
0.11588  300
0.115903  326
0.115936  78
0.116097  365
0.11611  95
0.116151  354
0.116153  327
0.116287  108
0.117405  331
0.117774  107
0.118168  57
0.118471  225
0.118953  93
0.11913  363
0.119356  21
0.119412  341
0.119507  329
0.119512  217
0.119751  153
0.119961  123
0.120033  289
0.120153  69
0.120648  16
0.120692  213
0.121152  373
0.121234  314
0.121349  156
0.121356  340
0.121528  22
0.121609  45
0.121632  133
0.121698  269
0.121791  172
0.121971  221
0.122042  357
0.122151  337
0.122168  324
0.122557  36
0.122963  236
0.122969  288
0.123089  86
0.123239  189
0.123252  254
0.123316  13
0.123518  320
0.123549  121
0.123615  390
0.12363  387
0.123939  17
0.123975  76
0.124018  303
0.12434  317
0.124385  193
0.124513  274
0.124575  263
0.124755  178
0.124868  367
0.124886  381
0.125145  346
0.125331  245
0.12544  312
0.125459  379
0.125579  391
0.125728  34
0.12676  142
0.126983  362
0.127135  11
0.127164  308
0.127604  159
0.127733  333
0.127973  114
0.127988  9
0.128056  309
0.128834  322
0.128852  135
0.128867  88
0.128887  350
0.129066  323
0.129489  233
0.129972  226
0.130018  385
0.130033  302
0.130053  349
0.130577  351
0.130788  191
0.130874  195
0.131209  143
0.131216  371
0.13148  297
0.131595  388
0.131707  366
0.131855  313
0.132041  71
0.132368  345
0.132406  330
0.132477  306
0.13259  131
0.132782  386
0.133095  318
0.133832  293
0.133862  301
0.133978  237
0.134014  338
0.134263  37
0.134914  249
0.135384  339
0.136044  399
0.136252  321
0.136268  315
0.13627  358
0.138406  374
0.138816  382
0.139035  103
0.139182  395
0.139624  124
0.139812  92
0.140373  251
0.140606  378
0.141046  129
0.14168  257
0.142041  347
0.142193  117
0.142244  270
0.142401  335
0.142682  355
0.143146  215
0.143462  332
0.144323  360
0.144403  149
0.144997  398
0.145508  319
0.14598  369
0.146432  179
0.146454  163
0.146901  359
0.147437  305
0.147508  100
0.147661  310
0.147929  252
0.14818  311
0.148659  8
0.148662  148
0.148735  353
0.148791  393
0.148922  325
0.150748  273
0.150968  392
0.15289  344
0.153043  41
0.153225  220
0.153405  258
0.153606  342
0.153715  364
0.153737  389
0.153829  130
0.154045  112
0.155153  336
0.155256  223
0.15572  356
0.155868  84
0.155878  43
0.155929  0
0.156133  372
0.156418  165
0.157014  171
0.157101  66
0.157433  157
0.15763  307
0.157706  188
0.157751  146
0.157814  140
0.157833  352
0.157879  198
0.157983  234
0.158095  160
0.158186  265
0.158347  74
0.15846  201
0.158855  394
0.159091  348
0.159098  152
0.159324  96
0.159354  2
0.159471  375
0.159965  147
0.16012  211
0.160315  365
0.160426  287
0.160674  370
0.160727  238
0.160741  199
0.161084  230
0.161274  396
0.161485  368
0.161517  377
0.161672  85
0.162148  58
0.162281  282
0.162555  54
0.162711  3
0.162919  343
0.163107  228
0.163184  79
0.163192  216
0.163279  42
0.163455  14
0.163623  48
0.163642  182
0.163668  260
0.163967  138
0.16402  271
0.164137  380
0.164213  7
0.164218  98
0.164237  64
0.164499  212
0.164586  363
0.164741  286
0.164744  44
0.164823  384
0.164958  18
0.16509  55
0.165097  207
0.165156  253
0.165166  102
0.165235  28
0.165376  59
0.165386  232
0.165405  381
0.165458  224
0.165526  376
0.16561  40
0.165662  134
0.165778  106
0.165935  278
0.166153  90
0.166171  204
0.16623  299
0.166296  334
0.166356  231
0.166375  272
0.166436  120
0.166464  304
0.166525  327
0.166574  180
0.166705  187
0.166859  292
0.167078  295
0.167141  150
0.167151  367
0.167153  320
0.167154  349
0.167297  197
0.167345  35
0.16737  383
0.167436  291
0.167441  132
0.167454  322
0.167468  27
0.167494  357
0.167628  243
0.16779  246
0.1678  262
0.16781  170
0.167976  119
0.168039  354
0.16821  244
0.16835  137
0.168412  328
0.168712  94
0.168726  250
0.16875  317
0.168804  385
0.169039  316
0.169086  388
0.169146  341
0.169317  330
0.169425  208
0.169645  326
0.169824  101
0.169965  173
0.170114  68
0.170202  122
0.170244  46
0.170287  183
0.170291  321
0.170367  200
0.170409  294
0.170898  259
0.170982  350
0.171108  39
0.171232  57
0.171352  329
0.17138  29
0.171398  302
0.171425  269
0.171438  181
0.171532  358
0.171577  338
0.171645  390
0.171652  362
0.171753  312
0.171779  12
0.171836  285
0.171962  109
0.171977  277
0.172348  139
0.172429  397
0.172459  361
0.172539  387
0.172724  309
0.172787  351
0.172833  31
0.172993  323
0.173016  360
0.173107  324
0.173147  339
0.17334  303
0.173392  374
0.173405  313
0.173485  177
0.17353  168
0.173667  186
0.173981  125
0.173999  290
0.174647  49
0.175038  366
0.175291  333
0.175444  340
0.1755  318
0.175886  301
0.176067  308
0.176575  369
0.176835  311
0.177208  386
0.177443  331
0.178186  174
0.178243  126
0.178344  300
0.179118  325
0.179377  347
0.1794  5
0.17996  371
0.18039  52
0.18048  346
0.180836  242
0.181029  113
0.18109  373
0.181176  121
0.181477  345
0.181926  47
0.182191  382
0.182428  372
0.183242  389
0.183305  395
0.183631  6
0.183743  332
0.18385  279
0.184307  306
0.184389  310
0.184918  169
0.185212  399
0.186111  391
0.187286  267
0.187681  10
0.187754  305
0.18807  337
0.188167  50
0.189197  378
0.189345  335
0.189367  247
0.190276  370
0.190409  336
0.190489  97
0.190524  226
0.190851  261
0.191031  393
0.191065  239
0.191261  315
0.191482  379
0.192836  13
0.192951  73
0.193366  107
0.193803  392
0.193949  155
0.194373  135
0.194837  314
0.195181  175
0.195555  398
0.196291  307
0.196527  209
0.196839  355
0.1972  342
0.197803  129
0.198227  251
0.198428  353
0.198541  118
0.198673  145
0.198871  394
0.19916  220
0.199339  210
0.200204  298
0.200537  235
0.200553  115
0.200562  51
0.201248  213
0.20146  15
0.20152  164
0.201524  344
0.201558  218
0.201871  8
0.202047  296
0.202123  116
0.202125  99
0.20219  16
0.202352  151
0.202362  348
0.202457  256
0.202498  359
0.202643  53
0.202675  356
0.202718  81
0.202735  319
0.202941  65
0.20323  11
0.203295  133
0.203541  190
0.203989  364
0.204131  159
0.204317  56
0.204388  258
0.20466  161
0.20504  384
0.205365  363
0.205385  63
0.205654  91
0.205732  19
0.205876  375
0.205935  368
0.206216  24
0.206559  0
0.20657  167
0.206667  20
0.206792  72
0.206805  283
0.206846  316
0.206991  334
0.207262  266
0.207435  60
0.207444  38
0.207721  365
0.207748  108
0.208163  341
0.208227  284
0.208367  361
0.208771  390
0.209094  21
0.209489  184
0.209791  103
0.209875  25
0.209932  249
0.210261  275
0.210319  303
0.210598  193
0.211048  32
0.211252  321
0.211325  388
0.211328  127
0.211451  254
0.21146  77
0.211595  147
0.211994  300
0.212238  80
0.212348  104
0.212453  385
0.21247  221
0.212521  245
0.212611  312
0.212665  327
0.212668  33
0.212682  276
0.212811  236
0.212823  227
0.212826  369
0.212828  30
0.212951  102
0.213101  330
0.213104  380
0.213127  105
0.213171  304
0.213189  322
0.213884  206
0.2139  111
0.21438  146
0.21439  89
0.214577  367
0.214646  2
0.214683  389
0.214691  360
0.214709  268
0.214812  297
0.214848  317
0.214883  158
0.214895  351
0.214928  199
0.214997  43
0.215337  305
0.21538  302
0.215748  383
0.216281  310
0.216651  343
0.217067  185
0.217191  387
0.217226  340
0.217586  225
0.217883  150
0.218062  347
0.218108  366
0.218289  62
0.218555  23
0.218711  279
0.219186  320
0.219206  358
0.219365  352
0.219561  339
0.219581  171
0.219794  332
0.219979  82
0.220167  58
0.220341  397
0.220913  344
0.220922  337
0.221537  222
0.221652  336
0.221767  395
0.221774  325
0.221998  357
0.222316  374
0.222452  371
0.223179  378
0.223187  376
0.223964  176
0.223968  377
0.22449  301
0.224524  338
0.224621  162
0.22507  323
0.225668  318
0.226623  328
0.226923  313
0.22941  22
0.229909  393
0.229946  382
0.230211  166
0.23028  34
0.230929  349
0.231127  178
0.231145  346
0.231359  252
0.231507  398
0.231539  324
0.2325  47
0.233167  326
0.234516  354
0.235006  331
0.235276  362
0.236314  372
0.23701  196
0.237247  355
0.237686  391
0.238259  350
0.239775  49
0.23989  306
0.240755  308
0.24166  370
0.241663  154
0.241729  142
0.242147  333
0.242234  379
0.242693  329
0.242874  240
0.244468  172
0.244832  139
0.245248  226
0.245681  386
0.245756  396
0.245797  45
0.24586  200
0.246103  348
0.246116  163
0.246809  246
0.247351  381
0.247378  83
0.247762  241
0.248025  78
0.248148  309
0.248386  311
0.248429  134
0.248683  100
0.249002  353
0.249052  110
0.249134  136
0.249521  201
0.249593  373
0.24979  179
0.250423  155
0.250423  259
0.250446  316
0.251205  255
0.251228  70
0.251531  229
0.251998  66
0.252103  148
0.252326  345
0.252386  270
0.252564  174
0.252733  384
0.252741  263
0.252832  217
0.253008  399
0.253105  130
0.253179  231
0.253198  17
0.253317  214
0.253743  203
0.253754  290
0.253795  61
0.254025  9
0.254102  342
0.254108  3
0.254255  219
0.254292  86
0.254387  204
0.254465  117
0.254986  52
0.254991  280
0.255012  191
0.255214  57
0.255276  7
0.255416  36
0.255557  392
0.255737  128
0.255766  202
0.255826  186
0.255846  88
0.25588  87
0.256006  26
0.256286  195
0.256363  152
0.256402  194
0.25644  314
0.256516  107
0.256559  327
0.256645  182
0.256721  364
0.256779  59
0.25683  339
0.256873  40
0.257228  207
0.257295  267
0.257415  18
0.257464  181
0.257516  330
0.257582  357
0.257674  274
0.257799  14
0.257883  340
0.257894  131
0.258009  298
0.258131  84
0.258143  251
0.258206  75
0.258221  356
0.258263  265
0.258396  164
0.258428  67
0.258438  334
0.258444  119
0.258539  294
0.258547  79
0.258575  352
0.258578  141
0.258584  288
0.258614  77
0.258639  121
0.258652  68
0.258713  368
0.258715  271
0.258778  192
0.258792  310
0.258815  233
0.259126  161
0.259335  361
0.259433  264
0.259495  177
0.259754  369
0.259776  380
0.259804  383
0.259862  140
0.259882  285
0.260054  360
0.260345  55
0.260346  389
0.260382  304
0.260525  216
0.260552  156
0.260584  113
0.260745  322
0.260754  143
0.260852  138
0.260911  315
0.261151  365
0.261162  359
0.261223  325
0.261233  149
0.261505  8
0.261742  112
0.261834  332
0.261897  336
0.261938  5
0.26212  41
0.262573  337
0.262882  351
0.263055  344
0.263079  92
0.263206  335
0.263262  277
0.263624  64
0.263713  286
0.263733  278
0.263751  80
0.263886  300
0.264046  180
0.264064  319
0.264281  388
0.264392  313
0.264718  395
0.264732  96
0.265054  385
0.265909  273
0.266117  391
0.266195  237
0.266198  71
0.266295  307
0.266328  375
0.266418  338
0.266559  312
0.26656  321
0.266595  382
0.266881  363
0.267163  317
0.26732  328
0.267522  326
0.267645  306
0.268337  376
0.268834  387
0.269543  101
0.270614  366
0.270848  394
0.270976  1
0.271107  390
0.271108  193
0.271202  367
0.271787  341
0.271982  303
0.272597  346
0.272697  355
0.272792  377
0.272933  318
0.273121  349
0.273954  374
0.274326  162
0.274538  397
0.275739  109
0.275791  220
0.276033  308
0.276213  302
0.276392  76
0.277503  102
0.277708  301
0.278226  358
0.278332  211
0.278398  257
0.278734  247
0.278871  2
0.279291  305
0.280171  347
0.280395  324
0.280576  93
0.280636  43
0.280658  146
0.28102  329
0.281197  320
0.281657  165
0.282137  386
0.282185  98
0.283114  311
0.283201  384
0.2835  28
0.283725  333
0.284493  31
0.28543  253
0.285597  25
0.285741  362
0.286383  145
0.286607  371
0.286743  58
0.286921  178
0.287035  65
0.287363  170
0.287394  126
0.287796  379
0.287957  299
0.288082  127
0.288465  120
0.288487  160
0.289063  22
0.289068  224
0.289148  227
0.289314  373
0.289415  378
0.289416  13
0.289668  281
0.289885  238
0.29014  393
0.290296  249
0.290313  74
0.290326  154
0.290918  260
0.291178  63
0.291247  268
0.291477  12
0.291641  398
0.291706  266
0.291763  29
0.291777  323
0.292147  350
0.292364  354
0.292443  232
0.292492  184
0.292629  205
0.292984  151
0.293005  81
0.293144  16
0.293278  343
0.293369  30
0.293432  91
0.293601  11
0.293604  250
0.293661  399
0.29406  47
0.294201  359
0.294265  380
0.294568  196
0.294758  27
0.294933  228
0.29497  365
0.294987  108
0.295046  261
0.295133  223
0.295221  167
0.295848  316
0.295874  327
0.295901  269
0.2962  56
0.296506  144
0.296618  296
0.296668  396
0.296689  291
0.296697  114
0.296918  331
0.296995  111
0.297162  293
0.297234  368
0.297346  234
0.297418  372
0.297448  348
0.297512  187
0.297725  289
0.298077  185
0.298411  10
0.298746  309
0.299008  188
0.299114  284
0.299319  304
0.299451  319
0.299462  122
0.299478  225
0.299744  335
0.299774  282
0.299809  69
0.299833  353
0.299936  42
0.300109  95
0.300185  212
0.300199  332
0.30021  147
0.300273  218
0.300383  370
0.300453  97
0.30046  376
0.30067  169
0.300895  345
0.301058  366
0.301059  259
0.301087  263
0.301189  337
0.301559  34
0.30206  222
0.302311  215
0.302356  300
0.302435  363
0.302524  361
0.302534  150
0.303102  105
0.303114  375
0.303146  352
0.303236  315
0.303356  310
0.303387  338
0.303496  342
0.303552  322
0.303915  383
0.304154  314
0.305194  328
0.306087  245
0.306453  306
0.306481  295
0.306623  50
0.306993  385
0.307244  229
0.309183  334
0.309458  369
0.309475  358
0.3097  325
0.309716  349
0.309902  382
0.310214  236
0.311112  312
0.311414  357
0.311992  203
0.312491  318
0.312734  149
0.3133  163
0.313791  394
0.313883  206
0.314138  317
0.31425  326
0.31477  397
0.314902  124
0.315253  243
0.316023  7
0.316356  389
0.316444  72
0.316703  390
0.316782  173
0.316899  38
0.317233  388
0.317424  307
0.318198  273
0.318389  82
0.318508  134
0.319119  190
0.319121  341
0.319164  237
0.319224  356
0.319228  70
0.319289  329
0.31941  330
0.319476  336
0.319877  321
0.320416  347
0.321348  199
0.321379  235
0.322082  294
0.322447  171
0.322672  313
0.322693  364
0.323101  242
0.323121  374
0.323147  324
0.323663  344
0.323773  351
0.325328  302
0.326418  183
0.326697  391
0.327112  395
0.328025  301
0.328285  18
0.32851  303
0.328598  377
0.328857  53
0.329052  89
0.329846  208
0.330421  189
0.330561  142
0.330659  392
0.330664  311
0.331698  346
0.331757  287
0.332097  193
0.332455  360
0.332517  386
0.333044  209
0.333371  252
0.334046  113
0.33415  4
0.334324  355
0.334343  90
0.334345  148
0.334431  94
0.335099  308
0.335159  141
0.33528  24
0.335497  49
0.335997  340
0.33643  339
0.336547  379
0.33699  166
0.337021  136
0.337092  371
0.337682  51
0.337959  100
0.338318  333
0.338354  248
0.338415  127
0.338513  96
0.338545  305
0.338766  373
0.339284  288
0.339408  15
0.339593  152
0.339761  35
0.339778  343
0.340193  387
0.340196  191
0.340536  133
0.341337  275
0.341374  135
0.34146  246
0.341528  320
0.341878  179
0.342126  396
0.342158  254
0.342504  40
0.34256  106
0.342746  5
0.342936  33
0.342971  367
0.343066  46
0.343078  45
0.343101  75
0.343105  168
0.343183  153
0.343234  112
0.343289  37
0.343323  146
0.343426  399
0.34348  253
0.343695  279
0.34374  6
0.34377  99
0.343774  345
0.34381  1
0.343897  337
0.343945  60
0.343979  155
0.344055  85
0.344064  230
0.344191  204
0.344197  198
0.344454  115
0.344488  176
0.344542  290
0.344569  375
0.344878  125
0.345059  338
0.345082  184
0.345095  315
0.345216  322
0.34536  170
0.345402  292
0.345633  325
0.345683  281
0.345742  118
0.345803  10
0.345872  384
0.345937  78
0.346016  348
0.346021  381
0.34613  319
0.346352  200
0.346436  23
0.346486  378
0.346498  102
0.346499  383
0.346806  104
0.347113  54
0.347125  347
0.347212  393
0.347236  314
0.347321  327
0.347341  64
0.347606  272
0.347984  68
0.347991  363
0.348243  162
0.348503  8
0.348571  39
0.348762  380
0.348813  376
0.348881  385
0.348896  217
0.349022  105
0.349135  59
0.34923  20
0.349243  126
0.349324  323
0.34933  398
0.349385  221
0.349497  116
0.349505  269
0.349587  26
0.350123  224
0.350267  165
0.350493  366
0.35053  313
0.350544  274
0.350593  240
0.350617  368
0.350752  369
0.350937  365
0.350957  262
0.351207  145
0.351452  207
0.351476  352
0.351503  362
0.351534  372
0.351546  321
0.351762  107
0.352073  326
0.352356  330
0.352357  277
0.3533  244
0.353433  353
0.353537  356
0.353614  359
0.35396  67
0.354054  154
0.354144  297
0.354483  74
0.354694  390
0.354844  342
0.354846  316
0.354953  258
0.355246  309
0.355857  182
0.356231  131
0.356596  389
0.356689  361
0.356769  57
0.356842  334
0.357238  300
0.357564  318
0.357614  52
0.357837  140
0.357927  241
0.358054  329
0.358059  354
0.358274  48
0.358409  22
0.358738  374
0.358844  328
0.359612  202
0.359824  247
0.360101  346
0.360187  386
0.360325  220
0.360781  331
0.360823  395
0.361128  332
0.361181  132
0.361184  301
0.361261  243
0.361281  312
0.3614  117
0.361653  341
0.362077  175
0.362147  120
0.362296  349
0.362316  197
0.362465  364
0.362589  304
0.362806  344
0.362978  298
0.36443  150
0.365541  317
0.366166  394
0.366273  216
0.366625  36
0.366627  307
0.366792  32
0.366871  397
0.367662  138
0.367962  350
0.369301  391
0.369334  11
0.369963  157
0.37028  259
0.370543  382
0.370562  250
0.37095  335
0.371393  2
0.3714  239
0.371675  306
0.37169  388
0.371988  71
0.372604  357
0.372606  147
0.372763  351
0.372924  256
0.373018  302
0.374012  167
0.37403  44
0.374551  88
0.374574  358
0.375552  65
0.375668  324
0.37586  19
0.375943  205
0.376664  56
0.376882  261
0.377141  255
0.377465  109
0.377481  393
0.377483  128
0.378126  103
0.378188  336
0.378252  84
0.378332  144
0.37851  303
0.378543  208
0.378712  28
0.378791  370
0.3789  61
0.379369  267
0.379464  320
0.379959  187
0.380382  161
0.380431  278
0.380641  392
0.380648  228
0.380977  387
0.381033  381
0.3814  209
0.381486  305
0.381521  12
0.381531  47
0.381569  231
0.38165  310
0.38166  181
0.381753  377
0.381867  164
0.38204  222
0.382244  97
0.38298  169
0.383021  171
0.383031  371
0.383041  90
0.383099  178
0.383197  339
0.383414  333
0.383485  322
0.383547  30
0.383615  367
0.383708  373
0.38371  236
0.383719  325
0.383986  343
0.383997  289
0.384012  234
0.384074  172
0.38497  188
0.385106  265
0.385238  225
0.385681  96
0.386045  80
0.386054  9
0.386415  273
0.38671  268
0.386748  50
0.386751  383
0.386946  293
0.387075  353
0.387756  82
0.387967  319
0.388101  76
0.388176  276
0.38821  201
0.388259  352
0.388273  183
0.388427  286
0.388468  119
0.388475  326
0.38893  139
0.389213  122
0.389436  386
0.389522  295
0.389765  399
0.38981  191
0.389878  185
0.390035  345
0.390069  210
0.39013  142
0.390261  340
0.390343  296
0.390473  149
0.390564  123
0.390707  213
0.390719  177
0.390833  3
0.390857  211
0.390882  184
0.390943  180
0.391021  338
0.391089  41
0.39114  212
0.391255  0
0.391296  29
0.391298  369
0.391423  227
0.391469  309
0.391537  362
0.391871  314
0.391914  360
0.391963  347
0.392018  194
0.392049  266
0.392374  294
0.39253  110
0.392709  354
0.39271  363
0.392808  198
0.392893  130
0.392911  308
0.393067  115
0.393172  396
0.393184  304
0.393985  323
0.39413  342
0.394757  195
0.394835  375
0.394901  92
0.395076  257
0.395542  385
0.395646  66
0.395677  251
0.395696  374
0.395702  312
0.395812  238
0.395986  300
0.396052  158
0.396062  368
0.396184  129
0.396411  366
0.396459  24
0.39665  14
0.396658  270
0.396682  355
0.396796  72
0.396877  398
0.397118  376
0.397196  330
0.397215  17
0.397404  315
0.397637  79
0.397688  390
0.397747  159
0.397931  365
0.398068  331
0.398157  378
0.398172  301
0.398367  1
0.399292  350
0.399404  58
0.399862  337
0.399922  283
0.399943  156
0.400251  380
0.40074  237
0.400776  21
0.40079  311
0.40128  372
0.401303  349
0.402287  206
0.40261  364
0.402623  327
0.4027  229
0.40277  346
0.402867  348
0.404101  384
0.40455  70
0.404939  332
0.405252  318
0.405287  356
0.405467  351
0.407164  321
0.407435  299
0.407712  16
0.407809  379
0.407833  357
0.408627  94
0.408775  186
0.408966  329
0.409104  341
0.409791  214
0.410365  393
0.410498  391
0.410759  193
0.410968  26
0.411485  203
0.411724  199
0.412617  34
0.412694  307
0.412965  291
0.413574  42
0.413665  317
0.413955  316
0.414872  389
0.414988  395
0.415158  359
0.415319  192
0.415335  107
0.415447  51
0.415477  313
0.415598  223
0.417127  20
0.417289  324
0.417848  173
0.418103  163
0.41814  112
0.418197  328
0.418892  397
0.418929  282
0.418934  377
0.419096  226
0.419133  93
0.419271  306
0.419523  121
0.419543  387
0.41997  27
0.42002  239
0.420593  358
0.420619  303
0.420909  344
0.421081  77
0.421148  170
0.421172  196
0.421303  394
0.42134  134
0.42183  168
0.422415  10
0.422988  155
0.423378  334
0.423495  336
0.423967  371
0.424107  133
0.424868  361
0.425009  69
0.425333  370
0.426121  335
0.426343  49
0.426649  260
0.426802  247
0.427073  215
0.427586  74
0.42763  258
0.427717  234
0.427902  381
0.427974  302
0.428124  151
0.428177  216
0.428268  224
0.428312  233
0.428361  40
0.428541  200
0.428705  323
0.428725  68
0.429016  162
0.429296  368
0.429469  325
0.429554  319
0.429624  101
0.429781  280
0.429901  392
0.429999  354
0.430165  376
0.430218  98
0.430363  11
0.43064  87
0.43087  382
0.430999  38
0.431334  298
0.431499  116
0.431609  106
0.431947  399
0.432635  265
0.432679  373
0.432842  57
0.432858  263
0.432897  145
0.433057  140
0.433334  320
0.433453  232
0.433955  113
0.434066  386
0.434104  71
0.434112  310
0.434646  15
0.434697  363
0.434739  267
0.434914  383
0.435029  35
0.435134  360
0.435448  165
0.435669  127
0.435819  131
0.436197  39
0.436253  114
0.436461  281
0.436663  369
0.436751  338
0.436782  60
0.436934  219
0.437228  365
0.437462  56
0.437668  111
0.437737  308
0.437765  108
0.437851  362
0.438  367
0.438275  388
0.43831  86
0.438535  2
0.438738  124
0.438757  37
0.438977  343
0.439279  364
0.439615  329
0.439668  249
0.439685  353
0.439897  4
0.440418  346
0.440463  304
0.440594  84
0.440781  322
0.44096  73
0.441958  357
0.442338  300
0.442642  136
0.442982  374
0.443195  154
0.443246  356
0.443328  326
0.443429  273
0.443791  340
0.443844  318
0.444169  312
0.444375  375
0.444485  104
0.444565  52
0.444658  339
0.446334  314
0.446471  301
0.44656  342
0.446665  190
0.447355  350
0.447765  305
0.447945  321
0.448352  396
0.449675  347
0.451685  331
0.451907  246
0.452422  385
0.453452  55
0.45358  61
0.453671  330
0.4547  259
0.455123  117
0.455345  351
0.45549  250
0.455563  7
0.455657  146
0.455799  152
0.455861  83
0.456562  349
0.456604  352
0.456722  43
0.4568  317
0.456856  126
0.457  221
0.457173  76
0.457354  379
0.457371  311
0.457785  333
0.457816  137
0.457896  254
0.457969  22
0.458539  264
0.458828  341
0.459776  243
0.459967  395
0.459987  218
0.460141  63
0.460197  384
0.460283  297
0.460314  237
0.460641  345
0.460747  337
0.460925  315
0.461063  46
0.461371  82
0.461612  380
0.461849  393
0.461982  230
0.462314  348
0.462735  355
0.462949  235
0.463496  378
0.464661  159
0.464748  23
0.464779  319
0.465047  332
0.465165  181
0.465218  307
0.465219  289
0.465774  389
0.466297  189
0.466446  390
0.466602  323
0.466732  303
0.467025  358
0.467035  245
0.467453  105
0.467561  344
0.467774  252
0.468015  309
0.468133  95
0.468536  228
0.468559  75
0.468597  397
0.468681  120
0.468717  366
0.469169  284
0.469513  25
0.469836  324
0.46984  171
0.470312  227
0.470428  53
0.470492  372
0.471002  391
0.471805  398
0.471933  118
0.471972  195
0.471985  164
0.47324  336
0.473404  377
0.473449  308
0.474068  220
0.474261  382
0.474299  92
0.474672  279
0.475345  6
0.475401  54
0.475568  148
0.475589  109
0.4757  371
0.475848  231
0.475908  394
0.476055  275
0.476264  67
0.476407  392
0.476535  306
0.476539  328
0.476701  222
0.476979  26
0.477118  18
0.477293  99
0.47732  256
0.477768  141
0.477793  65
0.478655  122
0.478681  89
0.478734  208
0.478811  176
0.478873  282
0.478882  62
0.478884  147
0.478999  335
0.47908  387
0.479514  125
0.479701  59
0.479812  353
0.479852  383
0.479866  327
0.479965  90
0.479973  170
0.48003  313
0.480054  361
0.480564  163
0.48098  381
0.48099  302
0.481062  236
0.481788  375
0.482018  210
0.482439  13
0.482469  310
0.48265  339
0.483608  12
0.483774  206
0.483903  132
0.484009  271
0.484082  144
0.484298  322
0.484591  320
0.48465  292
0.484863  334
0.484898  28
0.485037  203
0.485062  316
0.485572  385
0.485592  226
0.485675  179
0.485714  325
0.485909  370
0.486045  290
0.486275  3
0.486442  373
0.486616  186
0.486925  285
0.487187  274
0.487201  161
0.487214  248
0.487298  326
0.487913  305
0.487941  198
0.488258  102
0.488612  340
0.488654  386
0.488776  283
0.488811  399
0.488869  312
0.488971  346
0.489346  29
0.489603  357
0.489674  229
0.490109  197
0.490223  202
0.490409  298
0.49048  315
0.490512  364
0.491284  295
0.49147  376
0.492665  191
0.492794  47
0.492893  211
0.493083  396
0.493488  42
0.493539  240
0.49375  85
0.493821  269
0.493897  301
0.49393  96
0.494508  338
0.494604  182
0.494626  363
0.494776  32
0.494821  344
0.494888  300
0.494917  72
0.49496  33
0.495116  97
0.495124  200
0.49524  349
0.495388  304
0.495593  350
0.4956  333
0.495607  367
0.495648  388
0.495855  314
0.496067  303
0.496389  343
0.497013  178
0.497337  359
0.498925  142
0.499029  24
0.499294  341
0.499466  321
0.499566  379
0.501185  251
0.501237  354
0.50134  139
0.501603  369
0.50207  351
0.502473  287
0.502628  64
0.502939  362
0.502946  358
0.503588  337
0.503724  41
0.503903  380
0.505098  115
0.505942  68
0.506128  368
0.506344  331
0.50653  393
0.506707  390
0.506985  348
0.507638  152
0.508434  288
0.508565  329
0.509171  395
0.509728  317
0.510132  172
0.510212  374
0.510266  131
0.510317  213
0.511264  201
0.511396  342
0.511735  332
0.511872  88
0.512633  49
0.512749  46
0.51303  308
0.513231  234
0.51338  130
0.513392  108
0.513646  169
0.513875  183
0.51395  207
0.514026  16
0.514109  37
0.514345  347
0.514382  30
0.514807  330
0.51528  307
0.515338  355
0.515347  157
0.515492  175
0.515588  103
0.515997  177
0.516078  160
0.51616  286
0.516315  44
0.516361  387
0.516391  336
0.516483  111
0.516514  278
0.516536  9
0.516727  129
0.516772  311
0.516981  238
0.517036  180
0.517143  209
0.517309  93
0.517535  261
0.517547  14
0.517565  242
0.517699  110
0.517729  389
0.517771  318
0.51814  193
0.518428  27
0.518701  31
0.518768  7
0.518832  188
0.518875  391
0.518886  184
0.518887  352
0.518943  313
0.518951  158
0.51896  257
0.519057  360
0.519061  92
0.519253  194
0.519356  10
0.519377  309
0.519762  15
0.519778  260
0.519869  81
0.520055  319
0.520119  323
0.520347  143
0.520358  21
0.520495  356
0.520508  378
0.520953  43
0.521191  98
0.521249  372
0.521792  187
0.521832  77
0.52189  166
0.521957  326
0.522141  324
0.522145  121
0.522339  104
0.522389  162
0.522509  315
0.522643  56
0.522717  399
0.522733  19
0.52274  2
0.522969  398
0.523052  239
0.523394  280
0.523466  382
0.523485  199
0.523651  270
0.523918  150
0.524103  384
0.52423  375
0.524839  136
0.524839  216
0.52487  345
0.52497  263
0.525069  392
0.525239  151
0.52536  314
0.525379  296
0.52542  140
0.525787  224
0.525818  79
0.525894  250
0.525915  23
0.525995  346
0.526355  228
0.526405  383
0.526417  365
0.526609  244
0.526642  237
0.526717  302
0.527045  70
0.527086  173
0.527246  167
0.527269  127
0.527351  69
0.527388  241
0.527496  225
0.527507  134
0.527653  86
0.527699  117
0.527752  204
0.527782  174
0.527795  91
0.5279  312
0.527942  83
0.527943  361
0.528059  205
0.528099  327
0.528141  84
0.528301  156
0.528339  133
0.52834  385
0.528475  164
0.528475  112
0.528492  386
0.528575  233
0.528686  100
0.528805  367
0.528894  388
0.52899  221
0.529009  328
0.529016  230
0.529072  262
0.529077  73
0.529168  120
0.5292  268
0.529257  364
0.529294  377
0.529353  74
0.529449  155
0.529527  304
0.529568  322
0.529626  397
0.529814  0
0.530149  107
0.530181  366
0.530323  376
0.530397  36
0.530605  339
0.530629  333
0.53064  255
0.530794  50
0.530826  334
0.530997  113
0.531044  114
0.531532  381
0.531544  340
0.531702  371
0.531997  362
0.532146  245
0.53218  124
0.532586  212
0.532625  316
0.533207  373
0.533285  321
0.533418  325
0.533797  284
0.533977  87
0.534344  317
0.534401  265
0.534515  153
0.534569  277
0.534853  20
0.53489  305
0.535013  135
0.535108  359
0.535289  39
0.5355  185
0.535529  331
0.535662  337
0.535672  370
0.535751  274
0.535765  35
0.536184  353
0.536685  320
0.536847  294
0.536916  357
0.537298  344
0.537332  368
0.537659  310
0.537887  342
0.537977  369
0.538499  52
0.538604  329
0.538609  338
0.539481  303
0.539982  299
0.541205  350
0.541215  349
0.542064  343
0.542404  300
0.542827  341
0.543056  235
0.543718  306
0.544259  390
0.544262  379
0.544496  301
0.546614  358
0.546822  363
0.54778  223
0.548331  66
0.548398  11
0.548473  291
0.549137  47
0.549214  394
0.549228  63
0.54934  138
0.550342  396
0.550822  354
0.550936  324
0.5514  308
0.551834  356
0.552412  54
0.553043  190
0.553083  313
0.553422  348
0.554279  53
0.554297  80
0.554884  218
0.55521  116
0.555487  347
0.556453  45
0.556721  297
0.556818  17
0.556972  211
0.557051  176
0.557166  59
0.557235  189
0.557297  102
0.557432  142
0.557469  95
0.557643  330
0.557769  171
0.55797  380
0.558017  309
0.558066  217
0.558362  387
0.558397  393
0.558416  215
0.55889  12
0.559181  332
0.55935  181
0.559432  5
0.559661  395
0.559871  219
0.560063  290
0.560126  281
0.560991  3
0.561338  194
0.561457  6
0.561728  196
0.56174  319
0.561813  311
0.561885  323
0.561949  266
0.56214  234
0.562173  137
0.562329  34
0.562361  374
0.56246  25
0.562477  8
0.562791  179
0.562831  384
0.562927  1
0.563035  184
0.563225  202
0.56325  168
0.563289  18
0.563458  85
0.563484  106
0.563604  355
0.563818  62
0.563961  94
0.563987  335
0.564217  14
0.564696  99
0.564769  399
0.564806  276
0.564822  77
0.564904  272
0.564906  203
0.564935  159
0.564953  119
0.565354  208
0.565517  55
0.5663  89
0.566528  126
0.566558  154
0.566827  385
0.5669  397
0.566923  382
0.566941  41
0.566948  65
0.567103  82
0.567167  139
0.56724  101
0.567442  145
0.567442  334
0.567494  201
0.567571  91
0.567626  256
0.567634  110
0.567669  373
0.567762  243
0.567766  337
0.567769  148
0.567786  307
0.567876  302
0.567956  48
0.567969  318
0.568007  346
0.568217  280
0.568341  352
0.568361  338
0.56855  376
0.568564  182
0.5686  97
0.568628  254
0.569466  391
0.569553  90
0.569604  378
0.569609  57
0.569699  275
0.570172  361
0.570252  360
0.570707  333
0.570753  222
0.571027  321
0.571326  336
0.571365  273
0.571621  153
0.571626  118
0.57175  74
0.571849  64
0.57259  165
0.572668  341
0.572728  327
0.57279  178
0.572824  264
0.572957  312
0.572996  192
0.573186  372
0.573406  365
0.5737  166
0.574313  398
0.574405  375
0.574479  253
0.574493  261
0.574562  328
0.5748  383
0.574948  342
0.574979  345
0.575227  40
0.575258  351
0.575374  43
0.575491  371
0.575986  301
0.576214  123
0.576373  247
0.576839  344
0.577034  169
0.577164  282
0.577231  357
0.577326  316
0.577508  390
0.577823  329
0.577828  300
0.577955  317
0.578019  314
0.579628  304
0.580474  374
0.581294  340
0.581387  377
0.58152  389
0.582172  386
0.582944  349
0.584426  315
0.585544  286
0.585589  255
0.585689  353
0.585887  366
0.586145  350
0.586602  170
0.588482  305
0.588828  56
0.588983  226
0.589234  149
0.589988  183
0.590063  49
0.590094  396
0.590109  31
0.590125  263
0.590225  325
0.590396  267
0.591077  309
0.591182  364
0.591776  381
0.591953  298
0.591966  250
0.592149  206
0.592259  175
0.592305  71
0.592729  265
0.593103  326
0.593216  331
0.593222  236
0.593396  392
0.593646  244
0.59389  362
0.594691  358
0.594713  320
0.595113  354
0.595184  122
0.595366  368
0.595466  147
0.595481  293
0.59652  343
0.597057  191
0.597452  370
0.597569  104
0.597858  26
0.598188  156
0.598587  335
0.599501  115
0.599645  388
0.600245  393
0.600292  379
0.60039  313
0.600519  213
0.600644  367
0.600796  86
0.601638  83
0.601879  339
0.60189  13
0.602003  157
0.602132  0
0.602762  105
0.602779  223
0.602931  334
0.603022  46
0.603182  306
0.603264  78
0.603366  394
0.604009  363
0.604111  287
0.60417  278
0.604951  348
0.605282  285
0.60537  359
0.605468  259
0.605909  324
0.60606  117
0.606223  397
0.606434  160
0.606515  214
0.606999  322
0.607053  239
0.607162  356
0.607379  79
0.60747  42
0.607642  108
0.607664  303
0.607942  84
0.608789  81
0.60899  22
0.609161  164
0.609499  294
0.609505  131
0.609833  9
0.609853  185
0.610061  8
0.610219  129
0.610285  136
0.61037  60
0.61052  50
0.610617  292
0.610641  152
0.610902  114
0.610992  177
0.611144  241
0.611226  188
0.611266  249
0.611278  387
0.61133  227
0.611379  130
0.611501  162
0.61151  330
0.611543  269
0.61158  68
0.611587  384
0.611593  72
0.611724  102
0.611853  275
0.611922  228
0.611991  36
0.612001  39
0.612055  257
0.612114  245
0.612237  256
0.612429  35
0.612436  380
0.612452  155
0.612472  142
0.612472  199
0.61253  141
0.612569  198
0.612585  33
0.612648  20
0.612706  21
0.612855  58
0.612861  146
0.612863  161
0.612973  311
0.613001  96
0.613029  10
0.613113  172
0.613117  207
0.613169  337
0.613303  323
0.613351  24
0.613369  317
0.613412  373
0.613422  383
0.613433  341
0.613435  251
0.613486  219
0.613536  369
0.613566  333
0.613642  98
0.613767  270
0.613854  283
0.613976  365
0.614186  307
0.614223  52
0.61426  302
0.614438  173
0.614778  268
0.614893  252
0.614941  357
0.615029  319
0.615142  361
0.61528  308
0.615426  347
0.615461  351
0.615602  310
0.61564  398
0.61573  217
0.615784  318
0.615849  27
0.615903  382
0.616064  329
0.61635  315
0.616876  355
0.617113  377
0.617272  1
0.617327  321
0.617613  390
0.617641  211
0.618145  3
0.618444  4
0.619081  316
0.619087  336
0.619186  371
0.619263  350
0.619403  88
0.619862  352
0.619871  389
0.620591  328
0.621454  144
0.621671  212
0.622024  375
0.622362  312
0.622605  385
0.622811  395
0.622856  220
0.62293  360
0.623387  366
0.62382  63
0.624715  23
0.624881  314
0.624911  386
0.624965  15
0.626118  304
0.626816  320
0.627465  340
0.627898  240
0.628693  99
0.62874  284
0.628843  196
0.629374  260
0.629432  399
0.629554  28
0.62994  327
0.630143  203
0.63023  19
0.630234  7
0.630959  309
0.63101  391
0.631085  85
0.631201  344
0.631202  353
0.631445  125
0.631743  193
0.631769  332
0.632486  376
0.632623  388
0.632639  372
0.632824  133
0.634072  17
0.6342  230
0.634592  70
0.634814  368
0.634838  166
0.635126  45
0.635459  354
0.635694  378
0.635827  346
0.63592  362
0.636131  301
0.637099  234
0.637662  87
0.637869  349
0.637952  218
0.638204  342
0.638349  364
0.639129  140
0.639256  132
0.639741  305
0.639751  326
0.639861  109
0.640838  143
0.641625  335
0.641684  168
0.641696  300
0.642105  229
0.642367  325
0.642929  381
0.64313  34
0.643226  338
0.643873  11
0.644045  38
0.644741  345
0.645104  181
0.645281  248
0.645895  250
0.646363  397
0.646507  18
0.646757  313
0.646915  339
0.647002  359
0.647079  216
0.647176  392
0.647493  263
0.647729  367
0.64777  29
0.648565  126
0.64891  394
0.649459  330
0.649769  396
0.649887  5
0.65061  379
0.650973  222
0.651345  195
0.651371  124
0.65183  37
0.652166  358
0.652195  183
0.652334  297
0.65252  331
0.65273  101
0.652738  146
0.653317  138
0.653478  14
0.653499  208
0.653835  112
0.654003  200
0.654179  323
0.654215  238
0.654265  306
0.654336  53
0.654365  32
0.654374  204
0.654532  253
0.654792  48
0.654929  237
0.655317  158
0.655369  370
0.655631  116
0.655691  279
0.655731  176
0.655749  75
0.655752  380
0.655965  363
0.655972  92
0.655998  215
0.656171  30
0.656301  139
0.656553  369
0.656777  295
0.656812  393
0.65689  128
0.656998  91
0.657059  311
0.65709  65
0.657229  357
0.657334  302
0.657416  56
0.657473  170
0.657507  262
0.657794  336
0.657842  205
0.657942  348
0.658056  159
0.658179  244
0.658389  119
0.658679  321
0.658763  167
0.658824  377
0.659019  315
0.659089  324
0.659391  310
0.659795  328
0.659839  361
0.659886  226
0.660144  303
0.660316  356
0.660582  130
0.66078  383
0.661397  334
0.661643  299
0.662361  347
0.662471  162
0.662665  74
0.663598  319
0.663636  365
0.663752  246
0.663853  76
0.663919  172
0.664137  209
0.664399  316
0.664877  100
0.664982  317
0.665057  175
0.665129  389
0.665373  286
0.665443  186
0.665644  355
0.665823  255
0.665913  289
0.666211  273
0.666483  223
0.666763  127
0.666973  329
0.667396  371
0.66756  373
0.667665  21
0.668151  296
0.668475  43
0.668651  233
0.668655  197
0.668692  374
0.668736  387
0.668984  184
0.669257  343
0.669535  309
0.669738  202
0.669739  390
0.66975  395
0.669793  385
0.669802  163
0.670115  350
0.670658  384
0.670664  360
0.670693  59
0.670951  398
0.671606  58
0.67223  201
0.672245  301
0.67227  399
0.672666  325
0.672923  270
0.673251  277
0.673563  242
0.674116  354
0.674443  83
0.674621  174
0.674832  264
0.675173  47
0.675291  333
0.675647  258
0.67585  341
0.675874  198
0.67594  378
0.676187  307
0.676227  55
0.67624  41
0.676375  351
0.677042  64
0.67707  219
0.677447  318
0.678225  62
0.678683  340
0.678923  368
0.67907  154
0.679669  40
0.679722  214
0.679814  90
0.679868  376
0.679944  332
0.680283  16
0.68033  342
0.680383  31
0.680642  312
0.680689  240
0.681428  123
0.681617  308
0.681659  80
0.682041  179
0.682126  386
0.682181  352
0.682519  135
0.682636  266
0.682823  322
0.68293  366
0.68315  42
0.683253  314
0.68334  291
0.683601  367
0.684025  292
0.684154  359
0.684988  247
0.685031  121
0.685121  235
0.685581  305
0.68577  2
0.685791  320
0.686124  190
0.686168  290
0.686191  304
0.68621  344
0.686332  397
0.68711  288
0.687552  382
0.687607  239
0.687765  293
0.687767  193
0.688089  278
0.688654  274
0.688774  353
0.688876  98
0.689003  131
0.68929  224
0.689333  111
0.689695  346
0.689895  69
0.689916  324
0.690002  261
0.690019  349
0.690136  164
0.690477  68
0.690598  3
0.690664  110
0.690768  337
0.69127  300
0.691503  196
0.691711  114
0.691755  285
0.691843  103
0.691952  338
0.69221  107
0.692254  134
0.692319  153
0.692384  396
0.692501  257
0.692521  391
0.693277  358
0.693425  54
0.693443  15
0.693657  372
0.693667  9
0.693819  63
0.693902  220
0.694083  23
0.694211  6
0.694278  10
0.69463  394
0.694742  380
0.694892  362
0.694962  335
0.695304  141
0.695837  393
0.695871  66
0.695905  254
0.696019  381
0.696703  377
0.696863  327
0.696874  161
0.696891  347
0.696893  155
0.697391  97
0.697495  108
0.697557  363
0.697732  252
0.697941  171
0.698139  330
0.698723  271
0.698809  149
0.698885  313
0.698996  39
0.699025  192
0.699144  51
0.699251  213
0.699753  302
0.700003  221
0.700061  57
0.700136  369
0.700162  27
0.70027  339
0.700346  311
0.700374  150
0.700441  243
0.700644  71
0.700762  356
0.701028  148
0.701062  259
0.701161  326
0.701189  303
0.701362  310
0.70148  251
0.702091  212
0.702288  25
0.702488  73
0.702607  61
0.702628  22
0.70305  345
0.703304  398
0.703333  229
0.703335  177
0.703427  375
0.703511  392
0.70356  234
0.704208  8
0.70431  328
0.704415  106
0.704667  315
0.704784  206
0.705002  49
0.705062  144
0.70513  388
0.705268  79
0.705514  165
0.705525  147
0.705586  77
0.705591  387
0.705884  118
0.70592  26
0.70618  211
0.706191  136
0.706423  281
0.706469  364
0.706475  357
0.706486  82
0.70685  237
0.70687  263
0.70691  231
0.706917  323
0.706941  268
0.707099  316
0.707137  207
0.707161  117
0.707265  99
0.707348  0
0.707633  348
0.707662  70
0.707749  166
0.707776  282
0.707789  267
0.707882  60
0.707895  19
0.708076  33
0.708251  312
0.708272  395
0.708293  93
0.708384  321
0.708484  109
0.70916  361
0.709329  227
0.709371  115
0.709406  379
0.709519  385
0.709659  370
0.709682  132
0.709919  151
0.710111  317
0.710239  384
0.710291  336
0.711066  389
0.711423  102
0.71157  283
0.71166  354
0.711852  160
0.711914  76
0.711943  36
0.712048  376
0.712127  158
0.712132  280
0.712407  341
0.712433  399
0.712499  125
0.712955  390
0.712964  244
0.712967  182
0.713043  355
0.713114  296
0.713334  18
0.713335  324
0.713483  359
0.713523  350
0.71355  365
0.713581  287
0.714402  1
0.714434  373
0.714584  340
0.714619  386
0.714621  343
0.714852  331
0.715349  194
0.716424  4
0.716534  360
0.717228  210
0.717521  371
0.717898  378
0.718191  85
0.718473  307
0.71853  383
0.718659  17
0.719178  174
0.719247  7
0.719585  59
0.720121  334
0.7202  37
0.720272  304
0.720423  319
0.720506  346
0.72082  306
0.721296  13
0.72139  367
0.72153  366
0.721697  152
0.721958  46
0.722062  374
0.722256  308
0.723774  178
0.724009  122
0.724181  325
0.724422  391
0.724527  352
0.725356  91
0.725565  20
0.726021  12
0.726031  217
0.726189  320
0.726765  86
0.726838  101
0.727066  203
0.727095  5
0.727318  116
0.727374  332
0.727387  351
0.727554  342
0.728656  250
0.728861  344
0.729076  309
0.729662  205
0.729801  130
0.729888  167
0.730003  377
0.730122  329
0.730283  168
0.7303  40
0.730977  368
0.731472  44
0.731801  362
0.731971  137
0.732044  353
0.732373  262
0.732707  89
0.733423  209
0.733943  15
0.733944  333
0.734025  349
0.734174  35
0.734368  225
0.734519  347
0.734572  303
0.735216  126
0.735645  113
0.736498  326
0.73711  265
0.737247  269
0.737301  279
0.737515  80
0.737682  327
0.737901  372
0.737956  140
0.738039  32
0.738049  301
0.738126  241
0.738168  55
0.738326  38
0.738399  236
0.738453  30
0.738457  270
0.738529  396
0.738934  330
0.738976  358
0.739028  88
0.739048  318
0.7392  345
0.739253  394
0.739365  163
0.739451  41
0.739518  72
0.739527  201
0.739696  139
0.740123  222
0.740913  276
0.741173  338
0.741325  156
0.741333  146
0.741358  363
0.741454  272
0.741556  58
0.741822  215
0.742001  180
0.742063  157
0.742206  128
0.742357  380
0.742413  335
0.742514  322
0.74269  24
0.743106  56
0.743246  300
0.743279  119
0.743354  123
0.743416  142
0.744119  305
0.744173  253
0.744269  381
0.744354  90
0.744929  172
0.744984  337
0.745061  145
0.745376  356
0.745381  277
0.745415  31
0.74551  94
0.745582  96
0.745796  361
0.745957  83
0.745993  379
0.746035  189
0.746272  224
0.746604  384
0.746804  28
0.74689  369
0.746934  184
0.747182  84
0.747286  295
0.74745  175
0.747598  256
0.747707  273
0.747746  48
0.747768  187
0.747865  343
0.747944  393
0.747994  199
0.74808  183
0.748283  34
0.748292  10
0.748478  310
0.748506  247
0.748794  159
0.748822  319
0.748864  323
0.748901  226
0.748983  392
0.749296  378
0.749446  321
0.749652  339
0.749694  143
0.749701  285
0.749806  154
0.749858  297
0.750054  350
0.75017  188
0.750213  304
0.750584  348
0.750868  127
0.751131  360
0.751299  223
0.751336  67
0.751388  397
0.751416  121
0.751479  376
0.75149  63
0.75161  386
0.751996  328
0.752128  395
0.753307  120
0.753378  314
0.753579  336
0.753659  293
0.753673  112
0.753815  16
0.754005  152
0.754054  302
0.754376  373
0.754409  332
0.754459  42
0.755884  357
0.756524  389
0.756864  200
0.757004  194
0.757872  95
0.757897  190
0.758053  260
0.758367  312
0.758392  131
0.758888  324
0.759156  341
0.759344  374
0.759404  214
0.759652  50
0.759763  288
0.760265  284
0.76047  303
0.760565  387
0.760573  390
0.760653  346
0.760766  359
0.760975  151
0.761016  79
0.761021  370
0.761024  258
0.761344  286
0.761526  87
0.761637  383
0.761825  354
0.762448  65
0.76269  365
0.7627  388
0.762728  315
0.76281  252
0.762837  366
0.762953  307
0.763029  375
0.763855  313
0.764958  45
0.765165  316
0.765174  298
0.765257  334
0.765531  206
0.766141  391
0.76645  399
0.766566  382
0.766624  155
0.767275  331
0.76854  306
0.769127  47
0.769144  165
0.76983  294
0.770041  367
0.770272  355
0.77032  115
0.770404  251
0.77126  239
0.771684  73
0.771735  19
0.77178  347
0.771851  325
0.772071  249
0.772897  230
0.773208  352
0.773246  233
0.773363  351
0.773373  311
0.774045  377
0.774046  308
0.774052  69
0.774427  398
0.775078  362
0.775207  68
0.775688  344
0.776492  290
0.777423  97
0.777626  64
0.777637  317
0.777757  289
0.777779  173
0.777867  238
0.777871  9
0.778006  108
0.778186  104
0.779067  358
0.779172  309
0.779215  364
0.779351  204
0.779683  274
0.78016  160
0.780186  243
0.780627  320
0.780651  240
0.780799  335
0.780841  385
0.780903  228
0.781097  216
0.781104  327
0.781383  371
0.7819  353
0.782018  39
0.782132  61
0.782594  176
0.78279  378
0.783039  148
0.783117  6
0.783339  337
0.783376  372
0.783802  133
0.783988  12
0.784217  329
0.784241  244
0.78436  342
0.784661  185
0.784874  368
0.785707  318
0.785836  305
0.786458  264
0.786717  299
0.787196  333
0.787982  52
0.788097  322
0.788231  110
0.788425  2
0.788767  384
0.789286  14
0.7894  394
0.789428  198
0.789483  35
0.789562  111
0.789608  43
0.789719  321
0.789865  330
0.789894  100
0.790128  21
0.790467  105
0.79082  54
0.791173  392
0.791487  51
0.791772  208
0.791821  99
0.791942  332
0.79205  345
0.792219  197
0.792513  381
0.792542  129
0.792903  326
0.792954  300
0.793068  232
0.793163  380
0.793255  343
0.793338  53
0.793622  81
0.794132  379
0.794671  259
0.79471  178
0.794775  15
0.795601  182
0.795815  257
0.795986  376
0.79606  340
0.796101  78
0.796192  301
0.796213  324
0.796559  356
0.797009  167
0.797068  304
0.797274  210
0.79791  235
0.798957  391
0.799125  135
0.799173  349
0.799463  234
0.799476  363
0.799609  348
0.799774  278
0.800188  150
0.800273  30
0.800442  107
0.800675  96
0.800706  219
0.800724  393
0.801233  161
0.801308  75
0.801726  17
0.801893  70
0.801895  338
0.802052  109
0.802108  125
0.802144  106
0.802222  313
0.802463  360
0.802544  149
0.802875  369
0.803257  374
0.803562  350
0.803612  315
0.803654  245
0.803697  267
0.804066  80
0.805013  170
0.805171  162
0.805642  339
0.805645  308
0.805744  248
0.805826  359
0.806131  389
0.806475  181
0.806674  341
0.806773  92
0.807205  367
0.807234  357
0.807242  114
0.807463  3
0.807646  388
0.807948  74
0.80871  373
0.808886  328
0.808928  195
0.808956  25
0.809019  323
0.809434  302
0.809948  364
0.810396  314
0.810578  387
0.810765  263
0.810784  86
0.811424  218
0.81172  365
0.812002  62
0.812033  207
0.812049  271
0.812301  375
0.812628  312
0.81278  128
0.812816  366
0.812878  335
0.812987  231
0.814163  354
0.814218  390
0.814757  336
0.814762  351
0.814996  396
0.815183  7
0.815738  82
0.816021  398
0.816294  255
0.816301  319
0.816551  258
0.81676  383
0.817068  113
0.817604  361
0.817763  310
0.817768  399
0.818361  91
0.818619  316
0.819193  280
0.820791  344
0.821051  138
0.821298  37
0.821517  136
0.821816  395
0.821924  331
0.821932  382
0.821958  298
0.822087  346
0.822585  8
0.822698  311
0.82319  397
0.823705  189
0.823909  370
0.824303  229
0.824367  262
0.825423  174
0.82627  85
0.82634  303
0.826343  261
0.82645  44
0.826558  250
0.826805  377
0.82691  266
0.827099  116
0.827177  194
0.827268  141
0.827669  63
0.828041  209
0.828111  18
0.828518  372
0.828646  358
0.828691  29
0.829018  240
0.829174  386
0.829298  306
0.829475  325
0.829631  71
0.829658  147
0.829833  117
0.830208  23
0.83038  164
0.830384  56
0.830389  196
0.830938  156
0.830942  205
0.830989  334
0.830999  165
0.831052  371
0.831191  343
0.831204  211
0.831243  290
0.831275  385
0.831345  24
0.83136  179
0.831446  118
0.831741  253
0.831784  4
0.832116  168
0.832204  222
0.832213  317
0.832218  124
0.832229  309
0.832289  158
0.832371  352
0.832383  260
0.832953  134
0.833161  10
0.83332  220
0.833446  337
0.833608  305
0.834149  349
0.834321  132
0.834345  140
0.834455  131
0.834541  19
0.834818  307
0.834948  237
0.834964  60
0.835021  347
0.835262  22
0.835295  275
0.835388  154
0.835554  394
0.835651  213
0.83568  14
0.835854  32
0.836059  326
0.836077  152
0.836105  291
0.83652  33
0.836992  342
0.837021  59
0.837215  327
0.837369  5
0.83739  321
0.837451  46
0.837465  281
0.837474  239
0.837485  144
0.837528  143
0.83764  333
0.837714  362
0.837787  1
0.837883  368
0.837892  392
0.837916  183
0.83802  203
0.83807  300
0.838098  320
0.83819  26
0.838419  315
0.838684  268
0.838993  55
0.839126  227
0.839178  171
0.839269  159
0.839882  330
0.839908  28
0.839923  381
0.840364  270
0.840395  322
0.840402  243
0.840416  318
0.840455  340
0.840469  151
0.840476  360
0.841092  380
0.841122  277
0.841783  391
0.841963  76
0.842021  119
0.842554  328
0.842559  345
0.842937  66
0.84331  353
0.843412  355
0.843568  366
0.843584  38
0.843596  374
0.843692  242
0.843739  121
0.843813  67
0.844214  72
0.844417  254
0.84463  398
0.844908  379
0.844937  329
0.846142  236
0.846179  58
0.846209  68
0.84716  142
0.847181  248
0.847234  223
0.84745  304
0.847564  332
0.847944  102
0.848026  78
0.848146  126
0.848361  100
0.84839  396
0.848437  40
0.848917  73
0.849076  369
0.849341  297
0.849373  324
0.849436  186
0.849817  104
0.849893  128
0.849987  178
0.850093  269
0.850237  301
0.850268  361
0.850367  163
0.850379  285
0.850621  176
0.851015  375
0.851203  252
0.851336  395
0.851488  233
0.851499  338
0.851583  383
0.851787  384
0.851798  357
0.851856  49
0.851864  273
0.852004  323
0.852378  376
0.852387  137
0.852575  308
0.852632  331
0.853081  65
0.853564  390
0.853628  170
0.853679  336
0.85389  105
0.854181  365
0.854899  319
0.854922  94
0.856116  387
0.856275  356
0.856399  364
0.856969  312
0.857273  346
0.857764  155
0.858079  201
0.858104  115
0.858249  84
0.858359  27
0.858573  382
0.858606  351
0.858715  370
0.85885  352
0.859208  341
0.859909  276
0.859958  247
0.860194  303
0.860724  299
0.860968  389
0.862129  313
0.862316  101
0.862521  9
0.862994  348
0.863384  69
0.863415  372
0.86348  378
0.863538  193
0.863619  87
0.863757  367
0.863945  173
0.863998  6
0.864225  54
0.864306  354
0.864458  373
0.864497  363
0.864995  153
0.865291  172
0.865349  133
0.865545  16
0.866081  35
0.866397  310
0.866478  388
0.866546  393
0.866646  399
0.867184  197
0.867321  359
0.867732  160
0.868558  217
0.868936  52
0.86925  293
0.869536  302
0.869604  235
0.869693  317
0.869855  51
0.87  295
0.870288  234
0.870316  81
0.870316  314
0.870445  226
0.870544  377
0.87063  214
0.87077  264
0.870792  110
0.871021  0
0.871139  238
0.871241  98
0.871319  316
0.871596  271
0.871627  294
0.87165  386
0.871781  225
0.872513  97
0.872811  288
0.872817  335
0.872818  88
0.872855  11
0.872878  318
0.873079  99
0.873225  298
0.873286  339
0.873399  34
0.87394  228
0.873944  111
0.874012  274
0.874195  3
0.874279  311
0.874591  194
0.874816  204
0.874905  347
0.875112  350
0.875114  321
0.875125  167
0.875272  157
0.875333  315
0.875358  191
0.875384  175
0.875415  61
0.875552  272
0.875824  344
0.875937  53
0.875952  31
0.875958  169
0.876122  337
0.876166  108
0.876276  262
0.876313  85
0.87686  325
0.876914  109
0.877021  166
0.877082  240
0.87713  358
0.877277  392
0.877343  89
0.877417  202
0.87748  77
0.877558  25
0.877838  146
0.87787  343
0.878  103
0.878757  127
0.87887  334
0.879023  45
0.879136  286
0.879202  43
0.879235  20
0.87927  57
0.879307  246
0.879377  50
0.879387  398
0.879461  141
0.87959  23
0.87962  145
0.879633  353
0.879654  390
0.879825  195
0.87985  289
0.879976  83
0.880105  150
0.880334  383
0.880347  62
0.880429  375
0.880688  79
0.880886  306
0.881433  256
0.881596  244
0.881642  283
0.881908  190
0.882009  215
0.882151  345
0.882277  328
0.882409  372
0.882439  8
0.882466  360
0.882483  320
0.882541  309
0.882653  376
0.882661  326
0.882767  198
0.882823  396
0.88285  397
0.882939  210
0.883018  340
0.883177  391
0.883203  95
0.883407  30
0.883617  300
0.883618  362
0.883759  385
0.883976  368
0.884145  107
0.884229  15
0.884326  381
0.884689  313
0.88481  112
0.885419  249
0.885711  118
0.885985  327
0.886178  394
0.886581  250
0.886941  308
0.886997  332
0.887654  322
0.887735  46
0.888294  329
0.888587  171
0.889307  260
0.88939  184
0.889505  304
0.889731  342
0.890069  280
0.890425  371
0.890547  42
0.890795  324
0.891424  181
0.891584  230
0.892032  207
0.892415  18
0.892715  206
0.89286  369
0.89288  7
0.893106  380
0.893178  338
0.893281  395
0.893468  333
0.893613  305
0.893724  251
0.894289  32
0.894359  168
0.894418  379
0.894471  331
0.894778  162
0.895529  241
0.895587  266
0.895931  201
0.895965  307
0.896018  323
0.896073  174
0.896151  279
0.896267  336
0.896337  366
0.896502  282
0.897086  252
0.897413  131
0.897728  361
0.898971  354
0.899015  33
0.899108  296
0.899295  365
0.899686  41
0.899725  149
0.899736  136
0.899849  367
0.8999  13
0.90052  80
0.900582  384
0.900615  302
0.900685  68
0.900685  17
0.900726  393
0.90093  47
0.901061  37
0.901161  374
0.901253  158
0.90138  348
0.901526  303
0.901566  72
0.901582  21
0.90163  370
0.901994  182
0.902487  387
0.90296  388
0.903415  70
0.903555  330
0.903878  346
0.903935  257
0.904385  211
0.904495  258
0.9046  263
0.905019  292
0.905301  1
0.905304  357
0.90538  363
0.905591  312
0.905916  378
0.906796  319
0.907577  382
0.908179  229
0.908518  389
0.908543  259
0.908653  148
0.908663  273
0.908861  59
0.908914  350
0.909011  399
0.909213  178
0.90934  243
0.909556  114
0.910048  60
0.910209  123
0.910676  139
0.91073  19
0.91096  301
0.910993  310
0.911093  130
0.911235  232
0.911393  291
0.911769  161
0.911899  352
0.912052  208
0.91207  359
0.912308  71
0.912319  96
0.912632  356
0.912917  125
0.912976  297
0.912979  120
0.913283  164
0.913353  49
0.913371  219
0.91359  73
0.913676  383
0.913704  327
0.91375  54
0.913788  335
0.913826  87
0.913971  351
0.914066  196
0.914356  355
0.915111  372
0.915356  242
0.915548  349
0.915588  386
0.91602  140
0.916573  290
0.916847  315
0.916917  347
0.917037  2
0.917322  189
0.917474  78
0.917653  390
0.91787  63
0.917985  334
0.918089  306
0.918184  311
0.918402  377
0.918458  362
0.918572  239
0.919113  212
0.919329  221
0.919476  373
0.919859  345
0.920147  58
0.920316  314
0.920621  165
0.921824  81
0.922058  304
0.922069  341
0.922566  364
0.922845  185
0.922858  152
0.922948  180
0.923199  126
0.923665  317
0.923729  344
0.923968  179
0.924618  67
0.924728  36
0.924739  321
0.924885  340
0.925179  200
0.925289  151
0.925389  318
0.926236  218
0.926459  358
0.926667  113
0.927114  84
0.927219  104
0.927506  269
0.927616  360
0.927931  293
0.927948  326
0.927986  122
0.928243  75
0.928351  177
0.928677  236
0.928835  307
0.92896  220
0.929007  316
0.929015  121
0.929121  320
0.929154  353
0.929197  231
0.929306  371
0.929747  66
0.93025  186
0.930431  25
0.930985  102
0.931193  278
0.931378  246
0.931447  82
0.931471  138
0.931681  337
0.931876  376
0.931902  369
0.931945  170
0.932047  237
0.932086  333
0.932297  324
0.93238  74
0.932571  79
0.932614  135
0.932648  203
0.932666  354
0.932879  99
0.932894  375
0.933218  391
0.933492  86
0.933699  153
0.933938  339
0.934337  28
0.934914  312
0.934955  100
0.935023  155
0.935198  10
0.935532  27
0.935593  285
0.935674  343
0.935676  93
0.935785  396
0.935933  305
0.93596  287
0.936108  398
0.936252  12
0.936622  13
0.936785  380
0.936979  301
0.937337  315
0.937339  342
0.937476  329
0.937573  255
0.937588  322
0.937988  303
0.938198  270
0.93946  228
0.939491  394
0.939703  209
0.939973  169
0.940585  227
0.940683  110
0.940704  210
0.940917  176
0.940924  338
0.940942  133
0.940963  91
0.941029  300
0.941051  393
0.941064  331
0.941085  76
0.941168  385
0.941543  192
0.942098  238
0.942223  392
0.942289  6
0.942372  332
0.942467  8
0.942705  5
0.94292  309
0.943588  65
0.943853  252
0.943974  397
0.943982  374
0.944117  328
0.94423  156
0.944427  330
0.944477  247
0.944492  119
0.944545  124
0.945097  381
0.945282  17
0.945316  302
0.945442  323
0.945539  154
0.945667  205
0.945889  128
0.946257  379
0.946906  336
0.947007  348
0.947279  34
0.947546  61
0.947969  368
0.948165  129
0.948878  346
0.948933  399
0.949005  56
0.949099  257
0.949152  48
0.949167  147
0.950018  377
0.950046  253
0.950147  94
0.950232  29
0.950253  367
0.95028  308
0.950361  127
0.950538  349
0.95084  275
0.951633  313
0.95176  370
0.951812  30
0.952195  372
0.952649  361
0.95304  193
0.953323  83
0.953831  383
0.953935  314
0.954013  184
0.954414  277
0.954691  146
0.954808  319
0.95506  382
0.955166  395
0.955246  213
0.955559  0
0.955636  7
0.955672  251
0.955874  325
0.957171  173
0.957194  281
0.957199  240
0.957255  389
0.9575  261
0.957725  334
0.957873  187
0.958372  114
0.958733  284
0.958762  384
0.95883  175
0.959101  51
0.959118  306
0.959306  145
0.959312  18
0.959397  226
0.95964  310
0.959948  386
0.960094  50
0.960448  132
0.960762  223
0.960849  4
0.960939  243
0.961091  96
0.961095  356
0.961101  378
0.961257  289
0.961369  95
0.961582  387
0.961993  327
0.9625  199
0.962502  160
0.962521  182
0.962619  355
0.962708  44
0.962953  40
0.963197  101
0.963225  217
0.963327  265
0.963707  268
0.963793  318
0.963906  352
0.964262  362
0.964422  108
0.964731  262
0.964756  291
0.964818  111
0.964846  144
0.964938  163
0.965057  142
0.965424  59
0.965435  32
0.965488  357
0.965711  335
0.965718  294
0.965734  117
0.965759  103
0.965778  47
0.965817  363
0.965858  333
0.965877  183
0.966199  190
0.966349  373
0.96656  345
0.966568  354
0.966584  90
0.96659  286
0.966634  274
0.966687  43
0.96676  131
0.966797  109
0.96681  16
0.96697  174
0.96697  248
0.967213  134
0.967222  304
0.96729  351
0.96739  292
0.967429  320
0.967433  24
0.967827  23
0.967913  282
0.968143  194
0.968149  299
0.968228  11
0.968297  360
0.968457  20
0.968493  340
0.968506  206
0.968521  366
0.968541  195
0.968566  371
0.968616  374
0.968632  315
0.968793  229
0.968824  388
0.968949  321
0.969149  115
0.969307  26
0.969382  390
0.969444  105
0.969448  235
0.969626  31
0.969797  211
0.970141  267
0.970182  215
0.970182  77
0.970399  52
0.970468  249
0.970552  136
0.970734  216
0.970871  365
0.970922  317
0.970997  347
0.971034  55
0.97115  92
0.971356  316
0.971435  353
0.97171  344
0.971845  166
0.971864  201
0.9719  343
0.971974  391
0.972182  225
0.972262  125
0.972415  21
0.972424  341
0.973019  167
0.973072  350
0.973231  222
0.973355  159
0.973657  329
0.973775  323
0.973947  348
0.974091  14
0.974354  250
0.974497  361
0.974571  139
0.974751  22
0.974765  369
0.974865  398
0.975013  303
0.975073  189
0.975741  276
0.975799  19
0.97621  168
0.976261  331
0.976282  86
0.976293  379
0.976303  307
0.976457  326
0.976545  364
0.976792  302
0.976956  338
0.977137  301
0.977682  342
0.977831  376
0.977856  185
0.977987  312
0.979079  397
0.979308  394
0.979652  359
0.979716  234
0.979768  311
0.979857  322
0.98089  334
0.981261  358
0.981388  308
0.982207  381
0.982495  118
0.982528  300
0.982713  137
0.983684  393
0.984422  392
0.985124  93
0.985223  309
0.985577  370
0.985631  112
0.987864  214
0.988577  153
0.989189  396
0.989833  15
0.989991  38
0.990217  395
0.990263  383
0.990271  339
0.991101  107
0.991609  67
0.991812  273
0.992003  143
0.992377  349
0.992379  49
0.992488  89
0.992507  221
0.992643  375
0.992757  151
0.992873  207
0.993172  380
0.99327  377
0.993503  314
0.993704  266
0.993731  325
0.993762  324
0.993922  27
0.994257  100
0.994453  305
0.994512  298
0.994513  330
0.994998  127
0.995057  332
0.995403  72
0.996469  387
0.996623  378
0.996718  53
0.99676  290
0.996764  399
0.997102  385
0.997394  328
0.998661  154
0.999974  10
