7.82557e-06  165
9.87647e-06  229
1.28321e-05  93
1.51429e-05  60
1.52299e-05  25
1.69902e-05  111
2.04876e-05  207
2.80161e-05  141
2.98462e-05  71
3.04768e-05  199
3.55252e-05  104
3.94532e-05  103
4.0047e-05  119
4.24725e-05  163
4.29835e-05  52
4.66724e-05  47
5.04806e-05  257
6.0419e-05  217
6.4136e-05  127
6.47774e-05  123
6.86888e-05  91
7.0548e-05  59
7.17712e-05  63
7.19433e-05  8
7.70617e-05  109
7.74189e-05  140
7.7949e-05  95
7.98544e-05  233
8.44294e-05  143
8.49161e-05  131
8.51324e-05  191
8.70453e-05  184
8.92535e-05  48
9.29162e-05  67
9.82966e-05  220
0.000102328  223
0.000102522  96
0.000106002  159
0.000107566  28
0.000114548  132
0.000116844  136
0.00011696  137
0.000118757  133
0.000119864  120
0.000120304  181
0.000123201  139
0.000126009  92
0.000129608  41
0.000135605  225
0.000136489  183
0.000137957  121
0.000138143  61
0.000146035  79
0.000148135  87
0.000149833  151
0.000150373  83
0.000163825  148
0.000163885  221
0.000168361  77
0.000170279  161
0.000171973  193
0.000175836  157
0.000179811  53
0.000185247  43
0.000188332  27
0.000189579  167
0.000190351  51
0.000192088  204
0.000199229  197
0.00019938  164
0.00020103  192
0.000201972  112
0.000202918  55
0.000209249  231
0.000209692  100
0.000216799  64
0.000217601  216
0.000218979  177
0.000221683  125
0.0002305  235
0.000238176  144
0.000239267  224
0.00024029  124
0.000241682  256
0.00024302  31
0.000243646  44
0.00025544  99
0.000260218  205
0.000264649  168
0.000268729  171
0.000273388  40
0.000293664  65
0.000302194  232
0.00030334  227
0.000303965  45
0.000309263  101
0.000311485  115
0.000317646  49
0.000319566  80
0.000332894  88
0.000337525  259
0.0003441  173
0.000351184  180
0.000353702  81
0.000354901  89
0.00035506  176
0.0003563  97
0.00035878  75
0.00036334  128
0.000369799  117
0.000372851  11
0.00037382  107
0.000375261  29
0.000386681  116
0.000387853  129
0.000393955  228
0.000397186  57
0.000403707  85
0.000418424  73
0.000436311  195
0.000437434  72
0.000451619  185
0.000466428  69
0.000472055  147
0.000481296  76
0.000481395  175
0.000484753  172
0.000501063  187
0.000513819  169
0.000522557  188
0.000533002  24
0.000535037  160
0.000553238  68
0.000567493  189
0.000589824  113
0.00063471  105
0.000640339  84
0.000645968  219
0.00064833  196
0.000674544  9
0.000813527  108
0.000862051  56
0.000924016  149
0.000953801  135
0.000984023  156
0.000990058  145
0.00120939  179
0.00295728  348
0.00351708  389
0.00381924  338
0.00387302  327
0.00388885  365
0.00392279  318
0.00397425  301
0.00398676  369
0.00400797  370
0.00402154  333
0.00405323  381
0.00408435  324
0.00426831  354
0.00449529  288
0.00450774  398
0.00458416  346
0.00458443  336
0.00470023  337
0.00471666  362
0.00472281  287
0.00472314  364
0.00473386  328
0.00492321  319
0.00506889  387
0.00515513  325
0.00536851  304
0.0054833  366
0.00553031  349
0.00568011  316
0.00569124  334
0.00583274  297
0.00591691  307
0.00597566  363
0.0060823  309
0.00610479  359
0.00614417  317
0.00623391  315
0.0062472  368
0.00690397  385
0.00690705  371
0.00729255  302
0.00735924  352
0.00767794  380
0.00772405  388
0.00803979  367
0.00884938  390
0.00890209  377
0.00894758  323
0.00922101  382
0.00922782  357
0.00949964  314
0.0100606  361
0.0102499  311
0.0103673  375
0.0103935  386
0.0104891  393
0.010754  383
0.0112335  339
0.0114287  355
0.0118486  374
0.0119621  313
0.0122062  342
0.0139136  306
0.0140231  335
0.0147831  391
0.0153417  347
0.0157554  353
0.0160353  341
0.0163792  305
0.0179115  373
0.0191395  330
0.0192819  303
0.019929  399
0.0202597  321
0.0215573  360
0.0216479  350
0.0230186  379
0.02318  397
0.0247296  331
0.0259656  358
0.0260992  308
0.0263371  396
0.0264227  344
0.0268008  340
0.0298891  356
0.030685  326
0.0315853  384
0.0318149  300
0.0322509  395
0.0324748  322
0.0330041  329
0.0408036  312
0.0417145  394
0.0417847  203
0.0419815  372
0.0431173  320
0.0449812  279
0.0465581  260
0.0470148  56
0.0476452  298
0.0481399  343
0.0482541  154
0.0484748  283
0.0488494  116
0.0489517  345
0.0492088  200
0.0494462  36
0.0496645  18
0.049776  32
0.0498465  310
0.0502465  351
0.050458  215
0.0507108  376
0.0513622  332
0.0515993  254
0.0518301  243
0.0525445  238
0.0529414  33
0.0529742  249
0.0529848  392
0.0531543  282
0.0532188  208
0.0532466  239
0.053253  354
0.0535185  209
0.0535621  267
0.0535711  212
0.0543835  139
0.0544061  277
0.054558  378
0.0553318  80
0.0558406  370
0.0561293  275
0.056262  328
0.0564008  293
0.0564096  266
0.0567352  153
0.0571825  286
0.0575892  37
0.057697  316
0.0580354  315
0.0582507  367
0.0583863  19
0.0584849  289
0.0585924  337
0.0587415  13
0.0587794  213
0.0593827  210
0.0595115  304
0.0595245  21
0.059842  306
0.0601542  292
0.0601644  244
0.0603668  145
0.0603759  273
0.0606312  263
0.0606604  20
0.0609234  284
0.0609894  323
0.0609919  288
0.061341  380
0.0615358  307
0.0615852  295
0.0616894  290
0.0618735  327
0.0620111  141
0.062036  349
0.0621241  333
0.0621291  228
0.0622701  398
0.0625858  319
0.063298  201
0.0636191  246
0.0636628  359
0.0637797  346
0.0638784  366
0.0639289  272
0.0639535  317
0.0641486  299
0.0642546  377
0.0643103  362
0.0649443  382
0.0653264  325
0.0653998  338
0.066151  361
0.0662406  357
0.0665479  281
0.0668832  314
0.0669101  15
0.067866  353
0.0682795  242
0.0694578  2
0.0696771  152
0.0698763  355
0.0698857  390
0.0708336  237
0.0709167  318
0.0710802  352
0.07119  313
0.0712513  368
0.0722481  369
0.0723145  365
0.0733661  311
0.0738038  389
0.0744184  285
0.0751602  342
0.0757932  384
0.0764332  388
0.0764359  211
0.0765047  214
0.0765187  236
0.0765403  261
0.0765713  176
0.077019  393
0.0771973  348
0.077595  207
0.0780865  324
0.0785196  268
0.0786356  173
0.0787618  399
0.0787839  335
0.0799407  160
0.0800537  373
0.0801373  363
0.0801485  383
0.080342  303
0.0822229  322
0.0823773  264
0.0824186  63
0.0826397  379
0.082718  381
0.082885  364
0.083117  360
0.0832915  347
0.085122  339
0.0855  391
0.0869017  0
0.0873207  262
0.0886557  271
0.088721  202
0.0887808  386
0.0892581  305
0.0897147  334
0.0898379  331
0.0903479  5
0.0905064  38
0.0905435  372
0.0908371  25
0.0910939  296
0.091324  330
0.0921054  252
0.0928803  125
0.0930538  300
0.0930804  374
0.0933845  396
0.0945216  385
0.094628  255
0.0953565  294
0.0956875  301
0.096188  356
0.0963869  1
0.0966116  309
0.0967841  270
0.0970736  259
0.0971602  72
0.0980138  344
0.0985022  329
0.0985711  12
0.0986137  220
0.0986647  394
0.0990039  321
0.0991354  336
0.0992354  188
0.101987  302
0.102261  340
0.102296  387
0.102466  24
0.102557  196
0.102695  7
0.102712  51
0.103398  135
0.103752  326
0.103795  181
0.104016  395
0.104516  57
0.104525  265
0.105114  371
0.105205  248
0.105321  278
0.105442  358
0.105902  320
0.106024  397
0.106996  225
0.107261  9
0.107273  276
0.107511  310
0.107695  108
0.107788  147
0.108234  375
0.108363  232
0.108573  352
0.109374  346
0.109411  350
0.109489  136
0.110255  308
0.110272  221
0.110989  229
0.11114  341
0.111314  149
0.111421  349
0.11151  332
0.112709  34
0.112988  192
0.113315  65
0.113774  354
0.114855  269
0.114999  187
0.115178  333
0.11519  168
0.115257  257
0.115305  376
0.115439  107
0.115466  343
0.115511  64
0.115602  323
0.11568  274
0.115786  36
0.116397  337
0.116674  389
0.117492  16
0.117601  366
0.118714  172
0.118778  361
0.118788  312
0.119063  315
0.120213  325
0.12026  143
0.12061  351
0.120662  359
0.1208  88
0.121712  189
0.121725  169
0.122292  398
0.122356  250
0.122358  382
0.122393  42
0.122418  392
0.122506  367
0.122712  241
0.12291  327
0.12429  17
0.124746  260
0.124759  14
0.124919  380
0.124971  11
0.125008  318
0.125627  357
0.12593  256
0.126168  59
0.126305  289
0.126523  81
0.127245  253
0.127286  115
0.12732  377
0.127822  69
0.127851  159
0.127956  393
0.128164  348
0.128507  76
0.128637  185
0.128649  353
0.128673  369
0.128903  56
0.129073  75
0.129177  287
0.129178  156
0.129261  281
0.129288  383
0.129353  313
0.129873  328
0.129928  4
0.130077  116
0.130262  304
0.130522  130
0.130614  298
0.13066  128
0.130782  219
0.130888  183
0.13136  314
0.131585  38
0.131586  177
0.13166  13
0.131682  100
0.131705  319
0.131855  291
0.132335  227
0.132364  63
0.132542  306
0.13266  45
0.132943  148
0.132992  247
0.132995  388
0.133114  379
0.133439  338
0.133445  113
0.133449  70
0.133481  316
0.133747  317
0.133859  365
0.1339  362
0.133991  347
0.134028  279
0.134039  324
0.134073  360
0.134445  373
0.1368  240
0.137201  396
0.137302  307
0.13733  311
0.137724  339
0.137969  120
0.138698  384
0.139044  155
0.139096  117
0.139264  154
0.139285  378
0.139432  43
0.139546  264
0.139917  399
0.139942  322
0.140761  309
0.140805  363
0.141148  336
0.141645  355
0.1429  364
0.143143  372
0.143654  80
0.14383  44
0.143875  330
0.144069  390
0.144524  282
0.145571  391
0.145814  356
0.146415  249
0.146595  153
0.146891  144
0.147315  96
0.147483  68
0.147768  146
0.147795  296
0.147802  303
0.147992  231
0.148141  266
0.148492  40
0.148557  54
0.148601  157
0.14888  277
0.149138  381
0.149236  73
0.149453  85
0.149501  335
0.149508  15
0.149533  30
0.149615  344
0.149675  345
0.149699  300
0.149705  258
0.14977  301
0.149806  397
0.150533  19
0.150845  207
0.151476  385
0.151676  342
0.152723  331
0.15287  66
0.152923  259
0.153595  368
0.153937  299
0.153973  114
0.154068  224
0.154211  305
0.154441  95
0.15465  358
0.154744  118
0.154769  215
0.154808  374
0.155138  394
0.155152  180
0.155192  171
0.155211  302
0.155315  370
0.155567  337
0.155801  145
0.156048  179
0.156478  210
0.156678  321
0.157007  121
0.157473  87
0.157651  251
0.157711  371
0.158061  386
0.158406  310
0.158812  334
0.158965  109
0.158981  329
0.159065  228
0.15929  273
0.159311  346
0.159568  340
0.159694  220
0.159763  326
0.160133  214
0.160436  343
0.160464  352
0.161099  86
0.161323  245
0.161927  349
0.162311  332
0.162629  195
0.163022  280
0.16308  111
0.163387  320
0.163455  141
0.163508  191
0.163867  295
0.163935  312
0.163985  375
0.164005  286
0.164066  211
0.164357  261
0.164426  199
0.1645  246
0.164502  182
0.164899  392
0.165052  275
0.165145  83
0.165169  333
0.165221  308
0.165539  184
0.1657  99
0.16598  315
0.166209  380
0.166618  387
0.166915  367
0.167197  55
0.168193  213
0.168913  160
0.169066  22
0.16912  354
0.169149  217
0.169231  361
0.169631  28
0.169767  72
0.170029  353
0.170093  92
0.1703  194
0.170677  271
0.17079  105
0.170836  139
0.170852  267
0.170927  234
0.170934  382
0.171007  389
0.171071  341
0.171261  216
0.172111  376
0.172126  101
0.172252  293
0.172318  193
0.172358  313
0.172362  188
0.17249  225
0.172695  304
0.173174  268
0.173249  164
0.1733  5
0.173686  357
0.173696  60
0.173726  218
0.173859  205
0.173873  122
0.173931  379
0.174261  388
0.174645  150
0.174703  35
0.174739  21
0.17474  323
0.174747  197
0.175069  172
0.175187  294
0.175311  314
0.175315  29
0.175429  3
0.175645  212
0.1757  350
0.175703  347
0.175985  158
0.176014  306
0.176215  71
0.176434  112
0.176445  391
0.17651  136
0.176607  88
0.176626  362
0.176686  377
0.17671  254
0.176748  124
0.176837  97
0.176998  93
0.17715  373
0.177186  223
0.17738  78
0.177511  319
0.177724  365
0.177896  233
0.177982  328
0.178031  327
0.178165  239
0.178623  94
0.179736  363
0.180172  378
0.180222  52
0.180318  138
0.180363  395
0.180805  53
0.180858  131
0.180867  84
0.180919  222
0.181314  74
0.181326  355
0.181393  364
0.181395  98
0.181604  393
0.181784  384
0.181985  348
0.182102  260
0.182134  288
0.182209  390
0.182321  149
0.182751  311
0.183292  325
0.183493  360
0.183618  399
0.183926  307
0.18409  175
0.184131  39
0.184228  369
0.184467  316
0.184974  324
0.185132  103
0.185589  263
0.185685  8
0.185875  232
0.185894  37
0.186214  16
0.186333  321
0.187218  338
0.187235  339
0.18724  129
0.187509  243
0.188266  58
0.188611  148
0.188616  201
0.188764  291
0.189097  308
0.189285  322
0.189697  238
0.189711  33
0.189798  76
0.189928  290
0.190027  173
0.190286  242
0.190581  229
0.190958  132
0.191004  127
0.191065  135
0.191103  330
0.191114  44
0.191154  0
0.191342  336
0.191395  309
0.191409  335
0.19141  10
0.191547  298
0.191742  358
0.19179  317
0.192161  374
0.192901  186
0.192936  26
0.19294  126
0.193007  331
0.193461  178
0.193475  174
0.19367  265
0.193708  315
0.193855  166
0.193906  381
0.193969  236
0.193975  372
0.194204  359
0.194228  356
0.194258  219
0.194409  337
0.194779  165
0.195129  108
0.195275  397
0.195525  326
0.195949  177
0.196083  303
0.196378  140
0.19691  176
0.196965  61
0.197342  383
0.197412  255
0.197528  235
0.197589  276
0.197834  31
0.198011  244
0.19806  346
0.198318  302
0.198367  305
0.198393  283
0.198551  113
0.19868  371
0.198989  351
0.199203  50
0.19922  300
0.199257  334
0.199618  370
0.199866  385
0.200254  198
0.200422  398
0.200429  62
0.200988  343
0.20102  143
0.201493  320
0.201779  167
0.201831  333
0.202566  142
0.202608  382
0.203031  274
0.204156  342
0.204467  329
0.204524  137
0.205296  394
0.205628  247
0.205807  251
0.205865  141
0.206258  347
0.206497  345
0.206532  204
0.20661  368
0.206613  387
0.206703  396
0.206879  318
0.206898  280
0.207764  393
0.208451  328
0.208965  170
0.209321  196
0.209722  107
0.20993  203
0.210008  310
0.210096  380
0.211006  390
0.212125  287
0.212155  313
0.212357  187
0.212459  14
0.212491  341
0.212819  366
0.213321  105
0.21345  357
0.214396  69
0.214748  70
0.21499  367
0.215055  24
0.215106  389
0.215148  27
0.215164  272
0.215236  208
0.215538  228
0.215752  25
0.215976  379
0.216352  67
0.21649  87
0.216496  392
0.216505  164
0.216522  151
0.216655  311
0.216809  189
0.217021  19
0.217457  109
0.217541  391
0.217675  264
0.217792  157
0.217821  183
0.217824  353
0.217978  41
0.218063  386
0.218367  365
0.218685  192
0.218923  332
0.2191  23
0.219161  327
0.219322  79
0.21937  42
0.219444  363
0.219811  181
0.220068  82
0.220184  340
0.220362  307
0.220567  373
0.220916  306
0.221076  12
0.221453  348
0.221484  319
0.223495  273
0.223624  45
0.223764  301
0.22394  349
0.22409  369
0.224144  399
0.224731  210
0.224989  134
0.22501  200
0.225474  375
0.225586  344
0.225767  364
0.227464  240
0.227473  308
0.22792  325
0.228197  43
0.22826  169
0.228314  314
0.22835  352
0.228679  159
0.228808  17
0.22882  395
0.228845  378
0.229522  47
0.22978  324
0.229836  2
0.230316  355
0.230576  163
0.231267  91
0.231347  376
0.231947  226
0.232059  361
0.232526  161
0.232547  234
0.233359  96
0.233745  354
0.233819  335
0.23414  1
0.23414  9
0.234268  195
0.234672  32
0.234838  312
0.235109  111
0.235202  3
0.235383  256
0.235514  197
0.235566  199
0.235676  304
0.235995  122
0.236053  144
0.236417  153
0.236463  155
0.236475  384
0.237007  295
0.237104  285
0.237115  121
0.237136  85
0.237205  299
0.237452  323
0.237491  138
0.237686  302
0.237772  244
0.2378  76
0.2381  362
0.238471  331
0.238616  193
0.238627  123
0.238812  241
0.238946  180
0.239108  86
0.239133  338
0.239149  184
0.239182  350
0.239271  65
0.23939  293
0.23941  309
0.239496  333
0.240053  269
0.240142  315
0.240447  317
0.240811  11
0.240833  377
0.2409  262
0.241092  388
0.241171  131
0.241381  337
0.241654  230
0.242134  371
0.242237  397
0.242735  294
0.242812  346
0.242892  162
0.243  99
0.243019  356
0.24324  223
0.243495  394
0.243541  398
0.243861  339
0.243909  10
0.244072  316
0.244423  168
0.244444  359
0.245059  40
0.245476  46
0.245641  36
0.245675  110
0.245692  6
0.246272  84
0.246636  321
0.246654  100
0.246859  18
0.246987  147
0.247033  336
0.247122  277
0.247156  116
0.247169  62
0.247391  261
0.247478  358
0.247493  374
0.247773  279
0.247794  366
0.248007  383
0.248271  75
0.248426  33
0.248616  80
0.248819  220
0.24903  396
0.249104  351
0.249422  194
0.249431  16
0.249553  296
0.249931  286
0.25017  30
0.25037  370
0.250797  300
0.250798  303
0.250957  260
0.251087  57
0.251406  93
0.251564  89
0.251667  106
0.251681  191
0.251728  51
0.252026  318
0.252051  218
0.252171  21
0.252186  368
0.252234  259
0.252262  120
0.252385  292
0.252453  160
0.252563  217
0.252617  393
0.252774  326
0.252862  63
0.252905  5
0.252947  209
0.253001  29
0.253092  322
0.253166  81
0.253236  389
0.253239  104
0.253476  77
0.253568  229
0.253572  225
0.253632  67
0.253793  252
0.253845  68
0.253924  15
0.253952  360
0.253956  381
0.25418  343
0.254261  202
0.254416  257
0.254771  387
0.254796  329
0.254872  238
0.25488  330
0.25492  379
0.255365  372
0.255376  385
0.255591  127
0.25564  150
0.255684  60
0.2558  49
0.255932  78
0.256081  289
0.256401  274
0.256411  98
0.256518  390
0.256521  334
0.257002  327
0.257676  305
0.257796  59
0.258204  391
0.258229  270
0.258432  239
0.258434  332
0.258444  219
0.258514  342
0.258804  249
0.259036  353
0.259105  352
0.259143  115
0.259313  297
0.259415  35
0.259498  357
0.259698  4
0.25972  319
0.259995  170
0.260113  214
0.260235  349
0.260415  399
0.260748  271
0.260998  320
0.261777  250
0.261933  306
0.261963  227
0.26201  135
0.262021  8
0.262072  375
0.262136  373
0.262553  39
0.262882  325
0.262969  380
0.263118  266
0.26313  71
0.263467  26
0.263485  376
0.263816  310
0.263849  64
0.263886  355
0.26398  348
0.264263  178
0.264317  275
0.264392  367
0.264429  66
0.264838  37
0.265075  361
0.265875  23
0.265954  307
0.265985  311
0.266096  53
0.266404  95
0.266855  221
0.266876  70
0.266959  335
0.267509  369
0.267587  222
0.267909  308
0.268142  301
0.2682  281
0.268371  365
0.26843  386
0.269464  119
0.270145  363
0.270239  190
0.270354  282
0.270457  108
0.270621  347
0.271003  263
0.271189  382
0.271472  394
0.272293  354
0.2726  313
0.272647  13
0.272647  102
0.272726  392
0.272884  324
0.273014  207
0.27366  328
0.273868  302
0.274202  54
0.274909  340
0.274924  82
0.275139  149
0.275834  235
0.276302  248
0.276362  215
0.276472  344
0.276505  142
0.276617  7
0.276883  345
0.277341  224
0.277539  341
0.278193  377
0.278342  92
0.278487  114
0.278528  388
0.278693  52
0.278831  211
0.278871  323
0.279293  358
0.279682  151
0.280386  371
0.2804  130
0.281164  137
0.28128  364
0.281486  212
0.281583  262
0.281673  50
0.281856  314
0.281892  374
0.281976  181
0.2824  316
0.283389  117
0.283563  113
0.284234  126
0.284284  125
0.284313  312
0.28464  370
0.28475  397
0.284762  333
0.284763  309
0.284816  331
0.285005  175
0.285061  34
0.285112  243
0.285184  133
0.285262  186
0.285284  56
0.285393  366
0.285773  148
0.285993  346
0.286068  395
0.286168  139
0.286433  44
0.286469  12
0.286935  216
0.287218  161
0.28731  237
0.287322  398
0.287564  304
0.288199  253
0.288582  317
0.288718  251
0.28881  378
0.288939  213
0.289179  120
0.289457  136
0.290072  303
0.290144  343
0.29016  350
0.290354  205
0.290575  198
0.290613  143
0.290692  280
0.290918  159
0.291364  174
0.291373  128
0.291427  326
0.291433  74
0.291491  90
0.291527  83
0.291767  147
0.291786  73
0.291814  356
0.292048  41
0.29208  351
0.292167  165
0.292243  267
0.292418  55
0.292449  201
0.292487  268
0.292512  22
0.292685  20
0.29293  185
0.293091  164
0.293341  112
0.293432  381
0.293546  233
0.293793  6
0.293829  338
0.293867  105
0.293908  3
0.293986  156
0.293988  28
0.294004  246
0.294026  360
0.294209  387
0.294224  339
0.294227  399
0.294231  14
0.294272  332
0.294306  384
0.294307  337
0.294317  206
0.294318  43
0.294542  359
0.29477  48
0.294814  241
0.294863  42
0.295213  129
0.29529  342
0.295439  380
0.296469  368
0.296888  1
0.297111  277
0.297375  103
0.297704  124
0.297775  352
0.297889  300
0.298213  94
0.298455  208
0.298481  396
0.298524  0
0.29894  188
0.298963  390
0.299012  318
0.299231  264
0.299252  334
0.299572  372
0.299744  322
0.2998  118
0.300431  349
0.30051  379
0.301158  328
0.30119  385
0.301201  242
0.301331  163
0.301363  160
0.301588  75
0.302052  340
0.303228  365
0.303628  362
0.303636  320
0.303697  307
0.304904  383
0.305226  363
0.305869  140
0.306059  315
0.306275  321
0.306897  319
0.307252  38
0.307508  386
0.307887  236
0.308121  245
0.308332  209
0.308532  376
0.308755  391
0.309014  382
0.309066  353
0.309134  158
0.3093  265
0.309337  344
0.309345  329
0.309646  270
0.310248  24
0.310998  173
0.311232  220
0.311937  229
0.312201  347
0.312211  16
0.312566  345
0.31268  373
0.312755  176
0.312847  393
0.312896  33
0.313522  97
0.313586  325
0.314147  86
0.314683  377
0.314772  47
0.315243  49
0.315557  310
0.316122  306
0.316209  375
0.3166  369
0.316767  132
0.31702  361
0.317545  155
0.317964  287
0.318513  355
0.318935  152
0.319125  366
0.319415  111
0.320221  221
0.321056  19
0.321075  141
0.321211  336
0.321374  389
0.321603  167
0.321751  259
0.321842  189
0.321903  308
0.321912  162
0.322621  29
0.322937  81
0.322969  101
0.323057  330
0.323075  397
0.323131  76
0.323274  231
0.323291  309
0.323295  367
0.32333  166
0.323734  348
0.323828  327
0.324002  392
0.32428  271
0.325093  85
0.325761  294
0.325942  109
0.3261  323
0.326208  354
0.326598  256
0.326923  4
0.327016  398
0.327311  144
0.327739  62
0.327878  311
0.328061  9
0.328086  154
0.328088  358
0.328223  370
0.32831  177
0.328505  335
0.328833  70
0.328921  77
0.329135  197
0.329587  302
0.32968  314
0.329711  357
0.330054  79
0.330191  123
0.330266  5
0.330377  394
0.330526  364
0.330592  121
0.330688  284
0.331246  252
0.331338  45
0.331429  301
0.331466  202
0.331536  331
0.331654  286
0.331889  372
0.332227  341
0.33289  194
0.333393  131
0.3337  257
0.333776  346
0.334127  378
0.334177  192
0.334268  351
0.334703  371
0.334748  116
0.33479  181
0.335018  288
0.335047  72
0.335088  395
0.335302  23
0.335667  303
0.336146  275
0.336679  58
0.33674  374
0.336867  324
0.336905  274
0.337073  292
0.337536  31
0.337545  18
0.337806  183
0.338026  235
0.338179  313
0.338213  10
0.338239  228
0.338272  298
0.338326  107
0.33894  304
0.338944  100
0.339231  273
0.339425  338
0.339517  317
0.339649  250
0.339806  399
0.340075  40
0.340139  60
0.340149  57
0.340266  300
0.340303  332
0.340531  291
0.340703  352
0.340934  204
0.341309  390
0.341692  258
0.341822  368
0.342485  35
0.342617  388
0.342716  299
0.342913  93
0.342998  381
0.343098  380
0.343101  195
0.343135  134
0.343236  248
0.343246  333
0.343772  113
0.343819  297
0.343871  234
0.343888  170
0.344305  350
0.344514  203
0.344631  87
0.344634  278
0.344997  69
0.345235  52
0.34542  15
0.345424  269
0.345518  393
0.345522  305
0.345523  360
0.34553  322
0.345558  307
0.345586  149
0.345816  362
0.345844  25
0.346812  326
0.346877  384
0.347089  319
0.347212  312
0.347334  340
0.347357  342
0.347692  289
0.347758  373
0.348215  182
0.34848  339
0.348848  320
0.349335  344
0.35019  210
0.350282  382
0.350566  296
0.350882  359
0.350993  39
0.351242  120
0.351741  334
0.352139  27
0.352629  112
0.352939  377
0.353157  193
0.353255  365
0.353514  318
0.353625  150
0.353704  387
0.353911  2
0.354021  80
0.354028  267
0.354423  328
0.355038  383
0.355112  255
0.355324  61
0.355423  316
0.355568  379
0.355886  34
0.355916  281
0.355957  337
0.356055  369
0.356158  391
0.356184  343
0.356928  218
0.357766  349
0.35798  88
0.358527  98
0.358766  375
0.359411  247
0.359509  315
0.359809  263
0.359943  16
0.360198  225
0.360541  243
0.360585  356
0.360876  264
0.361328  396
0.361402  51
0.361466  244
0.361882  74
0.361981  20
0.362229  78
0.36224  363
0.362378  145
0.362424  385
0.362595  386
0.36307  355
0.363193  366
0.363213  308
0.363585  302
0.363867  251
0.365122  123
0.366148  115
0.366215  53
0.366367  321
0.36673  198
0.366947  139
0.366995  32
0.367046  108
0.367073  398
0.367183  329
0.367405  26
0.367603  301
0.367688  240
0.368165  59
0.368642  223
0.369001  127
0.369438  214
0.36944  136
0.369579  67
0.369672  184
0.369805  245
0.370055  254
0.370264  219
0.370265  262
0.370345  367
0.370515  310
0.370519  348
0.370631  1
0.370683  178
0.370696  357
0.370754  364
0.371046  82
0.371051  205
0.371072  345
0.371727  28
0.371998  341
0.37202  330
0.372089  354
0.372103  389
0.372481  166
0.372942  397
0.372957  347
0.373016  353
0.373072  71
0.373454  91
0.373898  38
0.373931  75
0.374596  311
0.374662  125
0.374885  346
0.374976  309
0.375841  394
0.376233  295
0.376837  239
0.376891  335
0.377137  358
0.377303  17
0.377317  83
0.377727  327
0.377913  336
0.378375  392
0.378399  48
0.378798  331
0.379122  372
0.379484  191
0.380248  306
0.380496  287
0.380618  314
0.380812  103
0.38092  206
0.380925  325
0.381204  323
0.381363  117
0.381482  153
0.382513  320
0.382983  312
0.383111  376
0.385044  36
0.385308  37
0.385387  6
0.385746  137
0.385966  148
0.385972  138
0.386311  276
0.386466  370
0.386532  173
0.386559  238
0.386617  338
0.386806  172
0.387036  65
0.38708  390
0.387422  399
0.387425  14
0.387787  300
0.387864  339
0.388116  201
0.38873  283
0.388929  274
0.389109  272
0.389277  324
0.38935  361
0.389481  319
0.389626  13
0.389639  381
0.389712  187
0.389993  156
0.390091  378
0.391066  351
0.391441  322
0.391827  89
0.391912  395
0.392111  313
0.392252  268
0.392657  141
0.392658  168
0.392699  368
0.392931  232
0.393177  337
0.393333  362
0.393397  266
0.393567  393
0.394067  118
0.394147  303
0.395435  199
0.395842  192
0.395989  371
0.39616  334
0.396688  30
0.396848  99
0.397449  96
0.397475  186
0.397576  147
0.397816  29
0.39805  185
0.398088  236
0.398133  317
0.398202  340
0.398322  84
0.398463  212
0.39857  208
0.398872  344
0.398879  111
0.398897  55
0.398955  328
0.398969  280
0.399043  382
0.399136  305
0.399292  261
0.399437  106
0.39956  7
0.399801  321
0.400209  318
0.400393  332
0.400539  360
0.401215  101
0.401514  316
0.401702  190
0.402207  375
0.402427  349
0.402438  352
0.402502  343
0.40282  70
0.403345  86
0.403538  270
0.403636  3
0.403676  374
0.403831  45
0.403833  119
0.404051  116
0.404613  129
0.404769  290
0.405173  92
0.40526  62
0.405399  22
0.405491  383
0.405502  326
0.40555  387
0.405784  278
0.405808  304
0.406104  252
0.406121  132
0.406431  307
0.406538  161
0.406727  72
0.406755  333
0.406859  377
0.406865  56
0.407122  85
0.407195  348
0.407649  8
0.407669  189
0.407849  49
0.407939  363
0.407983  131
0.408461  294
0.408476  350
0.408813  359
0.408923  301
0.408981  159
0.409038  380
0.409041  24
0.409118  167
0.409277  230
0.409631  234
0.409757  260
0.409873  66
0.4099  211
0.409968  68
0.410112  122
0.410164  222
0.410385  342
0.410519  258
0.410527  396
0.410636  114
0.410767  109
0.410919  366
0.411045  384
0.411081  388
0.411246  176
0.411303  356
0.411513  293
0.41169  315
0.411937  255
0.412108  308
0.412128  347
0.412235  12
0.412822  241
0.413087  179
0.413496  196
0.413538  102
0.413862  373
0.413914  143
0.414032  367
0.414036  386
0.414209  306
0.414722  311
0.415003  357
0.416084  142
0.416247  155
0.416426  175
0.416689  133
0.417087  157
0.417161  181
0.417269  52
0.417394  265
0.417423  207
0.417427  391
0.417494  149
0.417815  365
0.418007  217
0.418044  345
0.418075  180
0.418161  353
0.418394  302
0.418415  320
0.418585  232
0.418932  40
0.419233  223
0.419323  107
0.419324  336
0.419341  389
0.419507  42
0.419584  46
0.41986  398
0.419865  121
0.419978  314
0.420048  218
0.42044  341
0.420635  171
0.421684  17
0.421739  364
0.421763  392
0.42186  237
0.422535  124
0.423163  275
0.423195  80
0.42335  379
0.423708  130
0.424088  23
0.424156  298
0.424315  200
0.424366  139
0.424378  4
0.424401  113
0.424492  372
0.424652  319
0.424654  312
0.424666  369
0.424688  338
0.424703  390
0.424707  215
0.425001  346
0.425292  188
0.425333  136
0.425533  329
0.425587  309
0.425647  150
0.425673  303
0.425848  35
0.425943  16
0.426816  327
0.427884  135
0.428169  160
0.428815  354
0.42883  254
0.429002  325
0.429403  31
0.429563  324
0.43002  316
0.430027  285
0.430077  313
0.430269  382
0.43039  244
0.430396  331
0.430437  385
0.430502  44
0.430568  378
0.430676  397
0.43123  94
0.431373  162
0.431543  250
0.432336  362
0.432545  330
0.432743  71
0.433125  351
0.434422  393
0.434466  79
0.434658  163
0.434758  209
0.43522  328
0.435357  291
0.435484  376
0.435669  151
0.43613  307
0.436182  371
0.436746  140
0.436847  297
0.436917  343
0.437391  310
0.437787  226
0.438019  164
0.438409  358
0.438437  156
0.438831  305
0.438858  368
0.438947  349
0.439143  339
0.440962  9
0.441321  277
0.441805  27
0.441947  334
0.441975  194
0.442466  321
0.443076  47
0.443121  115
0.44324  10
0.44345  360
0.443673  300
0.443703  73
0.443898  257
0.444076  195
0.444153  282
0.44461  104
0.445096  229
0.445271  158
0.445408  20
0.445551  361
0.445578  395
0.445589  295
0.445629  58
0.445636  394
0.44565  332
0.445684  95
0.445764  355
0.445769  33
0.445824  6
0.445868  359
0.446083  169
0.446808  399
0.447133  193
0.447142  370
0.447395  337
0.447486  357
0.448164  344
0.449454  77
0.450264  253
0.451266  54
0.451343  204
0.451376  317
0.4514  216
0.451554  29
0.451589  249
0.45159  381
0.451702  288
0.451768  271
0.45211  322
0.452199  335
0.452263  289
0.452388  187
0.452445  220
0.452524  91
0.452745  311
0.452899  34
0.453097  134
0.453259  323
0.453448  18
0.453481  247
0.453503  120
0.453571  299
0.454213  336
0.454278  242
0.454329  19
0.454581  268
0.454952  259
0.455115  48
0.455211  178
0.455227  184
0.455252  387
0.455277  98
0.455311  363
0.455418  96
0.455552  377
0.455555  112
0.45557  224
0.455795  78
0.456027  53
0.4563  26
0.456425  326
0.456467  292
0.456661  286
0.456701  141
0.456712  315
0.456852  384
0.457088  69
0.457228  314
0.457281  128
0.457296  32
0.457322  97
0.457411  372
0.457633  228
0.457708  152
0.457751  375
0.457821  346
0.457835  227
0.457835  165
0.457903  111
0.457912  388
0.45817  206
0.458173  312
0.458609  350
0.458909  37
0.459024  212
0.459148  100
0.459565  385
0.459673  238
0.460177  123
0.460242  57
0.460269  345
0.460414  374
0.460463  318
0.460579  304
0.460628  202
0.460878  338
0.461013  246
0.461078  177
0.461089  93
0.461399  87
0.461432  306
0.461483  43
0.461535  203
0.461566  15
0.461653  369
0.461689  296
0.461805  155
0.461857  329
0.462172  383
0.462259  210
0.462317  75
0.462321  99
0.462895  302
0.463287  283
0.463431  367
0.463641  81
0.463817  245
0.463883  138
0.463884  126
0.463968  76
0.464063  382
0.464148  352
0.464191  316
0.46427  255
0.464331  189
0.464351  341
0.464415  340
0.464481  380
0.464498  347
0.464555  235
0.464681  364
0.464743  11
0.46514  342
0.465223  65
0.465417  197
0.465574  102
0.465633  309
0.465753  263
0.466434  182
0.466631  166
0.466759  55
0.46707  170
0.467156  301
0.467409  205
0.467543  61
0.467609  308
0.467756  325
0.468071  365
0.468073  3
0.468088  333
0.468262  356
0.46831  390
0.468361  358
0.4684  397
0.469196  379
0.469275  343
0.469309  378
0.469356  351
0.469648  196
0.470516  330
0.470742  248
0.470829  313
0.471114  362
0.471515  331
0.471798  328
0.472832  391
0.473517  366
0.474204  398
0.474288  68
0.475244  174
0.475353  267
0.476146  294
0.476288  349
0.476468  392
0.476569  307
0.476747  373
0.476853  324
0.477086  72
0.478217  103
0.478335  136
0.478617  74
0.479256  264
0.479575  7
0.479623  389
0.479683  191
0.479768  386
0.479858  183
0.480052  339
0.480236  348
0.480521  353
0.48072  371
0.480751  300
0.481957  393
0.483499  396
0.483537  223
0.484068  303
0.484124  221
0.484589  272
0.484784  28
0.484809  368
0.485886  67
0.485935  317
0.48596  219
0.485988  256
0.487589  229
0.487771  321
0.48786  320
0.487873  121
0.488087  236
0.489033  290
0.489049  355
0.489056  139
0.489232  399
0.489936  148
0.490223  119
0.49047  361
0.490477  10
0.490519  46
0.490948  395
0.491022  154
0.491074  357
0.491382  185
0.491954  51
0.492182  117
0.49237  279
0.492453  360
0.492882  319
0.493076  105
0.493118  132
0.493159  251
0.49324  89
0.493288  354
0.493361  327
0.493361  394
0.493508  281
0.493956  322
0.494258  145
0.494752  266
0.495053  337
0.495213  127
0.495246  71
0.496304  376
0.496475  217
0.496557  359
0.496647  167
0.496837  269
0.497129  310
0.497247  62
0.49726  133
0.497323  90
0.497634  231
0.497826  363
0.497892  22
0.497953  80
0.498  284
0.498033  88
0.498216  86
0.498466  262
0.498509  107
0.498817  50
0.499001  110
0.499034  377
0.499088  211
0.499206  370
0.499275  214
0.499312  207
0.499359  218
0.499601  124
0.499635  40
0.499731  200
0.499792  2
0.500318  63
0.500482  298
0.500593  142
0.500686  241
0.500712  171
0.500757  23
0.500785  125
0.500789  39
0.500832  147
0.500836  175
0.501189  64
0.501267  259
0.501324  143
0.501537  108
0.501564  358
0.501571  274
0.501614  380
0.501626  161
0.501733  336
0.501771  350
0.501772  194
0.501889  352
0.501944  311
0.501975  335
0.502004  12
0.502083  388
0.502106  261
0.502184  285
0.502426  116
0.502509  239
0.502647  351
0.50272  82
0.50283  305
0.502843  35
0.50296  316
0.503066  318
0.503156  265
0.503303  383
0.503319  201
0.503567  332
0.503684  95
0.503789  365
0.504016  16
0.504333  282
0.504365  59
0.504501  328
0.504658  101
0.504765  306
0.504832  30
0.505032  176
0.505249  13
0.50525  130
0.505329  222
0.505396  364
0.50553  334
0.505908  109
0.506064  244
0.506129  49
0.506133  83
0.506219  276
0.506249  315
0.506561  347
0.506593  374
0.506631  260
0.50673  188
0.50689  340
0.50704  369
0.507042  302
0.50705  308
0.507159  1
0.507181  122
0.507267  323
0.507485  8
0.507496  375
0.508733  309
0.508733  283
0.508764  293
0.508824  391
0.509017  392
0.509246  349
0.50931  338
0.509569  385
0.50966  128
0.509712  307
0.509726  356
0.509727  325
0.509769  387
0.51004  367
0.510318  368
0.510353  301
0.51089  384
0.511989  93
0.512815  379
0.512976  314
0.513401  312
0.514734  399
0.514956  341
0.516941  378
0.517063  397
0.517476  343
0.517509  115
0.518814  242
0.519161  321
0.519681  333
0.520065  70
0.520186  41
0.520947  237
0.521025  300
0.521172  313
0.521198  381
0.521646  330
0.521886  208
0.522913  386
0.523253  77
0.523519  253
0.524034  342
0.524039  273
0.524465  166
0.525219  195
0.525333  344
0.526068  322
0.52626  252
0.526854  362
0.526898  151
0.527021  113
0.527098  160
0.527266  91
0.527274  31
0.527592  21
0.527628  25
0.527825  382
0.527932  146
0.528505  106
0.528698  44
0.528712  215
0.528852  345
0.529395  339
0.52956  136
0.529592  360
0.530071  389
0.530138  346
0.530187  324
0.530287  317
0.530381  267
0.531211  396
0.531696  348
0.53193  57
0.532131  92
0.532371  275
0.532388  209
0.532681  320
0.532753  258
0.533354  38
0.533441  20
0.53372  240
0.533763  304
0.534038  118
0.534049  193
0.534135  393
0.534418  243
0.534514  97
0.534624  187
0.535279  205
0.53528  227
0.535393  353
0.535767  36
0.536199  376
0.536253  123
0.536292  180
0.536338  357
0.536695  182
0.536794  373
0.536906  164
0.537178  254
0.537375  75
0.537421  326
0.537436  34
0.537523  294
0.537605  138
0.537664  104
0.538035  334
0.538363  66
0.538384  159
0.538514  52
0.538667  361
0.538848  371
0.539012  319
0.539218  303
0.539934  197
0.540309  87
0.540433  60
0.54078  372
0.540934  390
0.540976  84
0.541162  179
0.541458  329
0.541517  305
0.541638  28
0.541836  5
0.541931  54
0.542376  67
0.542897  347
0.543431  296
0.54344  398
0.543463  26
0.543617  48
0.543875  3
0.544105  157
0.544368  140
0.544442  263
0.544568  331
0.544652  355
0.544668  311
0.54478  375
0.544892  366
0.545016  233
0.545105  217
0.545114  235
0.545146  327
0.545596  277
0.545966  394
0.546321  204
0.546384  74
0.546442  150
0.546755  119
0.546816  395
0.546944  374
0.547229  168
0.547306  332
0.547408  222
0.547433  384
0.547807  172
0.548315  341
0.548339  236
0.548378  156
0.548508  185
0.548796  367
0.549089  153
0.549256  328
0.54946  219
0.549479  96
0.549529  191
0.549612  368
0.549741  385
0.549921  42
0.54996  278
0.550139  365
0.550329  301
0.550557  225
0.550911  53
0.551344  380
0.55144  177
0.551569  352
0.551827  383
0.552677  247
0.553137  24
0.553343  246
0.553407  350
0.553435  238
0.553492  309
0.553905  323
0.55397  114
0.554361  315
0.554575  391
0.554734  321
0.554737  316
0.555097  256
0.555273  229
0.555424  10
0.555436  55
0.555667  268
0.55577  242
0.556183  120
0.55621  73
0.556222  181
0.55624  339
0.556333  333
0.556534  109
0.556545  364
0.556747  0
0.55676  302
0.556766  33
0.556832  351
0.556897  218
0.557424  349
0.557635  318
0.557721  297
0.557842  308
0.557946  354
0.558262  292
0.558353  370
0.559135  68
0.559153  337
0.559455  184
0.559575  392
0.559755  18
0.560123  192
0.560519  399
0.560721  173
0.560729  141
0.561131  322
0.561672  135
0.562095  32
0.562097  342
0.562145  88
0.562219  314
0.562279  155
0.562434  291
0.562521  99
0.562712  4
0.562736  336
0.56278  369
0.562809  378
0.563064  170
0.563117  98
0.563118  381
0.564316  360
0.564331  313
0.564458  148
0.564576  335
0.564783  43
0.565333  130
0.565683  257
0.565931  307
0.566081  230
0.566272  133
0.566278  340
0.566375  152
0.56638  78
0.566543  310
0.566739  105
0.566911  345
0.567393  286
0.567464  163
0.567481  388
0.56766  377
0.56773  250
0.567744  210
0.567961  165
0.567987  330
0.567997  56
0.5686  299
0.568708  348
0.568807  343
0.568889  346
0.569078  363
0.569181  149
0.569256  89
0.569339  127
0.569609  389
0.569902  306
0.569934  188
0.570116  15
0.570948  387
0.571198  356
0.571631  51
0.571691  303
0.571937  11
0.57242  228
0.572981  132
0.573213  174
0.573247  362
0.573347  9
0.573362  216
0.573702  344
0.573713  338
0.574026  300
0.574355  183
0.574529  379
0.57482  115
0.5755  1
0.575581  386
0.575889  396
0.575928  93
0.576495  266
0.576501  273
0.576553  145
0.576757  142
0.576822  270
0.576887  254
0.577452  85
0.577499  14
0.577553  282
0.577608  107
0.577619  29
0.577845  212
0.57787  397
0.57791  312
0.578061  326
0.57811  347
0.578198  65
0.578282  285
0.578341  113
0.578631  12
0.578658  298
0.578734  169
0.578758  329
0.579041  382
0.579226  137
0.579246  358
0.579411  232
0.579741  383
0.579943  252
0.580028  373
0.580217  34
0.580303  213
0.580329  125
0.580386  131
0.580633  317
0.580644  324
0.580704  328
0.580739  158
0.580787  226
0.580976  166
0.581095  287
0.5812  255
0.581233  211
0.581256  103
0.581353  269
0.581462  71
0.58169  190
0.581706  69
0.581809  361
0.581866  70
0.582312  249
0.582629  359
0.582665  147
0.5827  325
0.582932  320
0.583004  357
0.583277  81
0.5835  304
0.583557  194
0.583644  234
0.583743  384
0.583798  25
0.584224  251
0.584538  398
0.584599  126
0.584706  385
0.584736  353
0.585084  206
0.585285  45
0.58531  144
0.585365  162
0.586489  375
0.58666  380
0.586687  319
0.586773  123
0.58684  276
0.587041  199
0.587307  248
0.587742  46
0.587832  367
0.587932  355
0.587958  337
0.587968  351
0.588163  94
0.5882  7
0.58865  6
0.588778  280
0.588824  334
0.588855  364
0.589067  139
0.58915  124
0.589811  395
0.589812  37
0.590028  102
0.590214  271
0.590452  63
0.590453  360
0.590483  390
0.590514  180
0.590556  74
0.590939  391
0.591096  84
0.591118  318
0.591223  108
0.591545  61
0.591841  38
0.591908  301
0.592141  19
0.592412  50
0.592542  23
0.592574  272
0.592592  76
0.592609  350
0.592656  368
0.592935  260
0.593425  341
0.593494  372
0.593601  265
0.593747  327
0.59401  104
0.594327  258
0.594558  292
0.594579  371
0.594827  17
0.594975  64
0.595051  313
0.595104  399
0.595311  221
0.595336  261
0.595543  331
0.595777  79
0.595807  381
0.595848  202
0.596191  110
0.596203  83
0.596841  345
0.59698  376
0.597035  321
0.597036  243
0.597039  72
0.597084  160
0.597095  307
0.597203  305
0.597221  167
0.59726  333
0.597498  374
0.597526  171
0.597602  189
0.597613  335
0.59864  311
0.598641  294
0.598708  354
0.598798  146
0.598948  370
0.599085  195
0.599228  176
0.599239  111
0.599978  315
0.600041  231
0.600053  302
0.600312  219
0.600891  356
0.601313  342
0.601503  340
0.601523  16
0.601553  97
0.601579  191
0.601768  352
0.602148  314
0.602191  349
0.602733  286
0.603475  369
0.603885  366
0.603964  323
0.60413  55
0.605173  330
0.605488  8
0.606143  281
0.606584  52
0.606619  310
0.606914  303
0.606941  238
0.607221  332
0.607328  322
0.607367  300
0.607392  239
0.607849  393
0.607938  295
0.608009  100
0.608514  363
0.608574  336
0.60883  201
0.609278  112
0.609653  383
0.60974  306
0.609884  116
0.610522  120
0.61073  182
0.610992  245
0.611357  308
0.612049  283
0.612057  339
0.612079  394
0.612187  344
0.612198  237
0.612332  388
0.612495  309
0.612675  223
0.61304  216
0.614063  41
0.614463  244
0.614607  316
0.614765  151
0.614929  389
0.614979  119
0.615551  346
0.615803  338
0.615843  392
0.615997  35
0.616044  365
0.616242  207
0.617865  362
0.618704  361
0.619223  324
0.619394  33
0.619797  377
0.62058  387
0.621771  129
0.621904  86
0.622383  217
0.622536  40
0.622571  22
0.622677  224
0.622771  59
0.622772  222
0.622859  96
0.622864  186
0.622987  368
0.623054  77
0.623285  60
0.623686  196
0.6237  197
0.623721  391
0.623774  293
0.623874  268
0.623918  312
0.624114  20
0.624373  68
0.624405  378
0.624471  254
0.62463  193
0.624679  329
0.624874  274
0.624894  39
0.62495  353
0.625037  134
0.625115  326
0.625355  348
0.625386  317
0.625441  328
0.625736  200
0.625926  204
0.626077  275
0.626114  279
0.62612  227
0.6264  2
0.626456  386
0.626548  220
0.626551  373
0.626819  157
0.627474  87
0.627718  178
0.628008  241
0.62805  159
0.628067  179
0.628207  95
0.628224  270
0.628319  398
0.628423  27
0.628946  175
0.628958  92
0.629137  26
0.629188  372
0.629291  259
0.629412  319
0.629572  149
0.629678  58
0.629846  205
0.63002  209
0.63008  357
0.630081  337
0.630097  156
0.630191  31
0.630367  343
0.631024  347
0.631187  53
0.631392  117
0.631439  263
0.631739  228
0.631872  371
0.631913  314
0.632178  358
0.632193  320
0.63225  334
0.632283  267
0.632501  380
0.632586  291
0.632723  232
0.632784  253
0.632906  327
0.633629  80
0.633687  375
0.633781  136
0.633891  90
0.634082  188
0.634139  111
0.634536  130
0.634658  379
0.634719  397
0.634787  49
0.634839  382
0.634847  91
0.63487  325
0.635014  155
0.635416  350
0.636193  144
0.636279  30
0.636564  131
0.636645  184
0.636695  354
0.636949  304
0.637142  345
0.637171  135
0.637456  10
0.637497  376
0.637542  300
0.637605  374
0.637788  226
0.637822  321
0.637912  214
0.638516  341
0.638612  333
0.638632  366
0.638817  5
0.638836  4
0.638978  396
0.639633  383
0.640048  335
0.640521  138
0.640589  355
0.640914  85
0.641109  246
0.641139  359
0.641195  360
0.641879  82
0.642248  349
0.64242  384
0.642515  290
0.643917  301
0.644182  399
0.644299  100
0.644389  202
0.645187  351
0.645546  289
0.645576  150
0.645759  363
0.645766  307
0.647157  101
0.647238  97
0.647311  313
0.647669  364
0.647795  103
0.648049  247
0.648136  141
0.648319  342
0.648541  143
0.648729  73
0.648743  318
0.648895  264
0.648942  393
0.649745  277
0.649924  340
0.650189  323
0.650346  356
0.650838  331
0.651291  322
0.65139  330
0.651502  352
0.651847  36
0.652738  392
0.653763  308
0.653813  203
0.653896  388
0.654111  395
0.654341  367
0.655237  346
0.655714  236
0.656018  299
0.656614  381
0.657208  255
0.657515  344
0.657821  152
0.657987  385
0.658098  309
0.658401  122
0.658742  125
0.660086  180
0.660115  276
0.660154  13
0.660311  168
0.660345  387
0.660718  118
0.661371  161
0.66139  37
0.661595  305
0.662088  240
0.66216  311
0.662241  390
0.662596  284
0.662602  114
0.662937  265
0.663326  166
0.663899  361
0.664081  338
0.664127  235
0.664303  167
0.664334  306
0.664654  389
0.664903  70
0.665039  336
0.665141  18
0.665431  233
0.665476  328
0.665574  310
0.665814  11
0.665999  324
0.666593  192
0.667324  332
0.667509  339
0.66824  369
0.668337  160
0.668961  88
0.669112  288
0.669501  278
0.669502  208
0.669616  32
0.669788  106
0.669824  365
0.670303  303
0.670589  386
0.670757  145
0.670803  187
0.670944  258
0.671043  394
0.671133  162
0.671235  158
0.671239  52
0.671939  315
0.671984  65
0.672015  250
0.672424  317
0.672679  294
0.672691  78
0.672927  316
0.673569  370
0.674509  302
0.674603  62
0.675143  282
0.675318  142
0.67535  43
0.675353  9
0.675427  55
0.675488  319
0.67558  50
0.675649  272
0.675913  120
0.676102  256
0.676169  169
0.676218  251
0.676333  56
0.676434  229
0.676516  373
0.676955  57
0.677083  115
0.677203  368
0.677271  83
0.677347  198
0.677374  132
0.677431  371
0.677431  362
0.677473  48
0.677532  213
0.6776  350
0.677635  297
0.677661  74
0.677748  54
0.677816  329
0.67804  181
0.67804  34
0.678066  326
0.678511  347
0.678697  219
0.678961  84
0.679168  341
0.679291  374
0.679331  218
0.679506  24
0.679512  104
0.679657  357
0.679765  378
0.680477  110
0.680722  286
0.680763  177
0.681219  116
0.681238  337
0.681547  383
0.681549  364
0.681753  358
0.682032  28
0.682101  388
0.682243  397
0.682272  196
0.682349  15
0.68253  379
0.682664  312
0.682872  398
0.68333  261
0.683723  14
0.684042  396
0.684181  375
0.684224  237
0.684297  207
0.684309  93
0.684933  46
0.684974  271
0.685107  377
0.685245  343
0.685333  127
0.6855  314
0.685732  154
0.685791  239
0.685903  205
0.686158  354
0.68631  23
0.686619  269
0.686751  340
0.686985  79
0.687368  176
0.687503  174
0.687564  393
0.687609  300
0.687644  66
0.687822  382
0.687929  105
0.688056  147
0.688072  304
0.688119  75
0.688411  344
0.688446  395
0.688459  391
0.688598  372
0.688607  360
0.688883  140
0.689036  81
0.689427  311
0.68967  366
0.689829  363
0.690389  178
0.690554  188
0.690626  102
0.690627  153
0.690646  189
0.690668  335
0.691135  392
0.691145  324
0.691148  352
0.691218  238
0.691323  349
0.692075  249
0.692449  380
0.692895  107
0.693117  327
0.693125  356
0.693411  333
0.693484  21
0.694261  128
0.694309  387
0.694601  313
0.695776  244
0.695883  325
0.696183  252
0.696685  148
0.696842  348
0.697484  381
0.697611  257
0.697771  298
0.6981  6
0.698329  35
0.698357  63
0.698379  376
0.698628  163
0.698639  301
0.69898  22
0.69902  209
0.699365  355
0.699491  385
0.699788  99
0.700194  135
0.700241  292
0.700325  113
0.700885  39
0.700927  233
0.700976  285
0.701001  44
0.701257  334
0.701304  253
0.701362  320
0.701435  98
0.701453  89
0.701612  359
0.701635  109
0.701992  29
0.702003  159
0.702064  369
0.70208  345
0.702389  230
0.702423  330
0.702562  342
0.702784  170
0.703101  51
0.703191  321
0.703388  331
0.703416  224
0.703433  137
0.703626  191
0.70373  365
0.703854  394
0.70396  353
0.704267  10
0.704315  172
0.704673  323
0.704704  215
0.705406  307
0.705521  318
0.706255  364
0.706926  351
0.707364  361
0.707775  389
0.707878  242
0.707965  126
0.707989  308
0.708458  143
0.708535  41
0.70937  260
0.709376  156
0.709397  227
0.709999  384
0.710654  247
0.710736  306
0.710805  201
0.711023  146
0.71103  319
0.711168  53
0.711367  303
0.71147  225
0.711591  386
0.711688  245
0.711864  317
0.712151  309
0.712224  316
0.712531  332
0.713194  206
0.713389  322
0.713876  248
0.714248  36
0.71455  315
0.714735  293
0.714938  305
0.715145  287
0.715467  164
0.715544  124
0.715729  310
0.716991  167
0.717079  374
0.717089  121
0.71729  42
0.717412  183
0.717511  210
0.717524  45
0.718027  246
0.718215  92
0.718546  349
0.718569  195
0.718597  222
0.718701  133
0.719023  258
0.71921  17
0.719651  368
0.719785  134
0.719884  4
0.719983  367
0.720412  336
0.72047  399
0.720519  390
0.720584  212
0.720683  383
0.721162  142
0.721315  398
0.721981  314
0.722337  165
0.722343  373
0.72266  90
0.722972  362
0.723228  388
0.723521  150
0.723599  299
0.723619  38
0.72365  344
0.723822  16
0.723991  112
0.724802  179
0.724897  312
0.724945  151
0.725125  267
0.725134  338
0.725145  340
0.725179  397
0.726329  40
0.726744  67
0.726971  64
0.727474  326
0.728134  33
0.728338  266
0.728369  130
0.728418  25
0.728473  343
0.72854  185
0.728603  149
0.728606  300
0.728616  250
0.728705  116
0.728722  254
0.728872  69
0.728957  265
0.729003  49
0.729094  346
0.729147  274
0.729198  173
0.729236  68
0.729275  339
0.729586  395
0.729661  302
0.729677  182
0.729719  370
0.729756  123
0.729848  111
0.729857  337
0.73003  335
0.730325  255
0.730525  347
0.731124  360
0.731248  229
0.731377  311
0.73143  378
0.731509  350
0.73159  382
0.73172  5
0.732054  391
0.732186  371
0.73319  268
0.733399  197
0.733979  333
0.734073  94
0.734173  301
0.734379  328
0.73465  281
0.734833  217
0.734924  354
0.734968  334
0.735041  100
0.736156  313
0.736226  359
0.736624  0
0.736966  284
0.737054  71
0.737402  291
0.737537  348
0.737611  352
0.73772  353
0.738432  50
0.738708  372
0.738878  387
0.739645  261
0.739666  275
0.739703  379
0.740127  58
0.740518  375
0.741343  204
0.741348  91
0.741535  392
0.741832  327
0.741857  394
0.741894  31
0.742668  270
0.743633  278
0.743871  318
0.744581  169
0.744745  145
0.744753  97
0.744853  356
0.744906  357
0.744947  221
0.744969  321
0.744989  396
0.745664  316
0.745971  162
0.746213  363
0.746965  307
0.747317  262
0.748154  345
0.749321  297
0.74978  376
0.749799  102
0.749812  171
0.749908  322
0.749954  3
0.750044  60
0.750051  264
0.750903  192
0.751122  296
0.751208  2
0.751249  200
0.751589  364
0.751709  24
0.751843  243
0.751919  152
0.751924  84
0.751939  186
0.752094  317
0.752201  325
0.752596  305
0.752735  320
0.752762  231
0.752942  129
0.752953  211
0.752958  147
0.753161  329
0.753428  304
0.753754  223
0.753984  384
0.754082  341
0.754959  308
0.755185  15
0.755204  283
0.755654  188
0.755751  365
0.75582  385
0.755853  330
0.755878  386
0.756167  21
0.756503  319
0.756733  176
0.756773  87
0.75699  32
0.756992  374
0.757169  288
0.757347  393
0.757578  19
0.757811  131
0.757867  234
0.758075  272
0.758243  72
0.758639  361
0.759029  324
0.759769  306
0.759933  105
0.760403  88
0.760471  355
0.760735  241
0.760736  203
0.760978  125
0.761033  47
0.761435  310
0.76146  101
0.761538  1
0.762018  157
0.76209  358
0.762324  377
0.762377  7
0.762419  56
0.762696  295
0.762705  59
0.76272  199
0.762831  126
0.762956  127
0.763006  30
0.763016  367
0.763074  380
0.763214  81
0.763473  70
0.763635  383
0.763649  138
0.763751  136
0.763991  309
0.764092  78
0.764146  8
0.764529  303
0.764864  190
0.764954  342
0.765103  257
0.765199  12
0.765322  335
0.765449  214
0.76553  366
0.766017  170
0.766026  61
0.766053  313
0.76616  279
0.766242  83
0.766349  120
0.76669  312
0.766915  122
0.767082  99
0.767148  269
0.767243  282
0.767302  117
0.767529  235
0.767531  28
0.767544  144
0.767682  259
0.767928  13
0.768113  289
0.768139  139
0.768144  96
0.768157  166
0.768158  98
0.76837  76
0.768405  161
0.76841  369
0.768416  351
0.768421  323
0.768533  359
0.768849  336
0.769002  331
0.769018  135
0.769029  388
0.769089  349
0.769259  108
0.769295  115
0.769422  251
0.769515  220
0.769731  389
0.770142  191
0.770285  184
0.770362  140
0.770372  148
0.770662  277
0.770711  348
0.770741  44
0.77077  29
0.770828  352
0.770848  363
0.770912  390
0.770958  254
0.770999  141
0.771251  301
0.771278  347
0.771419  328
0.771428  373
0.771447  210
0.771649  350
0.772071  163
0.77222  340
0.772632  398
0.772947  339
0.772953  168
0.773013  79
0.773496  109
0.77367  314
0.77376  258
0.774132  354
0.77422  37
0.77444  311
0.774499  82
0.774613  134
0.774712  343
0.774769  375
0.775039  326
0.775984  382
0.776102  180
0.776178  89
0.776332  371
0.776366  360
0.776434  9
0.776467  379
0.776672  370
0.777118  253
0.777245  218
0.777743  381
0.777743  300
0.778309  174
0.778966  103
0.77903  333
0.779118  397
0.779258  346
0.779391  178
0.779558  372
0.779729  239
0.779731  332
0.779859  378
0.780457  308
0.780777  307
0.780974  356
0.782088  362
0.782209  34
0.78268  177
0.782787  118
0.783178  376
0.783402  344
0.783902  181
0.783978  315
0.784219  337
0.78429  394
0.784309  227
0.784696  236
0.785  318
0.785368  334
0.785479  374
0.78599  16
0.786238  316
0.7866  357
0.786944  368
0.787114  399
0.787354  20
0.787863  291
0.789822  392
0.790018  55
0.790419  187
0.79086  329
0.791051  196
0.791106  57
0.791664  205
0.792439  110
0.79244  305
0.792657  240
0.792753  193
0.792892  93
0.793058  69
0.793143  208
0.79333  179
0.793365  338
0.793531  86
0.793569  361
0.79361  225
0.793623  294
0.793629  52
0.793831  133
0.793938  395
0.794317  265
0.794437  387
0.794574  113
0.795144  304
0.795171  353
0.795242  386
0.795265  256
0.795452  224
0.796135  296
0.796431  274
0.79686  153
0.796902  66
0.797248  87
0.797296  202
0.797304  216
0.797408  345
0.797503  285
0.79765  53
0.797703  211
0.797947  322
0.797948  221
0.798136  391
0.798147  358
0.798452  132
0.798458  237
0.798603  215
0.798644  325
0.798681  247
0.798724  290
0.7991  233
0.799354  2
0.799422  18
0.799691  320
0.799785  91
0.799836  124
0.799868  65
0.799971  302
0.799976  26
0.800001  11
0.800018  250
0.800192  273
0.800282  321
0.800326  46
0.800429  175
0.800534  355
0.80083  364
0.800906  35
0.801088  327
0.801246  165
0.801405  317
0.801564  33
0.80184  75
0.802493  146
0.802531  159
0.802556  303
0.802835  41
0.802943  138
0.803088  74
0.803158  278
0.803457  384
0.803677  171
0.803848  330
0.80393  389
0.804094  383
0.804167  319
0.804555  172
0.80474  164
0.80512  197
0.805266  6
0.805369  342
0.80576  324
0.805818  299
0.80586  390
0.805952  45
0.806231  349
0.806704  341
0.806879  54
0.807079  365
0.807107  263
0.807207  10
0.807445  151
0.807529  189
0.807643  85
0.807685  312
0.807794  284
0.807966  234
0.808789  260
0.809056  398
0.809236  340
0.809276  186
0.80949  276
0.809713  68
0.809965  370
0.810142  40
0.81021  194
0.810241  385
0.810262  375
0.810281  396
0.810727  73
0.811182  367
0.811282  328
0.811305  130
0.811322  379
0.811468  137
0.811766  12
0.811927  307
0.812086  339
0.812469  212
0.81271  332
0.812772  313
0.812835  229
0.813484  128
0.813765  310
0.813795  301
0.814309  21
0.814364  357
0.815453  252
0.81575  371
0.81577  394
0.815965  92
0.8162  373
0.816228  315
0.816995  359
0.817071  348
0.817132  369
0.817578  213
0.818506  326
0.819169  51
0.819621  77
0.819968  363
0.820351  336
0.820527  331
0.820742  223
0.820828  351
0.820881  323
0.820895  100
0.821021  231
0.821098  244
0.821369  56
0.821403  36
0.82171  288
0.821807  356
0.821836  335
0.821857  226
0.822007  217
0.823006  22
0.823082  343
0.823141  306
0.823169  374
0.823207  352
0.823337  397
0.823546  207
0.82431  102
0.82438  23
0.82459  399
0.824665  289
0.824845  346
0.825259  334
0.825377  280
0.825531  311
0.825604  209
0.826293  344
0.826306  377
0.826452  393
0.827498  200
0.828463  368
0.828942  361
0.828964  378
0.829344  380
0.829533  316
0.83062  204
0.832218  381
0.832838  387
0.833083  106
0.834122  372
0.834317  347
0.834357  314
0.834501  382
0.834947  300
0.835062  158
0.835162  362
0.835465  37
0.835489  345
0.83627  264
0.838353  42
0.838679  376
0.838869  99
0.838968  192
0.83952  7
0.839777  112
0.839923  388
0.839977  188
0.840322  143
0.840439  101
0.840731  123
0.841018  270
0.841121  305
0.841199  160
0.84122  142
0.841253  111
0.841527  308
0.841607  129
0.841609  3
0.8417  95
0.841716  17
0.842461  13
0.84255  61
0.842606  150
0.842678  329
0.842779  262
0.842781  155
0.842946  318
0.843217  354
0.843293  241
0.843632  214
0.843706  309
0.844016  80
0.844247  366
0.844395  350
0.844451  243
0.84453  114
0.844573  43
0.844632  364
0.844923  355
0.844936  219
0.844966  293
0.845389  145
0.845562  98
0.845712  38
0.845911  167
0.845974  333
0.846528  156
0.846542  228
0.846714  176
0.846801  251
0.846827  208
0.846868  281
0.846916  173
0.847192  320
0.847272  353
0.847598  342
0.847731  360
0.847881  169
0.848409  322
0.848571  232
0.849046  304
0.849693  121
0.849887  348
0.850018  337
0.850241  198
0.850401  321
0.850872  41
0.851307  248
0.851573  60
0.851858  296
0.851929  89
0.852211  107
0.852325  5
0.852424  30
0.852482  238
0.852484  119
0.852492  166
0.852552  34
0.852612  32
0.852698  4
0.852725  127
0.852741  48
0.852804  271
0.852855  356
0.852905  96
0.853121  272
0.853154  108
0.853208  195
0.853209  118
0.853221  266
0.853328  365
0.853397  86
0.853463  161
0.853489  14
0.853521  180
0.853612  330
0.85368  338
0.853683  259
0.853752  82
0.853789  386
0.853807  303
0.85381  357
0.853838  122
0.853962  182
0.854021  317
0.854072  379
0.854677  196
0.854747  9
0.854763  141
0.854931  398
0.855073  340
0.855262  292
0.855304  274
0.85532  384
0.855548  383
0.85559  116
0.855827  149
0.855875  168
0.855888  62
0.855918  385
0.855974  136
0.856043  55
0.856253  301
0.856296  323
0.856298  104
0.856515  49
0.85652  286
0.856535  331
0.856833  218
0.856873  8
0.857077  395
0.857335  58
0.857734  67
0.858154  144
0.858186  163
0.858245  363
0.858311  16
0.858628  223
0.858681  312
0.858728  352
0.858899  50
0.858935  94
0.858984  275
0.858993  392
0.859172  326
0.859188  71
0.85929  184
0.859318  389
0.859423  212
0.859531  152
0.859589  201
0.859676  28
0.85971  302
0.859713  206
0.859886  311
0.859986  325
0.860003  134
0.860031  307
0.860146  277
0.860163  334
0.860266  147
0.860351  394
0.860354  249
0.860398  45
0.860703  319
0.86101  19
0.861044  316
0.861603  332
0.861698  185
0.861728  295
0.861802  298
0.861887  390
0.861945  391
0.86216  393
0.86254  375
0.8627  287
0.862795  79
0.86283  349
0.863106  371
0.863212  84
0.863434  328
0.863677  374
0.863695  88
0.863821  377
0.863874  279
0.863944  306
0.864264  324
0.864442  396
0.864598  313
0.864611  31
0.864688  290
0.865246  52
0.865383  373
0.865452  285
0.865488  103
0.865815  268
0.865966  76
0.866084  346
0.866087  90
0.866224  370
0.866284  369
0.866422  209
0.86647  358
0.86704  245
0.86713  162
0.867295  193
0.867474  381
0.867588  315
0.867738  367
0.86781  310
0.867866  336
0.867892  165
0.868211  170
0.868843  387
0.869414  202
0.869767  327
0.869879  78
0.870307  347
0.870478  380
0.870512  368
0.870544  344
0.871053  27
0.871488  92
0.872102  378
0.872395  351
0.872541  362
0.872765  106
0.873114  335
0.873135  81
0.873186  75
0.873408  372
0.873568  382
0.874313  300
0.874784  63
0.874992  361
0.875015  240
0.87545  246
0.87622  220
0.877256  12
0.877637  341
0.878195  343
0.8786  66
0.878689  318
0.87869  257
0.878919  87
0.878923  255
0.878989  366
0.879176  397
0.879565  399
0.879757  376
0.880583  253
0.880809  264
0.880953  252
0.882015  309
0.882411  388
0.882587  24
0.882857  15
0.882881  359
0.883501  188
0.883606  314
0.884063  233
0.884322  174
0.884501  350
0.884726  329
0.884755  44
0.885302  110
0.885605  53
0.885609  364
0.885904  305
0.886017  294
0.886053  311
0.886755  303
0.886991  276
0.887253  320
0.887668  0
0.887757  77
0.887785  181
0.888097  137
0.888509  191
0.888633  337
0.888638  207
0.888649  333
0.888903  345
0.889611  226
0.889927  339
0.889945  18
0.889998  2
0.890225  64
0.890469  360
0.891336  126
0.89156  288
0.891854  354
0.891984  330
0.892296  173
0.893162  308
0.893482  324
0.893774  130
0.894357  353
0.894412  102
0.89514  187
0.895229  73
0.895757  215
0.895793  301
0.896059  190
0.896146  47
0.896206  272
0.896298  7
0.896344  261
0.896402  99
0.896611  178
0.896935  236
0.897235  263
0.897355  199
0.897468  342
0.897499  97
0.897528  247
0.897566  219
0.897699  34
0.897702  254
0.897753  36
0.897763  143
0.897915  23
0.897923  26
0.898011  384
0.8981  293
0.898136  29
0.898151  158
0.898164  230
0.898258  391
0.898283  386
0.898417  348
0.898476  396
0.898528  385
0.898545  210
0.898587  267
0.898657  105
0.898659  323
0.898727  304
0.898792  175
0.898911  229
0.899094  71
0.899287  340
0.899332  278
0.899415  242
0.899589  93
0.899816  133
0.899834  302
0.899855  112
0.900035  10
0.90029  171
0.900362  39
0.900435  325
0.900441  56
0.900737  321
0.900799  356
0.900917  394
0.901361  222
0.901394  265
0.901402  269
0.901539  326
0.901709  393
0.901831  382
0.90191  11
0.901912  139
0.901929  332
0.902008  51
0.902018  312
0.902583  132
0.902597  370
0.902757  365
0.903402  100
0.903519  203
0.904079  124
0.904182  379
0.904249  315
0.904258  398
0.904508  371
0.904884  377
0.905179  260
0.905268  85
0.905503  334
0.906323  390
0.906394  369
0.906444  40
0.906743  310
0.906795  38
0.907293  177
0.907389  25
0.90788  317
0.907985  297
0.908193  373
0.90843  355
0.90852  287
0.908653  69
0.908693  322
0.908708  286
0.908724  217
0.908996  113
0.909052  98
0.909107  367
0.909548  338
0.909906  383
0.910032  186
0.910059  347
0.910337  357
0.910369  250
0.910427  307
0.910701  381
0.910916  35
0.910977  361
0.911528  205
0.912638  336
0.913128  366
0.913363  328
0.913518  299
0.915144  387
0.915181  344
0.915224  335
0.915234  329
0.915252  151
0.915284  313
0.915767  104
0.916214  279
0.916543  395
0.916546  225
0.916903  228
0.917035  368
0.917519  374
0.918561  183
0.918903  358
0.919492  337
0.919831  392
0.919955  153
0.920167  346
0.920181  164
0.920211  378
0.9207  65
0.920716  364
0.921771  59
0.921895  306
0.922314  118
0.922587  280
0.922961  375
0.923393  389
0.923499  316
0.926408  43
0.926932  319
0.927119  167
0.927425  258
0.927546  33
0.927985  182
0.92805  52
0.928085  157
0.928371  13
0.928381  360
0.928468  275
0.928509  314
0.92858  300
0.928603  318
0.928614  160
0.92868  131
0.928778  218
0.930476  388
0.930566  244
0.930572  45
0.930835  142
0.931023  204
0.931038  18
0.931167  359
0.931567  223
0.931737  125
0.93187  82
0.931954  397
0.931954  22
0.931974  345
0.932065  127
0.932099  309
0.932136  86
0.932181  362
0.93229  101
0.93253  303
0.932888  282
0.932901  376
0.933006  298
0.933017  37
0.933073  290
0.933125  240
0.933394  396
0.933432  349
0.93364  363
0.933649  291
0.933675  351
0.933755  243
0.934143  352
0.934627  308
0.934819  70
0.934842  216
0.935059  372
0.935165  72
0.935706  350
0.936819  180
0.93718  224
0.937389  14
0.93741  289
0.937759  21
0.93778  150
0.937956  169
0.93827  120
0.938333  74
0.938545  327
0.938579  391
0.938848  331
0.938932  55
0.938989  341
0.939101  330
0.939378  256
0.939548  380
0.939665  185
0.939861  30
0.940305  339
0.940379  277
0.940401  107
0.940869  311
0.941042  76
0.941935  264
0.942016  111
0.942536  163
0.942859  184
0.943002  155
0.943181  135
0.943259  399
0.943268  114
0.943365  188
0.943421  89
0.943522  110
0.943537  235
0.943569  324
0.943638  162
0.943764  140
0.943807  257
0.94394  61
0.944006  3
0.944007  87
0.944008  209
0.944058  229
0.94423  325
0.944262  305
0.944263  159
0.944565  129
0.944621  146
0.945029  88
0.945034  166
0.945074  179
0.945094  371
0.94522  134
0.945254  284
0.945315  141
0.945386  109
0.945399  393
0.945432  84
0.945433  323
0.945471  5
0.945472  148
0.945787  54
0.945829  386
0.945959  237
0.946165  332
0.946225  79
0.946233  315
0.946257  189
0.946294  354
0.946565  196
0.946605  232
0.946645  198
0.946707  348
0.946748  4
0.946765  19
0.946818  361
0.946921  8
0.947011  377
0.947025  390
0.947053  385
0.947176  394
0.947192  221
0.947273  334
0.947346  9
0.947514  176
0.947723  165
0.947854  356
0.947861  358
0.947882  294
0.948196  62
0.948363  336
0.948678  379
0.949106  6
0.94918  381
0.949437  340
0.94969  304
0.95027  312
0.950307  273
0.950635  384
0.950659  115
0.950711  326
0.951212  355
0.95122  285
0.951817  382
0.951908  206
0.952074  314
0.952279  57
0.952639  190
0.952669  383
0.952873  392
0.952897  313
0.952996  335
0.953219  398
0.953277  90
0.953395  322
0.953463  78
0.953499  128
0.954368  121
0.954524  310
0.954838  271
0.955035  12
0.955059  317
0.955251  245
0.955279  320
0.955306  161
0.955353  359
0.95559  343
0.956192  366
0.956738  344
0.956797  247
0.956842  149
0.956947  68
0.957055  281
0.957534  333
0.957725  373
0.957734  319
0.957857  374
0.957896  200
0.958648  370
0.958695  357
0.960349  112
0.96035  364
0.960577  378
0.961055  337
0.961519  306
0.961648  338
0.961697  60
0.962263  0
0.962428  368
0.962632  375
0.962883  31
0.963096  395
0.963836  81
0.963847  147
0.964523  217
0.964774  365
0.96484  329
0.965135  367
0.966858  301
0.96688  369
0.967073  58
0.967771  25
0.967848  227
0.968359  342
0.968476  123
0.969062  300
0.969886  321
0.970253  50
0.970746  236
0.971264  24
0.971283  241
0.971302  345
0.971638  360
0.971785  41
0.972077  295
0.972104  98
0.97231  388
0.972397  307
0.973739  389
0.973935  138
0.973971  346
0.974139  267
0.974177  272
0.974246  29
0.974743  7
0.974998  353
0.97513  56
0.975285  42
0.975927  230
0.976059  351
0.976077  372
0.97608  80
0.976163  347
0.976226  308
0.976601  309
0.976712  36
0.976775  122
0.976925  174
0.978069  397
0.978395  11
0.979019  132
0.979033  283
0.979598  152
0.979643  240
0.979837  77
0.980332  10
0.980658  387
0.98083  213
0.980858  327
0.981025  48
0.981435  28
0.981594  385
0.981606  191
0.981609  103
0.981893  116
0.981894  318
0.982161  391
0.982284  201
0.982298  328
0.982316  238
0.982624  105
0.982931  233
0.982965  363
0.983133  352
0.983832  207
0.984115  16
0.984136  386
0.984195  220
0.984196  66
0.984428  287
0.984442  226
0.984475  260
0.984854  170
0.984948  305
0.985127  73
0.985585  92
0.985648  263
0.985676  197
0.985835  316
0.986385  286
0.986536  49
0.986558  17
0.986581  248
0.986645  377
0.986814  339
0.986873  108
0.986879  199
0.986925  262
0.987273  63
0.987441  242
0.98752  252
0.987525  215
0.9876  51
0.987864  246
0.987967  336
0.988022  13
0.98806  99
0.988343  314
0.988369  340
0.988479  154
0.988504  303
0.98857  23
0.98864  366
0.988736  35
0.988793  211
0.98882  320
0.989054  312
0.989104  71
0.989191  253
0.989239  331
0.989361  380
0.989549  212
0.989875  106
0.989959  76
0.98998  311
0.990046  399
0.990149  208
0.990296  46
0.990409  354
0.990494  388
0.990844  214
0.991358  94
0.991486  269
0.99157  250
0.991579  341
0.992028  325
0.99218  278
0.992307  382
0.993181  348
0.993283  187
0.993743  302
0.994044  390
0.99407  225
0.994187  330
0.994339  96
0.994471  280
0.994709  358
0.994711  32
0.994831  151
0.994846  319
0.994854  374
0.994884  181
0.994962  22
0.995057  172
0.995251  315
0.995279  156
0.995494  393
0.995574  202
0.995787  364
0.996116  264
0.996162  1
0.99633  383
0.996403  361
0.996809  304
0.996823  130
0.996846  2
0.997657  144
0.99766  349
0.997775  69
0.997826  335
0.997861  324
0.998068  70
0.998374  150
0.998656  20
0.998712  398
0.99909  381
0.999288  350
0.99929  194
0.999424  87
0.999576  268
0.999595  370
0.999697  84
0.999929  371
0.999935  26
