1.34237e-07  80
2.5583e-06  40
2.77104e-06  113
1.64381e-05  181
1.7798e-05  47
2.01299e-05  204
2.08153e-05  81
2.38183e-05  79
2.6076e-05  57
2.69278e-05  97
2.75935e-05  229
2.82573e-05  89
3.25316e-05  28
3.30374e-05  29
3.78333e-05  63
3.87477e-05  169
4.20012e-05  140
4.34415e-05  60
4.47983e-05  193
4.77571e-05  77
5.34881e-05  197
5.63295e-05  65
5.99817e-05  69
6.18828e-05  219
6.25828e-05  108
6.39506e-05  93
6.53797e-05  104
6.63889e-05  189
6.6716e-05  143
6.76282e-05  176
6.88231e-05  225
7.10833e-05  232
7.18207e-05  228
7.24306e-05  87
7.81646e-05  133
7.90572e-05  124
8.0967e-05  223
8.49905e-05  144
9.5031e-05  92
0.000104605  149
0.000106406  109
0.000109701  111
0.000114587  156
0.000114722  147
0.000115847  171
0.000116309  168
0.000118067  43
0.000119744  31
0.00012051  52
0.000121672  136
0.000127603  51
0.000128409  191
0.000133757  64
0.000135767  96
0.000136986  48
0.000139762  8
0.000141179  216
0.000149358  188
0.000149819  103
0.000150961  75
0.000151194  95
0.000153872  112
0.000154333  151
0.000163253  127
0.000165567  179
0.000166257  27
0.000167978  116
0.00017503  76
0.000182362  128
0.000182677  163
0.000188908  117
0.000190802  256
0.000193339  11
0.000196327  195
0.000197829  220
0.000203584  45
0.000210392  180
0.000211122  259
0.000212569  125
0.000215567  192
0.000218291  99
0.000222068  72
0.000230412  59
0.000232381  132
0.000236921  107
0.000242971  167
0.00024375  148
0.000244333  173
0.000249319  131
0.000249953  56
0.000259427  137
0.000262225  67
0.00026509  85
0.000265515  235
0.000266664  100
0.000270838  145
0.000270984  224
0.000276988  172
0.000282879  91
0.000283989  160
0.000284276  231
0.000284538  84
0.000288663  139
0.00028963  2
0.000294092  185
0.000294697  24
0.000294779  177
0.000309616  161
0.000317923  41
0.000319419  53
0.000323074  83
0.000324521  257
0.000328402  25
0.000330713  141
0.000333508  6
0.000345691  183
0.000353803  164
0.00035396  71
0.000355622  129
0.000357689  217
0.000358596  233
0.000358841  115
0.00036209  119
0.000365592  73
0.000368225  187
0.000374323  55
0.000414987  221
0.000422503  165
0.00043076  120
0.000436792  205
0.000447248  101
0.000447898  207
0.00044813  196
0.000456227  199
0.000462739  68
0.000463139  88
0.000469935  159
0.000471851  123
0.000504024  61
0.000516879  105
0.000533933  49
0.000560372  175
0.000608362  121
0.000629447  227
0.000642496  44
0.000652316  135
0.000653631  157
0.000681665  184
0.000716496  9
0.00314674  344
0.00345259  380
0.0035444  37
0.00356533  243
0.00365221  358
0.00366471  332
0.00367195  347
0.00369605  379
0.00379509  272
0.00384457  383
0.00384807  284
0.00392743  333
0.00392776  364
0.00393926  335
0.00393936  362
0.00396093  342
0.00397097  363
0.00398468  371
0.00398924  386
0.0040088  314
0.00403946  321
0.00404353  399
0.00410932  392
0.00413963  384
0.00416195  366
0.00418691  365
0.00419447  393
0.00422837  331
0.00423738  351
0.00425698  312
0.00431113  253
0.00432144  317
0.00433418  300
0.00433658  330
0.00434052  359
0.00437091  370
0.0043755  316
0.00438217  354
0.00438572  395
0.0043957  372
0.0044141  340
0.00445718  378
0.00446263  353
0.00446619  305
0.00447116  394
0.00448365  377
0.00449428  328
0.00450051  367
0.00450964  304
0.00455785  309
0.00456468  265
0.00457702  277
0.00457751  350
0.00462108  387
0.00462829  346
0.00467346  17
0.00469478  307
0.00475409  0
0.00477749  374
0.00480236  369
0.0048187  308
0.00485931  334
0.00488164  352
0.00491105  397
0.00494888  355
0.00496576  240
0.00498197  382
0.0049824  329
0.00507901  326
0.0051118  322
0.00512944  343
0.00518407  337
0.00518916  389
0.00521069  324
0.00529507  376
0.00530194  391
0.00533121  320
0.00535659  341
0.00536691  388
0.00543539  153
0.00545129  323
0.00550267  375
0.00551224  348
0.00552079  315
0.00554877  319
0.00558282  318
0.00570062  339
0.00570588  311
0.00579683  13
0.00580862  360
0.00581857  345
0.00583805  302
0.00588176  280
0.00588821  303
0.00612564  291
0.00612694  281
0.00622078  283
0.00626875  306
0.00629673  396
0.00648414  255
0.00663982  356
0.0067008  296
0.00675909  301
0.00677347  152
0.00704236  313
0.00711214  325
0.0072294  368
0.00728892  336
0.00735795  390
0.00798729  310
0.00804803  261
0.00806025  242
0.00815783  214
0.00859655  202
0.00924744  338
0.0094492  39
0.0105166  263
0.0116865  398
0.0122801  7
0.0128037  381
0.0133723  16
0.01375  327
0.0144538  385
0.0156542  5
0.0162151  241
0.0175249  357
0.0198708  361
0.025412  373
0.0288787  227
0.0327316  332
0.0329966  276
0.0354887  135
0.0378201  358
0.038096  399
0.0383851  379
0.0419755  384
0.0432639  365
0.0437395  392
0.044301  344
0.0443686  378
0.0443961  37
0.0451344  330
0.0456712  288
0.0469016  257
0.0469876  351
0.047925  383
0.0489531  155
0.0496482  347
0.0500335  362
0.0503463  224
0.0507489  305
0.0517527  353
0.0518855  111
0.0521879  386
0.0522174  264
0.0525197  349
0.0525665  271
0.0530145  15
0.05302  238
0.053061  363
0.0530807  314
0.0532168  117
0.053256  268
0.0532884  213
0.0533477  394
0.0534766  250
0.0538212  65
0.0539153  208
0.0539994  172
0.0547942  217
0.0550795  376
0.0552852  211
0.0558076  366
0.0559547  312
0.0560949  374
0.0561024  132
0.0563841  369
0.0564529  340
0.0565024  233
0.0565464  75
0.0566489  367
0.0567417  161
0.0567613  348
0.0568869  293
0.0570755  119
0.0574189  275
0.0574546  38
0.0574577  266
0.0576309  35
0.0577158  270
0.05778  321
0.0578281  22
0.0578803  96
0.0579048  299
0.0580328  23
0.0580805  380
0.058202  333
0.0583654  89
0.0584157  354
0.0584745  382
0.0587776  337
0.0588471  324
0.0590042  371
0.0590788  191
0.0591467  309
0.0593133  300
0.0593716  254
0.0593904  334
0.0595189  328
0.0596972  101
0.0598284  335
0.0600536  342
0.060324  331
0.0603561  237
0.0604402  204
0.0604644  322
0.0605037  32
0.0608165  297
0.0609281  292
0.060933  200
0.0612214  397
0.0613271  273
0.0613327  187
0.0614693  319
0.0615739  387
0.0617103  59
0.0617452  317
0.0618803  316
0.0619433  80
0.0623772  4
0.0624319  315
0.0626326  370
0.062972  262
0.063206  377
0.063367  25
0.063533  359
0.0635667  9
0.063651  120
0.063851  352
0.0642112  3
0.0642118  343
0.0644851  388
0.0648563  125
0.065005  304
0.0651826  345
0.0654084  99
0.0654302  326
0.0655588  329
0.0656536  310
0.0658135  301
0.0662319  123
0.0663024  246
0.0675909  55
0.067605  212
0.0677874  253
0.0679379  391
0.0680468  393
0.068486  177
0.0686807  302
0.0692201  311
0.0696677  71
0.0702249  385
0.0703781  350
0.0708964  398
0.0711893  239
0.0716932  105
0.0717526  381
0.0720114  372
0.0721243  193
0.0724389  160
0.072456  139
0.0729597  339
0.0733878  18
0.0734496  390
0.0735083  346
0.0735798  294
0.0740911  141
0.074372  336
0.0744368  384
0.075865  375
0.0761747  360
0.0778326  307
0.0785728  5
0.0786847  73
0.0787137  36
0.0793534  215
0.0807046  358
0.0820545  45
0.0821314  6
0.0827124  14
0.0827691  290
0.0830451  196
0.0832672  93
0.0832928  308
0.083357  244
0.0834763  320
0.0841361  131
0.0845029  303
0.0845066  284
0.0845132  313
0.0845425  392
0.0845572  395
0.0848209  396
0.0853967  327
0.0856831  355
0.0858999  91
0.0859096  368
0.0860524  236
0.0861765  272
0.0861918  389
0.0862752  341
0.0864719  269
0.0866003  332
0.0869109  16
0.0876047  356
0.0881119  323
0.0882748  289
0.0890353  231
0.0891695  338
0.0893212  221
0.0894692  159
0.0897383  325
0.0905552  84
0.0908765  351
0.0917726  399
0.0925795  12
0.0936698  245
0.093701  318
0.096522  330
0.0980032  285
0.0981169  257
0.0981358  243
0.0988339  305
0.0991219  34
0.0997032  21
0.0998227  373
0.0998851  386
0.100316  367
0.10042  108
0.100647  156
0.10065  357
0.100677  364
0.100782  374
0.100895  228
0.101087  13
0.101306  189
0.101313  274
0.102921  103
0.103098  28
0.103295  378
0.103305  107
0.103324  340
0.103718  240
0.10386  63
0.104761  137
0.104833  41
0.104868  7
0.105034  348
0.105129  344
0.105392  169
0.105472  278
0.105908  46
0.105923  167
0.106321  376
0.106463  33
0.106663  322
0.107193  267
0.107568  247
0.107583  314
0.107632  251
0.10765  383
0.107891  153
0.107906  205
0.108102  363
0.108358  67
0.108438  296
0.108443  17
0.10858  112
0.10859  362
0.108756  369
0.108781  306
0.109184  24
0.109226  19
0.109268  328
0.109487  98
0.109585  315
0.109754  353
0.109887  199
0.109976  349
0.110024  61
0.110069  361
0.110149  248
0.110164  261
0.110467  201
0.110479  359
0.110503  53
0.110571  339
0.110774  100
0.110835  11
0.110967  379
0.11144  214
0.111611  168
0.111622  380
0.11163  384
0.111721  350
0.111761  166
0.111812  312
0.11195  298
0.111966  52
0.112004  334
0.112179  264
0.112218  342
0.112293  393
0.11232  324
0.112329  382
0.112733  68
0.113109  0
0.113457  279
0.113554  144
0.113647  3
0.113697  139
0.11412  317
0.114127  136
0.114233  242
0.114324  331
0.11472  347
0.114791  129
0.114873  388
0.114913  346
0.115056  343
0.115117  265
0.115127  333
0.115462  187
0.115922  79
0.116172  321
0.116581  397
0.116863  310
0.116868  175
0.117085  301
0.117258  371
0.117497  309
0.117579  97
0.117708  381
0.118445  115
0.118545  300
0.118617  365
0.119122  32
0.119392  191
0.119599  370
0.119699  308
0.119705  263
0.119938  172
0.119973  391
0.119977  302
0.120399  27
0.120721  83
0.121302  210
0.121366  311
0.121588  360
0.121931  157
0.122467  178
0.122497  249
0.122522  76
0.122839  335
0.122972  185
0.123048  304
0.123069  8
0.123283  154
0.123448  398
0.123485  313
0.123619  354
0.123849  177
0.12475  338
0.125057  390
0.125226  327
0.125379  387
0.125841  392
0.125872  345
0.125949  303
0.12626  122
0.128025  366
0.128701  223
0.129504  372
0.130048  389
0.130124  260
0.130512  336
0.130719  37
0.132654  25
0.135505  337
0.13586  286
0.13622  385
0.138017  216
0.140275  307
0.140338  250
0.140764  318
0.140916  377
0.140986  208
0.141002  325
0.141306  45
0.141561  220
0.14163  320
0.141784  351
0.141969  121
0.142316  85
0.142362  183
0.142449  14
0.143048  356
0.14306  123
0.143062  352
0.143673  394
0.144185  209
0.144361  329
0.144504  367
0.144631  358
0.144658  22
0.145097  194
0.145264  319
0.145355  229
0.145393  395
0.146004  305
0.146486  355
0.146874  184
0.146886  357
0.147081  299
0.147388  332
0.147418  375
0.14752  132
0.147525  326
0.147592  60
0.147739  348
0.148624  163
0.149191  287
0.149317  179
0.149488  107
0.149787  51
0.150224  340
0.150522  234
0.15072  323
0.150735  62
0.150782  135
0.15079  288
0.151068  399
0.151304  218
0.151528  341
0.151577  149
0.151611  38
0.15208  150
0.152375  378
0.152505  75
0.153243  128
0.15338  90
0.153881  268
0.154162  280
0.15428  386
0.154668  189
0.154942  239
0.155219  256
0.155382  364
0.155782  203
0.155874  1
0.156108  282
0.15613  373
0.156188  235
0.156532  193
0.156612  159
0.156889  284
0.157059  86
0.157295  95
0.157475  376
0.157497  344
0.15762  396
0.157712  253
0.157724  374
0.157844  39
0.157845  361
0.157919  138
0.157998  324
0.15844  314
0.158486  26
0.158565  176
0.158572  101
0.158573  57
0.158755  29
0.158951  190
0.159071  217
0.159722  181
0.159846  59
0.159861  368
0.160025  64
0.160102  271
0.160181  106
0.160305  306
0.160336  72
0.160344  130
0.160526  221
0.160544  321
0.160649  363
0.160766  233
0.160832  294
0.160864  383
0.161047  170
0.161069  227
0.161128  125
0.16113  92
0.161162  379
0.161186  152
0.161362  109
0.161506  393
0.161566  333
0.161693  81
0.161926  124
0.161953  343
0.161977  362
0.162045  330
0.162196  301
0.162376  277
0.162448  3
0.1626  180
0.162695  300
0.162922  293
0.162934  186
0.162969  252
0.163061  398
0.163259  55
0.163267  198
0.163411  63
0.163469  328
0.163483  140
0.163523  113
0.163544  232
0.163584  207
0.163596  202
0.163679  382
0.163696  391
0.163704  369
0.163769  335
0.163828  273
0.163861  387
0.163871  303
0.163897  345
0.163994  94
0.164033  365
0.164067  196
0.16409  322
0.164103  262
0.164124  276
0.164132  254
0.164238  48
0.16428  316
0.164321  23
0.164422  69
0.164512  347
0.164549  290
0.164788  308
0.164887  384
0.164929  147
0.165047  346
0.165177  15
0.165212  98
0.1655  164
0.165533  302
0.165835  312
0.165847  105
0.165943  68
0.166059  165
0.16609  279
0.166112  173
0.166115  358
0.166143  108
0.166152  171
0.166175  353
0.166176  351
0.166412  354
0.166503  244
0.166576  339
0.166581  342
0.166644  49
0.166679  381
0.166718  84
0.166794  182
0.166946  372
0.166961  385
0.167098  111
0.167228  272
0.16738  389
0.167421  151
0.167468  370
0.167566  19
0.167588  103
0.167623  297
0.167689  304
0.167696  238
0.167726  315
0.167811  307
0.167818  334
0.167892  83
0.168238  114
0.168384  313
0.16839  119
0.168454  281
0.168462  131
0.168547  5
0.168552  143
0.168552  291
0.168877  247
0.169142  10
0.169144  311
0.169181  349
0.169287  213
0.169402  195
0.169405  270
0.16943  338
0.169478  318
0.169531  2
0.169595  206
0.169658  392
0.169664  390
0.169724  245
0.169758  214
0.169816  241
0.169882  377
0.169942  145
0.170022  350
0.170102  359
0.170256  397
0.170387  37
0.170438  317
0.170469  319
0.170535  309
0.170728  134
0.170743  320
0.170796  341
0.170818  266
0.17083  172
0.170983  44
0.171024  337
0.171045  310
0.171312  360
0.171522  112
0.171648  11
0.171853  30
0.171938  327
0.17204  20
0.172349  211
0.172819  117
0.17332  246
0.173529  259
0.173841  78
0.173862  122
0.17389  46
0.174008  295
0.174056  222
0.174933  118
0.175151  331
0.175391  355
0.175549  175
0.175556  265
0.175726  296
0.175794  388
0.175923  380
0.175954  215
0.176106  283
0.176175  332
0.176625  96
0.176715  356
0.176942  395
0.177257  225
0.177305  251
0.177395  102
0.177482  371
0.177684  305
0.177765  191
0.17807  258
0.178565  396
0.178659  38
0.17902  18
0.179095  80
0.1791  329
0.179205  357
0.179575  74
0.180226  366
0.180448  4
0.180618  178
0.180708  263
0.182072  269
0.182601  375
0.182654  336
0.182822  226
0.183187  27
0.185524  383
0.186056  200
0.186141  228
0.186154  325
0.186228  54
0.186305  157
0.186444  204
0.186921  56
0.186967  399
0.187102  394
0.187227  162
0.187473  340
0.187584  398
0.187774  85
0.187915  127
0.18912  161
0.189624  123
0.189836  344
0.18992  321
0.1902  14
0.190425  322
0.190757  42
0.190957  364
0.191029  9
0.191366  328
0.191592  323
0.192106  314
0.19216  237
0.192762  21
0.193347  158
0.193477  88
0.193527  275
0.194464  379
0.195  0
0.195175  76
0.19567  363
0.196035  353
0.196264  61
0.196658  129
0.196675  324
0.196723  261
0.197864  126
0.197993  216
0.198425  136
0.198732  374
0.198992  218
0.199207  148
0.199312  333
0.1994  352
0.199495  381
0.199653  65
0.199759  183
0.199774  315
0.199789  205
0.199961  201
0.200249  240
0.200389  376
0.200668  181
0.200725  224
0.200849  386
0.20086  302
0.200986  382
0.201431  233
0.201431  360
0.201956  308
0.201995  130
0.202002  369
0.202008  373
0.202145  339
0.202358  135
0.202389  351
0.202554  289
0.202578  347
0.20262  67
0.202813  110
0.203186  93
0.203438  310
0.203498  120
0.203612  368
0.204642  348
0.204653  335
0.204734  319
0.204875  365
0.205681  332
0.206075  185
0.206121  273
0.206763  330
0.207015  392
0.207075  358
0.207133  230
0.207254  306
0.207707  307
0.208074  331
0.208644  326
0.208783  50
0.209807  345
0.209901  73
0.21  212
0.210409  43
0.211384  292
0.211418  255
0.211542  312
0.211955  22
0.212183  258
0.21236  391
0.212561  387
0.213468  72
0.213691  316
0.213741  372
0.213851  377
0.214219  77
0.2143  361
0.214658  385
0.215131  128
0.215456  229
0.21551  71
0.216421  366
0.216498  285
0.216997  116
0.217705  362
0.218315  86
0.218727  268
0.218747  313
0.218752  257
0.218944  370
0.219308  104
0.219939  150
0.220143  311
0.220453  390
0.220621  384
0.220734  12
0.220879  160
0.221171  343
0.221522  62
0.221722  174
0.221802  341
0.222082  301
0.222128  36
0.222323  354
0.222582  334
0.223338  371
0.223383  243
0.223579  300
0.223584  303
0.22427  367
0.225038  248
0.226216  346
0.226261  350
0.227398  389
0.227866  70
0.229168  137
0.229521  121
0.229681  247
0.230119  213
0.230555  396
0.230866  388
0.231885  79
0.232225  378
0.232817  355
0.233083  197
0.233266  232
0.233801  203
0.233913  320
0.234068  92
0.234224  286
0.234489  338
0.235304  309
0.235309  336
0.235695  364
0.236145  244
0.236242  349
0.236299  318
0.236462  337
0.237005  131
0.237547  380
0.237885  89
0.237907  398
0.238479  142
0.238866  342
0.239356  55
0.239906  100
0.239911  236
0.240229  187
0.240395  7
0.240467  397
0.24086  375
0.241288  91
0.241824  186
0.242216  143
0.242335  138
0.242913  87
0.242919  75
0.243008  246
0.243234  64
0.243467  169
0.243594  184
0.243747  51
0.244134  298
0.244158  344
0.244177  34
0.244302  359
0.244822  325
0.244832  264
0.244903  327
0.245048  394
0.245235  395
0.245287  386
0.245502  270
0.245674  260
0.246208  280
0.246338  45
0.246343  262
0.246396  333
0.246458  134
0.24666  17
0.246665  194
0.246686  305
0.247007  199
0.247241  18
0.247866  206
0.24788  168
0.247968  58
0.248013  356
0.248221  152
0.24838  357
0.248584  329
0.248635  368
0.248667  328
0.248667  35
0.248674  324
0.248856  80
0.248997  271
0.249006  29
0.249375  393
0.249524  57
0.249789  221
0.249866  281
0.24994  323
0.249987  15
0.250008  220
0.250141  198
0.250226  4
0.250279  119
0.25033  249
0.250452  210
0.250557  373
0.250563  296
0.250576  382
0.250784  68
0.250815  347
0.250816  335
0.251218  231
0.251337  108
0.251458  26
0.251498  46
0.251518  8
0.251608  340
0.251662  399
0.251671  78
0.251692  317
0.251713  188
0.251745  155
0.251872  302
0.251879  275
0.251895  239
0.251953  242
0.251996  370
0.252005  295
0.252089  170
0.252098  82
0.252104  294
0.252122  123
0.252199  48
0.252207  217
0.252209  266
0.252482  53
0.252505  90
0.252516  261
0.252649  201
0.252674  383
0.252683  351
0.252898  66
0.252968  164
0.252978  106
0.252994  151
0.253003  307
0.253101  322
0.253136  267
0.25317  315
0.253224  6
0.253251  173
0.253264  207
0.25329  139
0.253328  365
0.253356  227
0.253418  52
0.253439  171
0.253495  245
0.253653  69
0.253724  376
0.253765  96
0.253851  49
0.253883  316
0.253922  156
0.253934  392
0.25396  148
0.253976  310
0.25409  379
0.254248  278
0.254279  314
0.254285  59
0.254292  353
0.254389  319
0.25442  326
0.254434  389
0.254466  367
0.254574  311
0.254602  13
0.254702  381
0.254761  23
0.254768  332
0.254907  44
0.254961  109
0.254982  330
0.254991  94
0.255012  238
0.255072  361
0.255237  321
0.255283  355
0.255334  303
0.255389  193
0.25544  213
0.255476  47
0.2555  39
0.255509  182
0.255578  153
0.255587  371
0.255596  185
0.255604  339
0.255619  172
0.255674  88
0.25575  363
0.255806  343
0.255813  374
0.255972  166
0.255991  5
0.255997  291
0.256003  103
0.256016  360
0.256088  252
0.256132  366
0.256281  146
0.256437  175
0.256458  341
0.256537  202
0.256582  16
0.256702  308
0.256927  84
0.256974  165
0.25702  369
0.257115  372
0.257118  348
0.257118  388
0.257149  354
0.257171  299
0.257197  396
0.257276  240
0.257327  352
0.257351  342
0.257529  241
0.257542  290
0.257544  313
0.257573  385
0.25764  338
0.257671  190
0.257815  97
0.257917  304
0.258051  93
0.258191  117
0.258246  306
0.258272  282
0.258434  350
0.258719  318
0.258742  41
0.258744  124
0.258789  384
0.258864  345
0.258932  390
0.258977  162
0.259042  288
0.259085  42
0.259151  301
0.259174  358
0.259263  309
0.259283  222
0.25932  0
0.259445  364
0.259485  19
0.259488  334
0.259615  331
0.259851  127
0.25998  320
0.260126  60
0.260338  378
0.260641  98
0.260944  377
0.261035  300
0.261111  144
0.26115  192
0.26198  344
0.262042  214
0.26272  368
0.262888  140
0.263589  250
0.263918  208
0.263927  336
0.2647  133
0.264777  37
0.264984  101
0.265179  14
0.265218  312
0.265345  32
0.265751  375
0.265767  225
0.267061  387
0.267373  244
0.267883  276
0.268327  167
0.269023  346
0.269206  274
0.269729  24
0.270748  92
0.270779  337
0.271662  333
0.271911  329
0.276083  254
0.278559  179
0.27932  398
0.279431  394
0.280233  325
0.280582  397
0.281171  314
0.281173  287
0.281851  395
0.282297  399
0.282428  362
0.286565  195
0.2879  380
0.288196  40
0.288312  382
0.288516  74
0.28858  349
0.289518  319
0.28996  95
0.290101  391
0.290989  383
0.29196  327
0.292233  323
0.292415  73
0.292901  289
0.293576  328
0.293841  105
0.293882  99
0.293992  149
0.294081  386
0.294257  332
0.294443  228
0.295115  122
0.295545  2
0.29569  219
0.295929  357
0.296994  347
0.297155  381
0.29727  181
0.297669  33
0.297845  189
0.297852  102
0.298096  136
0.298271  237
0.298565  292
0.298617  233
0.298722  326
0.29885  20
0.298966  150
0.299059  243
0.299061  370
0.299086  11
0.299102  183
0.29959  77
0.299658  157
0.299813  54
0.299879  310
0.299889  120
0.299896  371
0.299911  65
0.299924  283
0.300152  315
0.300277  87
0.300322  241
0.300398  141
0.300453  263
0.300592  342
0.300635  393
0.300823  113
0.300884  363
0.300895  376
0.301191  354
0.301263  356
0.301268  302
0.301289  166
0.301376  88
0.301412  273
0.301419  158
0.301425  62
0.3016  335
0.302034  279
0.302065  226
0.302347  317
0.302446  142
0.302471  293
0.302496  211
0.302564  358
0.302588  374
0.302617  385
0.302772  360
0.302931  340
0.303243  86
0.303318  305
0.303444  322
0.303563  130
0.303605  118
0.303707  350
0.303932  21
0.303997  311
0.304065  330
0.30407  316
0.304109  7
0.304138  341
0.304205  389
0.304378  324
0.30445  76
0.3045  176
0.304592  392
0.304634  265
0.304854  390
0.305025  373
0.305028  379
0.30504  28
0.305074  174
0.305426  235
0.305499  163
0.305646  388
0.305678  132
0.305766  280
0.305844  365
0.305933  275
0.30605  177
0.306098  372
0.306172  308
0.306251  268
0.306274  348
0.306463  121
0.306478  22
0.306586  115
0.306586  27
0.30661  304
0.306704  369
0.30672  343
0.306741  70
0.307023  344
0.307125  300
0.307479  205
0.307533  147
0.307856  3
0.308161  367
0.308315  355
0.308318  145
0.308502  72
0.30854  338
0.308602  104
0.308611  69
0.308666  334
0.308862  151
0.308867  110
0.309147  112
0.309157  246
0.309265  236
0.309401  339
0.309414  206
0.309459  366
0.30948  56
0.309789  361
0.309846  187
0.309987  12
0.310092  143
0.310384  85
0.310449  321
0.310469  336
0.311264  188
0.3113  309
0.311358  353
0.311423  242
0.311519  378
0.311655  331
0.311872  125
0.312316  368
0.313084  306
0.313284  352
0.313421  351
0.31357  272
0.313877  297
0.314329  55
0.314752  63
0.315191  384
0.315531  285
0.315589  1
0.315658  337
0.316333  314
0.316534  64
0.316782  262
0.317089  67
0.317476  159
0.317653  97
0.317662  362
0.317789  320
0.318126  137
0.318645  346
0.320458  180
0.320663  49
0.321396  313
0.321439  286
0.321834  396
0.322174  83
0.322608  307
0.322729  270
0.323317  35
0.32332  387
0.323362  284
0.323611  216
0.323706  312
0.323772  19
0.324136  333
0.324386  84
0.324481  278
0.324597  318
0.324689  247
0.325331  328
0.325645  25
0.32641  325
0.327074  261
0.327117  10
0.3274  377
0.327766  154
0.328766  397
0.328932  91
0.328959  319
0.329565  349
0.329653  107
0.329753  9
0.330454  364
0.330478  204
0.330533  114
0.330641  51
0.330908  301
0.332138  251
0.332498  394
0.332512  178
0.332715  111
0.332725  80
0.332935  303
0.33303  135
0.333354  380
0.333416  45
0.33362  186
0.333814  345
0.333963  375
0.334001  391
0.334122  198
0.334136  227
0.334292  399
0.33453  386
0.335151  38
0.335242  14
0.33528  50
0.335661  238
0.335727  257
0.336114  253
0.336184  172
0.3365  249
0.336561  335
0.336905  382
0.337123  5
0.33724  138
0.337842  398
0.338107  260
0.338361  359
0.33864  381
0.338654  298
0.338924  156
0.339142  383
0.339173  329
0.339281  124
0.339309  230
0.339316  363
0.339423  17
0.339434  323
0.339452  8
0.33974  78
0.339836  321
0.339872  95
0.340085  326
0.340516  332
0.340697  74
0.340745  371
0.341099  393
0.341219  357
0.341223  79
0.341226  90
0.341234  310
0.341794  271
0.341849  385
0.341878  248
0.341933  376
0.341971  30
0.342129  348
0.342473  341
0.342642  220
0.342896  292
0.343081  390
0.343151  315
0.343312  254
0.343493  374
0.343506  290
0.34365  229
0.343847  311
0.344192  212
0.344728  366
0.345336  347
0.345437  57
0.345748  123
0.346006  170
0.346124  217
0.346349  354
0.346397  367
0.347312  37
0.34734  224
0.347533  389
0.348857  41
0.349673  370
0.349748  296
0.349814  93
0.349982  108
0.35015  360
0.350257  116
0.350292  324
0.350662  358
0.350711  131
0.350895  327
0.351059  355
0.351279  52
0.351359  353
0.351618  259
0.351756  340
0.351874  256
0.351973  267
0.352057  395
0.35211  82
0.352155  34
0.352429  36
0.352597  191
0.353139  86
0.353449  228
0.353507  379
0.353694  96
0.353923  372
0.354042  184
0.354363  277
0.354529  252
0.354536  316
0.354715  129
0.354821  309
0.355062  102
0.355742  302
0.355766  306
0.355793  39
0.355919  343
0.355986  196
0.35623  43
0.356365  294
0.356367  215
0.356406  317
0.356477  322
0.356619  141
0.356774  182
0.356889  225
0.357078  299
0.357147  392
0.357189  305
0.357388  330
0.357456  199
0.357674  218
0.357728  85
0.357863  31
0.357873  113
0.357889  158
0.358036  62
0.358069  365
0.358143  75
0.358206  201
0.358317  351
0.358329  179
0.358576  255
0.358591  61
0.358759  47
0.358833  70
0.358997  283
0.359004  175
0.359098  291
0.359184  92
0.35921  71
0.359248  320
0.359251  33
0.359275  352
0.35934  209
0.359524  361
0.359605  300
0.359711  388
0.359724  356
0.359989  15
0.360171  308
0.360354  384
0.360446  250
0.360477  66
0.360535  245
0.360681  6
0.360815  338
0.360866  166
0.361085  304
0.361122  197
0.361171  373
0.361198  189
0.361264  287
0.361347  160
0.361397  44
0.361542  278
0.36161  120
0.361638  7
0.361661  276
0.361825  46
0.361929  234
0.362117  319
0.362239  337
0.362265  29
0.362304  21
0.362308  339
0.36248  148
0.362492  344
0.362613  213
0.362619  63
0.362678  60
0.362825  121
0.362871  115
0.362951  368
0.362953  1
0.362955  73
0.363026  165
0.363032  318
0.363096  106
0.36313  362
0.363155  280
0.363178  185
0.363299  342
0.363336  268
0.363419  266
0.363446  133
0.363605  140
0.363691  378
0.363854  81
0.363854  331
0.363991  336
0.36405  314
0.364116  399
0.364192  335
0.364346  328
0.364433  53
0.364532  128
0.364657  333
0.364743  193
0.364813  173
0.364893  369
0.365027  350
0.365064  68
0.365162  386
0.365223  313
0.365312  122
0.36539  357
0.365431  94
0.365432  59
0.365484  223
0.365539  262
0.365576  334
0.365608  210
0.365648  114
0.365812  138
0.365852  265
0.365909  28
0.365917  377
0.365921  226
0.366007  387
0.366164  202
0.36642  258
0.366446  155
0.366478  301
0.366508  289
0.366745  126
0.366804  279
0.366811  187
0.366945  346
0.366957  0
0.366968  367
0.367022  32
0.367162  332
0.367222  147
0.367229  396
0.36728  325
0.367342  398
0.367383  281
0.367386  321
0.367412  150
0.36761  56
0.367969  307
0.368141  208
0.368325  195
0.368548  312
0.368669  345
0.369033  390
0.369106  393
0.369122  348
0.369124  375
0.369188  394
0.369254  89
0.369303  383
0.369304  207
0.369413  329
0.36953  233
0.370165  380
0.370167  231
0.370288  130
0.370368  149
0.37042  385
0.370495  237
0.370758  110
0.370881  222
0.371316  316
0.371337  230
0.371351  77
0.371408  45
0.371441  109
0.371481  311
0.371715  359
0.37176  22
0.371912  244
0.371962  107
0.372329  241
0.372388  178
0.37243  24
0.372449  272
0.372637  298
0.37265  254
0.372675  263
0.37271  161
0.372754  200
0.37281  341
0.372841  162
0.372905  16
0.373043  366
0.373253  363
0.373484  381
0.373636  274
0.373706  206
0.373838  27
0.373983  302
0.373987  358
0.374004  376
0.374029  391
0.374066  382
0.374079  83
0.374205  235
0.374254  323
0.374577  303
0.374886  374
0.374943  397
0.375377  273
0.375821  124
0.375944  288
0.376046  100
0.376191  347
0.376237  54
0.376563  194
0.376566  392
0.376681  293
0.376796  275
0.377095  219
0.37744  364
0.377553  232
0.378008  389
0.378312  340
0.378853  125
0.379483  236
0.379504  315
0.37954  354
0.379842  3
0.380007  164
0.380364  309
0.380406  326
0.38073  221
0.380776  105
0.381233  333
0.381485  349
0.383017  26
0.383129  119
0.383157  190
0.38322  163
0.383484  177
0.383833  90
0.383843  145
0.384037  18
0.38416  292
0.384666  372
0.385095  330
0.385442  40
0.386124  284
0.386191  283
0.387153  324
0.387825  370
0.388051  34
0.388323  203
0.388461  51
0.388839  87
0.389415  355
0.390243  322
0.390292  384
0.390649  50
0.39078  117
0.390804  371
0.391538  286
0.391693  352
0.391862  144
0.392203  332
0.392319  379
0.392571  295
0.393201  20
0.393283  136
0.393311  353
0.393471  134
0.394345  399
0.394509  365
0.394975  55
0.395222  337
0.395286  351
0.395294  69
0.395361  305
0.395387  308
0.396108  338
0.396145  259
0.396164  362
0.397301  183
0.397481  310
0.398847  304
0.400108  388
0.400725  336
0.401339  282
0.40302  317
0.403699  327
0.404594  360
0.40515  378
0.40564  320
0.406094  296
0.406249  15
0.406444  63
0.406994  79
0.407689  98
0.408369  76
0.408726  339
0.408749  97
0.408806  68
0.409105  240
0.409198  301
0.409674  395
0.410015  357
0.410653  373
0.411135  224
0.411176  186
0.411861  307
0.411995  335
0.412036  247
0.412109  137
0.412184  345
0.412184  154
0.413208  343
0.413627  314
0.413725  91
0.413812  111
0.413858  39
0.413984  112
0.414007  331
0.414304  361
0.41433  269
0.414758  248
0.414816  181
0.414882  12
0.415054  0
0.415143  313
0.41521  300
0.415361  363
0.415371  142
0.415386  223
0.41575  325
0.416159  88
0.416302  375
0.416351  93
0.416478  14
0.416479  386
0.416568  342
0.416595  367
0.416611  115
0.416626  368
0.416726  306
0.416854  396
0.416861  387
0.416871  71
0.416906  53
0.417226  62
0.417929  38
0.418644  56
0.418647  364
0.418772  341
0.418912  64
0.419184  44
0.419303  191
0.419482  205
0.41949  328
0.41965  23
0.419658  329
0.419693  139
0.419724  359
0.419893  393
0.420014  303
0.420019  318
0.420095  174
0.420177  238
0.420614  291
0.420785  65
0.421127  376
0.421421  390
0.421443  122
0.421459  118
0.421684  356
0.421722  37
0.421809  340
0.421809  81
0.421998  226
0.422002  48
0.422175  358
0.422191  319
0.422238  257
0.422318  31
0.422372  159
0.422667  389
0.422765  290
0.422866  377
0.423078  129
0.423557  13
0.42406  302
0.424246  323
0.424466  217
0.424557  204
0.424801  167
0.425069  35
0.425099  366
0.425388  397
0.425443  350
0.425507  354
0.425537  383
0.426027  385
0.426108  346
0.426128  153
0.426187  218
0.426435  348
0.426538  380
0.427009  11
0.427077  42
0.427568  103
0.42846  321
0.428556  369
0.428864  52
0.42908  86
0.429259  253
0.429869  210
0.430071  108
0.430337  185
0.430361  394
0.430656  72
0.430888  146
0.430904  24
0.430904  316
0.431059  169
0.431142  315
0.431506  135
0.431525  299
0.431612  229
0.431637  264
0.431742  334
0.43194  382
0.431978  61
0.432265  221
0.432357  173
0.432777  74
0.432823  333
0.432877  209
0.432887  381
0.433459  171
0.433602  370
0.433616  123
0.434377  392
0.435463  352
0.435509  311
0.435645  344
0.435737  85
0.435853  326
0.436919  332
0.437623  398
0.43776  308
0.438464  374
0.438569  237
0.438817  78
0.439169  30
0.439928  256
0.440028  57
0.440423  113
0.440487  309
0.441214  73
0.441401  120
0.441473  127
0.441672  384
0.441804  33
0.442525  172
0.442641  338
0.442758  95
0.443123  297
0.443173  310
0.443611  152
0.443785  399
0.443845  312
0.443847  106
0.44391  243
0.4445  41
0.444504  133
0.444557  213
0.444732  242
0.444744  188
0.444755  349
0.44503  362
0.44505  92
0.445267  337
0.445454  365
0.445606  347
0.445723  274
0.445811  357
0.445858  355
0.445973  124
0.44605  32
0.446054  339
0.446467  102
0.446576  379
0.446765  140
0.446827  353
0.44765  206
0.447725  235
0.447768  160
0.447848  372
0.447854  320
0.447934  289
0.448569  156
0.448691  388
0.448733  260
0.448899  305
0.448995  214
0.449045  231
0.449286  246
0.449323  249
0.449686  69
0.449923  9
0.45004  200
0.450208  199
0.450214  324
0.450241  322
0.450373  227
0.451554  66
0.451742  208
0.451745  325
0.451949  368
0.452161  371
0.452258  147
0.452271  211
0.452307  148
0.452355  49
0.452742  220
0.453082  177
0.453211  198
0.453215  268
0.45334  378
0.453537  395
0.453651  317
0.453664  201
0.453718  323
0.45389  184
0.453994  336
0.454063  331
0.454326  230
0.454385  104
0.454609  366
0.454721  212
0.45493  391
0.454988  176
0.455037  351
0.455194  125
0.455208  215
0.455297  307
0.455311  301
0.45544  180
0.455827  110
0.455841  360
0.455948  8
0.456148  216
0.456314  145
0.45634  96
0.456674  179
0.456817  272
0.456836  182
0.456941  132
0.456987  141
0.457  327
0.457016  119
0.457176  234
0.457176  22
0.457314  341
0.457388  265
0.457424  304
0.45749  375
0.457614  168
0.457662  380
0.457804  386
0.458018  158
0.458038  63
0.458063  20
0.458243  340
0.458289  367
0.458346  84
0.458503  373
0.458646  306
0.458708  343
0.458846  330
0.459056  313
0.459102  90
0.459154  363
0.459241  396
0.459439  82
0.459478  60
0.459578  171
0.459757  4
0.45982  161
0.460031  348
0.460103  319
0.460301  194
0.460344  252
0.460619  389
0.460911  377
0.461045  335
0.461093  254
0.461123  14
0.461357  157
0.461446  27
0.461658  328
0.46184  309
0.461856  236
0.461976  54
0.461987  354
0.462069  358
0.462221  314
0.46226  342
0.462877  170
0.462882  311
0.463307  28
0.463483  361
0.463586  187
0.463762  44
0.464101  346
0.46411  67
0.464224  302
0.46444  273
0.464473  376
0.464756  203
0.464811  381
0.464818  100
0.464824  3
0.465223  383
0.465322  387
0.466167  136
0.466246  390
0.466269  279
0.466627  155
0.467202  10
0.467832  137
0.468185  397
0.468499  164
0.468553  374
0.468861  259
0.469009  382
0.469255  393
0.469697  166
0.469755  115
0.469895  2
0.469945  280
0.469994  114
0.470153  258
0.470206  59
0.471026  345
0.471949  62
0.472422  394
0.473997  300
0.474022  16
0.47428  34
0.474607  276
0.474855  245
0.475112  75
0.475325  355
0.475535  294
0.475691  68
0.475796  356
0.475819  310
0.475925  286
0.475999  318
0.476226  217
0.476302  334
0.477417  207
0.477616  117
0.477753  315
0.478116  17
0.47827  19
0.478287  344
0.478288  99
0.478565  352
0.47858  384
0.478666  370
0.47889  40
0.479296  21
0.479305  303
0.479397  266
0.479478  281
0.479588  105
0.479593  240
0.479745  317
0.480039  278
0.480093  228
0.480128  362
0.480734  190
0.480946  263
0.481063  35
0.481183  80
0.481243  87
0.481631  350
0.481651  369
0.481678  51
0.481751  183
0.481875  316
0.481957  46
0.481978  0
0.482183  275
0.48236  332
0.482583  65
0.482654  12
0.48313  357
0.483151  131
0.483286  339
0.483305  295
0.483336  269
0.483628  329
0.48392  364
0.484011  53
0.484379  74
0.484624  116
0.484823  81
0.484979  338
0.485163  109
0.485164  385
0.485569  77
0.486247  83
0.486333  326
0.486387  398
0.487317  327
0.487772  218
0.487774  85
0.488308  142
0.48839  247
0.488476  25
0.488521  308
0.488528  76
0.48857  271
0.488769  18
0.488789  312
0.488797  296
0.488877  165
0.488878  307
0.489195  181
0.489261  284
0.489294  7
0.489341  197
0.489619  121
0.489625  244
0.489637  305
0.489651  331
0.489727  79
0.48987  282
0.489877  349
0.489961  50
0.489971  380
0.490109  333
0.490129  48
0.490262  330
0.490302  399
0.49039  379
0.490445  359
0.490487  321
0.491299  191
0.491302  353
0.491388  97
0.491439  129
0.491502  262
0.491585  358
0.491982  301
0.492004  392
0.492348  319
0.492593  39
0.492827  342
0.492916  323
0.493062  337
0.493218  336
0.493791  47
0.494667  309
0.494733  36
0.49494  388
0.495007  291
0.495014  374
0.49519  381
0.495293  41
0.49548  328
0.495851  335
0.496115  150
0.496132  351
0.49634  196
0.49675  86
0.497305  320
0.497364  341
0.497468  126
0.497543  224
0.497758  366
0.498118  302
0.498899  261
0.4994  373
0.4995  178
0.500184  348
0.500349  324
0.500516  378
0.500742  396
0.500898  391
0.501013  13
0.501016  304
0.501243  354
0.501386  325
0.501607  372
0.501674  376
0.501842  210
0.502028  298
0.502893  375
0.502969  347
0.505433  208
0.508408  272
0.510234  270
0.510375  113
0.510652  367
0.511752  185
0.512365  101
0.512579  363
0.512917  377
0.513648  193
0.514103  311
0.514696  198
0.515359  315
0.516525  371
0.516541  234
0.517053  314
0.518113  27
0.518198  360
0.518234  143
0.518307  368
0.518348  145
0.519013  313
0.519647  383
0.519667  134
0.520022  343
0.520299  144
0.520406  283
0.521174  397
0.521437  4
0.521638  390
0.522002  322
0.522252  89
0.52254  300
0.523492  71
0.524467  340
0.524857  370
0.524993  365
0.525012  395
0.525475  112
0.525587  221
0.525647  316
0.525874  334
0.525957  384
0.526549  163
0.527402  15
0.527403  176
0.527721  206
0.5278  26
0.527877  306
0.52809  386
0.52813  299
0.528545  70
0.528884  152
0.528961  217
0.52916  43
0.52931  361
0.529395  92
0.529401  170
0.529455  345
0.529803  123
0.53013  219
0.530313  251
0.53055  265
0.530586  257
0.530782  108
0.530892  95
0.530921  382
0.530934  389
0.530952  255
0.531167  223
0.53125  160
0.531444  339
0.53146  187
0.531465  192
0.531986  310
0.532108  243
0.532335  88
0.532582  355
0.532629  111
0.53268  260
0.532788  24
0.532856  37
0.53324  232
0.533317  394
0.533359  287
0.534228  362
0.534262  344
0.53438  98
0.534409  147
0.534534  128
0.534675  222
0.534715  352
0.534929  356
0.535172  393
0.53542  285
0.535434  22
0.536113  349
0.536624  276
0.536737  52
0.536739  385
0.536792  1
0.536875  332
0.536941  110
0.53717  239
0.537222  289
0.537251  301
0.537371  215
0.537454  6
0.537664  114
0.537817  348
0.537927  168
0.538002  61
0.538098  318
0.53822  387
0.538517  350
0.5387  277
0.538702  297
0.539124  364
0.539145  118
0.539182  327
0.539191  342
0.539213  182
0.539408  326
0.539522  93
0.539628  161
0.539928  358
0.539931  130
0.539995  290
0.539998  336
0.540118  83
0.540213  292
0.540223  216
0.540286  233
0.540475  399
0.540591  357
0.540733  288
0.540801  158
0.540866  328
0.540881  184
0.541017  107
0.541308  164
0.54136  156
0.541627  64
0.54175  45
0.541821  200
0.54184  305
0.541842  166
0.541943  335
0.542003  67
0.542026  42
0.542134  197
0.542223  209
0.542316  317
0.54234  177
0.542365  19
0.54244  211
0.542451  366
0.542456  8
0.542546  331
0.542589  146
0.542599  381
0.542703  122
0.542739  155
0.542811  35
0.542945  307
0.542956  379
0.543021  139
0.543047  140
0.543061  321
0.543129  138
0.543269  284
0.54341  353
0.543476  250
0.543603  34
0.543759  377
0.543763  49
0.543826  329
0.54387  99
0.543943  249
0.54396  351
0.544071  175
0.544091  380
0.544227  346
0.544234  392
0.544464  237
0.544534  337
0.54455  308
0.544602  213
0.544869  341
0.544927  325
0.545149  229
0.545151  343
0.545159  96
0.545321  205
0.545332  373
0.545358  133
0.545434  60
0.545533  51
0.545635  235
0.545722  227
0.545727  81
0.545754  388
0.545792  312
0.545854  115
0.546069  293
0.546138  91
0.54618  100
0.546266  396
0.546414  378
0.546467  367
0.546526  359
0.546601  369
0.546971  210
0.54701  127
0.547099  338
0.547142  16
0.547189  66
0.54719  279
0.547191  44
0.547242  303
0.547359  309
0.547606  354
0.547636  28
0.547679  159
0.54769  173
0.54786  9
0.547901  116
0.547939  55
0.547943  120
0.548043  391
0.548077  54
0.548084  103
0.548091  319
0.548135  360
0.548138  121
0.548256  294
0.548277  172
0.548324  102
0.548334  226
0.548363  135
0.548382  244
0.548485  286
0.548574  198
0.54867  56
0.548678  77
0.548679  324
0.548794  323
0.548827  189
0.548982  376
0.549095  151
0.54911  124
0.549118  282
0.549132  253
0.549236  268
0.5493  330
0.549489  68
0.549523  374
0.549533  12
0.549558  384
0.549686  302
0.549687  85
0.549691  398
0.5497  267
0.549731  340
0.549777  246
0.549867  333
0.549984  186
0.550126  313
0.550394  300
0.550404  50
0.550516  264
0.550549  347
0.550561  322
0.55061  395
0.550672  269
0.550729  390
0.550863  275
0.550904  167
0.550956  311
0.551052  315
0.551296  334
0.551778  370
0.551784  314
0.551813  345
0.552221  365
0.552292  383
0.552377  63
0.552459  271
0.552471  273
0.552516  162
0.552523  316
0.553427  141
0.553493  174
0.5537  304
0.553867  27
0.554136  339
0.554291  82
0.554416  179
0.554464  306
0.554611  242
0.554752  154
0.554819  274
0.55507  79
0.55567  78
0.555922  348
0.555993  361
0.556487  214
0.556549  352
0.556654  129
0.556742  263
0.556789  137
0.557193  259
0.557353  363
0.55743  169
0.557711  193
0.557898  29
0.557901  375
0.558267  344
0.558314  368
0.558348  20
0.55848  310
0.558641  248
0.558676  225
0.558781  320
0.55908  355
0.55922  308
0.559399  356
0.559568  203
0.56003  11
0.560209  240
0.5603  59
0.560364  171
0.56071  21
0.560716  394
0.561034  327
0.561596  31
0.561753  231
0.561928  157
0.562309  5
0.562637  220
0.562924  362
0.564079  153
0.564235  30
0.564683  3
0.564702  321
0.564762  258
0.564815  101
0.564919  393
0.56512  397
0.565636  287
0.565785  143
0.566045  332
0.566121  32
0.566188  278
0.566464  372
0.566583  377
0.566764  252
0.567121  0
0.567388  341
0.568042  14
0.568747  388
0.568807  371
0.568986  160
0.569153  349
0.569195  336
0.56923  48
0.569772  342
0.569931  132
0.569962  318
0.571987  312
0.572926  136
0.574318  58
0.574405  168
0.574612  328
0.57518  351
0.575442  364
0.575655  301
0.575813  131
0.577392  33
0.577537  303
0.579883  57
0.580033  305
0.580711  176
0.580955  144
0.580974  261
0.581223  149
0.581464  10
0.581478  73
0.58211  350
0.58304  39
0.583433  25
0.58358  376
0.583586  134
0.583756  69
0.583965  335
0.584377  386
0.584489  366
0.584733  358
0.584762  353
0.585003  247
0.585357  74
0.585377  385
0.585448  379
0.585761  330
0.58605  40
0.587191  291
0.587597  307
0.587683  381
0.588373  109
0.588536  126
0.588606  183
0.588943  331
0.589613  206
0.589688  150
0.590234  87
0.590294  387
0.590535  41
0.590781  97
0.590828  265
0.590838  367
0.590898  238
0.590947  13
0.59111  382
0.59116  373
0.591211  119
0.591265  272
0.591417  334
0.591427  359
0.591721  180
0.592169  241
0.59223  2
0.592493  17
0.592578  369
0.592652  389
0.592668  209
0.592716  199
0.593071  326
0.593188  384
0.593238  1
0.593375  392
0.593501  360
0.59358  208
0.594093  357
0.59417  329
0.594323  300
0.594394  112
0.594408  299
0.594888  347
0.594952  260
0.595066  346
0.595068  92
0.595276  228
0.595291  196
0.595305  399
0.59536  19
0.595535  310
0.595609  343
0.595688  6
0.595937  118
0.596069  120
0.596164  178
0.596345  62
0.596703  338
0.596746  254
0.596801  322
0.597092  311
0.597247  248
0.597298  98
0.597533  81
0.597581  333
0.597591  313
0.59763  84
0.597915  145
0.598145  323
0.598174  339
0.598214  391
0.598237  72
0.598299  102
0.598494  398
0.598504  390
0.598522  302
0.598551  108
0.598599  218
0.59886  315
0.599036  374
0.599054  317
0.59911  194
0.599449  65
0.599777  344
0.599878  354
0.600678  397
0.600821  227
0.601254  380
0.601297  235
0.601449  281
0.602143  378
0.602143  212
0.602181  365
0.602182  309
0.602187  332
0.602199  224
0.602344  4
0.602583  325
0.602607  372
0.602979  337
0.603097  276
0.603297  345
0.603445  396
0.604209  35
0.604544  22
0.604764  230
0.604959  162
0.605049  324
0.605064  304
0.605075  308
0.605994  256
0.606111  152
0.60689  217
0.60728  327
0.607547  289
0.607703  173
0.60786  363
0.609168  316
0.60942  352
0.610017  314
0.610235  202
0.611806  47
0.612108  114
0.612749  204
0.613353  318
0.613808  356
0.614496  340
0.6157  306
0.616809  342
0.616962  351
0.618247  117
0.618687  159
0.618796  364
0.619249  395
0.61927  166
0.619386  362
0.620554  170
0.620742  105
0.620743  91
0.620769  80
0.620953  336
0.620993  358
0.621488  181
0.622108  361
0.622254  34
0.622908  295
0.622969  370
0.623583  161
0.624025  393
0.624038  279
0.624279  223
0.624318  286
0.624414  375
0.624593  268
0.624726  195
0.625196  167
0.625213  355
0.625328  319
0.625507  348
0.625744  376
0.625879  394
0.626102  113
0.626201  54
0.626215  303
0.626577  312
0.626679  201
0.627312  83
0.62743  142
0.627957  298
0.628101  190
0.628233  383
0.628278  328
0.628636  341
0.628673  377
0.628824  368
0.629975  213
0.630458  321
0.630621  253
0.6314  138
0.632347  301
0.632581  106
0.633353  165
0.633527  245
0.633921  371
0.633943  357
0.634001  160
0.634048  148
0.634251  232
0.634615  349
0.634628  307
0.634768  0
0.634954  250
0.634971  191
0.635351  154
0.635351  266
0.635447  366
0.635509  359
0.63568  8
0.635689  27
0.636045  350
0.636063  320
0.636305  18
0.636407  37
0.63643  335
0.636891  70
0.637073  46
0.637665  214
0.637977  95
0.637999  86
0.638007  179
0.638503  107
0.638504  326
0.638531  172
0.638537  330
0.638602  174
0.638879  385
0.638918  367
0.639007  323
0.639243  246
0.639245  234
0.639342  185
0.639782  263
0.640033  26
0.640129  38
0.640174  189
0.640213  207
0.640306  305
0.64036  389
0.640409  44
0.640594  388
0.640661  133
0.64083  30
0.64084  271
0.64088  264
0.640897  90
0.641015  387
0.641019  261
0.641154  139
0.641272  331
0.641463  255
0.641651  257
0.641768  130
0.642108  65
0.642124  183
0.642161  386
0.6423  216
0.642491  379
0.642535  53
0.642557  136
0.642601  392
0.64261  229
0.642616  317
0.642652  111
0.642662  236
0.642664  354
0.642704  336
0.642825  334
0.642875  168
0.642888  115
0.643029  225
0.64303  296
0.64312  60
0.643156  188
0.643156  241
0.64326  251
0.643274  157
0.643282  353
0.643313  373
0.643345  381
0.643368  104
0.643378  171
0.643402  329
0.643469  156
0.643488  59
0.6435  274
0.643513  164
0.643548  184
0.643713  322
0.643781  262
0.643782  396
0.643799  333
0.64406  382
0.6441  265
0.644391  313
0.644409  93
0.64443  193
0.64444  158
0.644476  324
0.644478  360
0.644567  121
0.644729  372
0.644751  310
0.644833  125
0.644883  7
0.644936  316
0.64502  49
0.645021  2
0.645037  270
0.645093  200
0.645118  397
0.645144  308
0.645224  169
0.645321  11
0.645331  300
0.645367  280
0.64537  374
0.645399  311
0.645403  365
0.645525  63
0.645678  343
0.645686  56
0.645701  77
0.645726  23
0.645749  369
0.645784  180
0.64582  31
0.645844  302
0.646005  15
0.646049  147
0.646228  149
0.64625  243
0.646292  344
0.646307  129
0.646404  390
0.646429  163
0.646634  384
0.646637  332
0.646675  297
0.646803  325
0.646904  40
0.646909  345
0.646962  347
0.647092  395
0.647156  29
0.647162  346
0.647231  110
0.647255  249
0.647295  12
0.64741  127
0.647529  337
0.647592  315
0.64762  218
0.647705  150
0.647751  131
0.647772  309
0.64779  314
0.647797  74
0.647897  146
0.647905  242
0.648109  239
0.648122  339
0.648225  78
0.648305  338
0.648553  399
0.648663  299
0.648865  209
0.648914  351
0.648941  55
0.649057  358
0.649097  120
0.649119  66
0.649172  94
0.649181  116
0.649269  25
0.64934  342
0.649364  272
0.649407  61
0.64951  244
0.649702  132
0.649709  1
0.649779  327
0.649815  318
0.649827  391
0.649867  364
0.649966  221
0.650283  108
0.650286  277
0.650291  51
0.650326  224
0.650529  398
0.65054  88
0.650575  341
0.650589  134
0.650675  267
0.650769  380
0.650869  352
0.650915  260
0.650945  282
0.651002  113
0.651146  285
0.651162  67
0.651192  220
0.65131  97
0.651324  393
0.651373  238
0.651443  233
0.651453  140
0.651568  258
0.651653  370
0.651713  57
0.651802  143
0.651868  203
0.651941  228
0.651957  394
0.651984  43
0.652041  377
0.652269  128
0.652339  153
0.652386  155
0.652398  89
0.652457  196
0.65247  79
0.652531  378
0.652582  356
0.652619  362
0.652701  289
0.652783  177
0.653085  226
0.653133  363
0.653172  36
0.653229  71
0.653235  340
0.653383  112
0.653576  328
0.653682  154
0.653721  304
0.65377  58
0.653819  383
0.65401  306
0.654107  162
0.654327  208
0.654441  16
0.654558  123
0.654589  248
0.654592  33
0.654791  219
0.654922  75
0.655105  276
0.655126  321
0.655175  367
0.655464  361
0.655484  64
0.65555  175
0.655664  19
0.655712  240
0.65595  45
0.656028  371
0.656196  186
0.656421  217
0.656518  366
0.656546  357
0.656652  312
0.656752  348
0.656865  385
0.657009  103
0.657164  368
0.657246  305
0.657955  301
0.658178  5
0.658265  322
0.658623  141
0.65927  122
0.659966  278
0.660012  83
0.660028  376
0.66027  294
0.660423  192
0.660467  281
0.660635  331
0.660652  397
0.660657  387
0.660662  197
0.660771  319
0.661158  349
0.661292  303
0.661919  151
0.662258  374
0.662341  388
0.66255  13
0.662565  148
0.662593  381
0.663232  373
0.663288  87
0.663564  386
0.665023  320
0.665293  375
0.665359  256
0.665365  396
0.665467  355
0.66556  316
0.66572  323
0.665778  284
0.666368  346
0.667066  52
0.668294  50
0.670096  35
0.670434  389
0.673742  372
0.675892  251
0.678562  182
0.68069  329
0.681028  310
0.681355  247
0.681477  250
0.681643  124
0.682544  17
0.682637  350
0.682883  369
0.682995  308
0.684889  99
0.685643  298
0.685905  358
0.686617  330
0.687339  324
0.687975  68
0.687976  354
0.688296  210
0.688775  145
0.688874  249
0.68911  360
0.689143  181
0.689284  394
0.689455  392
0.689649  382
0.689695  351
0.689928  10
0.69035  339
0.690605  234
0.691008  274
0.691336  75
0.69183  198
0.691839  44
0.692317  345
0.692361  73
0.692373  245
0.692587  3
0.692613  254
0.692642  332
0.692731  273
0.693332  166
0.693335  85
0.693354  42
0.693459  96
0.693589  318
0.694019  252
0.694088  190
0.694155  399
0.694796  174
0.694959  311
0.695099  353
0.695317  213
0.69552  144
0.695885  189
0.696037  313
0.696038  336
0.696104  253
0.696266  22
0.69628  139
0.696289  293
0.696403  335
0.696446  237
0.696483  295
0.696538  317
0.6966  327
0.696624  275
0.696686  344
0.69675  193
0.696848  259
0.697003  271
0.697213  291
0.697924  337
0.697997  309
0.698056  368
0.698109  126
0.698135  307
0.698154  100
0.698163  303
0.698278  359
0.698353  365
0.698492  76
0.698529  178
0.698627  242
0.698766  167
0.699334  288
0.699484  348
0.69953  227
0.699532  59
0.699565  352
0.699685  326
0.699739  286
0.699789  138
0.699842  176
0.699946  170
0.70007  364
0.700088  142
0.700248  300
0.700521  371
0.700542  121
0.700643  306
0.700728  333
0.700835  30
0.701277  342
0.701284  264
0.701317  69
0.701416  322
0.701429  363
0.701458  395
0.701478  54
0.701551  205
0.70159  325
0.701647  192
0.701739  159
0.701834  378
0.701842  125
0.701934  173
0.701955  355
0.701957  161
0.702457  328
0.702971  21
0.703096  39
0.70321  396
0.703298  101
0.703317  78
0.703504  349
0.703556  384
0.703622  302
0.70366  374
0.703818  188
0.704059  199
0.704099  381
0.704151  108
0.704168  268
0.704256  370
0.704391  338
0.704518  11
0.704675  92
0.704716  269
0.704779  334
0.704785  357
0.704927  389
0.704982  62
0.705024  366
0.705261  323
0.705351  379
0.706179  46
0.706434  397
0.706911  136
0.706952  241
0.706982  239
0.707024  372
0.707153  377
0.70723  398
0.707366  340
0.70737  331
0.707714  150
0.707719  391
0.707793  305
0.707802  222
0.707834  393
0.707842  314
0.707897  172
0.708024  390
0.708284  211
0.708322  58
0.7086  373
0.708681  283
0.708984  361
0.70974  87
0.710245  20
0.711543  41
0.712196  386
0.712263  98
0.712817  117
0.713363  388
0.714549  319
0.714755  304
0.714981  231
0.716331  362
0.717084  387
0.717484  102
0.71757  47
0.717875  301
0.71791  320
0.718407  233
0.718662  118
0.718809  376
0.719206  383
0.71937  175
0.719436  160
0.719553  380
0.719581  266
0.720326  187
0.721202  232
0.721529  341
0.721926  315
0.722737  343
0.724404  262
0.724485  316
0.725368  310
0.725409  248
0.725787  91
0.726033  60
0.726804  358
0.726928  350
0.727062  312
0.727283  109
0.727929  311
0.728221  191
0.73063  385
0.730632  346
0.731355  329
0.731746  332
0.732001  114
0.7323  375
0.733681  32
0.733709  382
0.733767  207
0.733926  88
0.736461  392
0.73672  277
0.737116  131
0.737551  70
0.737662  141
0.737699  45
0.738704  72
0.739519  55
0.739552  347
0.739813  216
0.739825  214
0.740051  356
0.740124  345
0.74025  235
0.740487  146
0.740699  13
0.740917  360
0.741029  195
0.741071  367
0.741219  90
0.741364  278
0.741468  80
0.741961  324
0.742012  9
0.742021  308
0.742137  352
0.742375  185
0.742558  34
0.742569  95
0.742575  12
0.742725  209
0.742779  335
0.7429  111
0.742925  303
0.742934  339
0.742957  201
0.743108  202
0.74336  243
0.743588  86
0.743729  281
0.743759  321
0.743845  152
0.743854  204
0.743976  61
0.7446  228
0.744689  307
0.744815  288
0.744879  399
0.745001  19
0.745287  330
0.745315  93
0.745358  384
0.745548  35
0.745597  396
0.745939  318
0.745985  138
0.746075  263
0.746104  270
0.746155  194
0.74624  225
0.746381  290
0.746406  363
0.746458  296
0.746545  26
0.746812  139
0.747151  365
0.747292  285
0.747532  300
0.747561  135
0.747674  82
0.747709  317
0.747713  8
0.747758  147
0.747804  159
0.747839  156
0.74785  230
0.747882  353
0.748065  53
0.748143  368
0.748326  15
0.748332  348
0.748402  133
0.748407  292
0.748417  81
0.748438  249
0.748515  115
0.748548  28
0.749024  302
0.749025  309
0.749084  106
0.749089  323
0.749136  361
0.749138  105
0.749206  158
0.749217  164
0.7494  328
0.74952  313
0.749736  208
0.749825  279
0.749912  183
0.75007  184
0.750071  337
0.750138  2
0.750146  107
0.750154  163
0.75017  344
0.750212  94
0.750244  128
0.750249  394
0.750287  322
0.750321  370
0.75034  124
0.750343  369
0.750394  325
0.750445  386
0.750502  371
0.750552  165
0.75057  27
0.750603  261
0.75061  197
0.750701  395
0.751006  354
0.751054  122
0.75108  334
0.751166  129
0.751207  148
0.751318  346
0.751485  359
0.751559  326
0.751652  221
0.751744  44
0.751751  74
0.75182  331
0.751822  84
0.752042  48
0.752141  377
0.752203  196
0.752354  327
0.752433  336
0.752488  0
0.752576  229
0.752667  220
0.752684  18
0.75272  362
0.752771  251
0.752776  366
0.752793  83
0.752822  378
0.75285  388
0.752912  390
0.753011  30
0.753022  79
0.753041  168
0.753042  4
0.753091  151
0.753113  154
0.753169  73
0.753295  391
0.753297  68
0.753614  329
0.753791  252
0.753802  393
0.754119  351
0.754181  260
0.754247  205
0.754249  67
0.754309  89
0.754315  380
0.754351  234
0.754365  276
0.754622  56
0.754676  349
0.754688  373
0.754727  112
0.754738  250
0.754771  379
0.754972  310
0.754981  312
0.754985  389
0.755047  23
0.755057  14
0.755154  219
0.755199  169
0.755344  301
0.755385  341
0.755418  364
0.755531  305
0.755687  120
0.756039  258
0.756107  397
0.756169  299
0.756199  206
0.756321  375
0.756494  355
0.756546  385
0.756576  381
0.756619  293
0.75669  376
0.756737  319
0.7568  66
0.756813  103
0.756855  104
0.756859  275
0.756901  155
0.756925  134
0.75693  157
0.757082  340
0.757132  267
0.757231  5
0.757314  324
0.757516  46
0.757708  119
0.757831  372
0.757975  51
0.758073  342
0.758185  338
0.758359  347
0.758451  284
0.758463  333
0.758544  130
0.758575  281
0.75859  143
0.758638  321
0.758696  308
0.758859  29
0.758862  186
0.758893  149
0.75892  320
0.759002  316
0.759023  212
0.759265  398
0.759267  315
0.759544  118
0.759693  37
0.75991  238
0.760124  227
0.760148  65
0.760183  374
0.760288  137
0.760303  357
0.760482  287
0.76058  40
0.760918  1
0.760982  383
0.761148  257
0.761239  304
0.761303  116
0.761431  306
0.761536  49
0.761561  43
0.761858  47
0.762097  295
0.762415  64
0.762726  273
0.762802  180
0.762862  350
0.763083  236
0.763684  177
0.763817  259
0.763887  195
0.764035  226
0.764092  330
0.764447  314
0.764454  343
0.765221  181
0.765345  85
0.765387  241
0.765592  387
0.765703  10
0.765748  384
0.765911  71
0.76661  36
0.766665  360
0.767104  170
0.767112  166
0.767271  396
0.767421  303
0.767663  144
0.768225  72
0.768226  345
0.76828  382
0.768289  213
0.768965  317
0.77024  318
0.771516  39
0.772086  25
0.773747  365
0.775168  368
0.775378  190
0.775526  289
0.775865  231
0.776342  335
0.777208  339
0.777498  237
0.777687  117
0.778094  309
0.778749  31
0.778899  395
0.779486  121
0.779494  356
0.779653  223
0.779725  393
0.779835  344
0.780153  110
0.780457  60
0.781264  246
0.781526  307
0.782319  153
0.782344  266
0.7824  325
0.78312  244
0.783304  224
0.783592  24
0.783921  20
0.784117  372
0.784245  358
0.784299  140
0.784849  192
0.785087  204
0.785431  336
0.785641  386
0.785693  332
0.785748  100
0.785991  274
0.786182  322
0.786337  371
0.787104  362
0.787183  13
0.787224  255
0.78738  394
0.787633  22
0.787785  399
0.788151  302
0.788202  388
0.788207  61
0.788462  58
0.788675  150
0.788992  179
0.789011  174
0.789185  328
0.790018  109
0.790944  380
0.791092  367
0.791662  334
0.791802  390
0.791842  191
0.791866  188
0.791867  162
0.791937  378
0.792219  369
0.79237  392
0.792379  16
0.79275  352
0.793352  6
0.793352  363
0.793398  280
0.793465  265
0.793612  391
0.793868  172
0.794846  348
0.794935  373
0.795455  211
0.795477  222
0.795966  354
0.796098  33
0.796982  313
0.797103  86
0.797621  337
0.798035  338
0.798445  200
0.799066  277
0.799117  346
0.799152  355
0.799487  327
0.799526  111
0.79996  311
0.800411  300
0.800434  374
0.800561  214
0.8013  240
0.801598  242
0.801723  271
0.801741  197
0.801952  326
0.802005  254
0.80225  375
0.802389  320
0.80277  235
0.802784  329
0.802821  370
0.803585  102
0.803955  148
0.805821  152
0.805941  98
0.805989  171
0.806205  262
0.806279  269
0.806397  268
0.806404  59
0.806654  319
0.806718  52
0.806852  376
0.807259  167
0.807296  310
0.807585  321
0.807767  316
0.80797  232
0.808224  112
0.808788  55
0.80906  305
0.809136  379
0.80935  147
0.809354  340
0.809398  331
0.809533  361
0.809867  282
0.810146  173
0.811086  53
0.811137  323
0.811264  341
0.811586  215
0.811763  245
0.812067  146
0.812397  275
0.812423  145
0.812469  312
0.812481  357
0.812751  219
0.812793  318
0.812912  286
0.813058  75
0.813161  228
0.813195  342
0.813219  350
0.81327  267
0.813312  385
0.813527  297
0.813714  397
0.813784  178
0.814138  7
0.814152  306
0.814198  343
0.81445  161
0.814557  106
0.814676  349
0.814764  76
0.814863  142
0.81494  63
0.815549  324
0.815594  5
0.815684  42
0.815934  315
0.81615  389
0.816246  351
0.816694  325
0.816966  149
0.817139  366
0.817544  182
0.817758  256
0.818102  333
0.81835  377
0.818409  12
0.818442  14
0.818566  304
0.81879  73
0.818945  233
0.818948  101
0.819105  19
0.819131  301
0.819163  353
0.819206  250
0.819228  359
0.819393  81
0.819715  184
0.819835  134
0.820179  302
0.820333  218
0.820692  260
0.820756  382
0.820787  35
0.820832  398
0.820935  210
0.821491  253
0.821542  126
0.821935  34
0.821948  347
0.822183  369
0.822284  77
0.822855  303
0.823004  115
0.82305  236
0.823291  104
0.823703  243
0.823991  364
0.824243  278
0.824522  330
0.824941  251
0.82519  138
0.825281  317
0.825306  335
0.82534  95
0.825345  217
0.825528  371
0.825548  175
0.825634  328
0.825953  113
0.826083  352
0.826415  62
0.826772  163
0.826774  89
0.826854  51
0.827225  272
0.827278  285
0.827361  345
0.827396  264
0.827487  123
0.827537  257
0.827583  17
0.827592  308
0.827701  133
0.827756  289
0.82791  309
0.828014  170
0.828162  284
0.828162  21
0.828201  381
0.828215  387
0.828217  141
0.828344  314
0.828496  386
0.828501  279
0.828534  193
0.828586  368
0.828598  137
0.828603  395
0.828614  392
0.828659  130
0.828691  298
0.828743  94
0.828774  91
0.828822  87
0.828856  322
0.828931  90
0.829151  358
0.829304  198
0.829361  225
0.829567  334
0.829573  27
0.829587  203
0.829596  348
0.829756  103
0.829809  346
0.829811  128
0.829839  156
0.82998  220
0.830042  0
0.83014  196
0.830206  230
0.830229  3
0.830296  372
0.830312  393
0.830422  383
0.830512  263
0.830514  54
0.83054  339
0.830754  384
0.83079  261
0.83085  362
0.830997  227
0.831089  344
0.831149  320
0.83115  213
0.831293  380
0.831518  360
0.831708  38
0.831754  84
0.831807  367
0.832072  357
0.832083  394
0.832224  370
0.832366  396
0.832389  74
0.832406  181
0.832555  30
0.832821  80
0.832948  388
0.833316  169
0.833473  294
0.833561  356
0.833575  300
0.833609  189
0.833658  31
0.833833  332
0.833868  280
0.834074  336
0.83408  259
0.834631  373
0.834829  390
0.834957  78
0.834959  399
0.835075  361
0.835349  340
0.835629  391
0.835809  194
0.835927  216
0.836153  305
0.836175  270
0.837677  37
0.83784  45
0.83786  50
0.838166  237
0.838234  139
0.838375  29
0.838583  201
0.838628  338
0.838658  92
0.838668  375
0.838775  365
0.838878  324
0.838962  355
0.839264  301
0.839347  199
0.839792  47
0.84055  254
0.840638  4
0.840809  311
0.840992  127
0.841086  231
0.841297  379
0.841848  187
0.841975  337
0.841977  354
0.842244  183
0.842399  11
0.842698  41
0.84284  374
0.842856  195
0.843101  307
0.845149  313
0.845458  397
0.845592  247
0.845869  49
0.845921  56
0.846062  153
0.846515  323
0.847031  100
0.848045  67
0.848665  316
0.849014  8
0.849204  326
0.849454  107
0.849483  125
0.849744  64
0.849779  342
0.849782  114
0.850595  296
0.850709  202
0.850793  302
0.850805  70
0.851076  377
0.851207  364
0.851463  318
0.851537  363
0.852284  207
0.852907  330
0.853597  97
0.853773  321
0.854185  266
0.854376  155
0.854722  329
0.854979  343
0.855036  265
0.855145  119
0.855513  83
0.855547  85
0.85597  376
0.856017  378
0.856289  303
0.856722  366
0.856814  331
0.856862  304
0.856933  158
0.857092  389
0.857146  22
0.85715  349
0.857456  327
0.857498  154
0.857662  277
0.857837  44
0.857934  319
0.858779  32
0.858811  26
0.858811  185
0.859852  166
0.860126  308
0.860232  46
0.860453  55
0.8606  57
0.861455  219
0.8615  351
0.861698  325
0.861844  353
0.861858  306
0.862129  212
0.86225  359
0.862972  310
0.863207  120
0.863337  281
0.863506  239
0.864088  165
0.864293  385
0.864572  369
0.866197  250
0.866586  255
0.866915  106
0.866941  71
0.867215  291
0.867265  135
0.867617  315
0.867958  356
0.86814  121
0.868423  396
0.868585  1
0.868752  15
0.868851  234
0.868955  340
0.869009  398
0.869515  341
0.869527  168
0.869612  357
0.869655  122
0.87039  320
0.870441  39
0.871406  76
0.871417  240
0.871461  382
0.871844  309
0.872  358
0.872102  164
0.872106  143
0.872701  312
0.873117  197
0.873366  346
0.873429  361
0.873531  387
0.873852  372
0.874168  333
0.874219  130
0.874619  244
0.874657  214
0.875172  395
0.875524  249
0.876411  335
0.876444  347
0.876451  223
0.876494  393
0.876609  124
0.876708  380
0.877053  52
0.877376  381
0.878183  18
0.878262  146
0.878455  317
0.878989  348
0.879001  177
0.8791  339
0.879463  373
0.879506  218
0.879565  388
0.880648  314
0.880703  345
0.881795  209
0.881968  128
0.882283  367
0.883076  383
0.88418  148
0.885014  221
0.885022  188
0.885275  368
0.885432  322
0.88585  132
0.886602  157
0.887225  350
0.887269  344
0.887404  99
0.88749  144
0.887502  336
0.887753  179
0.887849  332
0.888398  399
0.889034  23
0.889195  287
0.889875  65
0.890001  371
0.891203  360
0.891557  390
0.891679  63
0.891876  334
0.891999  392
0.892228  238
0.892271  222
0.892311  110
0.892528  200
0.892882  229
0.892911  355
0.893041  105
0.893122  328
0.893158  205
0.893492  394
0.89356  318
0.893629  362
0.893867  104
0.893948  111
0.894315  352
0.894409  27
0.89441  136
0.894443  301
0.894447  86
0.894601  102
0.894682  34
0.895008  264
0.895069  48
0.895126  384
0.895173  260
0.895638  161
0.895734  98
0.895806  375
0.895895  276
0.895966  300
0.896022  78
0.896158  203
0.89618  374
0.896199  66
0.896307  311
0.89639  6
0.896463  160
0.896507  293
0.896606  5
0.89694  91
0.897058  227
0.897161  79
0.897187  386
0.897322  338
0.897458  87
0.897607  302
0.897671  305
0.897896  292
0.898029  354
0.898103  28
0.898195  391
0.898236  365
0.898362  40
0.898662  31
0.89876  330
0.898833  262
0.899019  246
0.899155  258
0.899208  217
0.899283  43
0.899556  285
0.899589  2
0.899632  271
0.899869  369
0.900044  151
0.900128  88
0.9002  324
0.900211  162
0.900303  337
0.900652  397
0.90074  376
0.900995  296
0.901012  83
0.90111  284
0.901175  21
0.901288  273
0.901312  378
0.901337  210
0.901338  313
0.901558  68
0.901667  41
0.901838  282
0.901858  131
0.901979  126
0.902013  211
0.902123  196
0.902128  192
0.902179  272
0.902255  93
0.902301  363
0.902304  24
0.9024  189
0.902481  77
0.90258  129
0.90258  138
0.902621  72
0.90263  331
0.902657  9
0.90267  307
0.902675  295
0.902833  309
0.902873  259
0.902951  170
0.90302  16
0.903032  241
0.903054  385
0.903064  75
0.903084  245
0.903085  58
0.903119  95
0.903123  389
0.90315  323
0.903182  156
0.90319  370
0.903238  275
0.903258  108
0.903285  357
0.903503  10
0.903539  199
0.903622  366
0.903739  342
0.903814  340
0.903943  253
0.903976  176
0.904057  201
0.904088  252
0.904121  303
0.904179  51
0.904196  190
0.904441  208
0.904495  7
0.904503  90
0.90451  33
0.904545  180
0.904559  112
0.904772  109
0.904801  298
0.904823  310
0.904846  178
0.904854  96
0.904942  316
0.904946  169
0.905019  304
0.905024  367
0.905044  341
0.905071  396
0.905092  175
0.905097  379
0.905127  181
0.905191  349
0.90521  306
0.905229  251
0.905271  174
0.90537  212
0.9054  167
0.905454  261
0.905517  319
0.905545  333
0.905579  30
0.905639  35
0.905711  159
0.90572  213
0.90582  220
0.905863  372
0.90592  149
0.905924  326
0.905971  329
0.905992  351
0.906067  142
0.906101  115
0.906128  137
0.906135  17
0.906346  113
0.906444  359
0.90646  308
0.90655  60
0.906579  327
0.906667  335
0.906669  321
0.906677  322
0.90671  346
0.906807  364
0.90681  270
0.906813  153
0.906941  140
0.906976  399
0.907027  348
0.907067  11
0.907068  353
0.907117  59
0.907152  343
0.907181  36
0.907225  152
0.907248  242
0.907415  358
0.907542  290
0.907571  233
0.907573  280
0.907626  215
0.90769  382
0.907795  325
0.907812  37
0.907937  204
0.907963  127
0.908018  371
0.908287  237
0.908332  380
0.908369  320
0.908417  278
0.908476  398
0.908765  395
0.908952  53
0.908956  312
0.909101  85
0.909191  274
0.909369  317
0.909468  134
0.909486  13
0.909491  187
0.9095  315
0.909797  390
0.909919  172
0.909957  29
0.909981  3
0.909984  119
0.910058  286
0.910295  377
0.910577  294
0.910802  74
0.910834  356
0.910873  239
0.910919  243
0.910986  387
0.911223  355
0.911238  381
0.911307  44
0.911422  388
0.911529  332
0.911741  373
0.911773  185
0.911863  338
0.911942  289
0.911957  318
0.912068  297
0.912255  198
0.912287  254
0.912311  267
0.912375  46
0.912538  347
0.912662  231
0.912662  116
0.912878  344
0.912881  171
0.913018  101
0.913049  225
0.913201  50
0.913323  56
0.913355  311
0.913367  214
0.913767  336
0.913881  114
0.913913  202
0.913995  385
0.914015  393
0.914025  8
0.91476  64
0.914765  256
0.914805  206
0.915031  392
0.915143  177
0.91524  314
0.915256  337
0.915673  368
0.916066  288
0.916675  164
0.917021  268
0.917088  384
0.9172  163
0.917329  339
0.917535  23
0.917778  117
0.917794  374
0.918717  55
0.919143  334
0.919301  281
0.919372  361
0.919717  305
0.920291  345
0.921006  391
0.923803  350
0.924271  301
0.925728  120
0.92631  313
0.926313  386
0.926797  122
0.9272  323
0.928487  193
0.93019  302
0.930256  255
0.930523  123
0.930535  342
0.935065  330
0.935359  397
0.936206  106
0.936291  383
0.937335  82
0.937973  340
0.939368  360
0.941546  372
0.943622  135
0.943669  84
0.943796  379
0.944213  125
0.944731  15
0.945055  398
0.945407  73
0.946194  197
0.946253  378
0.947474  331
0.947543  248
0.94763  352
0.947641  32
0.948146  277
0.948634  291
0.949039  38
0.949288  223
0.949618  69
0.949696  321
0.949759  180
0.950389  376
0.950499  158
0.950619  161
0.950988  103
0.95101  35
0.951132  341
0.951388  371
0.951527  265
0.951799  349
0.951894  300
0.951933  307
0.952101  328
0.952314  235
0.952458  377
0.952889  107
0.953  61
0.953379  130
0.953425  244
0.953549  333
0.953735  145
0.954191  346
0.954394  304
0.954669  363
0.955076  263
0.955146  218
0.955266  394
0.955345  316
0.955599  234
0.955617  343
0.955643  366
0.955695  121
0.955714  354
0.955736  309
0.956076  71
0.956085  76
0.956093  45
0.956112  118
0.956139  369
0.956159  351
0.956579  311
0.956681  19
0.956941  312
0.956955  382
0.957041  320
0.957055  179
0.9573  325
0.957411  319
0.957548  98
0.957782  364
0.957988  310
0.958106  370
0.958461  367
0.958507  224
0.958587  348
0.958852  335
0.959027  396
0.959195  238
0.959347  136
0.959388  317
0.959829  395
0.960001  67
0.960063  232
0.960405  219
0.960553  375
0.961477  344
0.961739  275
0.962036  52
0.962422  326
0.962783  332
0.962809  34
0.962979  186
0.96307  21
0.963477  356
0.963627  388
0.963723  36
0.963932  279
0.964003  216
0.964239  322
0.964637  384
0.965063  110
0.965213  100
0.965413  249
0.965462  22
0.965562  65
0.965773  392
0.965873  170
0.966253  329
0.966556  353
0.966955  173
0.967302  334
0.967354  1
0.967523  386
0.967657  62
0.967788  159
0.968055  362
0.96812  129
0.968403  160
0.968848  368
0.969188  359
0.969749  347
0.96985  374
0.970077  257
0.97136  126
0.971682  97
0.972675  215
0.972927  220
0.972973  323
0.973364  299
0.973444  206
0.97383  397
0.973986  182
0.973988  99
0.974237  226
0.97429  361
0.974679  308
0.97476  324
0.974798  271
0.975116  31
0.975354  399
0.975469  51
0.975507  184
0.975572  80
0.97571  306
0.975811  302
0.975903  185
0.975954  190
0.976186  303
0.976293  305
0.976454  327
0.976523  20
0.976573  315
0.976593  318
0.976941  380
0.976986  389
0.977133  358
0.977165  246
0.977809  25
0.977955  250
0.978112  360
0.978962  339
0.979019  47
0.979261  33
0.979925  247
0.980039  169
0.980223  144
0.980656  30
0.980771  150
0.980901  0
0.980999  58
0.981171  340
0.981507  267
0.981508  10
0.9817  390
0.981971  296
0.982163  221
0.982196  301
0.982502  288
0.982588  132
0.982642  270
0.982826  88
0.983032  387
0.983211  350
0.983268  188
0.983308  357
0.983386  393
0.983466  345
0.983476  203
0.983629  176
0.98365  391
0.983917  314
0.984917  202
0.985016  138
0.985882  78
0.986269  37
0.98648  183
0.986556  199
0.986671  200
0.986685  208
0.98734  381
0.987651  373
0.987775  251
0.987872  385
0.988111  355
0.988119  207
0.988159  336
0.988262  77
0.988411  41
0.988427  278
0.988642  24
0.98867  259
0.988671  153
0.988959  337
0.989099  50
0.989206  210
0.989281  157
0.98938  87
0.989913  372
0.990194  300
0.990195  283
0.990331  338
0.990475  205
0.990489  378
0.990523  16
0.990564  196
0.99069  85
0.990734  258
0.990765  290
0.990802  261
0.991054  309
0.991146  142
0.991194  131
0.991206  151
0.991324  14
0.991353  371
0.991386  48
0.991411  293
0.991518  342
0.991649  86
0.991654  128
0.991867  366
0.991957  266
0.99201  83
0.992059  114
0.992138  154
0.992169  42
0.992284  319
0.992365  348
0.992398  240
0.992705  35
0.992755  230
0.992783  363
0.992923  140
0.99295  330
0.992982  152
0.993028  325
0.993041  212
0.993122  133
0.993167  243
0.99322  269
0.993391  352
0.993453  102
0.993519  5
0.993634  321
0.993685  39
0.993704  343
0.99374  311
0.993754  166
0.993765  155
0.993774  93
0.993778  354
0.993926  365
0.993947  165
0.994017  143
0.994195  3
0.994316  312
0.994364  201
0.994392  18
0.994493  168
0.994508  334
0.994567  237
0.994591  57
0.994717  111
0.99478  388
0.994943  341
0.994974  66
0.995072  253
0.9951  171
0.995195  375
0.995214  106
0.995316  139
0.995359  395
0.995443  376
0.995457  383
0.995494  189
0.995505  117
0.995665  91
0.995736  214
0.995754  353
0.995796  28
0.995844  222
0.996279  333
0.996307  307
0.996407  310
0.996427  178
0.996428  11
0.996486  304
0.996494  335
0.99658  316
0.996675  265
0.996717  349
0.996772  331
0.996887  313
0.996941  198
0.997107  129
0.997181  244
0.997238  273
0.99724  346
0.997258  324
0.997276  76
0.997424  298
0.997427  322
0.997475  89
0.997508  398
0.997545  320
0.997551  306
0.997553  17
0.997647  351
0.997732  43
0.997793  209
0.997895  377
0.997928  396
0.997991  146
0.998088  228
0.998123  75
0.998207  32
0.998419  328
0.998427  329
0.998536  332
0.998621  96
0.998642  227
0.998661  36
0.999004  268
0.999031  374
0.999107  362
0.999121  394
0.999178  112
0.999333  7
0.999359  49
0.99946  187
0.999612  236
0.999707  70
0.999821  386
0.999855  399
0.999934  197
