1.88793e-07  88
6.98397e-07  107
6.87474e-06  8
1.04801e-05  205
1.31172e-05  195
2.01736e-05  172
2.02991e-05  24
2.24603e-05  232
2.52627e-05  219
2.69076e-05  77
2.93769e-05  56
2.94982e-05  57
3.37182e-05  184
3.80877e-05  180
4.21208e-05  256
4.4196e-05  147
5.76823e-05  108
6.2682e-05  132
6.8428e-05  85
6.90053e-05  124
6.90913e-05  27
6.92141e-05  80
7.81835e-05  231
8.40402e-05  111
8.54487e-05  68
8.5736e-05  131
9.18017e-05  127
9.23828e-05  71
9.31471e-05  53
9.62941e-05  120
0.000100056  160
0.000102945  47
0.000111963  103
0.000120372  177
0.000123234  185
0.000123376  157
0.000131173  135
0.000131762  129
0.000133367  76
0.00013477  228
0.000145891  143
0.000147157  149
0.000148107  148
0.000148342  257
0.000149907  51
0.000156491  216
0.000157963  139
0.000161497  101
0.000165555  136
0.000171987  224
0.000173403  59
0.000174602  221
0.000175141  113
0.000182623  112
0.0001861  128
0.000186434  259
0.000192722  97
0.000197384  52
0.00020357  235
0.000203627  91
0.000205186  227
0.000214097  169
0.000226452  29
0.000228085  233
0.000228437  181
0.000229048  223
0.000229562  125
0.00023251  109
0.000233661  165
0.00023788  199
0.000238625  168
0.000239356  40
0.000244777  204
0.000254852  183
0.000257107  161
0.000259468  167
0.000265913  9
0.000266438  93
0.000266768  141
0.00026716  65
0.000267564  105
0.00027263  123
0.000275969  49
0.000276453  25
0.00028575  151
0.000288573  73
0.000293773  61
0.00029391  156
0.000295564  207
0.000301098  44
0.00030758  187
0.000309675  145
0.000312498  31
0.000315902  137
0.000323201  193
0.000323675  119
0.000327642  96
0.000331624  28
0.000334436  188
0.000339275  64
0.000340917  176
0.000346838  121
0.000348587  192
0.000351401  163
0.000354053  225
0.000362465  189
0.000363101  81
0.000365381  99
0.00038102  55
0.00038546  79
0.000391101  84
0.00040224  217
0.000403206  11
0.000407366  220
0.000411472  197
0.000413313  92
0.000419182  140
0.000428431  173
0.000428463  41
0.000443746  87
0.000462092  89
0.000462586  48
0.000469172  75
0.00047233  229
0.000502958  164
0.000518055  95
0.000529653  43
0.000530763  60
0.000532315  69
0.000534035  159
0.000537987  191
0.000545992  72
0.000565721  171
0.000588189  175
0.000592891  100
0.000600531  133
0.000605586  45
0.000629122  115
0.000636089  144
0.000654948  104
0.000687987  67
0.000698858  196
0.000722503  179
0.000762042  116
0.000851232  117
0.000898973  83
0.00092921  63
0.00319782  389
0.00327597  344
0.00330077  314
0.00364413  318
0.00370121  286
0.00371525  388
0.00373235  296
0.00377588  322
0.0038595  336
0.00386961  316
0.00388131  307
0.00388236  396
0.00413619  386
0.00421226  392
0.00422314  387
0.00422386  251
0.00422407  397
0.00422681  172
0.00426257  399
0.00426434  380
0.00432967  383
0.00433286  374
0.0043502  351
0.00436472  366
0.00438169  371
0.00444533  348
0.00445056  346
0.00446134  329
0.00448516  362
0.00450642  382
0.00450703  32
0.00454049  33
0.0045739  372
0.00458401  376
0.00465149  364
0.00469003  302
0.00474386  236
0.00474511  352
0.0047478  321
0.00476381  309
0.00483338  353
0.00483587  306
0.00484023  153
0.00484796  331
0.00487107  332
0.00491571  317
0.00491685  379
0.00491894  1
0.00497933  349
0.00499861  339
0.00502071  305
0.00503921  313
0.00513665  3
0.00516408  310
0.00516805  308
0.00520664  323
0.00526107  357
0.0052719  297
0.00528579  328
0.00540183  378
0.00541027  355
0.00541548  395
0.00541992  350
0.00544964  312
0.00549397  327
0.0055392  13
0.00554365  7
0.00559633  311
0.00564368  330
0.00567047  359
0.00573174  390
0.00574323  273
0.00574846  365
0.00579406  398
0.00579725  360
0.00580057  304
0.0058842  23
0.00588933  384
0.00591024  303
0.00591317  337
0.00592585  343
0.00595058  325
0.00602144  363
0.00612047  368
0.00626812  391
0.00630746  17
0.00631065  393
0.00631988  301
0.00635605  15
0.00640311  237
0.00644682  324
0.00645966  319
0.00652396  375
0.00656694  340
0.0066013  342
0.00662514  373
0.00665447  315
0.0066736  381
0.00672056  104
0.00674556  369
0.00677254  299
0.00677946  300
0.00694071  240
0.00704234  358
0.00721365  377
0.00732058  334
0.00737339  246
0.00741922  320
0.00743666  287
0.00744004  394
0.00746233  345
0.00748609  347
0.00750859  335
0.00762163  326
0.00770819  361
0.00773865  338
0.00784627  354
0.00796806  269
0.00897453  264
0.00934909  292
0.00942504  265
0.00993001  45
0.0107221  154
0.0113355  385
0.0124825  370
0.0150738  333
0.0272269  356
0.0291134  209
0.0320949  341
0.0371027  383
0.0378493  14
0.037885  367
0.0381603  355
0.0389337  210
0.0393572  364
0.0396077  322
0.0445396  339
0.0446661  100
0.0449621  213
0.0452093  397
0.0454037  117
0.0454954  18
0.047649  35
0.04769  20
0.047818  4
0.0479866  215
0.048457  9
0.0484634  352
0.048545  196
0.0486427  271
0.0487195  175
0.0488064  132
0.0488924  238
0.0489136  0
0.0489947  362
0.0490819  235
0.0490957  281
0.04927  392
0.0492852  244
0.0493739  254
0.0498891  223
0.049912  202
0.0500148  388
0.0500197  5
0.0500317  294
0.0502913  295
0.0503542  396
0.0505282  227
0.0507531  380
0.0508085  306
0.0508639  236
0.0509019  247
0.0513148  305
0.051577  389
0.0517983  336
0.0518815  378
0.0519809  366
0.0521097  200
0.0521382  34
0.0523274  310
0.0523873  374
0.0525068  308
0.0526016  323
0.0526349  187
0.0526392  56
0.052666  64
0.0527235  36
0.0528786  318
0.0528984  283
0.0529266  214
0.0529572  398
0.0531422  191
0.0531541  307
0.0532759  321
0.0534674  208
0.0535627  316
0.0536394  93
0.0536422  272
0.0536707  72
0.0537199  124
0.053753  369
0.0537888  181
0.0540517  212
0.0540837  390
0.054193  348
0.0544287  329
0.054654  279
0.0546706  319
0.0547556  268
0.0547621  12
0.0548188  353
0.0548816  314
0.0549765  103
0.0550926  384
0.0551019  144
0.0552525  387
0.0552862  277
0.0554799  120
0.0555758  386
0.0556177  360
0.0556395  337
0.0556764  313
0.0556802  325
0.0558082  296
0.0558468  328
0.0559726  157
0.0559754  164
0.0561548  399
0.0561737  332
0.0561932  372
0.0563306  382
0.056347  335
0.0563477  267
0.0563538  365
0.0564064  304
0.0564108  145
0.0569442  239
0.0569954  343
0.057033  320
0.0570766  203
0.0574086  69
0.0574348  373
0.0574536  302
0.0576675  349
0.0578037  24
0.057992  3
0.0582436  148
0.0584516  350
0.0585361  21
0.0594137  300
0.0597397  284
0.0600282  395
0.061195  377
0.0611981  285
0.0614657  113
0.0615997  243
0.0624191  324
0.0629242  334
0.063442  359
0.0650384  333
0.0654167  371
0.0655052  311
0.0655606  317
0.0659397  301
0.0659891  391
0.0674169  129
0.0677156  345
0.0685545  232
0.0690559  151
0.0690888  340
0.0710097  25
0.0722411  330
0.0724167  344
0.0733109  312
0.073322  381
0.0751232  376
0.0754383  278
0.0771043  41
0.0772956  251
0.0773407  393
0.078044  342
0.0781435  331
0.0786256  293
0.0788648  303
0.0803989  161
0.0810688  368
0.0816725  375
0.0839362  356
0.0839545  153
0.0840061  309
0.0840466  31
0.0843408  28
0.0845621  280
0.0853354  370
0.0853491  105
0.0853918  346
0.0857309  357
0.0867026  326
0.0868706  361
0.0872382  347
0.088046  354
0.0884917  253
0.0888432  73
0.0890721  172
0.0912646  104
0.0916324  288
0.0917587  179
0.0923663  394
0.0932377  255
0.0940377  266
0.0941156  47
0.0950181  383
0.0953052  379
0.095828  351
0.0963285  192
0.09655  92
0.0971156  385
0.0976514  133
0.0981886  315
0.0981924  358
0.0990103  1
0.0990178  16
0.0993314  322
0.0993652  116
0.0994325  262
0.100114  79
0.100416  364
0.100529  397
0.100607  83
0.100943  261
0.101176  365
0.10206  159
0.102571  263
0.102743  362
0.102883  141
0.103005  169
0.103041  155
0.103229  355
0.103499  33
0.103569  327
0.103747  249
0.103943  11
0.104015  61
0.104106  308
0.104173  137
0.104276  380
0.104287  39
0.104515  237
0.104565  197
0.104642  353
0.104729  260
0.104793  67
0.104863  156
0.104954  363
0.105188  257
0.105194  37
0.105335  124
0.105368  97
0.105482  338
0.105536  177
0.105539  72
0.105549  22
0.105622  131
0.105689  392
0.105794  241
0.1058  252
0.10619  23
0.106257  242
0.106369  108
0.106399  149
0.10647  245
0.106544  193
0.106623  135
0.106815  339
0.10689  171
0.107194  310
0.10723  320
0.107492  377
0.107562  111
0.107574  384
0.107576  112
0.107664  307
0.107665  366
0.107999  173
0.108038  129
0.108142  321
0.108168  35
0.108177  240
0.108201  389
0.108232  211
0.108285  287
0.108464  352
0.108528  201
0.108562  34
0.108673  305
0.108756  313
0.108864  229
0.108867  304
0.108919  341
0.108963  388
0.109034  188
0.109037  378
0.109127  316
0.109167  381
0.109212  13
0.109288  306
0.109389  399
0.109402  220
0.109432  282
0.109521  140
0.109826  183
0.109879  139
0.10997  208
0.10999  317
0.110018  15
0.11014  367
0.110162  360
0.110168  290
0.110306  373
0.11035  374
0.110395  163
0.110417  14
0.110462  345
0.110566  340
0.110569  346
0.110626  390
0.110637  332
0.110714  395
0.110748  323
0.110785  269
0.110844  382
0.110919  276
0.110946  62
0.11109  329
0.111142  291
0.111161  168
0.111179  7
0.111217  337
0.111272  119
0.111288  376
0.111289  246
0.111293  9
0.111345  270
0.111472  297
0.111542  71
0.111577  343
0.111667  248
0.111671  244
0.111796  38
0.111825  386
0.111866  195
0.111909  41
0.111986  264
0.112033  369
0.112042  324
0.112199  99
0.112278  44
0.112439  335
0.112463  178
0.11247  334
0.112697  314
0.1127  387
0.112804  128
0.113057  371
0.113088  319
0.113341  65
0.113398  391
0.113504  292
0.113922  12
0.113989  302
0.114076  80
0.114077  43
0.114127  356
0.114397  359
0.114843  147
0.114871  239
0.115173  311
0.115488  396
0.115636  185
0.115783  66
0.116207  331
0.116451  318
0.116503  398
0.116533  393
0.116695  350
0.11692  361
0.116981  267
0.117009  344
0.117086  348
0.117378  349
0.117442  372
0.118222  375
0.118302  250
0.118993  330
0.119465  29
0.120593  296
0.120949  98
0.123668  145
0.12445  312
0.124514  303
0.125286  336
0.125303  27
0.127063  370
0.1283  325
0.129086  394
0.130017  70
0.130389  247
0.13201  354
0.135373  309
0.136195  333
0.137788  52
0.139032  123
0.139278  379
0.140369  81
0.14234  224
0.142648  300
0.143538  328
0.144752  301
0.144869  189
0.1455  228
0.146244  268
0.146657  36
0.14706  32
0.147398  125
0.148226  109
0.148312  4
0.148331  322
0.148361  364
0.148608  68
0.148736  315
0.148914  326
0.149117  225
0.149802  209
0.149981  10
0.150196  54
0.150617  181
0.150657  146
0.150722  217
0.150725  75
0.15082  342
0.150866  238
0.151183  103
0.151469  19
0.151608  310
0.15178  368
0.151912  121
0.151913  231
0.152091  76
0.152209  204
0.152332  182
0.152378  358
0.152437  48
0.15252  199
0.152654  5
0.152665  339
0.15272  378
0.152745  115
0.153072  203
0.153103  56
0.153395  196
0.153516  275
0.153735  279
0.153775  55
0.153856  184
0.153941  399
0.153941  2
0.153948  397
0.154024  64
0.1542  138
0.154236  365
0.154357  304
0.15436  353
0.154457  205
0.154465  166
0.154541  316
0.154543  259
0.154638  154
0.154677  347
0.154759  207
0.154811  362
0.154821  294
0.154859  106
0.154912  389
0.154922  366
0.154953  321
0.154973  3
0.155056  388
0.15514  385
0.15522  17
0.155237  175
0.155297  227
0.155323  360
0.155446  357
0.15556  86
0.155594  307
0.155611  274
0.155641  213
0.155671  232
0.155765  211
0.155798  172
0.155846  280
0.155855  340
0.155941  345
0.15601  356
0.156059  160
0.156073  386
0.156202  343
0.156207  308
0.156227  18
0.156295  173
0.156339  327
0.156363  87
0.156502  24
0.156582  381
0.156792  165
0.156854  376
0.156911  256
0.157033  351
0.157054  144
0.157261  226
0.157379  164
0.157422  21
0.157505  140
0.157545  84
0.157633  0
0.157664  295
0.157666  320
0.157692  20
0.157736  69
0.157764  284
0.158037  299
0.158049  383
0.158059  374
0.158231  382
0.158292  387
0.158374  305
0.15841  218
0.158431  352
0.158485  329
0.158502  221
0.158559  153
0.158696  108
0.15876  90
0.158761  317
0.15891  373
0.158955  313
0.159097  398
0.159386  102
0.159413  39
0.159455  367
0.159616  391
0.159765  311
0.159782  344
0.159828  355
0.159881  341
0.159907  372
0.159982  235
0.160014  77
0.160155  177
0.160215  192
0.160251  162
0.160352  286
0.160473  156
0.160508  338
0.160637  337
0.160783  377
0.160799  302
0.160805  93
0.160895  111
0.160939  319
0.161087  384
0.161091  369
0.161134  361
0.161152  331
0.161251  216
0.161331  37
0.161539  325
0.161734  314
0.161776  101
0.161833  298
0.161954  318
0.161955  110
0.161983  346
0.162088  285
0.162127  306
0.162237  191
0.162311  126
0.162435  303
0.162465  363
0.162564  104
0.162714  332
0.162806  170
0.16292  393
0.162933  82
0.163187  201
0.163298  333
0.163414  354
0.163606  183
0.163775  22
0.163787  289
0.1643  237
0.164402  392
0.164566  371
0.164724  335
0.164828  252
0.165101  359
0.165255  150
0.16553  334
0.165651  25
0.165792  396
0.165847  214
0.166663  79
0.167025  45
0.167645  380
0.168523  395
0.169551  300
0.169656  348
0.170153  336
0.170274  131
0.170598  261
0.171475  350
0.171504  379
0.172053  390
0.172883  142
0.17542  141
0.176443  9
0.181061  278
0.183732  312
0.185211  330
0.185314  58
0.185434  258
0.18586  230
0.186251  324
0.186672  29
0.186745  190
0.187232  241
0.187255  197
0.187683  349
0.188045  323
0.18818  309
0.188289  122
0.188607  60
0.18871  47
0.189151  35
0.189619  139
0.1903  78
0.190998  260
0.191053  107
0.191076  315
0.191897  149
0.192007  169
0.192118  397
0.192162  254
0.192221  62
0.192312  30
0.192485  276
0.192489  236
0.192603  368
0.192625  370
0.192803  7
0.192822  155
0.192924  96
0.192962  168
0.193236  8
0.193691  65
0.193783  310
0.193809  273
0.193901  57
0.193951  52
0.194054  1
0.194138  375
0.194155  212
0.194157  44
0.194197  364
0.194347  328
0.194438  251
0.194458  132
0.194487  242
0.194497  161
0.194655  307
0.194727  281
0.195021  63
0.195039  99
0.195164  357
0.195166  136
0.19518  222
0.195317  167
0.195389  255
0.195403  187
0.195496  311
0.195684  358
0.1957  51
0.195834  224
0.195847  331
0.195925  117
0.196116  296
0.196121  322
0.196346  28
0.196615  202
0.196697  206
0.196782  382
0.196863  185
0.196884  265
0.196974  319
0.196984  282
0.197205  325
0.197286  292
0.197397  157
0.197471  14
0.197495  283
0.197657  95
0.197689  366
0.197732  264
0.197796  83
0.197799  339
0.197838  74
0.197984  113
0.198046  389
0.198064  118
0.198079  353
0.198107  305
0.198108  225
0.198173  38
0.198202  372
0.19825  290
0.198268  23
0.198333  46
0.198351  394
0.198365  16
0.198412  329
0.198428  189
0.198431  119
0.198444  386
0.198455  6
0.19846  277
0.198516  114
0.198632  356
0.198672  381
0.198697  246
0.198782  362
0.198905  253
0.198956  248
0.199106  53
0.199107  102
0.199291  94
0.199355  383
0.199357  198
0.199552  301
0.199702  193
0.199735  338
0.199784  127
0.19982  303
0.199821  326
0.199837  344
0.199847  320
0.19986  269
0.199934  54
0.199939  42
0.199996  215
0.200027  271
0.200171  10
0.200196  130
0.20025  304
0.200314  377
0.200353  391
0.20039  308
0.200449  135
0.200481  360
0.200511  120
0.200516  76
0.200538  317
0.200557  158
0.200577  376
0.200596  272
0.200657  279
0.200684  352
0.200685  72
0.200709  134
0.200726  288
0.200793  342
0.200834  321
0.200852  61
0.200968  145
0.200991  327
0.20102  49
0.201038  85
0.201162  355
0.201227  385
0.201237  24
0.201325  195
0.201359  105
0.201477  337
0.201497  334
0.201568  250
0.201625  306
0.201659  174
0.201717  395
0.201757  343
0.201911  297
0.201915  373
0.201948  388
0.201958  314
0.201994  387
0.202011  211
0.202083  186
0.202163  59
0.202245  36
0.202308  347
0.202315  374
0.202557  361
0.202578  341
0.202649  316
0.202674  324
0.202699  266
0.2028  227
0.202832  40
0.202859  148
0.203113  365
0.20319  379
0.2033  333
0.203387  340
0.203511  345
0.203533  392
0.203534  226
0.203631  287
0.203636  81
0.203764  384
0.203942  82
0.203946  363
0.204015  203
0.204156  295
0.204189  160
0.204255  156
0.204328  346
0.204346  151
0.204373  70
0.204409  19
0.204411  223
0.204449  192
0.204496  218
0.204581  80
0.204742  262
0.204777  332
0.204853  268
0.204858  179
0.204903  200
0.204907  71
0.204918  100
0.204939  64
0.204992  244
0.204998  393
0.205002  294
0.205043  398
0.20519  350
0.205241  318
0.205267  396
0.205334  371
0.205443  348
0.20552  41
0.205662  378
0.205773  67
0.205796  124
0.205809  302
0.205895  390
0.205897  166
0.206072  175
0.206141  359
0.206158  176
0.206283  129
0.206501  116
0.206584  137
0.206644  336
0.207197  27
0.207229  259
0.207248  351
0.20737  147
0.207515  380
0.208066  300
0.20811  194
0.20813  138
0.208274  39
0.208277  299
0.208501  369
0.208593  55
0.208623  247
0.208642  181
0.208678  69
0.208729  5
0.208806  367
0.208854  349
0.208941  165
0.209129  204
0.209442  298
0.209671  152
0.2102  335
0.210253  177
0.210257  171
0.210331  309
0.210477  315
0.210691  48
0.210708  397
0.210819  141
0.211164  110
0.212223  17
0.212616  312
0.212663  13
0.212859  313
0.213266  125
0.213311  354
0.213869  155
0.214143  126
0.216815  103
0.217116  133
0.217211  375
0.21757  88
0.217603  163
0.218422  231
0.218474  291
0.219342  366
0.219509  394
0.219524  399
0.219651  4
0.219654  368
0.220221  364
0.22052  43
0.220558  338
0.220909  86
0.222048  328
0.222096  20
0.223724  240
0.223919  0
0.22402  33
0.224825  311
0.225551  376
0.225665  325
0.225684  182
0.226174  107
0.226221  109
0.226409  172
0.226736  101
0.226737  370
0.227295  252
0.228193  303
0.228519  168
0.22856  263
0.228635  322
0.228938  307
0.229206  358
0.229471  306
0.229612  6
0.229617  143
0.230156  113
0.230534  301
0.230693  284
0.230867  344
0.230947  183
0.23161  164
0.232122  278
0.232319  319
0.232668  230
0.233397  386
0.233707  362
0.234008  68
0.234102  178
0.234813  208
0.234857  323
0.235035  22
0.235178  321
0.235512  49
0.235554  330
0.235565  385
0.235727  2
0.236261  355
0.236902  221
0.237586  327
0.237896  393
0.23811  50
0.238237  89
0.238264  381
0.238547  144
0.238589  289
0.238652  45
0.238782  184
0.239463  382
0.239548  324
0.240078  314
0.24012  347
0.240158  274
0.24026  77
0.240385  310
0.24046  356
0.24059  317
0.240611  84
0.240612  373
0.240704  378
0.241021  57
0.241028  396
0.241083  389
0.241265  329
0.241277  352
0.241365  73
0.241419  198
0.241446  365
0.241465  201
0.242424  372
0.242873  339
0.243059  8
0.244088  260
0.244401  395
0.245312  326
0.245735  343
0.246263  257
0.246321  261
0.246415  154
0.246773  341
0.24687  209
0.247229  190
0.24733  357
0.247397  213
0.247513  346
0.247554  106
0.249006  220
0.250032  332
0.250195  350
0.250343  387
0.250465  371
0.251183  66
0.251816  353
0.251943  108
0.252057  56
0.252871  92
0.252962  281
0.253139  134
0.253158  60
0.253493  206
0.253516  31
0.253554  398
0.253554  318
0.253635  351
0.253677  180
0.254394  225
0.254525  234
0.254528  363
0.254535  36
0.254683  360
0.254684  153
0.255065  191
0.255066  333
0.255805  258
0.255894  95
0.255938  246
0.256333  270
0.25649  359
0.257491  390
0.257696  46
0.257729  202
0.258256  384
0.258389  150
0.258551  248
0.258555  392
0.258638  376
0.258646  217
0.25872  391
0.258834  305
0.258915  308
0.259077  15
0.259115  40
0.25917  340
0.259618  379
0.259652  140
0.260058  316
0.260107  335
0.260118  342
0.260225  189
0.260443  337
0.260587  193
0.260655  90
0.260768  238
0.260784  380
0.260987  345
0.261411  24
0.261733  374
0.262288  135
0.26234  170
0.262793  348
0.263325  302
0.263751  309
0.263863  336
0.265138  32
0.266733  146
0.267015  383
0.267851  266
0.268095  10
0.268661  174
0.268699  397
0.270095  121
0.270313  122
0.270513  111
0.270649  320
0.270654  313
0.270884  368
0.271009  160
0.271222  304
0.271268  322
0.271675  28
0.271731  102
0.271732  119
0.2723  361
0.272397  200
0.272514  312
0.272535  11
0.272632  366
0.272652  250
0.272765  254
0.273702  369
0.273983  331
0.274011  367
0.27426  118
0.274899  269
0.275099  399
0.275154  370
0.275208  377
0.275472  131
0.275862  300
0.276186  120
0.276306  293
0.276577  236
0.276882  301
0.276977  349
0.277116  7
0.277265  35
0.278415  323
0.278742  394
0.27914  215
0.279379  328
0.279897  388
0.280035  297
0.280384  362
0.280905  19
0.280982  210
0.281216  115
0.281582  299
0.281744  255
0.281889  294
0.282288  265
0.28229  325
0.282463  5
0.28287  317
0.282998  29
0.2832  307
0.283272  321
0.28362  26
0.284014  354
0.284087  372
0.28412  58
0.284138  64
0.284411  132
0.28491  311
0.284925  47
0.284946  393
0.285346  373
0.285587  178
0.285801  112
0.285805  264
0.286202  338
0.286349  38
0.286364  315
0.287185  256
0.288209  272
0.288704  96
0.288872  91
0.288922  251
0.28907  62
0.289099  334
0.289349  356
0.289542  310
0.289687  352
0.289847  249
0.289848  12
0.29019  290
0.290358  277
0.290446  99
0.290626  130
0.290793  282
0.290858  375
0.290865  303
0.290926  128
0.290974  389
0.291313  76
0.291354  226
0.291447  392
0.291449  224
0.291574  232
0.291813  235
0.29183  181
0.292016  381
0.292176  37
0.292179  151
0.292203  207
0.292229  61
0.292317  241
0.292391  364
0.292435  286
0.292479  382
0.292549  188
0.292703  378
0.292823  273
0.292917  110
0.292978  139
0.29298  347
0.29309  74
0.293122  365
0.293402  69
0.293501  341
0.293514  346
0.293609  295
0.293732  75
0.293821  123
0.293854  83
0.294055  305
0.294076  358
0.294083  197
0.29431  245
0.29443  143
0.294435  357
0.294495  386
0.294518  306
0.294574  101
0.294764  398
0.294842  33
0.294944  332
0.29509  155
0.295125  141
0.295175  87
0.295242  283
0.295327  220
0.295513  326
0.29562  344
0.295643  129
0.295692  137
0.295783  162
0.295822  9
0.295935  355
0.295972  327
0.295992  351
0.296089  68
0.296158  136
0.29618  385
0.296355  44
0.296421  227
0.296534  291
0.296616  289
0.29673  176
0.296853  71
0.297157  302
0.297266  319
0.297364  17
0.297402  157
0.29761  371
0.297611  391
0.297658  343
0.297685  153
0.297779  93
0.297858  284
0.29793  275
0.29804  100
0.298066  337
0.298155  1
0.298384  339
0.298427  348
0.298514  85
0.298564  314
0.298579  359
0.298594  350
0.298666  142
0.298674  20
0.298687  18
0.29871  149
0.298739  384
0.298831  53
0.298926  329
0.298935  41
0.298988  213
0.299064  107
0.299214  34
0.299232  55
0.299251  285
0.299274  330
0.299343  239
0.299355  353
0.299387  22
0.299441  335
0.299715  390
0.299781  171
0.299783  185
0.299824  54
0.299928  237
0.30007  0
0.30009  340
0.300114  196
0.300176  342
0.300223  244
0.300228  267
0.300267  363
0.30037  336
0.300416  387
0.300439  361
0.300538  161
0.300593  300
0.300601  313
0.300627  233
0.300657  109
0.30072  247
0.300739  345
0.300771  173
0.300877  97
0.30091  395
0.301088  114
0.301146  262
0.30124  186
0.301273  383
0.301338  312
0.301572  30
0.301588  156
0.301617  169
0.301797  379
0.301808  16
0.301876  369
0.30196  374
0.302214  322
0.302215  183
0.302276  276
0.302277  14
0.302659  166
0.302931  243
0.303224  120
0.303368  191
0.303428  77
0.303583  308
0.303599  49
0.303737  280
0.303751  78
0.304053  212
0.304102  206
0.304198  57
0.30427  309
0.304325  117
0.304451  211
0.304665  376
0.304872  307
0.304913  388
0.304981  222
0.305051  354
0.305067  380
0.305206  253
0.305221  134
0.305247  399
0.305283  360
0.305334  88
0.30545  370
0.305538  223
0.305579  82
0.305625  201
0.30573  105
0.305752  316
0.305908  331
0.305924  43
0.306005  175
0.306053  301
0.306076  396
0.306113  368
0.306132  177
0.306476  397
0.306534  219
0.306535  362
0.306552  377
0.306575  317
0.30666  324
0.306801  32
0.306916  187
0.306939  94
0.307024  320
0.307052  164
0.30709  304
0.307113  321
0.307186  333
0.307547  198
0.307624  349
0.30768  48
0.308213  56
0.308378  158
0.308385  27
0.308762  352
0.30922  73
0.309332  199
0.309402  293
0.309596  203
0.309616  127
0.309838  328
0.310098  25
0.310125  278
0.310423  323
0.310594  184
0.310952  147
0.311414  355
0.311828  167
0.311911  138
0.312003  298
0.312133  281
0.312671  217
0.312945  310
0.313349  318
0.313404  135
0.313846  10
0.314052  392
0.314185  303
0.314389  373
0.315019  315
0.315997  45
0.31615  358
0.31671  194
0.316772  6
0.317908  259
0.318066  218
0.31816  334
0.318229  382
0.318567  2
0.318944  372
0.319822  42
0.319894  23
0.320668  145
0.320712  393
0.320973  159
0.321285  356
0.322313  363
0.322661  104
0.323012  366
0.323444  327
0.32413  311
0.324174  325
0.32463  250
0.325018  296
0.325407  367
0.325885  170
0.326098  52
0.327945  342
0.328215  4
0.32829  371
0.329105  238
0.329456  332
0.329458  394
0.330123  391
0.330687  365
0.331547  80
0.331651  214
0.331676  208
0.332423  172
0.332831  84
0.333335  124
0.334274  346
0.334504  335
0.335031  91
0.335519  386
0.335664  205
0.337233  350
0.337715  40
0.337882  398
0.338089  179
0.338355  302
0.338673  279
0.338688  89
0.339022  261
0.339098  338
0.339309  348
0.339558  380
0.340027  260
0.340121  292
0.340717  20
0.341218  305
0.341478  65
0.341542  343
0.341874  140
0.341932  381
0.341988  13
0.342397  204
0.342574  289
0.342582  306
0.342615  375
0.343354  70
0.343612  272
0.343732  389
0.343795  67
0.343985  57
0.344551  221
0.344616  273
0.344625  235
0.344664  216
0.344741  144
0.34497  24
0.345215  63
0.345276  258
0.345298  180
0.345367  19
0.345423  378
0.345466  168
0.345555  150
0.345575  224
0.345607  337
0.345659  351
0.34603  364
0.346075  98
0.346408  15
0.346423  108
0.346517  347
0.346739  341
0.346871  183
0.346923  41
0.346945  236
0.346954  252
0.346969  244
0.346982  230
0.347211  326
0.34725  387
0.347336  361
0.347398  321
0.347761  242
0.347867  96
0.347871  319
0.3479  399
0.348164  61
0.348272  385
0.348427  46
0.348542  359
0.348665  146
0.348719  28
0.349004  266
0.349043  357
0.349205  234
0.349444  128
0.349582  388
0.349705  383
0.349826  254
0.349915  370
0.350014  251
0.350086  21
0.35022  190
0.350279  195
0.350334  344
0.350391  163
0.35044  314
0.350488  59
0.350567  116
0.350632  397
0.350678  369
0.350806  396
0.350982  154
0.350984  112
0.351057  395
0.351193  362
0.351217  301
0.351245  277
0.351247  103
0.351304  330
0.351491  81
0.351562  160
0.351612  328
0.351627  349
0.351627  336
0.351864  322
0.351905  318
0.351938  307
0.352093  352
0.352116  123
0.352222  384
0.352451  173
0.353044  353
0.353161  118
0.353318  86
0.35355  33
0.353573  3
0.354086  334
0.354561  390
0.354679  324
0.35481  106
0.354978  248
0.355085  165
0.355087  290
0.355152  329
0.355234  232
0.355242  249
0.355274  202
0.355363  95
0.355378  316
0.355388  207
0.355469  331
0.355728  38
0.355736  31
0.35578  36
0.355918  51
0.35602  300
0.356032  312
0.356219  303
0.3563  376
0.356386  323
0.356408  9
0.356725  313
0.356894  355
0.356987  176
0.357265  354
0.357304  39
0.357378  392
0.357385  215
0.357891  126
0.358271  320
0.358507  113
0.358515  340
0.358593  332
0.35874  333
0.358904  379
0.359184  345
0.359224  297
0.35989  393
0.36089  139
0.360931  226
0.361155  225
0.361619  339
0.362154  58
0.363105  50
0.363129  356
0.363656  372
0.363701  192
0.363788  49
0.363914  377
0.364171  189
0.364716  365
0.365532  308
0.366846  363
0.367014  358
0.368244  305
0.36997  197
0.370815  133
0.37176  374
0.371977  56
0.372438  366
0.372471  298
0.374615  122
0.374821  294
0.375245  310
0.376171  194
0.376569  304
0.377358  228
0.377689  368
0.379049  309
0.379176  325
0.380116  30
0.380949  255
0.381096  269
0.381122  315
0.381402  99
0.382448  348
0.38273  317
0.383157  342
0.383233  360
0.383712  227
0.384019  398
0.384398  68
0.384872  311
0.385187  44
0.385377  23
0.385872  391
0.386005  25
0.386488  100
0.386645  371
0.38678  373
0.386815  286
0.387107  380
0.387187  343
0.387444  276
0.387467  274
0.387973  238
0.388584  132
0.389398  17
0.389704  114
0.389899  53
0.389969  142
0.390197  265
0.390384  73
0.390458  378
0.390674  287
0.39072  145
0.390827  278
0.390894  54
0.391137  231
0.391143  11
0.391389  200
0.39163  359
0.391693  136
0.391744  152
0.391794  229
0.391896  237
0.391909  350
0.392079  367
0.392149  318
0.392288  270
0.392679  22
0.392882  60
0.392935  217
0.392972  153
0.393087  18
0.3931  69
0.393322  37
0.393342  387
0.393451  212
0.393501  182
0.393556  92
0.393717  285
0.393847  199
0.393885  327
0.393996  338
0.394017  242
0.394122  93
0.394176  382
0.394219  236
0.394315  299
0.394519  386
0.39455  107
0.394589  10
0.394611  241
0.394638  131
0.394668  303
0.394673  88
0.394676  137
0.394954  394
0.394999  1
0.395087  138
0.395103  268
0.39512  213
0.395134  48
0.39514  314
0.395149  191
0.395151  29
0.395224  385
0.395252  121
0.395268  347
0.395302  74
0.395381  220
0.395423  7
0.395427  183
0.395454  375
0.395554  174
0.395609  339
0.395665  291
0.395778  117
0.39578  337
0.39579  243
0.395822  335
0.395823  384
0.395895  351
0.395898  395
0.395986  364
0.396046  328
0.396202  349
0.396204  119
0.396244  77
0.39626  175
0.396309  381
0.396363  250
0.396368  301
0.396386  346
0.396433  216
0.396464  292
0.396669  362
0.396712  321
0.396917  288
0.397004  177
0.397054  388
0.397055  396
0.397081  43
0.397082  340
0.397136  336
0.397156  283
0.397162  66
0.397228  76
0.397278  0
0.39732  163
0.397343  240
0.39736  312
0.397366  383
0.39741  369
0.397441  258
0.397534  316
0.39759  6
0.397592  334
0.397806  14
0.3979  87
0.397906  281
0.398016  355
0.398019  361
0.398105  280
0.398145  370
0.398159  129
0.398189  331
0.398191  193
0.398243  151
0.398368  178
0.398411  9
0.398442  390
0.398461  222
0.398671  2
0.398754  179
0.398783  319
0.398918  247
0.398969  322
0.399021  90
0.399196  377
0.399227  313
0.399275  345
0.399287  326
0.399288  344
0.399339  83
0.399384  289
0.399386  109
0.399424  399
0.399459  82
0.399587  198
0.399619  267
0.399687  118
0.399728  363
0.399787  186
0.399896  171
0.399929  354
0.400043  306
0.400084  341
0.400198  376
0.400205  379
0.400221  357
0.400246  5
0.400294  308
0.40059  155
0.40062  330
0.400681  353
0.400724  164
0.400809  397
0.400883  130
0.400922  372
0.400956  52
0.400986  35
0.401062  104
0.40108  393
0.401136  352
0.401146  356
0.401164  70
0.401198  62
0.401239  110
0.401268  157
0.401311  389
0.401346  358
0.401458  261
0.401593  32
0.401664  38
0.401732  72
0.401774  320
0.401845  282
0.401958  333
0.402082  190
0.402216  323
0.40231  296
0.402367  71
0.402706  257
0.402924  302
0.403023  201
0.403426  143
0.403465  368
0.403693  309
0.403812  19
0.403853  315
0.403888  307
0.404125  324
0.404161  47
0.404229  214
0.404525  366
0.40494  332
0.40503  304
0.405299  160
0.405566  239
0.405835  325
0.406095  373
0.406195  173
0.406336  305
0.40666  392
0.406723  329
0.40721  311
0.407452  147
0.407832  15
0.407868  365
0.40941  271
0.40946  172
0.410184  317
0.410723  125
0.412531  17
0.412788  348
0.414088  367
0.415538  310
0.418148  327
0.41891  343
0.420977  350
0.422833  256
0.422887  380
0.422975  228
0.4231  224
0.428161  290
0.428691  156
0.428765  94
0.429013  374
0.429825  115
0.432556  101
0.433228  272
0.433821  220
0.434501  27
0.435359  342
0.43623  337
0.436393  86
0.436404  188
0.436645  134
0.4369  275
0.437158  384
0.437302  176
0.437587  196
0.437927  39
0.437934  293
0.438125  124
0.438213  221
0.438262  219
0.438374  187
0.438735  24
0.438751  158
0.438768  13
0.438848  16
0.439268  225
0.43935  34
0.43952  3
0.439538  249
0.43957  91
0.439722  65
0.439734  361
0.439754  209
0.439833  232
0.439876  385
0.440085  108
0.440159  181
0.440216  203
0.440217  207
0.440225  300
0.440274  81
0.440296  260
0.440592  97
0.440777  378
0.440812  197
0.440999  75
0.441001  321
0.441019  333
0.441032  69
0.441056  51
0.44114  12
0.441141  112
0.441145  253
0.441238  334
0.441243  393
0.441394  211
0.441452  387
0.441543  359
0.441694  121
0.441723  362
0.441737  306
0.441776  234
0.441795  338
0.441815  297
0.441816  59
0.441817  84
0.441855  149
0.441885  318
0.442018  308
0.442101  36
0.44213  369
0.442147  360
0.44226  235
0.442274  391
0.442301  346
0.442342  53
0.442407  103
0.44242  242
0.442479  336
0.442553  127
0.442609  355
0.442688  397
0.442741  45
0.442779  331
0.442844  267
0.442871  322
0.44293  78
0.442935  328
0.442958  233
0.442994  237
0.443071  246
0.443086  223
0.443103  168
0.443129  61
0.443188  169
0.443192  368
0.443316  5
0.443361  324
0.443403  339
0.443536  227
0.443547  345
0.443575  398
0.44359  49
0.443623  166
0.443667  347
0.443668  111
0.443668  332
0.443674  44
0.443677  55
0.443703  394
0.443738  395
0.443742  303
0.443765  194
0.443809  370
0.443964  189
0.443996  363
0.444041  80
0.444077  218
0.444086  305
0.444108  10
0.444431  208
0.444434  377
0.44454  175
0.444603  373
0.444616  382
0.444735  371
0.444749  340
0.44475  335
0.444839  67
0.444846  390
0.444876  162
0.444911  396
0.444918  381
0.444981  314
0.444996  263
0.445085  353
0.44522  399
0.445244  375
0.445263  28
0.445327  184
0.445624  20
0.445624  42
0.445708  323
0.445735  161
0.445838  349
0.446021  109
0.446038  298
0.446083  388
0.446163  319
0.446237  372
0.446278  25
0.446383  309
0.446464  8
0.446624  131
0.446656  330
0.446774  238
0.446775  392
0.446793  325
0.446876  259
0.44688  364
0.446954  174
0.446986  307
0.447046  126
0.447091  351
0.447121  99
0.447328  89
0.447485  302
0.447509  341
0.447519  210
0.447531  96
0.447757  379
0.44776  315
0.447774  29
0.447813  301
0.447864  312
0.447987  117
0.448006  217
0.448017  205
0.448067  136
0.448219  183
0.448259  310
0.448444  278
0.448656  316
0.448728  100
0.448956  92
0.449033  304
0.449361  386
0.449574  102
0.44968  350
0.450069  376
0.450109  93
0.45013  383
0.450595  352
0.451089  343
0.451115  326
0.451318  33
0.451449  23
0.451643  366
0.451842  327
0.451964  152
0.452592  252
0.453347  348
0.453396  280
0.453494  37
0.453783  313
0.454479  85
0.45457  66
0.455013  357
0.455791  125
0.457638  295
0.457719  294
0.458026  356
0.459665  265
0.459704  186
0.459711  365
0.460895  18
0.461499  138
0.462057  21
0.462875  202
0.463342  104
0.465629  26
0.466383  255
0.467166  215
0.467682  73
0.467774  285
0.467812  193
0.46801  141
0.468111  119
0.468359  48
0.468868  68
0.469207  199
0.469234  143
0.469423  179
0.469427  380
0.469548  137
0.46963  50
0.469831  367
0.469877  87
0.469923  384
0.47001  354
0.470366  132
0.470602  317
0.470633  192
0.470763  344
0.470836  241
0.470862  164
0.470967  333
0.471514  58
0.471719  337
0.471824  206
0.472147  329
0.472197  264
0.4724  128
0.472478  358
0.472732  320
0.47275  389
0.472874  287
0.472977  393
0.473186  1
0.473197  274
0.473412  370
0.473453  116
0.473553  17
0.473587  170
0.473916  258
0.474205  251
0.474295  374
0.474302  2
0.474416  283
0.474636  257
0.474838  30
0.474981  378
0.475022  54
0.475074  122
0.475323  77
0.475407  322
0.475446  213
0.475486  254
0.475505  155
0.475844  361
0.475865  244
0.475949  394
0.476058  256
0.476619  286
0.476665  159
0.476678  381
0.476708  284
0.476773  342
0.476799  178
0.476948  308
0.477037  106
0.477083  369
0.477086  303
0.477211  355
0.477245  321
0.47761  325
0.477797  382
0.477873  114
0.477934  311
0.477975  332
0.478092  391
0.478214  231
0.47846  319
0.478569  299
0.478618  377
0.478638  363
0.478829  373
0.479028  64
0.479069  195
0.479091  300
0.479168  360
0.47941  269
0.479467  41
0.479495  190
0.479921  79
0.479925  176
0.479995  154
0.480102  347
0.480139  144
0.480397  261
0.480495  376
0.480654  392
0.480732  204
0.480769  43
0.480847  339
0.480881  4
0.480982  396
0.480988  353
0.481045  3
0.481168  318
0.481205  324
0.481262  226
0.481345  38
0.481524  351
0.481595  359
0.481845  310
0.482014  22
0.482035  383
0.482062  371
0.482148  385
0.482315  352
0.482337  177
0.482357  153
0.482371  212
0.48252  229
0.482732  340
0.483206  151
0.483234  395
0.483269  338
0.483287  345
0.483383  336
0.483697  163
0.484004  309
0.48421  327
0.485105  397
0.48552  305
0.485853  314
0.486477  8
0.486594  301
0.486753  306
0.487535  398
0.488816  328
0.489832  349
0.49037  304
0.491734  335
0.493651  34
0.495385  334
0.495685  52
0.496355  341
0.496676  331
0.497151  357
0.497324  399
0.49824  343
0.501078  302
0.50217  76
0.504414  315
0.507574  330
0.508328  323
0.508478  88
0.509784  387
0.50983  307
0.510105  129
0.510124  384
0.51065  275
0.511743  39
0.512644  362
0.512943  388
0.514073  225
0.514175  348
0.514385  379
0.514642  115
0.51493  368
0.515012  233
0.515497  156
0.515662  56
0.516158  149
0.5164  110
0.516491  40
0.516851  96
0.517741  157
0.518134  49
0.518471  356
0.518567  94
0.519016  74
0.51926  139
0.519461  390
0.520132  346
0.520237  312
0.520401  78
0.521009  105
0.521223  158
0.521237  350
0.521491  180
0.521523  20
0.521635  185
0.521928  372
0.522057  145
0.522083  131
0.522285  326
0.52249  70
0.522569  171
0.522628  365
0.52269  317
0.522706  247
0.522887  66
0.523128  279
0.52323  246
0.523522  347
0.523535  367
0.523723  250
0.523999  291
0.524  162
0.524049  228
0.524174  51
0.524265  236
0.524452  235
0.524548  386
0.524742  12
0.524808  344
0.524822  211
0.52485  80
0.524888  75
0.525045  93
0.525182  72
0.525261  197
0.52532  290
0.525406  232
0.52547  303
0.525705  216
0.525875  112
0.526076  16
0.526083  99
0.526127  11
0.5262  46
0.526253  13
0.526316  366
0.526423  107
0.526446  188
0.526494  123
0.526513  316
0.526526  5
0.526543  255
0.526544  28
0.526549  86
0.526555  7
0.526594  103
0.526595  15
0.526688  358
0.526946  108
0.527005  324
0.527007  394
0.527097  380
0.527213  333
0.527247  82
0.52736  61
0.527395  298
0.527442  378
0.527458  240
0.527563  337
0.527568  136
0.527605  92
0.52771  319
0.527713  21
0.527715  313
0.527732  121
0.527749  281
0.527752  339
0.527807  304
0.52783  191
0.527865  374
0.527887  109
0.527908  62
0.527947  253
0.52802  150
0.528022  271
0.528105  102
0.528126  352
0.528144  370
0.528144  340
0.528147  31
0.52819  293
0.528231  140
0.528235  249
0.528253  130
0.528428  69
0.528435  322
0.528526  364
0.52854  194
0.528565  264
0.528719  375
0.528824  104
0.528976  217
0.52912  361
0.529122  201
0.529178  65
0.529249  301
0.529269  241
0.529338  35
0.529357  168
0.529395  321
0.529496  381
0.529573  311
0.52958  234
0.529586  320
0.529605  308
0.529779  268
0.52995  262
0.529977  44
0.529997  218
0.530026  106
0.530047  327
0.530058  135
0.530151  395
0.530195  210
0.530272  237
0.530278  173
0.530294  260
0.530297  154
0.530416  203
0.530439  314
0.530529  230
0.530566  399
0.530615  296
0.530638  26
0.530676  331
0.530723  193
0.530725  142
0.530728  81
0.530764  280
0.530785  83
0.530833  14
0.530846  9
0.530876  389
0.531009  57
0.53101  351
0.531106  164
0.531121  355
0.531142  6
0.531149  209
0.53115  363
0.531277  396
0.531317  332
0.531387  377
0.531403  85
0.531414  398
0.531452  134
0.531476  325
0.531481  67
0.53152  242
0.531576  393
0.531614  215
0.531655  165
0.531657  159
0.531693  391
0.531778  172
0.531793  353
0.531907  273
0.532007  19
0.532021  318
0.532035  182
0.532057  302
0.532116  315
0.532118  329
0.532159  167
0.532193  307
0.532213  284
0.53223  45
0.532231  357
0.532244  354
0.532288  288
0.532332  306
0.532395  68
0.532399  272
0.532428  199
0.532475  18
0.532562  111
0.532566  385
0.532573  373
0.532581  349
0.532601  283
0.53262  345
0.532629  192
0.532647  392
0.532754  259
0.532762  97
0.532768  309
0.53277  286
0.532792  71
0.5328  359
0.532897  360
0.532908  213
0.532922  369
0.533002  384
0.53304  244
0.533068  310
0.533113  1
0.53322  119
0.533232  37
0.533242  243
0.533274  47
0.533346  397
0.533352  33
0.533413  270
0.5335  305
0.5335  113
0.533535  101
0.533581  334
0.533584  330
0.53363  341
0.533745  248
0.533808  187
0.533853  323
0.533916  222
0.533954  383
0.533987  36
0.534259  196
0.534349  60
0.534373  342
0.53444  118
0.534495  335
0.534572  336
0.534595  388
0.534633  387
0.534654  133
0.534666  371
0.534737  38
0.534749  362
0.534926  53
0.534929  343
0.534973  376
0.534973  338
0.534978  285
0.535047  223
0.535101  190
0.535512  147
0.53554  266
0.535559  303
0.535613  289
0.535769  207
0.535802  63
0.536167  231
0.536266  160
0.536267  227
0.536484  368
0.536653  252
0.536766  110
0.536829  149
0.537034  300
0.537157  146
0.537208  316
0.537238  326
0.537426  169
0.537463  382
0.537499  226
0.537507  3
0.537844  23
0.537991  124
0.538088  166
0.538214  74
0.53828  208
0.53831  328
0.538821  25
0.539384  348
0.539433  114
0.539512  358
0.539678  292
0.53968  277
0.540284  137
0.540534  365
0.540715  322
0.540947  116
0.541354  132
0.541485  24
0.541795  84
0.542028  275
0.542571  22
0.542579  263
0.542892  312
0.542989  100
0.543521  184
0.543576  211
0.543875  117
0.544037  394
0.544166  337
0.544748  254
0.545245  129
0.545288  379
0.545329  347
0.54533  239
0.545715  396
0.545904  40
0.546372  355
0.54692  332
0.547667  216
0.547799  291
0.548247  366
0.548315  313
0.548447  374
0.548846  390
0.549053  352
0.549562  138
0.550561  297
0.550628  10
0.551376  91
0.551634  174
0.552263  161
0.553351  144
0.553462  317
0.553543  370
0.553649  95
0.553991  52
0.5547  354
0.554757  141
0.555339  380
0.557236  321
0.557968  350
0.55812  170
0.558171  346
0.559582  59
0.55962  282
0.561088  79
0.562786  175
0.56327  61
0.563271  372
0.563336  319
0.563367  356
0.564116  340
0.564214  338
0.564322  156
0.564476  126
0.564565  363
0.564581  301
0.564912  90
0.564923  325
0.565634  261
0.566083  309
0.566671  334
0.566872  0
0.566901  20
0.567593  339
0.567738  311
0.56781  357
0.567914  278
0.567932  251
0.568304  389
0.568819  27
0.56888  305
0.569056  369
0.569077  308
0.569208  267
0.569392  245
0.569404  393
0.569702  324
0.569791  331
0.569801  304
0.570218  130
0.570298  386
0.571346  378
0.571688  367
0.571904  77
0.572877  341
0.573162  318
0.573181  143
0.574948  361
0.5751  387
0.57615  398
0.576197  399
0.578997  373
0.579566  176
0.580361  385
0.581421  327
0.582769  294
0.582813  243
0.58298  381
0.583474  105
0.58458  371
0.584878  314
0.585216  41
0.586301  186
0.586344  342
0.587207  34
0.58735  383
0.587422  391
0.58812  365
0.588581  306
0.588937  162
0.589444  397
0.589591  360
0.589671  203
0.589845  377
0.590044  295
0.590422  96
0.590503  375
0.590681  206
0.590687  236
0.590914  185
0.591059  353
0.591455  333
0.591952  351
0.592015  392
0.592688  336
0.592823  151
0.593621  376
0.593734  30
0.593818  329
0.594068  323
0.594509  344
0.594715  307
0.594854  368
0.594991  364
0.595386  284
0.599877  302
0.599898  290
0.600306  4
0.600613  221
0.600635  8
0.601043  258
0.601168  163
0.602055  348
0.602336  345
0.602865  265
0.60313  32
0.603909  86
0.605148  157
0.605283  256
0.605458  359
0.605771  128
0.606297  98
0.606316  50
0.606335  320
0.606712  204
0.606876  312
0.607298  150
0.607465  396
0.607512  343
0.608459  246
0.608462  21
0.608524  202
0.608612  395
0.608832  330
0.608976  15
0.609085  191
0.609355  388
0.609514  225
0.60986  169
0.609962  2
0.61003  315
0.61009  390
0.610516  196
0.610722  65
0.610827  201
0.610907  172
0.610982  303
0.611023  209
0.611103  193
0.61111  189
0.611144  322
0.611179  310
0.611249  102
0.611277  72
0.611636  116
0.612057  347
0.612122  3
0.612158  131
0.612313  122
0.612406  300
0.612452  62
0.612654  228
0.612755  54
0.612812  394
0.613055  379
0.61329  42
0.613301  296
0.613328  51
0.613521  262
0.613731  349
0.613762  366
0.613889  120
0.614125  88
0.614135  317
0.614283  19
0.614317  55
0.614456  250
0.614768  382
0.614788  17
0.614795  274
0.614992  362
0.615013  325
0.615171  279
0.615191  356
0.615372  254
0.615389  398
0.615433  338
0.61546  80
0.615483  31
0.615561  357
0.615595  374
0.615735  49
0.615811  200
0.615833  328
0.615838  197
0.615864  232
0.615918  16
0.616048  324
0.616114  352
0.616147  153
0.616204  217
0.616205  308
0.616288  101
0.616327  332
0.616666  293
0.616698  11
0.616874  5
0.616875  355
0.616921  146
0.616962  288
0.617027  58
0.617063  393
0.61714  372
0.617263  316
0.617395  354
0.617586  273
0.617602  358
0.617674  115
0.617696  70
0.617799  43
0.617914  78
0.617984  134
0.618046  192
0.618065  219
0.61814  181
0.61838  48
0.618465  257
0.618475  148
0.618529  387
0.61859  386
0.618646  313
0.61885  234
0.618862  335
0.618883  208
0.618938  340
0.618967  183
0.619029  147
0.619061  319
0.619104  269
0.619106  329
0.619272  9
0.619283  89
0.619287  380
0.619288  139
0.619362  6
0.619442  373
0.619463  121
0.61957  391
0.619572  268
0.619795  176
0.619838  271
0.619844  377
0.619865  306
0.619884  245
0.61993  125
0.61996  56
0.619961  361
0.620018  370
0.62011  389
0.620136  214
0.620454  177
0.620487  353
0.620521  38
0.620527  342
0.620604  13
0.620619  171
0.620664  363
0.620701  247
0.620751  36
0.620773  318
0.620781  242
0.620818  371
0.620863  159
0.620953  337
0.621177  241
0.621427  369
0.621427  331
0.62145  179
0.621605  339
0.621728  378
0.621772  81
0.621777  185
0.621784  301
0.621799  167
0.621807  365
0.62186  305
0.622149  323
0.622181  60
0.622274  367
0.62232  281
0.622463  18
0.62265  348
0.622703  327
0.622708  311
0.622722  1
0.622731  384
0.62279  127
0.623101  73
0.623167  35
0.623431  158
0.62353  126
0.623637  10
0.623663  244
0.623744  309
0.623752  302
0.623788  108
0.623996  304
0.62414  334
0.624146  392
0.624159  345
0.624225  174
0.624255  375
0.624323  64
0.624597  26
0.624697  129
0.624726  326
0.624752  383
0.624821  399
0.624884  321
0.625139  33
0.625468  336
0.625768  385
0.626032  239
0.626233  168
0.626372  215
0.626476  84
0.626608  12
0.62673  150
0.626966  180
0.627092  40
0.627532  210
0.627584  314
0.627737  145
0.627859  360
0.628064  287
0.628558  106
0.628599  149
0.628765  230
0.62881  344
0.628866  47
0.628909  117
0.629102  298
0.629103  220
0.629304  128
0.62951  76
0.629584  381
0.629719  264
0.629903  199
0.62992  222
0.629957  178
0.630049  195
0.630228  294
0.630247  368
0.630308  397
0.630316  198
0.630802  350
0.630859  67
0.630949  61
0.631097  140
0.631145  289
0.631301  333
0.631624  312
0.631738  341
0.631893  34
0.631944  207
0.632209  346
0.63263  351
0.632818  364
0.633093  212
0.633158  144
0.633213  182
0.633581  374
0.633591  376
0.633652  83
0.633696  152
0.634593  97
0.634628  99
0.634907  260
0.635121  57
0.635497  330
0.636003  75
0.636092  325
0.636586  69
0.637007  151
0.637267  310
0.637452  95
0.637858  343
0.638032  395
0.638054  307
0.638156  28
0.638303  275
0.63846  37
0.638736  123
0.639292  104
0.639292  74
0.63978  233
0.639804  398
0.639918  240
0.639987  377
0.640112  216
0.640831  14
0.640841  349
0.641036  235
0.641087  225
0.641225  266
0.641228  44
0.641255  379
0.641602  359
0.641802  205
0.642404  390
0.642555  218
0.642931  322
0.643159  170
0.643338  0
0.643467  91
0.644694  394
0.644739  114
0.644806  317
0.644963  355
0.645783  382
0.645804  393
0.646483  156
0.647395  320
0.647458  361
0.64821  124
0.648646  366
0.649195  173
0.649272  357
0.649323  276
0.650011  334
0.650083  365
0.650113  190
0.651248  211
0.65148  356
0.651879  318
0.652469  305
0.652675  335
0.652745  388
0.652987  353
0.653085  328
0.653251  372
0.654409  347
0.655168  164
0.655418  292
0.655785  110
0.656214  237
0.657149  184
0.659685  29
0.660297  172
0.660345  226
0.660824  327
0.660826  352
0.660828  301
0.66124  255
0.661401  125
0.661624  35
0.661637  102
0.661932  82
0.662085  142
0.66214  261
0.662237  141
0.662331  315
0.66242  8
0.663159  380
0.663226  303
0.663846  309
0.663862  369
0.66399  387
0.664099  238
0.664349  399
0.664478  342
0.664822  324
0.664839  396
0.665118  344
0.665214  48
0.665813  243
0.665978  219
0.665999  251
0.666015  24
0.66602  338
0.666373  131
0.666491  89
0.666504  143
0.666566  177
0.66669  272
0.667423  119
0.668581  362
0.668622  221
0.669035  316
0.669081  58
0.669088  340
0.669292  68
0.669423  285
0.669426  278
0.669469  368
0.669685  111
0.670138  302
0.670139  370
0.670187  32
0.67021  300
0.670553  306
0.670594  270
0.671131  115
0.671463  319
0.671479  229
0.671494  165
0.671655  248
0.671707  280
0.671884  371
0.671925  112
0.672135  203
0.672148  375
0.672166  224
0.672235  332
0.672355  391
0.672413  397
0.67252  329
0.67257  231
0.672611  358
0.672612  194
0.67265  185
0.672718  118
0.672728  18
0.672813  161
0.672878  7
0.673254  304
0.673317  389
0.673596  282
0.673631  339
0.673703  367
0.673882  386
0.673934  146
0.674031  109
0.674031  355
0.674412  259
0.674459  52
0.674502  313
0.674676  103
0.674686  354
0.674696  291
0.674832  130
0.674951  381
0.674969  122
0.675032  206
0.675047  312
0.675116  398
0.675132  186
0.675417  262
0.67543  10
0.675433  175
0.675782  326
0.675861  395
0.675908  51
0.675971  148
0.676072  350
0.676078  392
0.676079  66
0.676252  311
0.676391  263
0.676392  346
0.676525  3
0.676688  299
0.676842  373
0.676845  298
0.676897  50
0.676957  296
0.677373  189
0.677536  105
0.677655  323
0.677673  249
0.6784  377
0.678532  336
0.679068  394
0.679261  155
0.679572  39
0.679638  80
0.679691  162
0.679902  92
0.679959  286
0.680123  256
0.680279  376
0.680365  187
0.680437  314
0.680467  107
0.680763  337
0.680811  382
0.680859  379
0.680932  267
0.681036  322
0.681696  308
0.681761  343
0.681933  348
0.682064  295
0.682217  53
0.682513  385
0.682718  78
0.683403  363
0.683514  121
0.683574  59
0.683634  369
0.684833  16
0.684851  108
0.685366  318
0.685433  325
0.685441  277
0.685495  390
0.685745  387
0.686023  79
0.687005  147
0.687228  120
0.68726  188
0.68728  364
0.68732  383
0.687779  359
0.687957  11
0.688353  247
0.688457  305
0.688558  288
0.68891  65
0.68907  31
0.68924  269
0.689531  34
0.689555  333
0.689651  265
0.689871  360
0.689942  321
0.690021  320
0.690182  96
0.690486  253
0.690598  132
0.690736  341
0.690799  330
0.691152  195
0.691541  166
0.691938  345
0.691959  365
0.692137  138
0.692229  216
0.692441  45
0.692472  331
0.692518  356
0.692582  192
0.692688  362
0.692808  301
0.692832  372
0.692942  126
0.693013  30
0.693624  374
0.693938  94
0.694215  95
0.6945  46
0.69478  347
0.694973  351
0.695152  384
0.695302  378
0.695438  135
0.695456  179
0.695854  214
0.696569  388
0.696999  23
0.697283  169
0.697725  302
0.69827  20
0.698511  317
0.698861  366
0.699026  316
0.699247  258
0.700052  212
0.702293  334
0.704637  361
0.704723  304
0.705187  242
0.705453  342
0.705471  204
0.706066  393
0.706421  357
0.70652  151
0.707181  307
0.707286  154
0.708069  274
0.708978  335
0.710326  396
0.712775  196
0.713225  380
0.71328  344
0.713376  157
0.713766  300
0.715057  310
0.715637  340
0.715955  399
0.715974  217
0.716571  54
0.716691  14
0.716855  352
0.717183  319
0.717268  44
0.717473  349
0.719148  354
0.719206  327
0.719489  181
0.720267  67
0.720901  21
0.721635  81
0.722876  163
0.723193  36
0.723252  303
0.723334  113
0.723345  72
0.723487  198
0.723549  293
0.723649  93
0.72375  350
0.723794  168
0.723926  236
0.724522  100
0.724593  370
0.72477  368
0.724812  77
0.724892  207
0.724932  71
0.724939  254
0.724956  375
0.724962  73
0.725084  9
0.72521  64
0.725227  332
0.725232  397
0.725256  228
0.725405  141
0.725616  391
0.726054  381
0.726209  309
0.726265  61
0.726292  180
0.72635  85
0.726357  312
0.726405  98
0.726651  150
0.726656  183
0.726667  328
0.726724  324
0.726868  245
0.726936  25
0.726966  229
0.726975  124
0.727103  306
0.727195  358
0.727264  86
0.727317  367
0.727317  240
0.727331  160
0.727345  339
0.727431  329
0.727635  117
0.727644  369
0.727672  202
0.727675  101
0.727777  311
0.727951  6
0.727978  205
0.728067  139
0.728087  19
0.728377  208
0.728392  149
0.728453  49
0.728589  156
0.728613  320
0.728653  382
0.728759  190
0.728764  40
0.728784  315
0.728827  210
0.728931  394
0.728937  386
0.728938  197
0.729071  275
0.729248  5
0.729261  15
0.729339  257
0.729362  88
0.729389  230
0.729474  91
0.729517  336
0.729694  11
0.729699  68
0.7297  63
0.729701  314
0.729731  353
0.729777  294
0.729801  373
0.729841  279
0.729913  298
0.730242  364
0.730252  338
0.730353  220
0.730381  87
0.730418  362
0.730466  56
0.730599  385
0.730609  222
0.730701  47
0.730822  32
0.730845  174
0.731146  363
0.731189  211
0.731276  129
0.73131  284
0.731333  28
0.73134  308
0.731343  392
0.731394  153
0.731425  173
0.731443  343
0.731465  383
0.731484  334
0.731485  241
0.731569  158
0.731591  114
0.73164  17
0.731644  395
0.731662  165
0.731761  318
0.731773  390
0.731802  209
0.73183  50
0.731861  346
0.731924  360
0.73202  267
0.732027  104
0.732089  191
0.73215  118
0.732225  326
0.732316  261
0.732369  41
0.732388  282
0.73239  248
0.732415  256
0.732443  355
0.732461  102
0.73257  31
0.732602  233
0.73261  313
0.732676  376
0.732741  48
0.732865  26
0.732939  232
0.732986  297
0.732994  341
0.733027  289
0.733046  321
0.733069  213
0.73315  268
0.733251  323
0.73328  377
0.733314  281
0.733465  58
0.733525  193
0.733559  227
0.733628  387
0.733803  106
0.733822  271
0.733865  356
0.733909  66
0.733926  252
0.733949  301
0.734248  366
0.734303  359
0.734418  325
0.734504  371
0.734565  35
0.734569  203
0.734599  290
0.734625  82
0.734746  74
0.734762  177
0.734851  333
0.734898  305
0.734929  283
0.734979  8
0.735129  389
0.735222  277
0.735242  2
0.735403  351
0.735416  316
0.735465  176
0.735481  125
0.735486  347
0.735491  0
0.735541  379
0.735559  80
0.735631  322
0.735756  246
0.735797  122
0.735818  348
0.735834  388
0.735899  146
0.735964  75
0.736042  399
0.736217  291
0.736329  398
0.736433  331
0.736476  310
0.736514  231
0.736552  255
0.736563  357
0.736599  378
0.736603  317
0.73661  62
0.736724  319
0.73673  250
0.737001  133
0.737058  171
0.737177  374
0.73721  119
0.737324  243
0.737642  302
0.737798  365
0.737884  147
0.737903  244
0.73791  4
0.738003  330
0.738102  188
0.738145  27
0.738223  144
0.738305  295
0.738553  13
0.73856  349
0.738698  206
0.738709  169
0.738728  1
0.73876  337
0.738834  372
0.738873  265
0.738911  221
0.739065  342
0.739306  57
0.739341  335
0.739475  10
0.73949  354
0.73979  145
0.739923  384
0.73995  185
0.739982  345
0.740245  70
0.740305  286
0.740406  344
0.740618  112
0.740647  303
0.740767  199
0.740885  393
0.740934  370
0.741129  140
0.741276  123
0.741409  251
0.741495  391
0.741574  361
0.741602  380
0.741635  34
0.742048  287
0.742181  51
0.742506  37
0.74275  328
0.742896  296
0.742921  166
0.742945  259
0.74307  312
0.743239  78
0.743419  304
0.743618  120
0.743645  300
0.743814  38
0.744144  204
0.744269  179
0.744291  307
0.744518  187
0.744562  367
0.744604  186
0.744762  33
0.744889  382
0.744899  306
0.744945  352
0.745302  89
0.745363  218
0.745479  136
0.745792  273
0.745819  397
0.746021  276
0.746578  311
0.747482  194
0.747931  42
0.748193  338
0.74849  336
0.748546  272
0.749109  270
0.749219  196
0.749221  358
0.749626  327
0.749694  154
0.749861  368
0.75034  178
0.750574  60
0.750608  92
0.755126  18
0.755595  207
0.755811  164
0.756413  313
0.75792  353
0.757968  143
0.758468  97
0.759114  395
0.759142  326
0.760066  324
0.76043  167
0.761554  131
0.761829  49
0.762653  71
0.762716  373
0.763389  314
0.763517  332
0.763982  365
0.764142  148
0.76541  87
0.766135  321
0.766275  65
0.766313  334
0.766505  356
0.766689  340
0.76773  309
0.767819  184
0.768509  369
0.768531  339
0.769639  135
0.769796  348
0.771134  53
0.7719  315
0.772114  363
0.772304  341
0.772459  219
0.772754  387
0.772941  156
0.773242  64
0.773273  396
0.77343  14
0.773918  201
0.774783  381
0.774913  215
0.775114  157
0.775214  360
0.775228  95
0.775372  30
0.775615  192
0.775961  379
0.776204  261
0.776228  302
0.776253  392
0.776498  378
0.776641  46
0.776828  333
0.776998  237
0.777402  162
0.77747  195
0.777795  389
0.777907  300
0.777978  350
0.778346  328
0.778697  106
0.778794  127
0.779773  394
0.779776  376
0.780197  331
0.780217  322
0.780349  16
0.780356  235
0.78068  139
0.780833  9
0.780859  175
0.780935  366
0.781865  262
0.782097  308
0.782149  304
0.78229  292
0.782485  388
0.782861  20
0.783189  303
0.783391  247
0.78435  305
0.784351  138
0.784451  398
0.784934  375
0.785326  316
0.785665  12
0.785737  181
0.785821  205
0.785891  320
0.785932  229
0.786521  390
0.786592  318
0.78704  342
0.787148  90
0.787383  72
0.787744  385
0.78838  351
0.788931  200
0.789068  310
0.789131  25
0.789232  301
0.78959  145
0.789596  94
0.78998  238
0.790322  374
0.790476  359
0.790703  81
0.790712  274
0.790854  182
0.791717  372
0.791928  391
0.792121  325
0.792186  228
0.792377  155
0.79251  346
0.793197  226
0.793294  142
0.793922  288
0.794005  69
0.794201  271
0.794472  393
0.795455  377
0.795739  345
0.795871  357
0.795919  362
0.795973  158
0.796021  399
0.796456  311
0.796599  323
0.79677  230
0.797032  319
0.797037  101
0.797328  86
0.797422  39
0.798233  198
0.798442  132
0.798745  307
0.798767  55
0.799201  364
0.800458  336
0.800642  152
0.800658  232
0.800788  79
0.801143  329
0.801454  83
0.801726  105
0.802368  242
0.802637  326
0.802706  168
0.802872  2
0.803066  285
0.803508  338
0.803685  371
0.803851  368
0.803977  189
0.804068  203
0.804332  249
0.805242  35
0.805254  343
0.805343  114
0.80541  358
0.805746  355
0.805754  264
0.805806  165
0.805869  3
0.805943  337
0.805993  225
0.806173  386
0.806252  96
0.806435  75
0.806624  352
0.806725  380
0.807089  306
0.807193  78
0.807295  384
0.807397  7
0.807416  80
0.807778  344
0.807925  137
0.808286  397
0.808611  280
0.808667  234
0.808995  108
0.809209  115
0.809332  373
0.809348  314
0.809603  294
0.809857  91
0.810064  24
0.810153  111
0.810199  302
0.810275  0
0.81035  216
0.81045  383
0.810475  315
0.810499  213
0.810626  312
0.810697  28
0.811032  395
0.811032  66
0.811043  354
0.811438  197
0.811504  128
0.811645  330
0.811751  370
0.811801  317
0.811921  353
0.811945  266
0.812314  349
0.812364  382
0.812484  332
0.812836  239
0.812855  193
0.812865  298
0.812895  299
0.813029  11
0.813086  341
0.813207  321
0.813669  76
0.813809  136
0.814033  13
0.814212  293
0.814215  210
0.814545  37
0.81505  360
0.815081  208
0.815191  347
0.815433  190
0.815534  192
0.815646  305
0.815681  116
0.815721  233
0.815726  61
0.816316  109
0.816343  361
0.816692  27
0.81671  47
0.816955  348
0.817154  236
0.817297  328
0.817679  74
0.817785  275
0.817885  369
0.817891  387
0.817934  322
0.817953  125
0.818205  335
0.818306  366
0.81839  365
0.818575  392
0.818783  378
0.818817  334
0.818827  389
0.818829  367
0.818987  309
0.819142  89
0.819242  324
0.819565  339
0.820176  85
0.820576  103
0.821357  356
0.821526  93
0.822262  29
0.822321  340
0.822535  43
0.822592  133
0.823842  212
0.824003  385
0.824084  84
0.824094  15
0.824113  17
0.82439  95
0.824499  44
0.824553  257
0.824843  67
0.824958  151
0.825055  375
0.825471  308
0.825741  333
0.82575  277
0.825884  304
0.825913  256
0.825974  104
0.826534  282
0.826549  267
0.826566  320
0.827119  255
0.827448  22
0.827896  159
0.828286  318
0.828293  396
0.828568  5
0.828712  342
0.828839  253
0.829016  379
0.82939  154
0.829595  70
0.829912  351
0.830238  390
0.830254  363
0.830318  394
0.830418  124
0.830949  172
0.830984  381
0.831084  376
0.831212  107
0.831301  112
0.831351  178
0.831449  149
0.83202  326
0.832202  316
0.832312  191
0.832524  201
0.832687  252
0.833391  398
0.833462  350
0.833921  163
0.834347  377
0.834658  374
0.834723  345
0.834829  263
0.834839  357
0.834957  123
0.835776  171
0.835812  209
0.836612  99
0.837562  62
0.837656  206
0.837733  32
0.83775  288
0.838135  224
0.838195  313
0.838231  391
0.838452  221
0.838657  362
0.839081  300
0.839341  371
0.839515  121
0.839644  399
0.839914  9
0.840045  218
0.840098  36
0.840188  16
0.840334  130
0.840605  319
0.84107  388
0.841087  173
0.841443  73
0.84182  187
0.841847  311
0.84192  358
0.841949  207
0.841994  314
0.842203  140
0.842642  359
0.842768  48
0.842862  143
0.842961  337
0.843052  327
0.843478  141
0.84355  254
0.843716  325
0.843744  260
0.843793  364
0.843837  199
0.84395  21
0.843978  31
0.843984  129
0.844096  297
0.844254  393
0.844453  331
0.844635  68
0.84492  117
0.845033  296
0.845199  338
0.845252  34
0.845511  352
0.845563  244
0.846035  6
0.846551  41
0.846559  258
0.846646  19
0.846745  251
0.846785  185
0.847086  54
0.847103  355
0.84723  380
0.847268  211
0.847315  373
0.847705  145
0.847904  33
0.848085  248
0.848345  222
0.848602  126
0.848638  106
0.848852  307
0.848878  52
0.848951  395
0.849065  290
0.849343  389
0.8494  369
0.8498  57
0.850007  261
0.850082  220
0.850115  170
0.850123  346
0.850153  243
0.850175  241
0.850197  276
0.850248  382
0.850313  312
0.850328  176
0.850547  301
0.85059  383
0.850631  291
0.850726  384
0.850763  83
0.850778  148
0.850791  372
0.850847  177
0.850851  135
0.851226  137
0.851267  161
0.851322  87
0.851413  283
0.851449  146
0.851493  336
0.851535  240
0.851565  110
0.851647  353
0.851722  203
0.851752  26
0.851885  386
0.851924  144
0.851976  379
0.851985  392
0.852163  274
0.852239  18
0.852266  343
0.852281  30
0.852379  119
0.852538  14
0.852593  302
0.852878  46
0.85288  332
0.853011  367
0.853084  323
0.853253  186
0.853311  317
0.85333  102
0.853337  315
0.853345  7
0.85344  23
0.853458  347
0.853575  310
0.853576  329
0.854023  349
0.854251  88
0.854317  10
0.854397  322
0.854612  306
0.854643  217
0.854663  287
0.85477  227
0.8548  321
0.854838  179
0.854978  56
0.855275  340
0.855361  214
0.855664  55
0.855712  385
0.855715  348
0.855925  157
0.85594  85
0.856022  370
0.856165  344
0.856371  49
0.856842  316
0.856959  360
0.857163  289
0.857324  341
0.857516  335
0.857599  82
0.858075  286
0.858168  1
0.858351  122
0.858384  320
0.858433  387
0.85855  305
0.858861  397
0.85903  330
0.859176  225
0.85923  202
0.859432  108
0.859441  368
0.859498  396
0.85957  342
0.859644  365
0.859683  154
0.859863  394
0.860102  326
0.860317  284
0.860366  366
0.860377  131
0.860662  97
0.860726  65
0.860954  354
0.861299  231
0.86148  361
0.861564  71
0.861897  239
0.861923  303
0.862806  309
0.862844  53
0.862856  390
0.86544  324
0.865491  363
0.867059  61
0.870194  334
0.870477  63
0.870644  328
0.870698  391
0.871109  269
0.87128  304
0.872289  198
0.875827  37
0.875981  265
0.87856  262
0.878568  375
0.879043  133
0.879632  169
0.880187  229
0.880568  51
0.880681  281
0.880836  362
0.880858  235
0.880925  364
0.881836  333
0.882082  195
0.882435  264
0.882554  44
0.883015  339
0.883127  371
0.883709  314
0.883729  278
0.883787  311
0.883811  174
0.884113  377
0.884328  388
0.884328  210
0.884359  398
0.884408  319
0.884456  350
0.884767  378
0.885855  168
0.885993  313
0.886396  118
0.886449  374
0.886685  2
0.887881  59
0.888144  27
0.888144  142
0.888236  308
0.888425  162
0.888611  64
0.888974  98
0.889085  183
0.889438  312
0.890213  395
0.890806  175
0.890966  351
0.89119  233
0.891227  94
0.891301  125
0.89149  381
0.891592  318
0.891684  216
0.892515  345
0.892533  96
0.892561  194
0.892654  369
0.892927  25
0.893048  92
0.893101  132
0.893328  69
0.893802  384
0.893966  245
0.894447  75
0.894525  215
0.894715  357
0.894788  181
0.894987  307
0.89543  347
0.895453  22
0.895608  331
0.896336  219
0.896344  329
0.896447  376
0.896589  249
0.89662  101
0.896734  153
0.896803  358
0.896994  380
0.897064  360
0.897102  337
0.897279  325
0.897352  327
0.8975  79
0.897607  346
0.89773  399
0.897795  185
0.898137  336
0.898144  236
0.898857  58
0.898927  270
0.899061  28
0.899128  100
0.899164  150
0.899266  161
0.899324  353
0.899507  323
0.900177  287
0.900231  317
0.900672  396
0.900897  166
0.900967  293
0.90113  39
0.901642  349
0.901713  188
0.902045  190
0.902127  113
0.902447  90
0.902477  250
0.902601  87
0.90279  60
0.902961  352
0.903015  184
0.903196  136
0.903264  389
0.903363  383
0.903371  275
0.903478  298
0.903481  361
0.903783  116
0.903798  205
0.903809  147
0.904139  160
0.904163  367
0.904168  156
0.904246  300
0.90425  315
0.904297  238
0.904314  359
0.904353  397
0.904428  104
0.90446  310
0.904783  80
0.904797  152
0.904912  134
0.905043  386
0.905118  29
0.905156  368
0.905238  392
0.905489  316
0.905572  390
0.905583  279
0.905615  332
0.905895  115
0.90606  24
0.906257  355
0.906297  255
0.9063  288
0.906578  93
0.906624  40
0.906627  182
0.906712  141
0.906931  334
0.906944  377
0.907182  256
0.907214  70
0.90728  382
0.907561  192
0.907579  375
0.907667  341
0.907796  373
0.907821  301
0.907874  321
0.908015  379
0.90813  306
0.908419  305
0.908531  130
0.908622  340
0.908692  214
0.908812  173
0.909073  372
0.909107  158
0.909461  78
0.909593  228
0.909657  385
0.910138  180
0.91026  89
0.910464  335
0.910513  322
0.910715  149
0.911057  272
0.911068  398
0.911096  45
0.911125  224
0.911262  356
0.911583  286
0.911699  243
0.912076  273
0.912116  146
0.912201  320
0.912233  42
0.912279  309
0.912341  302
0.912473  304
0.91258  164
0.912604  170
0.912609  391
0.912686  17
0.91354  128
0.913572  370
0.913576  76
0.913778  394
0.914082  342
0.914191  303
0.914217  366
0.914659  290
0.91546  344
0.915511  16
0.915518  103
0.915602  339
0.915882  251
0.915949  204
0.916035  348
0.916235  393
0.917418  231
0.917891  326
0.919073  12
0.919448  338
0.919838  324
0.919908  81
0.919977  345
0.920302  62
0.920846  343
0.921049  22
0.921078  18
0.921162  114
0.922387  362
0.922876  202
0.923123  240
0.923548  267
0.92417  178
0.924567  155
0.924797  34
0.925295  196
0.925319  247
0.925618  284
0.925975  311
0.926782  268
0.926806  111
0.92685  7
0.926979  112
0.927098  354
0.927211  291
0.927683  26
0.927727  148
0.927792  350
0.927937  72
0.928054  167
0.928381  388
0.928593  73
0.928667  374
0.928694  363
0.929001  199
0.929366  0
0.929543  6
0.930389  106
0.930485  365
0.930561  384
0.930598  330
0.930683  191
0.93085  387
0.931088  88
0.931391  381
0.93149  15
0.931599  253
0.931632  68
0.932188  139
0.932341  165
0.932421  331
0.932423  312
0.932601  239
0.93264  371
0.932709  94
0.933032  123
0.933463  126
0.933467  319
0.934062  336
0.934487  44
0.934588  329
0.934607  278
0.934658  109
0.934685  347
0.934687  316
0.934886  20
0.935044  285
0.935415  351
0.935669  361
0.935751  52
0.935816  46
0.935855  230
0.935973  55
0.936033  378
0.936047  337
0.936117  43
0.936179  226
0.936457  364
0.936539  183
0.93665  91
0.936803  168
0.936999  307
0.937193  314
0.937268  295
0.937423  380
0.937474  57
0.937642  328
0.937684  242
0.937862  395
0.938045  151
0.938275  318
0.938402  301
0.939767  48
0.939819  86
0.939835  246
0.940153  225
0.940604  132
0.940658  325
0.940696  56
0.940886  263
0.9409  207
0.940979  352
0.942126  282
0.942322  360
0.942435  367
0.942518  200
0.943025  292
0.94306  280
0.943453  11
0.943556  333
0.943642  245
0.94369  97
0.943705  304
0.943863  327
0.944076  260
0.944096  177
0.94412  358
0.944332  119
0.944377  349
0.944382  379
0.944581  376
0.944586  189
0.944635  84
0.944773  35
0.944796  203
0.944806  392
0.944816  259
0.945269  154
0.94538  274
0.945436  145
0.945444  332
0.945595  369
0.945765  254
0.945931  334
0.945949  133
0.945958  281
0.946018  346
0.946345  313
0.946504  257
0.946597  308
0.946629  211
0.946695  353
0.946798  344
0.946806  107
0.946887  394
0.946909  389
0.947015  372
0.947016  383
0.94745  163
0.947531  310
0.947581  269
0.947659  179
0.947877  300
0.947908  218
0.947961  96
0.947992  386
0.948017  262
0.948101  142
0.948269  23
0.948643  223
0.948647  373
0.948725  53
0.948745  375
0.948892  51
0.948916  368
0.94893  287
0.948981  305
0.948982  356
0.949018  37
0.949101  21
0.949112  244
0.949235  9
0.949299  377
0.949324  357
0.949475  321
0.949783  396
0.949945  399
0.949951  125
0.949968  220
0.95004  136
0.950158  209
0.950309  324
0.950773  67
0.950795  122
0.95086  306
0.950917  236
0.950954  382
0.951001  385
0.951685  197
0.951693  235
0.951717  338
0.951723  315
0.951918  355
0.952057  388
0.952266  335
0.952421  283
0.95322  317
0.953227  340
0.95328  391
0.953682  14
0.95376  320
0.953798  188
0.953809  276
0.954649  326
0.954663  370
0.955116  303
0.955721  47
0.956217  241
0.956372  13
0.957127  323
0.957199  302
0.957277  342
0.958151  210
0.958877  341
0.959091  359
0.95984  153
0.960088  59
0.960852  390
0.961164  171
0.96149  61
0.962073  398
0.962397  339
0.964907  397
0.967843  258
0.96993  99
0.970819  387
0.971291  50
0.972419  79
0.972802  354
0.973011  101
0.974271  227
0.974629  322
0.974993  374
0.975154  98
0.975223  185
0.975391  92
0.975473  371
0.975543  363
0.975552  157
0.975714  19
0.976159  393
0.976336  330
0.976395  309
0.977073  102
0.977198  265
0.977585  384
0.977727  58
0.97797  127
0.978096  275
0.978404  181
0.978683  366
0.978694  8
0.979221  365
0.979228  31
0.979366  319
0.979441  41
0.980609  159
0.980747  205
0.980933  174
0.980989  347
0.981076  381
0.981277  348
0.981354  12
0.981373  152
0.981482  70
0.981581  162
0.981869  360
0.982091  110
0.98213  228
0.982192  350
0.982278  232
0.982288  345
0.982323  336
0.982445  378
0.982527  7
0.982636  380
0.982874  54
0.983717  63
0.983889  351
0.984166  77
0.984183  343
0.984203  108
0.984286  361
0.984298  141
0.984877  144
0.984977  6
0.985455  165
0.985573  172
0.985598  187
0.985851  337
0.986282  331
0.986581  3
0.986738  314
0.986778  176
0.986797  212
0.986868  10
0.986898  115
0.987106  252
0.987178  349
0.9872  203
0.987371  389
0.987771  140
0.987801  90
0.987938  364
0.988094  95
0.988331  297
0.988383  186
0.988455  78
0.988603  362
0.988662  182
0.988691  156
0.988693  307
0.988736  334
0.988825  312
0.989075  368
0.989199  395
0.989271  328
0.989402  213
0.989567  273
0.989616  1
0.989788  327
0.989793  175
0.989991  25
0.990038  36
0.990589  358
0.990706  221
0.990747  38
0.991004  310
0.991135  355
0.991362  4
0.991394  120
0.99146  74
0.991565  392
0.991637  391
0.991859  138
0.991914  325
0.991948  250
0.992409  105
0.99252  96
0.992838  317
0.9929  264
0.992907  215
0.993203  139
0.993204  313
0.993262  318
0.993483  121
0.993668  289
0.99368  286
0.994063  373
0.994091  306
0.994158  284
0.994244  305
0.994305  261
0.994339  135
0.994394  383
0.994405  256
0.994672  119
0.994827  396
0.994889  375
0.994896  170
0.995077  338
0.995137  76
0.995514  300
0.995664  294
0.99588  109
0.995993  340
0.996063  357
0.996265  33
0.996268  333
0.99629  388
0.996312  385
0.996328  376
0.996496  42
0.996806  226
0.996885  299
0.99716  311
0.997216  346
0.997327  301
0.997559  316
0.99757  379
0.9977  335
0.997757  353
0.9979  117
0.997936  324
0.998536  344
0.998992  180
0.999304  158
0.9994  386
0.999467  382
0.999481  303
0.999636  367
0.999778  323
0.999845  304
