2.06795e-06  195
4.52749e-06  68
5.16725e-06  217
1.025e-05  104
1.06635e-05  183
1.40547e-05  119
1.63239e-05  235
1.68144e-05  189
1.83248e-05  221
1.86821e-05  96
2.06454e-05  172
2.55212e-05  140
2.62708e-05  11
2.80202e-05  84
3.21917e-05  232
3.89854e-05  199
4.85144e-05  44
4.97587e-05  92
5.35636e-05  163
5.50069e-05  185
5.67093e-05  112
5.72018e-05  196
6.14211e-05  41
6.34497e-05  177
6.3893e-05  204
6.60565e-05  85
6.7237e-05  91
6.84777e-05  60
7.86053e-05  89
7.88652e-05  76
8.24752e-05  192
8.77574e-05  100
9.09512e-05  149
9.80234e-05  127
0.000101211  207
0.00010249  233
0.000107749  141
0.000113292  83
0.000114025  144
0.000116462  168
0.000124035  143
0.000125903  27
0.000127164  219
0.000140946  167
0.00014409  223
0.000145743  71
0.000146955  180
0.000153406  135
0.000156718  137
0.000163282  136
0.000163628  101
0.000167909  8
0.000175349  73
0.00017563  125
0.000175769  133
0.000178737  220
0.000180131  111
0.000185778  156
0.000190508  147
0.000192303  67
0.000203206  75
0.000204359  124
0.000208477  95
0.000209493  103
0.000213124  52
0.000214955  159
0.000215615  56
0.000223539  31
0.000223871  113
0.000227069  176
0.000229574  47
0.000230645  9
0.000232204  48
0.000232245  161
0.000232301  105
0.000234548  87
0.000237494  128
0.000238894  116
0.000242703  123
0.000245028  225
0.000246304  171
0.000251247  53
0.000252668  173
0.000257204  79
0.000259283  29
0.00026232  43
0.000262513  69
0.000262904  259
0.000263865  228
0.00026816  256
0.000273798  131
0.000280343  81
0.00029118  93
0.000297283  63
0.000300864  49
0.000304398  151
0.000305908  88
0.000306012  216
0.000306151  121
0.000306267  165
0.000312817  115
0.00032702  145
0.000332475  227
0.00033344  24
0.000334155  45
0.000337516  25
0.000345189  117
0.000346612  197
0.000348996  160
0.000350334  59
0.000353097  257
0.000357021  132
0.000358676  55
0.000359389  99
0.000367516  205
0.000373023  188
0.00037866  129
0.000387391  229
0.000395556  97
0.000398137  28
0.000423204  184
0.000430226  120
0.000437307  61
0.00043871  187
0.000439206  175
0.000441725  179
0.00045122  181
0.000465247  231
0.000472193  157
0.000473953  65
0.000477835  107
0.000484424  224
0.000489013  51
0.000492227  109
0.000496161  40
0.00051379  72
0.000515255  57
0.000521059  108
0.000522935  193
0.000562274  148
0.000596853  77
0.000648952  80
0.000649783  191
0.000656902  164
0.000672278  139
0.000695668  64
0.00103248  169
0.0031788  393
0.00322409  276
0.00327903  245
0.00329127  377
0.00344057  380
0.0036126  250
0.00373016  270
0.00381667  369
0.00382055  260
0.00385129  314
0.0038856  339
0.00395444  355
0.00397324  306
0.00398319  357
0.00400908  34
0.00402719  327
0.00406679  378
0.00409856  398
0.00412068  283
0.00413133  252
0.00414268  324
0.0042076  330
0.00422219  353
0.00422326  344
0.0042411  395
0.00424628  382
0.00428568  315
0.00433964  335
0.00435736  273
0.00441332  292
0.0044363  356
0.00444741  342
0.00448591  375
0.00450155  359
0.00453014  303
0.00453212  322
0.00453229  345
0.00455237  383
0.00461228  392
0.00464275  312
0.00466014  328
0.00470007  236
0.00470882  352
0.00480859  336
0.00486016  302
0.00486103  301
0.00486577  347
0.00487929  373
0.00491156  287
0.00491164  337
0.00495005  274
0.00497135  307
0.00497815  360
0.005018  397
0.00503474  249
0.00506268  366
0.00506716  289
0.00506982  313
0.00510137  340
0.00511183  341
0.00519604  354
0.0052051  334
0.00524348  349
0.00526605  364
0.00528513  358
0.00532759  381
0.00538832  350
0.00538853  321
0.00541841  343
0.00543818  38
0.00553175  285
0.005557  310
0.00566783  333
0.00567363  376
0.00569485  304
0.00570672  332
0.00570724  320
0.0057537  331
0.00580448  338
0.00582002  288
0.00585536  387
0.00589481  367
0.00591549  394
0.00591756  309
0.00600042  390
0.00607601  305
0.00612812  396
0.00617861  317
0.00622616  348
0.00625504  329
0.00630917  311
0.00646583  391
0.00647017  386
0.00676565  388
0.00678379  263
0.00735368  368
0.00740535  361
0.00777217  6
0.00805571  12
0.00853787  384
0.00866063  346
0.00958167  325
0.0136301  372
0.0143593  389
0.015081  323
0.0154129  300
0.0165934  385
0.0167501  326
0.0176505  399
0.0187036  379
0.0216635  319
0.0244281  365
0.0264237  374
0.0273203  4
0.0278062  362
0.0336662  370
0.0338096  308
0.0341304  23
0.0344324  19
0.034489  318
0.0357221  316
0.0372134  371
0.0374475  351
0.0379872  36
0.0392713  21
0.039693  322
0.0401703  243
0.0410953  160
0.0412755  280
0.0415188  363
0.0417594  345
0.0427505  286
0.0439868  342
0.0444592  188
0.0451395  297
0.0460283  22
0.0461224  271
0.0466965  301
0.0473207  375
0.047382  181
0.0479213  202
0.0479689  14
0.0479726  229
0.0485245  201
0.0486985  152
0.0493778  197
0.0494116  120
0.0498052  364
0.0499453  383
0.0502485  306
0.0503067  79
0.0503821  28
0.0505936  269
0.0506986  17
0.0509209  250
0.0510288  103
0.0513379  344
0.051423  237
0.0514579  295
0.0519766  298
0.0520117  299
0.0525001  149
0.0525369  309
0.0527578  73
0.0528451  355
0.0529413  391
0.0529457  291
0.0529746  330
0.0530482  253
0.0530927  116
0.0531299  307
0.0532683  15
0.0534724  37
0.0536082  5
0.0538087  262
0.0542174  387
0.0543295  310
0.0544629  381
0.0545558  324
0.0546903  303
0.0546976  131
0.0548119  388
0.0550026  191
0.0551036  161
0.0551068  125
0.0551253  357
0.0551514  325
0.0551962  296
0.055292  279
0.0554344  395
0.0554564  333
0.0556138  360
0.0557067  143
0.0560967  265
0.0561768  380
0.0564225  356
0.0569532  175
0.0570561  293
0.0572269  272
0.0572365  382
0.057282  40
0.0573286  384
0.0573385  13
0.0575867  377
0.0576931  159
0.0578257  341
0.0578594  367
0.0579725  311
0.0579936  398
0.058056  312
0.0580661  339
0.0580913  179
0.0580998  129
0.0581555  147
0.058225  223
0.0583558  321
0.0585166  72
0.058576  193
0.0587371  314
0.0592406  225
0.0592794  392
0.0594069  346
0.0595286  164
0.0595499  313
0.0597479  336
0.0598822  343
0.0606116  157
0.06063  305
0.0612473  156
0.0615931  65
0.0617655  349
0.0621568  104
0.0633457  275
0.0633889  209
0.0637747  67
0.0638716  282
0.0639344  338
0.0640608  121
0.0643289  212
0.0643955  331
0.0644618  221
0.0645076  304
0.0645424  386
0.0647836  350
0.0650182  347
0.0652937  359
0.0653316  300
0.0654168  397
0.0655046  238
0.0655329  323
0.0663569  365
0.0665531  317
0.0675332  31
0.0675871  231
0.0682702  372
0.0682852  315
0.0683274  348
0.0685467  394
0.0688545  358
0.0691241  302
0.0700432  283
0.0701196  328
0.0704646  3
0.0705022  373
0.0707691  396
0.0717044  368
0.0736667  362
0.0740871  385
0.0742619  77
0.0745363  327
0.0746711  378
0.0747277  96
0.0757709  379
0.0764943  352
0.0768106  261
0.0769222  240
0.0774691  354
0.077475  35
0.0780656  335
0.0789179  320
0.0805755  366
0.0807619  340
0.0859341  371
0.0860417  246
0.0865796  251
0.0873877  284
0.0875334  173
0.0882294  101
0.0882304  247
0.0883126  257
0.0883412  308
0.0884555  71
0.0884901  168
0.0885287  389
0.0886805  239
0.0887682  390
0.0890212  266
0.0892123  99
0.0894648  39
0.0895969  211
0.0897934  334
0.0898341  337
0.0899458  1
0.0901088  374
0.0901484  254
0.0901695  329
0.0903521  59
0.0905044  217
0.0908029  241
0.0909904  326
0.0910741  2
0.0917002  91
0.0918062  119
0.091875  318
0.0923988  361
0.0925813  81
0.0930712  203
0.0933632  322
0.093691  353
0.0937547  319
0.0938053  236
0.0943198  301
0.094491  303
0.0952255  376
0.095312  393
0.0954778  270
0.0955066  210
0.0958658  355
0.0969493  200
0.097408  169
0.0974481  180
0.0976293  213
0.0982714  333
0.0982719  154
0.0984865  150
0.0986827  285
0.0988326  33
0.0989783  235
0.0990636  122
0.0992661  69
0.0993454  49
0.0994931  83
0.0997257  370
0.0999822  316
0.101276  144
0.101523  93
0.101598  145
0.101716  384
0.102061  227
0.102182  12
0.102249  63
0.102423  208
0.102437  298
0.102956  364
0.103079  113
0.103194  345
0.103248  34
0.103317  148
0.103319  57
0.103388  391
0.103402  399
0.103512  356
0.103552  0
0.103725  4
0.103752  332
0.1038  25
0.104409  248
0.104767  127
0.104813  274
0.104815  314
0.104837  292
0.104936  324
0.104998  32
0.105001  369
0.105162  287
0.105176  155
0.105264  398
0.105459  138
0.105499  367
0.105588  294
0.10598  153
0.106046  311
0.106109  291
0.106505  357
0.107081  61
0.107148  130
0.10717  17
0.107228  388
0.10731  375
0.107357  6
0.107635  20
0.107744  395
0.107859  82
0.107957  309
0.108039  244
0.108053  313
0.108117  351
0.108216  48
0.108247  62
0.10827  330
0.108275  133
0.108596  172
0.1086  323
0.108631  13
0.109035  51
0.109058  331
0.109066  341
0.109157  268
0.109329  312
0.109376  302
0.109645  259
0.109862  385
0.109866  187
0.109918  386
0.110278  387
0.110423  377
0.110848  380
0.110853  358
0.110974  229
0.111296  108
0.111416  317
0.111731  346
0.11219  245
0.112246  214
0.11226  305
0.112318  349
0.112804  327
0.113379  307
0.113963  392
0.114475  372
0.115882  360
0.116288  27
0.117543  321
0.117778  338
0.11778  118
0.118139  378
0.118992  329
0.119065  350
0.120118  382
0.120311  151
0.120577  344
0.120943  64
0.121488  347
0.122634  383
0.122816  381
0.123817  300
0.124674  373
0.124979  306
0.125525  396
0.125999  252
0.126335  304
0.127137  102
0.127326  37
0.128091  352
0.128497  286
0.129652  371
0.129798  7
0.129903  310
0.129983  98
0.130036  288
0.131385  354
0.13219  117
0.132277  342
0.132606  72
0.132668  328
0.132781  318
0.13348  319
0.133575  277
0.133779  336
0.133807  308
0.133937  348
0.134172  390
0.134409  340
0.135361  325
0.135798  243
0.136178  368
0.136212  289
0.136545  335
0.136672  343
0.13747  365
0.138101  106
0.138946  139
0.138995  109
0.139644  165
0.140062  29
0.141235  88
0.141309  97
0.141878  397
0.14231  55
0.143012  215
0.143095  366
0.143266  339
0.143288  224
0.143353  201
0.143859  282
0.143926  322
0.144569  43
0.144571  249
0.144661  303
0.144677  379
0.144792  204
0.14545  231
0.145525  363
0.145586  359
0.145597  39
0.145618  35
0.145664  320
0.146971  75
0.147393  87
0.1476  374
0.148836  103
0.148919  67
0.14894  376
0.149009  190
0.149118  115
0.14928  281
0.149793  125
0.14983  315
0.150067  393
0.150259  164
0.150314  134
0.150432  38
0.150542  140
0.150707  266
0.150734  18
0.151008  394
0.151179  279
0.151589  337
0.151593  132
0.151728  238
0.15216  198
0.152526  353
0.152611  23
0.152662  129
0.152699  158
0.152789  301
0.152795  332
0.152946  271
0.153025  261
0.153205  267
0.153291  334
0.153296  278
0.153379  171
0.153427  176
0.153515  314
0.153742  159
0.15379  386
0.15381  389
0.154008  196
0.154124  163
0.154304  1
0.154585  327
0.1546  21
0.154648  355
0.154808  341
0.154814  100
0.154847  222
0.155136  223
0.155158  262
0.155167  326
0.155663  149
0.155665  295
0.155814  142
0.155825  358
0.155874  177
0.155876  255
0.155886  312
0.15639  114
0.156495  45
0.156529  184
0.156736  276
0.156818  111
0.15712  361
0.157142  14
0.157241  377
0.157401  338
0.157425  11
0.15755  283
0.157637  92
0.157663  22
0.15774  273
0.157844  46
0.157845  324
0.157899  3
0.158267  398
0.158305  36
0.158323  152
0.15846  388
0.158478  207
0.158734  237
0.158737  216
0.159044  33
0.159067  317
0.159076  185
0.159164  369
0.159382  219
0.159472  370
0.159518  270
0.159595  345
0.159596  62
0.159604  313
0.159615  143
0.159625  395
0.160112  95
0.160123  16
0.160183  349
0.160349  217
0.160449  387
0.160476  15
0.1606  253
0.160715  242
0.160747  220
0.160782  321
0.160911  212
0.161182  68
0.161232  205
0.161383  331
0.161396  154
0.16142  333
0.161427  181
0.161435  396
0.161435  40
0.161459  104
0.161492  346
0.1616  2
0.161651  192
0.161701  208
0.161859  260
0.161929  76
0.162047  226
0.162048  372
0.162141  352
0.162191  284
0.162604  373
0.162722  319
0.162795  272
0.162859  74
0.162914  254
0.162935  141
0.16299  305
0.163  362
0.163056  371
0.163128  304
0.163147  356
0.163167  340
0.163244  79
0.163344  264
0.163419  218
0.163567  96
0.163582  375
0.163649  221
0.16372  330
0.16389  65
0.163902  357
0.164161  364
0.164532  275
0.164535  243
0.164652  392
0.164675  161
0.164782  131
0.164869  378
0.164873  213
0.164937  25
0.164979  328
0.16503  360
0.165052  101
0.165061  105
0.165082  179
0.165093  300
0.165163  380
0.165199  381
0.16522  84
0.165315  118
0.165363  162
0.165515  343
0.165516  117
0.165545  354
0.166042  347
0.166088  391
0.16613  302
0.166252  382
0.166324  175
0.166596  310
0.166994  344
0.167004  290
0.167152  367
0.167232  342
0.167247  336
0.167556  316
0.168393  47
0.168829  384
0.1691  306
0.169278  308
0.16958  146
0.170427  182
0.170511  307
0.170694  311
0.170887  329
0.171768  359
0.172016  78
0.172338  211
0.173443  368
0.175544  318
0.176181  348
0.176225  339
0.176597  191
0.176662  287
0.177348  325
0.177757  248
0.177979  99
0.178574  136
0.178915  320
0.179278  383
0.179786  147
0.180342  309
0.181392  365
0.181703  385
0.182777  351
0.182837  394
0.184594  323
0.185045  193
0.186317  265
0.186815  299
0.187219  397
0.188607  19
0.189107  376
0.189515  183
0.189548  166
0.189762  124
0.190073  107
0.190082  167
0.190244  94
0.190506  235
0.190587  251
0.190601  42
0.190716  303
0.190852  160
0.190938  135
0.191064  10
0.19174  59
0.191791  91
0.192038  50
0.192056  399
0.192156  203
0.192603  355
0.192615  56
0.192752  257
0.192921  390
0.192923  64
0.192988  156
0.193011  199
0.193153  128
0.193329  332
0.193673  170
0.193761  18
0.193802  113
0.19394  119
0.194  48
0.194132  86
0.194168  172
0.19417  335
0.194185  350
0.194372  168
0.194409  353
0.194446  8
0.194478  232
0.194657  180
0.194757  337
0.194902  178
0.194905  234
0.194947  98
0.194965  153
0.195044  148
0.195048  293
0.195088  151
0.195304  386
0.195382  314
0.195386  379
0.195548  34
0.195617  26
0.195755  81
0.19593  200
0.19597  246
0.196021  326
0.196075  228
0.196079  121
0.196436  377
0.196579  393
0.196701  349
0.196798  363
0.196826  374
0.196855  202
0.196916  269
0.197039  297
0.19733  214
0.197437  233
0.197499  139
0.197585  322
0.19762  5
0.197761  112
0.197868  133
0.197872  301
0.197912  340
0.197947  53
0.197993  324
0.198019  206
0.198135  77
0.198206  137
0.198223  194
0.19828  366
0.198343  120
0.198554  41
0.198885  327
0.198905  31
0.198907  123
0.199102  358
0.199298  260
0.19931  144
0.199387  373
0.199702  370
0.199915  244
0.200138  28
0.200187  285
0.200318  122
0.200337  196
0.200511  225
0.200532  108
0.200581  130
0.200702  312
0.200869  97
0.200992  6
0.201094  150
0.20126  30
0.201311  72
0.201348  93
0.20139  372
0.201462  73
0.201621  302
0.201855  344
0.201865  334
0.201943  9
0.201961  296
0.202  384
0.202087  313
0.202095  341
0.202236  239
0.2023  382
0.202308  364
0.202392  371
0.202414  330
0.202434  375
0.202506  311
0.202552  245
0.202696  381
0.202742  209
0.203207  391
0.203384  49
0.203486  361
0.203508  388
0.203556  186
0.203672  317
0.203877  346
0.204698  316
0.204785  57
0.204801  352
0.204894  329
0.205  197
0.205037  138
0.205171  396
0.205182  378
0.206087  35
0.20622  20
0.206344  268
0.20648  82
0.206646  304
0.206907  308
0.207718  357
0.207758  356
0.207958  310
0.208006  354
0.208362  224
0.208697  398
0.208753  305
0.209016  339
0.209094  380
0.209098  83
0.209677  369
0.209839  116
0.209938  342
0.210034  389
0.210143  187
0.210311  368
0.210942  4
0.211414  320
0.213304  213
0.214748  143
0.215835  149
0.216026  345
0.2161  315
0.216529  328
0.218045  263
0.218185  27
0.219269  359
0.219469  395
0.219561  338
0.219931  394
0.220075  362
0.220784  256
0.222067  309
0.222577  71
0.222789  307
0.222982  67
0.223139  259
0.224038  75
0.224242  350
0.224398  145
0.224618  210
0.224909  367
0.224947  392
0.225043  325
0.225151  336
0.225485  291
0.225683  333
0.225905  2
0.225929  69
0.227077  332
0.227299  365
0.227325  16
0.227443  275
0.227998  79
0.228241  70
0.228523  319
0.229129  80
0.229341  343
0.229612  300
0.230594  201
0.232394  87
0.23249  376
0.232527  237
0.232667  52
0.23291  351
0.234341  347
0.234783  326
0.235346  385
0.23539  255
0.235472  24
0.235581  129
0.236441  323
0.236625  165
0.236675  51
0.237125  331
0.237153  240
0.237222  46
0.237291  37
0.237663  298
0.237718  321
0.237858  15
0.238015  62
0.238184  306
0.238593  140
0.238683  25
0.238755  379
0.23881  386
0.238834  3
0.238858  106
0.238995  318
0.239233  179
0.239296  226
0.239813  294
0.239946  241
0.240032  393
0.240223  155
0.240231  281
0.240237  236
0.240565  262
0.24059  334
0.240695  387
0.240803  127
0.241186  195
0.241202  38
0.241325  181
0.241344  92
0.241431  43
0.241446  265
0.241538  303
0.241635  397
0.241791  22
0.241878  377
0.242061  230
0.242148  0
0.242343  68
0.242479  348
0.242599  360
0.242726  358
0.242811  341
0.242911  390
0.242939  198
0.242941  111
0.24308  158
0.243165  383
0.243189  190
0.243191  164
0.24343  95
0.243933  207
0.244142  215
0.244298  126
0.24459  335
0.245069  282
0.245569  39
0.245575  42
0.245733  14
0.245797  191
0.246007  250
0.24601  223
0.246107  277
0.246193  384
0.246331  286
0.246507  243
0.246565  54
0.246859  287
0.246959  313
0.246973  99
0.24705  218
0.247129  399
0.24714  66
0.247141  266
0.247218  352
0.24726  381
0.247314  292
0.247357  354
0.247358  180
0.247377  372
0.247481  6
0.247647  296
0.247952  324
0.248181  161
0.248268  370
0.248304  231
0.248375  302
0.248377  316
0.248443  12
0.248479  374
0.248552  328
0.248581  337
0.248626  189
0.248648  238
0.248695  76
0.248828  356
0.248841  102
0.249095  58
0.249389  338
0.249404  204
0.249447  389
0.249651  340
0.249714  317
0.249909  398
0.249997  36
0.250069  7
0.250127  308
0.250136  330
0.250203  311
0.250237  271
0.250278  396
0.250439  345
0.250447  141
0.250518  380
0.250665  220
0.250713  248
0.25078  373
0.250803  157
0.250806  136
0.250912  355
0.251321  304
0.252138  295
0.252139  278
0.252203  60
0.252538  361
0.252802  339
0.25329  391
0.253318  41
0.253809  364
0.254062  365
0.254163  279
0.254268  283
0.254314  232
0.254651  309
0.254678  322
0.254867  375
0.255328  184
0.25533  96
0.255848  333
0.256138  344
0.256192  257
0.256317  312
0.256337  378
0.256524  85
0.257027  362
0.257405  310
0.257594  327
0.257623  142
0.258646  368
0.259807  371
0.260007  293
0.260115  50
0.261006  346
0.262507  388
0.262736  342
0.263843  331
0.26391  332
0.264024  320
0.264183  63
0.264457  269
0.265677  359
0.266357  329
0.266944  336
0.267236  395
0.267291  186
0.267794  350
0.26969  297
0.27012  19
0.270756  394
0.271101  363
0.27258  272
0.273395  300
0.273567  305
0.273927  369
0.274237  159
0.274594  349
0.275515  306
0.276342  132
0.277808  177
0.277936  185
0.277966  319
0.278403  40
0.278531  78
0.279035  314
0.279058  249
0.279521  90
0.279681  325
0.279996  242
0.2804  137
0.280722  150
0.28092  61
0.280974  4
0.280978  203
0.281268  119
0.28134  192
0.281857  154
0.281985  367
0.282194  258
0.282324  392
0.282818  115
0.28284  357
0.282868  301
0.283211  382
0.283301  117
0.283362  261
0.283508  229
0.283756  197
0.283908  163
0.28405  307
0.28414  315
0.284363  145
0.284923  267
0.285062  360
0.285101  366
0.285164  347
0.285367  275
0.285387  273
0.285405  146
0.285419  167
0.285592  205
0.285872  245
0.286491  321
0.286499  128
0.286553  109
0.286646  118
0.287372  353
0.287485  351
0.287512  98
0.287612  348
0.287864  280
0.288259  103
0.288328  49
0.288472  251
0.288473  219
0.288725  244
0.288736  246
0.289125  386
0.289306  20
0.289392  93
0.289402  169
0.289434  326
0.289444  254
0.289517  188
0.289615  389
0.289809  84
0.28983  156
0.289903  104
0.289954  377
0.290036  268
0.290075  222
0.2901  94
0.290168  11
0.2902  67
0.290229  107
0.290296  131
0.290309  385
0.29037  398
0.290467  174
0.290693  380
0.290861  173
0.290888  160
0.290948  391
0.291071  228
0.291109  370
0.291135  335
0.29126  276
0.291347  202
0.291387  29
0.291698  374
0.291823  1
0.291869  343
0.29192  125
0.292025  393
0.292046  358
0.292094  152
0.292337  9
0.292347  379
0.292468  148
0.292522  65
0.292701  390
0.292706  88
0.292848  206
0.292892  48
0.29301  55
0.2932  372
0.293242  323
0.29325  383
0.293276  312
0.293403  71
0.293633  330
0.293654  147
0.29366  21
0.293864  143
0.294043  384
0.294149  121
0.294193  388
0.29428  309
0.294433  227
0.294672  308
0.29494  303
0.295086  356
0.295232  316
0.295291  332
0.295701  310
0.295866  199
0.296647  318
0.29673  72
0.296754  89
0.29701  74
0.297199  328
0.297343  387
0.297439  281
0.297488  135
0.297509  82
0.297591  221
0.2978  327
0.297861  344
0.297913  171
0.298048  16
0.2981  208
0.298678  120
0.298685  339
0.298815  364
0.298937  397
0.299022  362
0.299039  144
0.29912  373
0.299197  368
0.299512  75
0.299798  264
0.300061  334
0.300184  217
0.300574  274
0.300687  352
0.300744  304
0.30083  354
0.300936  399
0.301174  247
0.301217  376
0.301306  168
0.301716  138
0.301766  336
0.301862  111
0.301864  79
0.301934  378
0.302649  324
0.303251  302
0.304313  338
0.30527  235
0.305828  30
0.306743  361
0.306987  39
0.307024  47
0.307161  86
0.307573  83
0.307821  363
0.308122  322
0.309933  181
0.31009  345
0.310119  329
0.310773  269
0.31082  355
0.310848  341
0.31125  56
0.311318  176
0.311429  317
0.311597  270
0.31217  211
0.312535  395
0.312619  62
0.312875  223
0.313256  313
0.313617  375
0.31388  18
0.313917  232
0.314156  164
0.314163  396
0.314328  337
0.314402  331
0.314464  305
0.31455  57
0.314849  115
0.315043  124
0.316201  193
0.316245  350
0.316552  73
0.31659  369
0.316616  265
0.316686  394
0.316703  216
0.316984  2
0.317231  92
0.317801  320
0.318061  290
0.318271  300
0.318536  76
0.319016  340
0.31926  382
0.319342  381
0.319444  12
0.319531  365
0.319928  298
0.32048  63
0.321495  333
0.321792  112
0.322036  165
0.32216  130
0.322329  207
0.322609  250
0.322721  367
0.322774  371
0.32307  359
0.323143  306
0.323268  392
0.323535  87
0.323704  346
0.324247  241
0.324706  349
0.325355  285
0.325377  299
0.325496  190
0.32581  23
0.326139  5
0.326155  342
0.326205  271
0.3263  243
0.326448  187
0.326675  326
0.326802  91
0.326833  319
0.326936  59
0.326952  113
0.327039  123
0.32709  356
0.327285  179
0.327424  295
0.327449  289
0.327694  307
0.327737  24
0.327834  380
0.327868  215
0.327936  314
0.328073  195
0.328241  323
0.328467  175
0.32867  260
0.328778  303
0.32878  291
0.329541  25
0.330246  213
0.330504  66
0.330595  90
0.330937  364
0.330991  332
0.331062  347
0.331103  370
0.331743  311
0.332003  105
0.332037  293
0.33246  259
0.332649  58
0.332688  172
0.332764  398
0.332809  151
0.332856  360
0.332938  339
0.33338  34
0.333491  286
0.333548  35
0.333568  220
0.33371  308
0.333778  296
0.333946  328
0.33411  351
0.334232  294
0.334473  60
0.334565  116
0.334597  149
0.334781  136
0.334908  335
0.335141  384
0.335315  64
0.335545  141
0.335566  366
0.335655  178
0.335796  378
0.335879  119
0.335891  7
0.336054  325
0.336212  344
0.336217  362
0.336282  379
0.336423  161
0.336434  312
0.336476  397
0.336576  240
0.336731  210
0.336949  133
0.336967  97
0.337388  252
0.337529  233
0.337532  353
0.337648  129
0.337859  358
0.338053  288
0.33833  28
0.338447  388
0.338607  284
0.338639  201
0.338835  393
0.338979  315
0.339192  42
0.339228  352
0.33961  263
0.339736  283
0.339782  157
0.339812  318
0.339832  338
0.339892  198
0.339894  237
0.339932  321
0.34001  54
0.340067  134
0.34036  309
0.340429  88
0.340579  357
0.340626  239
0.340989  211
0.341125  4
0.341205  391
0.341275  327
0.341295  390
0.341307  386
0.341354  348
0.34142  374
0.341457  372
0.341501  114
0.341709  322
0.341888  6
0.34209  368
0.343746  224
0.343782  3
0.343821  334
0.343849  292
0.345141  183
0.345536  363
0.346031  166
0.346173  301
0.348038  343
0.348063  350
0.348213  70
0.348947  395
0.349164  127
0.349329  304
0.349412  248
0.349525  236
0.349608  13
0.349883  45
0.350219  287
0.350246  197
0.35064  238
0.350745  99
0.3509  96
0.351259  354
0.351301  376
0.351542  21
0.35161  310
0.351757  50
0.351792  336
0.351826  396
0.351915  399
0.352888  80
0.353049  131
0.353216  382
0.353316  383
0.353516  377
0.353886  46
0.354051  41
0.354273  316
0.354963  159
0.355241  17
0.355265  225
0.355385  281
0.35555  1
0.356271  330
0.35628  305
0.356688  38
0.356715  373
0.356867  279
0.357205  186
0.357451  331
0.357967  47
0.358466  32
0.358542  385
0.358557  306
0.358567  182
0.358837  71
0.358861  313
0.35931  200
0.359421  231
0.359504  122
0.359766  167
0.359767  300
0.360387  367
0.36048  387
0.360557  329
0.36059  355
0.360943  245
0.361047  31
0.361119  394
0.361288  302
0.361321  194
0.361797  180
0.361834  359
0.362014  379
0.362055  269
0.362469  27
0.362588  255
0.362639  94
0.362693  333
0.36276  126
0.363318  337
0.363413  346
0.363608  280
0.363702  257
0.363719  79
0.364048  261
0.364494  62
0.364662  371
0.364774  365
0.365135  262
0.365335  324
0.365468  51
0.365936  44
0.36623  142
0.366274  317
0.366563  33
0.366644  314
0.366939  340
0.367216  345
0.367901  106
0.368233  101
0.368729  73
0.369265  384
0.369925  68
0.369962  392
0.370199  380
0.370314  356
0.370541  249
0.370611  196
0.370932  361
0.370971  108
0.37123  208
0.371394  278
0.371793  341
0.371853  349
0.371924  242
0.371926  100
0.372116  77
0.372244  222
0.37248  10
0.372648  309
0.372678  308
0.372731  85
0.372746  65
0.373407  328
0.37353  268
0.373564  188
0.373705  218
0.373786  49
0.374026  370
0.374144  320
0.374251  303
0.37437  98
0.374485  347
0.374549  5
0.374644  147
0.374718  381
0.375505  389
0.375751  228
0.37578  29
0.375811  75
0.375815  326
0.375832  378
0.375871  22
0.376087  161
0.376512  312
0.37654  78
0.376971  397
0.37714  364
0.377194  156
0.377552  205
0.377674  124
0.377692  351
0.377861  282
0.377887  362
0.377996  56
0.378336  334
0.378591  30
0.37889  357
0.379139  375
0.379149  372
0.379321  84
0.379571  104
0.379649  109
0.379662  193
0.379707  203
0.379711  12
0.379714  59
0.379717  393
0.379812  295
0.379859  307
0.380106  69
0.380404  192
0.38084  177
0.381346  153
0.381572  348
0.382391  86
0.382917  368
0.383116  322
0.383184  353
0.383261  14
0.383296  270
0.383495  342
0.383755  390
0.383758  363
0.383782  321
0.384561  189
0.384604  332
0.385615  395
0.385673  112
0.385755  179
0.386197  325
0.386213  246
0.386961  162
0.387476  369
0.387479  158
0.388089  95
0.388335  311
0.388563  195
0.388667  339
0.389009  301
0.389632  173
0.389769  234
0.389868  358
0.389892  181
0.390319  273
0.390437  118
0.390553  72
0.39081  23
0.391083  360
0.391087  272
0.391403  335
0.391416  391
0.39157  134
0.391617  216
0.391841  111
0.392246  338
0.392267  323
0.392529  207
0.392819  93
0.393093  319
0.393266  102
0.393605  256
0.393609  135
0.393894  350
0.394032  388
0.394055  185
0.394464  343
0.394789  274
0.395028  163
0.395036  125
0.395324  132
0.395554  107
0.395654  327
0.395709  315
0.395852  382
0.396291  376
0.39667  82
0.396793  344
0.396839  172
0.396892  90
0.397243  64
0.397277  305
0.397316  40
0.397389  211
0.397454  285
0.397536  206
0.397536  37
0.397651  304
0.397714  212
0.397936  250
0.397939  154
0.398015  121
0.398078  346
0.39815  366
0.398332  290
0.398809  374
0.398866  398
0.399044  67
0.399219  117
0.399294  57
0.399366  267
0.399534  367
0.399597  9
0.400162  354
0.40023  386
0.400236  275
0.400312  291
0.400382  318
0.400541  137
0.401134  302
0.401529  329
0.401576  48
0.402005  310
0.40229  381
0.402298  198
0.402377  377
0.403025  266
0.403065  174
0.403068  19
0.403101  152
0.403101  306
0.403611  168
0.403667  394
0.403773  190
0.403897  105
0.404488  227
0.405094  199
0.405462  20
0.405502  341
0.405507  359
0.405667  383
0.405756  229
0.405807  81
0.405997  96
0.406122  373
0.406265  348
0.406341  215
0.406681  352
0.406701  39
0.406876  240
0.40711  331
0.407232  13
0.407494  140
0.407773  24
0.407822  74
0.408049  336
0.408134  233
0.408661  276
0.40875  45
0.408952  254
0.408989  313
0.408998  2
0.409109  314
0.409245  143
0.409277  320
0.409385  385
0.409559  324
0.409559  333
0.4097  230
0.409802  149
0.409906  372
0.410119  183
0.410131  259
0.410406  103
0.410493  269
0.411068  26
0.4111  150
0.411294  197
0.411783  202
0.411803  384
0.411869  300
0.411873  365
0.411873  328
0.412386  294
0.412551  375
0.412581  277
0.412728  184
0.412947  244
0.413171  66
0.413324  120
0.413348  60
0.413441  393
0.413555  351
0.413737  127
0.413809  371
0.41389  309
0.413965  389
0.413975  243
0.414208  349
0.41423  186
0.41436  345
0.41443  362
0.414436  237
0.414447  399
0.414747  316
0.414826  347
0.414849  43
0.414921  330
0.415077  171
0.415366  15
0.415837  355
0.415914  392
0.416199  337
0.41625  253
0.416382  226
0.416458  192
0.41696  31
0.417307  53
0.417787  6
0.41786  265
0.418002  379
0.418105  138
0.418133  248
0.41854  339
0.418567  340
0.418698  80
0.418751  299
0.418952  175
0.41898  361
0.419121  46
0.419198  166
0.419378  397
0.419436  7
0.419719  380
0.419754  370
0.419901  170
0.419915  317
0.420084  288
0.420183  99
0.420238  332
0.42035  271
0.420646  322
0.420791  55
0.421773  16
0.4218  387
0.421907  396
0.422035  311
0.422077  247
0.422359  144
0.422465  89
0.42259  4
0.422643  382
0.422662  356
0.422946  51
0.423176  353
0.423206  363
0.423282  323
0.423437  76
0.423471  378
0.423562  321
0.42395  395
0.424533  342
0.424799  350
0.425179  133
0.426322  364
0.426378  368
0.4265  49
0.426742  334
0.427263  357
0.427567  360
0.427765  70
0.427839  0
0.429822  305
0.429932  34
0.430704  343
0.431457  124
0.43225  35
0.432983  318
0.43302  98
0.433926  83
0.434133  131
0.434538  204
0.434883  307
0.43543  319
0.435543  58
0.435573  312
0.436389  315
0.436562  327
0.436805  91
0.436865  369
0.437239  14
0.437368  301
0.437531  209
0.438146  390
0.438744  56
0.438754  11
0.438903  310
0.439127  359
0.439375  114
0.440162  261
0.440256  115
0.440753  219
0.440792  346
0.441059  246
0.441712  18
0.44182  281
0.442073  85
0.442164  374
0.442336  303
0.442622  213
0.443135  263
0.443172  111
0.443328  326
0.443357  304
0.443485  367
0.444412  139
0.444613  278
0.444861  352
0.44488  302
0.445097  235
0.445189  358
0.445283  169
0.445303  119
0.445944  109
0.446043  41
0.446235  251
0.446641  136
0.446863  155
0.447566  260
0.447592  344
0.448802  296
0.449095  338
0.449217  25
0.449363  165
0.449525  286
0.449541  308
0.449542  106
0.449548  182
0.449852  47
0.449858  335
0.450078  241
0.450303  366
0.450354  398
0.450517  388
0.450522  122
0.450524  391
0.45053  385
0.450614  376
0.450882  347
0.45135  381
0.451483  54
0.45156  383
0.452154  336
0.452162  255
0.45232  189
0.452343  245
0.452375  205
0.452559  163
0.452562  325
0.452838  68
0.453006  373
0.453132  164
0.453506  397
0.45351  28
0.453677  214
0.45368  348
0.453781  193
0.453785  153
0.453802  289
0.453832  187
0.454338  341
0.454485  331
0.454535  386
0.455271  223
0.456336  252
0.45681  329
0.457636  191
0.457845  375
0.457914  148
0.458113  102
0.458212  279
0.458299  129
0.458331  210
0.45843  323
0.458506  377
0.458525  333
0.459199  130
0.459214  208
0.459523  283
0.459613  69
0.459695  384
0.460151  389
0.460339  84
0.461094  23
0.461216  270
0.461222  117
0.461729  13
0.461765  267
0.461826  320
0.4619  379
0.462046  52
0.462069  77
0.462247  22
0.462248  350
0.462433  217
0.46244  394
0.462577  64
0.462585  33
0.462585  118
0.462679  121
0.462704  226
0.462705  370
0.462783  306
0.463187  135
0.46335  372
0.463453  99
0.463533  399
0.463694  339
0.463863  311
0.46405  368
0.464082  97
0.464097  110
0.464195  298
0.464231  316
0.464234  236
0.464265  40
0.464452  349
0.464487  62
0.464538  393
0.464546  354
0.464567  10
0.464725  340
0.464854  300
0.464935  44
0.465163  83
0.465171  151
0.465224  5
0.465387  128
0.465579  361
0.465677  146
0.465796  324
0.465884  78
0.465917  392
0.466117  356
0.466218  177
0.466532  238
0.466693  257
0.46672  313
0.466747  88
0.466841  363
0.467324  188
0.467324  321
0.467431  364
0.467665  268
0.467688  328
0.467697  230
0.467748  322
0.467878  9
0.467894  312
0.46795  330
0.467985  353
0.468374  355
0.468451  36
0.468471  32
0.468932  382
0.469338  390
0.469501  15
0.469805  154
0.469907  317
0.470148  314
0.470307  12
0.470505  142
0.470506  272
0.470545  227
0.470949  380
0.471451  396
0.471909  351
0.471917  125
0.472131  315
0.473086  60
0.473452  305
0.474306  360
0.474996  303
0.475282  332
0.475625  327
0.475929  319
0.476039  225
0.476276  92
0.477107  285
0.47771  233
0.477765  50
0.477771  371
0.478077  292
0.47897  334
0.479133  365
0.479378  395
0.479471  345
0.480768  95
0.481021  176
0.481253  362
0.481442  275
0.481584  343
0.481912  202
0.482489  147
0.483075  357
0.483346  385
0.48352  309
0.484558  308
0.485244  231
0.486176  156
0.486228  100
0.486422  3
0.486728  105
0.487129  388
0.48758  304
0.487732  137
0.488374  195
0.488395  67
0.48856  108
0.488626  157
0.48882  232
0.488829  352
0.489136  335
0.489528  318
0.489903  326
0.490005  21
0.490314  101
0.490495  378
0.490992  59
0.491338  387
0.491366  11
0.491998  94
0.492032  359
0.492344  207
0.492952  178
0.493079  143
0.493094  284
0.493188  307
0.493283  337
0.4936  1
0.49407  342
0.494222  301
0.494526  194
0.494794  65
0.494932  341
0.495115  179
0.495279  222
0.495393  266
0.495492  291
0.49555  158
0.495718  346
0.495897  348
0.495998  323
0.496016  180
0.496136  127
0.496264  73
0.496338  133
0.496581  61
0.4967  104
0.496704  116
0.496763  220
0.496893  124
0.496951  216
0.497062  325
0.49707  27
0.497116  350
0.497126  239
0.49764  46
0.497675  366
0.497772  90
0.497789  167
0.497897  197
0.497929  8
0.498358  74
0.498539  338
0.498582  273
0.498774  295
0.49879  263
0.49885  302
0.498962  367
0.499169  170
0.499302  166
0.499364  251
0.499484  397
0.49953  293
0.499572  56
0.499927  243
0.500035  297
0.500055  372
0.500071  212
0.500287  221
0.500291  192
0.500308  276
0.50033  383
0.500426  254
0.500701  262
0.500745  134
0.500799  71
0.500898  274
0.500994  248
0.501002  320
0.501068  34
0.501087  86
0.501251  370
0.501293  93
0.501327  48
0.501382  377
0.501414  126
0.501601  321
0.501604  351
0.501717  38
0.501726  144
0.50175  30
0.501838  344
0.502036  373
0.502087  384
0.502234  113
0.502259  310
0.502448  174
0.50248  168
0.502677  340
0.50271  182
0.503105  379
0.503268  198
0.503425  354
0.503431  386
0.503507  290
0.503553  349
0.503583  250
0.503688  394
0.503756  339
0.503778  391
0.503836  219
0.503934  282
0.50395  237
0.503969  171
0.504056  306
0.504141  398
0.504265  363
0.504333  265
0.5044  311
0.504459  288
0.504521  287
0.50454  376
0.504589  31
0.504698  358
0.504806  80
0.504909  324
0.504998  333
0.505027  264
0.505109  393
0.505123  224
0.505158  313
0.505355  196
0.505398  399
0.505424  360
0.505434  0
0.505545  381
0.505561  369
0.505701  375
0.50605  4
0.506278  249
0.506302  336
0.506321  7
0.506468  230
0.506967  319
0.50699  139
0.507469  331
0.507875  305
0.508102  392
0.508229  259
0.508371  396
0.50881  368
0.509456  356
0.509483  390
0.509825  35
0.509897  353
0.510084  380
0.510163  316
0.510243  365
0.510867  140
0.511306  317
0.511345  203
0.513317  206
0.513605  332
0.513982  300
0.514166  374
0.514684  329
0.51647  187
0.516511  304
0.516746  111
0.516845  189
0.517415  312
0.517588  96
0.518119  303
0.518608  322
0.518975  314
0.519557  173
0.520416  23
0.520998  91
0.522796  364
0.523545  163
0.523972  151
0.524332  43
0.52442  229
0.524705  145
0.524936  334
0.524963  382
0.526095  389
0.526206  327
0.526534  395
0.526916  159
0.526954  185
0.529633  146
0.529728  387
0.529923  378
0.530483  361
0.530777  238
0.531292  388
0.531436  357
0.531577  309
0.531691  132
0.53188  308
0.532378  277
0.53272  175
0.532764  234
0.532827  121
0.533018  347
0.53311  280
0.533367  247
0.533582  346
0.53364  343
0.53367  385
0.533914  10
0.53396  279
0.534103  228
0.53414  193
0.53424  328
0.534981  350
0.535369  106
0.535679  252
0.536147  141
0.536216  227
0.536608  24
0.53675  13
0.537008  199
0.537382  330
0.537531  372
0.538023  152
0.538196  55
0.538547  70
0.538692  161
0.538898  162
0.538919  160
0.539732  355
0.539754  79
0.540006  359
0.540131  41
0.540196  244
0.540197  240
0.540253  318
0.540419  362
0.540482  345
0.540489  367
0.540602  76
0.540732  315
0.540769  63
0.540779  213
0.540943  66
0.540969  69
0.541021  352
0.541051  85
0.541055  29
0.541139  120
0.54143  39
0.541753  6
0.541915  294
0.542056  289
0.542289  150
0.542358  165
0.542548  188
0.54299  131
0.543132  130
0.543215  256
0.543457  397
0.543828  119
0.543937  68
0.544012  258
0.544033  33
0.544117  118
0.544143  222
0.54425  373
0.544386  75
0.544514  285
0.544585  18
0.544634  344
0.544637  371
0.545039  89
0.5452  398
0.545336  377
0.545358  337
0.545531  298
0.545622  392
0.545918  399
0.546146  58
0.546155  363
0.546196  326
0.546198  102
0.54629  2
0.546384  122
0.546717  72
0.546779  81
0.546782  136
0.546805  99
0.54686  204
0.547037  248
0.547043  311
0.547046  164
0.547186  105
0.547221  342
0.547253  321
0.547308  253
0.547315  375
0.547594  148
0.547727  271
0.547764  384
0.547764  52
0.547768  338
0.547772  296
0.547878  381
0.547884  92
0.547995  155
0.548023  51
0.548051  242
0.548061  354
0.548087  82
0.548331  313
0.5484  14
0.548447  302
0.548462  340
0.548494  312
0.548647  335
0.548766  319
0.54897  314
0.549065  272
0.549097  267
0.549331  282
0.549355  305
0.549393  396
0.549498  303
0.549589  383
0.549603  100
0.549692  300
0.550158  218
0.5502  15
0.550286  369
0.550578  386
0.550657  301
0.550659  286
0.550722  57
0.550833  245
0.550941  215
0.550983  195
0.551007  184
0.551038  172
0.55104  154
0.551067  341
0.55188  98
0.55193  323
0.552166  20
0.552174  368
0.552204  203
0.552448  239
0.552457  393
0.552545  201
0.552615  316
0.552705  232
0.553029  257
0.553045  353
0.553052  310
0.553119  26
0.553318  394
0.553322  389
0.553451  320
0.55354  366
0.553743  324
0.553833  370
0.554426  358
0.554433  255
0.554725  197
0.555164  170
0.555339  22
0.555341  180
0.555385  336
0.555793  364
0.555963  333
0.555983  54
0.556111  343
0.556353  365
0.556481  17
0.556536  307
0.557479  235
0.557557  329
0.557988  331
0.558382  90
0.559025  317
0.55925  306
0.559515  108
0.559629  380
0.559836  322
0.560463  374
0.560835  376
0.561261  350
0.562636  334
0.562921  53
0.56303  121
0.563439  339
0.563549  382
0.563988  169
0.564137  379
0.566298  200
0.567935  88
0.568536  223
0.56884  356
0.569072  236
0.56936  328
0.569801  259
0.570027  5
0.570411  233
0.570634  19
0.571396  367
0.571499  209
0.572097  47
0.572185  390
0.572305  360
0.572906  391
0.574213  325
0.574638  348
0.574808  378
0.575063  28
0.575289  346
0.575341  395
0.575452  330
0.576097  210
0.576681  290
0.576725  292
0.577232  84
0.577492  327
0.577657  230
0.578182  174
0.578489  181
0.578626  349
0.578761  361
0.579511  107
0.579512  351
0.579649  304
0.579711  357
0.580195  274
0.580502  191
0.580592  87
0.580874  138
0.581099  94
0.581174  228
0.581359  308
0.58161  62
0.581977  217
0.582113  297
0.582241  352
0.5826  12
0.582783  153
0.583075  97
0.583216  359
0.583745  193
0.584199  263
0.584229  103
0.584364  347
0.584507  101
0.584859  220
0.58512  123
0.585174  190
0.585203  183
0.585693  64
0.585758  56
0.585892  156
0.585984  128
0.586052  384
0.586212  110
0.586286  214
0.58639  139
0.586443  332
0.586458  177
0.586462  345
0.58649  59
0.586712  133
0.586742  74
0.586748  48
0.586756  144
0.586873  115
0.586918  276
0.586943  354
0.586961  112
0.587028  342
0.587105  383
0.587153  137
0.587267  392
0.587272  283
0.587424  344
0.58749  270
0.587773  32
0.5878  185
0.587895  186
0.587908  78
0.587969  385
0.588052  309
0.588105  199
0.588218  65
0.588235  275
0.588287  104
0.588302  36
0.588302  109
0.588324  224
0.588383  113
0.588489  388
0.588702  208
0.58872  43
0.588862  373
0.588885  127
0.588892  251
0.588978  311
0.58946  35
0.589491  42
0.589516  335
0.589642  312
0.589643  132
0.589903  3
0.589981  0
0.590144  241
0.590154  50
0.590288  189
0.590309  396
0.590399  147
0.590491  67
0.590493  260
0.590695  250
0.590778  11
0.590842  45
0.590844  315
0.590981  372
0.59105  143
0.591358  166
0.591438  218
0.59155  365
0.591624  300
0.591634  369
0.591766  134
0.591766  319
0.591926  307
0.591952  398
0.591958  46
0.592013  393
0.592236  152
0.592274  168
0.592294  178
0.592331  362
0.592388  320
0.592425  273
0.592474  179
0.592521  317
0.592695  370
0.592753  387
0.592769  334
0.592856  318
0.592869  278
0.593103  303
0.593157  38
0.593372  145
0.593423  254
0.593428  225
0.593661  212
0.593687  380
0.593965  149
0.593987  358
0.594119  313
0.594257  249
0.594505  9
0.594557  368
0.594564  49
0.594751  293
0.594768  324
0.59477  117
0.594883  301
0.594973  356
0.594995  194
0.595048  382
0.595095  331
0.595096  114
0.59528  201
0.595318  288
0.59533  340
0.595342  302
0.595574  26
0.595627  243
0.595664  374
0.596083  135
0.596171  269
0.596179  125
0.596274  391
0.596477  77
0.596724  329
0.596787  386
0.596807  216
0.596927  355
0.596969  377
0.597142  346
0.597161  148
0.597227  321
0.59749  116
0.597571  343
0.597659  390
0.59772  364
0.597863  341
0.598292  131
0.598295  61
0.598447  76
0.598449  376
0.598622  305
0.599292  337
0.599425  280
0.599446  371
0.599464  66
0.599896  397
0.599995  20
0.600493  379
0.600494  366
0.600731  330
0.600927  30
0.601055  338
0.601537  394
0.601993  375
0.602774  327
0.603905  367
0.604698  381
0.605127  326
0.605198  323
0.605392  316
0.605617  285
0.606112  399
0.607552  68
0.607748  350
0.608958  238
0.609181  136
0.609805  363
0.610172  357
0.61432  333
0.61451  314
0.614854  389
0.615622  207
0.61642  306
0.618327  221
0.618978  281
0.619976  124
0.62004  17
0.620242  336
0.620321  111
0.62038  322
0.621268  378
0.621323  60
0.621821  213
0.622583  304
0.622654  349
0.622756  237
0.623105  339
0.623789  351
0.624436  91
0.624683  265
0.624742  266
0.624834  325
0.625055  202
0.625243  353
0.625534  157
0.625659  15
0.626005  277
0.626023  291
0.626121  89
0.62668  81
0.626902  22
0.627067  262
0.627183  308
0.627193  44
0.627529  222
0.627882  83
0.628074  261
0.628161  287
0.628231  247
0.628404  146
0.62877  161
0.628879  395
0.62916  86
0.629207  197
0.629364  205
0.629624  396
0.629634  204
0.629722  354
0.629748  16
0.629834  25
0.629842  272
0.629867  360
0.629993  226
0.630043  40
0.630403  174
0.630434  53
0.630548  106
0.63083  18
0.63091  155
0.631019  5
0.631098  211
0.631105  187
0.631183  342
0.63129  171
0.631307  70
0.631346  150
0.631355  88
0.631411  239
0.631454  75
0.631802  361
0.631829  105
0.631939  80
0.632041  284
0.632071  229
0.632154  37
0.632173  383
0.632296  311
0.632322  118
0.632417  121
0.632423  19
0.632437  160
0.632438  180
0.63249  140
0.632514  4
0.632602  347
0.63262  252
0.632669  159
0.632704  230
0.632763  246
0.632858  384
0.632929  1
0.63302  73
0.633078  28
0.633133  63
0.633162  167
0.633249  264
0.633307  33
0.633325  332
0.633395  126
0.633419  387
0.633476  300
0.63358  318
0.633707  310
0.633736  116
0.633763  67
0.633807  315
0.633835  338
0.633894  29
0.633911  47
0.633926  186
0.633933  248
0.633971  321
0.634068  141
0.634097  173
0.634099  340
0.634118  302
0.634207  36
0.634316  65
0.634354  235
0.634371  71
0.634496  30
0.634641  32
0.634693  366
0.634761  348
0.63479  393
0.634866  341
0.634872  352
0.634899  242
0.634946  397
0.635042  256
0.635075  312
0.63509  240
0.635114  390
0.635161  345
0.635258  95
0.635288  188
0.635351  362
0.635354  61
0.635362  309
0.635388  169
0.635398  319
0.635475  320
0.63551  394
0.635544  181
0.635581  87
0.635619  307
0.635678  245
0.635691  223
0.635735  370
0.635777  195
0.635834  380
0.635868  344
0.635905  298
0.636055  144
0.636094  282
0.636128  365
0.636159  101
0.636305  324
0.636527  388
0.636591  72
0.636648  98
0.636718  374
0.636912  93
0.637047  373
0.63708  381
0.637165  377
0.637326  313
0.637434  175
0.637593  96
0.637636  350
0.637691  364
0.637736  143
0.637769  386
0.637796  123
0.637986  355
0.638086  276
0.638401  23
0.638932  317
0.639349  337
0.639389  305
0.63948  328
0.639566  166
0.639712  41
0.63973  379
0.639767  335
0.639947  343
0.640007  331
0.640018  399
0.640429  34
0.64144  327
0.641615  301
0.641753  177
0.641805  77
0.642179  334
0.642205  372
0.642471  358
0.642963  367
0.644094  363
0.644258  385
0.644565  369
0.645669  375
0.646164  376
0.647506  325
0.649725  326
0.650644  392
0.6507  107
0.651008  228
0.652284  323
0.653038  391
0.654032  339
0.654587  316
0.655407  330
0.656035  206
0.656669  336
0.656854  389
0.657055  8
0.657236  102
0.658839  288
0.659651  27
0.659879  398
0.660574  274
0.661041  382
0.661169  128
0.661202  273
0.662248  2
0.66243  82
0.662544  297
0.662578  31
0.662595  378
0.662668  219
0.663039  286
0.663049  203
0.663523  371
0.663727  56
0.663764  333
0.664025  306
0.66425  69
0.664267  329
0.664268  231
0.664336  267
0.664338  346
0.66454  172
0.664567  192
0.66461  278
0.665368  85
0.665369  271
0.665746  42
0.665804  48
0.665813  268
0.665878  103
0.665985  7
0.666233  151
0.666345  322
0.666381  189
0.666497  359
0.666617  90
0.66665  99
0.666684  303
0.667009  0
0.667214  244
0.667327  314
0.667557  64
0.667742  356
0.667825  115
0.6679  165
0.667925  310
0.668073  130
0.668199  225
0.668286  170
0.668502  289
0.668772  220
0.669086  215
0.669366  154
0.669534  332
0.669689  236
0.670163  349
0.670229  158
0.670246  294
0.670261  94
0.670325  296
0.670449  58
0.670509  368
0.670536  257
0.670637  78
0.670647  395
0.670702  344
0.670806  132
0.670947  351
0.671019  139
0.671215  52
0.671229  74
0.671249  353
0.671271  370
0.671433  216
0.671592  304
0.671602  147
0.671761  198
0.671875  208
0.671937  110
0.672205  43
0.672303  148
0.672319  176
0.672515  381
0.672703  214
0.672902  213
0.672939  184
0.673005  221
0.673016  361
0.67318  357
0.673274  295
0.673345  299
0.673554  164
0.673603  358
0.673746  196
0.673997  112
0.673998  315
0.674036  185
0.674072  321
0.674144  129
0.674296  258
0.674326  350
0.674549  122
0.674576  131
0.674761  11
0.67486  394
0.675055  338
0.675083  76
0.675149  199
0.675161  318
0.675224  118
0.675316  6
0.675323  372
0.675336  108
0.675528  60
0.67555  373
0.67556  142
0.675641  365
0.675662  312
0.675998  145
0.67601  190
0.67607  200
0.676279  47
0.676311  114
0.676412  113
0.676473  281
0.676481  57
0.676531  311
0.676645  309
0.676696  238
0.676945  26
0.677036  207
0.677065  341
0.677119  201
0.67712  126
0.677172  138
0.677182  352
0.677187  317
0.677359  377
0.677376  269
0.677476  335
0.677551  79
0.677694  354
0.677788  367
0.677801  390
0.677836  334
0.678024  396
0.678067  263
0.678225  18
0.678236  325
0.678297  186
0.678383  14
0.678407  331
0.678871  287
0.678925  133
0.679069  308
0.679324  224
0.679351  340
0.679381  347
0.679529  237
0.679539  191
0.679633  163
0.679684  300
0.67994  302
0.680217  327
0.68034  223
0.680531  301
0.680545  399
0.681051  324
0.681104  342
0.681342  245
0.681584  385
0.682056  328
0.682112  39
0.682303  369
0.68251  383
0.682561  391
0.682624  116
0.682837  362
0.68327  379
0.68328  348
0.683303  183
0.68333  387
0.683478  398
0.683554  384
0.683716  62
0.683734  355
0.684248  290
0.685154  336
0.685263  374
0.685518  319
0.686314  360
0.686743  46
0.687371  168
0.687801  313
0.689406  386
0.689589  195
0.690334  323
0.690615  380
0.691185  86
0.69338  156
0.693673  305
0.694425  364
0.695888  343
0.696057  53
0.696078  249
0.696778  166
0.697087  393
0.698173  51
0.6983  392
0.698388  306
0.698856  371
0.699634  32
0.700486  134
0.700656  337
0.700953  329
0.701435  389
0.701496  316
0.702023  326
0.702401  38
0.702743  246
0.704045  175
0.704097  3
0.704247  330
0.704473  376
0.704812  320
0.704962  356
0.706186  285
0.706394  20
0.706878  124
0.707015  251
0.707411  30
0.707452  366
0.707873  261
0.70803  322
0.708032  149
0.708234  240
0.709034  12
0.70908  161
0.709234  388
0.709658  59
0.70969  44
0.709744  333
0.710124  100
0.710405  54
0.710472  136
0.710665  157
0.711329  276
0.711345  210
0.711734  187
0.711784  307
0.711925  188
0.7122  17
0.712264  310
0.712554  178
0.712606  154
0.713114  363
0.713165  264
0.713654  339
0.713728  179
0.713784  104
0.714228  15
0.714247  346
0.71448  98
0.714537  55
0.714551  140
0.714616  345
0.714628  357
0.714727  248
0.714755  247
0.714883  105
0.714933  275
0.715023  344
0.715058  351
0.715117  292
0.715132  35
0.715235  153
0.715241  361
0.715271  381
0.715429  107
0.715522  174
0.715619  378
0.715693  382
0.715701  123
0.715767  370
0.71581  111
0.71603  40
0.716582  279
0.716597  127
0.716704  29
0.716722  182
0.716731  97
0.716886  396
0.716933  91
0.717185  270
0.717378  244
0.717681  243
0.718069  141
0.718197  232
0.718379  146
0.718474  209
0.718549  394
0.718653  303
0.718768  88
0.718876  397
0.718898  21
0.719172  28
0.719199  349
0.719206  274
0.719208  297
0.719335  234
0.719351  24
0.719445  16
0.719563  254
0.7198  229
0.719902  122
0.719966  25
0.720174  106
0.720185  219
0.720234  8
0.720255  228
0.720307  352
0.720365  83
0.720383  341
0.720516  374
0.720517  13
0.720585  256
0.72073  302
0.720738  298
0.720763  159
0.720814  317
0.720815  194
0.720868  353
0.720989  300
0.721001  262
0.721001  162
0.721014  41
0.721046  354
0.72107  308
0.721096  50
0.721116  193
0.721122  338
0.721139  66
0.721147  280
0.72123  294
0.721455  327
0.721678  135
0.721682  9
0.721723  218
0.721896  291
0.721904  101
0.721935  324
0.722014  27
0.72214  212
0.722232  335
0.722318  387
0.722343  73
0.72238  375
0.722413  90
0.722461  334
0.722541  115
0.722543  391
0.722554  304
0.722569  144
0.722606  171
0.722695  45
0.722718  277
0.722805  373
0.722916  318
0.722922  312
0.723  216
0.723027  283
0.723058  6
0.723134  42
0.723158  315
0.723309  109
0.723321  235
0.723347  309
0.723387  58
0.723443  342
0.723443  399
0.723453  306
0.723568  347
0.723594  383
0.723635  81
0.723786  384
0.723833  181
0.723837  199
0.723927  372
0.723997  392
0.724098  89
0.72417  390
0.724244  211
0.72425  80
0.724273  368
0.724396  52
0.724456  377
0.724486  196
0.724936  331
0.724941  260
0.724986  336
0.725014  114
0.725192  10
0.72538  343
0.725393  328
0.725642  319
0.72576  311
0.726335  53
0.726467  364
0.72665  166
0.726816  253
0.726833  350
0.727009  398
0.727121  369
0.72725  313
0.727687  329
0.728032  355
0.728246  305
0.728259  84
0.728287  128
0.728444  23
0.728447  395
0.728498  362
0.728602  95
0.728644  323
0.729067  333
0.729235  379
0.729274  393
0.729407  360
0.729565  321
0.730887  185
0.731444  36
0.731569  131
0.732008  386
0.73226  314
0.732658  259
0.733953  325
0.734459  320
0.734491  340
0.734549  376
0.736049  380
0.736352  326
0.737761  87
0.737966  191
0.738543  365
0.739118  346
0.742146  233
0.742458  385
0.744238  129
0.744368  197
0.745931  371
0.747016  359
0.74702  301
0.74725  7
0.748493  344
0.748776  332
0.749031  241
0.749103  281
0.749313  205
0.749772  70
0.749909  370
0.750118  337
0.750151  389
0.750244  192
0.751234  284
0.751625  151
0.75169  63
0.751815  348
0.75249  60
0.752565  77
0.752789  68
0.7533  388
0.753476  184
0.753692  49
0.753878  367
0.754544  180
0.754785  148
0.754867  0
0.75498  172
0.755346  169
0.75574  356
0.756287  103
0.756363  293
0.756373  94
0.756612  357
0.757516  222
0.757524  287
0.757536  310
0.757724  198
0.757753  307
0.757932  37
0.758366  177
0.758467  358
0.758513  47
0.758584  33
0.758709  126
0.758754  206
0.758763  269
0.758815  252
0.758818  286
0.758833  366
0.759253  273
0.759427  330
0.759881  150
0.7599  2
0.759976  363
0.760203  381
0.76035  156
0.760537  266
0.76057  396
0.760669  227
0.760918  67
0.760949  378
0.761152  22
0.761191  300
0.761346  267
0.761392  383
0.761452  46
0.761557  313
0.761598  71
0.761616  113
0.761644  295
0.761682  64
0.761919  230
0.761962  327
0.762006  250
0.762009  322
0.762231  183
0.762248  312
0.762344  308
0.762436  202
0.762573  345
0.762747  141
0.762753  255
0.762804  225
0.763038  73
0.763154  121
0.763301  125
0.763372  3
0.763422  11
0.763709  353
0.763754  26
0.763778  328
0.763789  158
0.763797  316
0.76408  75
0.764267  93
0.764368  354
0.764401  392
0.764615  331
0.764625  335
0.764729  317
0.764788  373
0.76481  355
0.764812  30
0.764992  186
0.765034  387
0.765081  57
0.765216  341
0.765289  215
0.765484  377
0.765491  324
0.765731  362
0.766045  217
0.766476  61
0.766511  302
0.76665  263
0.766701  124
0.76681  110
0.766822  375
0.766881  391
0.76693  350
0.76694  237
0.767301  338
0.767324  382
0.767345  282
0.767385  361
0.767615  38
0.767765  157
0.7678  301
0.768054  318
0.768606  304
0.768626  349
0.76877  342
0.768799  218
0.769435  133
0.769714  167
0.77079  276
0.771425  319
0.771519  261
0.772792  164
0.772919  280
0.773638  376
0.773709  116
0.77372  246
0.773966  100
0.774131  306
0.774197  352
0.77443  395
0.774651  364
0.774834  99
0.775121  369
0.775412  374
0.775479  343
0.775764  204
0.776247  333
0.776612  399
0.776817  62
0.776822  134
0.777326  89
0.777432  321
0.777533  329
0.777765  346
0.778201  305
0.778302  257
0.778598  380
0.77879  315
0.7794  59
0.779404  347
0.779604  351
0.780138  365
0.780414  17
0.781245  336
0.781445  393
0.781574  31
0.781862  231
0.782523  1
0.782699  325
0.784388  334
0.785012  13
0.785248  251
0.78534  117
0.785467  309
0.785695  372
0.785754  330
0.785844  394
0.786064  390
0.786872  92
0.787966  344
0.788582  249
0.790001  371
0.790088  142
0.790324  91
0.790585  368
0.791595  175
0.791605  384
0.791613  332
0.79185  155
0.792782  320
0.793291  84
0.793472  203
0.79392  120
0.794534  144
0.794791  145
0.794969  122
0.795077  397
0.795428  86
0.7955  165
0.795666  149
0.795991  188
0.796155  311
0.7965  339
0.796618  386
0.796643  20
0.79673  275
0.796796  119
0.796862  179
0.796903  43
0.796964  201
0.79703  303
0.797088  147
0.797171  323
0.797841  14
0.798125  340
0.798212  289
0.798309  260
0.798352  78
0.798453  181
0.799213  118
0.799246  366
0.799377  326
0.799379  74
0.799494  163
0.799607  28
0.799609  348
0.799749  187
0.799896  272
0.800118  105
0.800187  173
0.800337  174
0.80047  265
0.800683  82
0.800724  176
0.800846  388
0.800848  268
0.800959  200
0.800979  79
0.801054  85
0.801065  80
0.801145  220
0.801378  138
0.801385  169
0.801407  396
0.80166  389
0.801688  299
0.801723  5
0.801781  104
0.80202  385
0.802843  209
0.802916  65
0.803113  310
0.803142  317
0.803202  378
0.803221  130
0.80324  377
0.803245  153
0.803275  9
0.803479  314
0.803494  355
0.803497  192
0.803531  96
0.803546  106
0.803798  136
0.803885  353
0.804003  72
0.804007  358
0.804007  370
0.804008  387
0.80409  248
0.804137  178
0.804289  335
0.804295  12
0.804313  337
0.804426  170
0.804447  132
0.804479  345
0.80448  297
0.804515  234
0.804558  245
0.804695  240
0.804907  360
0.80495  379
0.804973  242
0.804992  127
0.805059  6
0.805065  383
0.805099  15
0.805126  21
0.805153  331
0.805181  307
0.805282  327
0.805295  270
0.80532  4
0.805479  139
0.805623  58
0.805645  195
0.805852  191
0.805972  342
0.806026  318
0.806128  146
0.806222  308
0.806251  88
0.806271  35
0.806278  278
0.806335  114
0.806355  367
0.806503  375
0.806517  39
0.806632  359
0.807099  27
0.807173  374
0.807395  128
0.808019  90
0.808086  338
0.808184  66
0.808207  316
0.80829  7
0.808375  356
0.80839  341
0.808391  107
0.808432  298
0.808436  253
0.808547  391
0.80864  380
0.808811  168
0.80892  205
0.809159  102
0.809162  382
0.80953  352
0.809636  161
0.809747  357
0.809818  398
0.810004  40
0.810039  328
0.810369  277
0.810538  244
0.810626  254
0.810967  350
0.811262  10
0.811273  364
0.811642  51
0.811716  373
0.811738  24
0.812033  324
0.812065  166
0.81211  381
0.812171  312
0.812905  258
0.812992  392
0.814691  131
0.81505  347
0.815353  363
0.815512  306
0.81593  393
0.816236  56
0.816374  273
0.81638  141
0.817022  319
0.817353  313
0.81764  140
0.817652  172
0.818124  137
0.818223  71
0.819062  19
0.819143  115
0.819252  336
0.819374  152
0.819379  300
0.819749  369
0.819764  241
0.819913  372
0.819934  349
0.820096  303
0.820289  304
0.820546  351
0.821048  83
0.82128  333
0.821311  263
0.82151  108
0.822091  285
0.822343  354
0.822573  321
0.823633  332
0.824336  315
0.824562  45
0.825093  295
0.825113  302
0.825122  365
0.825328  109
0.82564  361
0.825775  386
0.825946  395
0.82646  103
0.826629  394
0.827007  330
0.827057  323
0.827627  371
0.828671  301
0.829882  110
0.830692  44
0.831307  286
0.831661  344
0.833496  211
0.833842  322
0.833953  197
0.834323  343
0.8362  346
0.836537  189
0.836981  256
0.837062  238
0.837673  292
0.838174  345
0.838612  25
0.838633  167
0.838712  16
0.838817  320
0.838883  339
0.839122  101
0.839249  390
0.839306  194
0.839443  207
0.84045  257
0.840464  376
0.840697  216
0.841177  384
0.841374  123
0.841753  236
0.842239  233
0.842275  175
0.842345  155
0.842425  41
0.842471  98
0.842542  32
0.842654  334
0.842663  309
0.843032  0
0.843043  387
0.843077  129
0.843607  20
0.843682  397
0.843936  111
0.844314  53
0.84442  94
0.844602  287
0.845074  368
0.845103  399
0.845114  49
0.845246  232
0.845501  117
0.845785  259
0.84591  203
0.845929  23
0.84603  122
0.846058  378
0.84611  290
0.846112  355
0.846226  274
0.846301  124
0.84644  135
0.846724  148
0.846737  164
0.846812  218
0.846893  288
0.846908  326
0.846929  63
0.847035  325
0.847063  329
0.847095  48
0.847115  67
0.847176  377
0.847283  235
0.847362  327
0.847388  239
0.847423  30
0.847424  81
0.847432  185
0.847498  55
0.847571  370
0.84763  366
0.847819  177
0.847925  202
0.847943  18
0.847989  255
0.847995  382
0.848004  305
0.848007  337
0.848182  250
0.848223  335
0.84823  224
0.848333  199
0.848457  184
0.848458  338
0.848459  342
0.848637  388
0.849184  75
0.849287  150
0.849728  389
0.849742  317
0.849858  383
0.849879  357
0.849919  363
0.849991  180
0.850021  93
0.850285  183
0.850418  89
0.850598  57
0.850853  324
0.851121  385
0.851139  283
0.851143  33
0.851262  307
0.851647  266
0.85169  215
0.851733  348
0.851893  69
0.851895  138
0.852  350
0.852007  271
0.852064  373
0.852282  282
0.852388  1
0.852474  86
0.852482  13
0.852562  367
0.852632  261
0.852727  59
0.852767  356
0.852869  360
0.853502  276
0.853682  311
0.85383  34
0.854043  306
0.854111  392
0.854213  318
0.854314  73
0.85448  229
0.854552  313
0.854695  353
0.854834  126
0.854907  291
0.854983  296
0.855029  352
0.855156  321
0.855241  246
0.855504  381
0.855698  204
0.855709  109
0.855839  178
0.85586  310
0.856266  398
0.856292  351
0.856339  182
0.856594  270
0.856644  275
0.856852  328
0.856882  362
0.856883  252
0.856981  125
0.85707  237
0.857228  347
0.857386  303
0.8576  333
0.857787  65
0.85784  372
0.858156  118
0.858743  280
0.859209  105
0.859731  97
0.859794  226
0.859928  331
0.860307  369
0.86049  380
0.861199  346
0.861215  316
0.861249  364
0.861348  301
0.861447  336
0.861541  300
0.861544  371
0.862041  320
0.862869  176
0.863557  304
0.86412  374
0.864403  128
0.864478  340
0.865285  308
0.866142  315
0.866835  36
0.866951  132
0.868135  50
0.869586  341
0.869761  394
0.869803  358
0.870064  121
0.870363  42
0.870432  29
0.870632  262
0.870955  396
0.871119  191
0.871427  395
0.871616  375
0.872497  330
0.872739  323
0.873123  100
0.873178  279
0.87337  221
0.874544  190
0.875139  379
0.875236  244
0.876275  39
0.876972  35
0.876985  298
0.877309  31
0.87772  393
0.877989  349
0.878043  152
0.878078  5
0.878185  72
0.878325  269
0.878358  15
0.878487  227
0.878542  344
0.878747  354
0.879052  242
0.879152  26
0.879525  7
0.879768  147
0.879927  200
0.879958  112
0.88007  27
0.880096  359
0.880113  156
0.880413  314
0.880496  219
0.880703  365
0.881256  240
0.881273  322
0.881891  238
0.881952  305
0.882172  116
0.882264  144
0.882634  14
0.88303  47
0.883275  391
0.883448  172
0.883516  376
0.883795  19
0.883827  11
0.884158  62
0.884265  294
0.884279  92
0.884458  120
0.884468  355
0.884529  268
0.884551  302
0.88456  319
0.884661  37
0.884744  241
0.884817  139
0.884984  286
0.88501  232
0.885077  145
0.885204  56
0.885211  137
0.885304  343
0.885314  289
0.885317  397
0.885373  309
0.885381  133
0.885436  370
0.88555  312
0.88585  151
0.885926  24
0.886056  107
0.886255  220
0.886309  386
0.886323  231
0.886347  8
0.886674  84
0.88686  339
0.886863  74
0.886893  342
0.886916  154
0.886958  103
0.886987  104
0.887057  223
0.887101  212
0.887127  326
0.887143  350
0.887325  338
0.887362  293
0.887376  162
0.887511  332
0.88758  324
0.887643  357
0.887656  278
0.887697  17
0.887698  329
0.887778  214
0.887833  54
0.888305  187
0.888458  192
0.88854  334
0.888669  131
0.889053  384
0.889079  150
0.889126  311
0.889226  58
0.88927  366
0.88932  382
0.889479  95
0.889491  378
0.889542  380
0.889602  273
0.890237  38
0.89046  317
0.890671  345
0.890904  387
0.89095  64
0.891096  361
0.891185  22
0.8914  77
0.891414  140
0.891445  125
0.891822  159
0.891834  201
0.891851  173
0.891881  303
0.89213  79
0.892536  399
0.89255  233
0.892632  368
0.892643  30
0.892661  335
0.892756  304
0.893048  356
0.893653  316
0.893799  254
0.893946  174
0.894064  169
0.894255  341
0.894287  108
0.894397  181
0.894448  146
0.894453  372
0.894707  12
0.894755  389
0.894789  106
0.895378  113
0.895491  285
0.895513  337
0.895646  88
0.895806  353
0.895891  374
0.895953  348
0.896009  52
0.896062  364
0.896279  347
0.896288  253
0.896364  168
0.89645  247
0.896465  321
0.896734  124
0.896871  230
0.896953  392
0.897371  46
0.89763  395
0.897848  155
0.89848  179
0.898564  330
0.898647  390
0.898813  61
0.89907  207
0.899071  199
0.899276  352
0.899358  313
0.899434  360
0.899442  333
0.8997  248
0.899845  186
0.900187  205
0.90022  320
0.900256  260
0.900653  45
0.900666  367
0.900798  371
0.901  301
0.901224  336
0.901682  307
0.901819  165
0.902013  383
0.90314  127
0.903223  300
0.903731  358
0.904003  323
0.904802  373
0.90484  53
0.905247  362
0.90525  78
0.905329  48
0.905497  142
0.905913  381
0.906261  44
0.907599  331
0.907606  396
0.907738  315
0.90778  222
0.908468  328
0.909332  327
0.910056  164
0.910444  318
0.910679  114
0.910866  134
0.911247  60
0.912449  49
0.913284  157
0.913584  281
0.913984  340
0.91449  385
0.91468  375
0.915313  99
0.915873  138
0.916159  314
0.916336  369
0.916353  259
0.916372  171
0.916436  398
0.916548  264
0.916972  80
0.917101  143
0.917465  377
0.917528  344
0.918159  25
0.919027  310
0.919076  167
0.919337  163
0.919479  69
0.919544  388
0.919584  354
0.919669  210
0.920083  305
0.920482  365
0.920496  115
0.920701  170
0.920924  10
0.920949  158
0.921241  75
0.92133  363
0.921863  90
0.922042  306
0.922069  182
0.922371  87
0.922542  160
0.922718  180
0.922782  339
0.923285  355
0.923379  70
0.923519  0
0.923647  21
0.923701  379
0.923776  96
0.923799  349
0.92393  263
0.924248  394
0.924259  295
0.924619  226
0.924748  28
0.924767  256
0.924957  350
0.925344  359
0.925382  322
0.925541  351
0.925588  325
0.925614  262
0.925631  346
0.926078  194
0.926141  13
0.926276  302
0.926534  386
0.926815  223
0.92684  277
0.927208  393
0.927265  68
0.927371  250
0.92739  308
0.927714  2
0.927828  130
0.928146  82
0.928349  391
0.928637  23
0.929115  218
0.929544  272
0.929644  297
0.930701  299
0.930778  334
0.930894  265
0.93129  343
0.931312  361
0.931488  270
0.931682  119
0.932505  387
0.932677  283
0.932695  397
0.932815  382
0.932907  213
0.933848  332
0.93442  321
0.934824  290
0.93506  206
0.935248  193
0.935255  390
0.935262  376
0.935346  380
0.935511  373
0.935593  215
0.935782  324
0.936154  342
0.936165  348
0.936375  34
0.936977  102
0.937201  93
0.937919  198
0.937967  176
0.938066  320
0.938224  366
0.938532  203
0.938924  330
0.939075  209
0.939118  301
0.939355  58
0.939437  309
0.939451  358
0.93963  76
0.93972  139
0.939836  184
0.939871  188
0.940324  317
0.940364  367
0.940581  319
0.940719  91
0.940756  267
0.940941  337
0.941757  232
0.942626  280
0.942815  175
0.94287  352
0.942947  300
0.943173  372
0.94337  326
0.943401  315
0.943656  162
0.943864  271
0.943973  208
0.944102  94
0.944166  329
0.944494  347
0.944706  151
0.944747  274
0.944917  204
0.944937  161
0.944952  395
0.945123  1
0.945225  92
0.945858  89
0.946077  396
0.94634  383
0.946434  187
0.946452  55
0.946998  311
0.947224  236
0.947324  67
0.94754  371
0.947585  36
0.94785  370
0.947966  312
0.94829  304
0.948365  392
0.948642  328
0.949085  202
0.949834  333
0.950754  336
0.950872  16
0.951518  335
0.951557  287
0.951672  205
0.951683  86
0.951792  307
0.95198  63
0.951989  81
0.952803  303
0.95311  66
0.953158  196
0.953278  378
0.953359  261
0.953598  368
0.953856  275
0.953872  17
0.954558  228
0.954723  389
0.954747  74
0.955023  146
0.955259  399
0.955635  177
0.955839  384
0.955867  357
0.955939  71
0.955953  135
0.956022  185
0.956532  174
0.956903  339
0.957113  316
0.957285  279
0.957349  4
0.957507  313
0.957819  327
0.958259  298
0.958678  364
0.958979  229
0.959013  224
0.959057  360
0.959623  381
0.959682  212
0.960001  374
0.960251  356
0.960294  369
0.960303  97
0.960601  252
0.960716  385
0.960924  132
0.961148  284
0.961463  105
0.961594  362
0.961609  26
0.961658  345
0.96174  363
0.961883  183
0.962309  98
0.962379  195
0.962454  181
0.962517  394
0.962553  104
0.962633  349
0.96282  291
0.963032  289
0.963357  245
0.964238  323
0.964304  227
0.964416  266
0.96467  234
0.965034  111
0.965052  338
0.965473  20
0.965615  398
0.96574  189
0.965849  136
0.966094  355
0.966248  159
0.966303  255
0.966402  32
0.966493  28
0.966689  9
0.966995  150
0.967096  391
0.967278  149
0.967361  344
0.967391  351
0.967404  346
0.967482  365
0.967845  318
0.968104  354
0.968225  331
0.968367  310
0.968384  302
0.968392  43
0.968541  305
0.968915  41
0.969016  314
0.96914  51
0.9693  341
0.969733  235
0.970298  217
0.970732  153
0.970947  376
0.971029  343
0.972132  259
0.972496  373
0.972697  276
0.972783  269
0.973642  191
0.974263  128
0.97445  78
0.974488  308
0.974543  243
0.974763  214
0.974806  375
0.974856  197
0.975127  388
0.975222  306
0.975598  348
0.975755  353
0.975895  332
0.975945  294
0.976181  260
0.976603  116
0.976684  393
0.976944  358
0.977415  72
0.977789  342
0.977896  325
0.978919  350
0.978932  50
0.979163  143
0.979227  210
0.979424  387
0.980057  15
0.981276  321
0.981656  42
0.982013  309
0.982163  10
0.982353  122
0.982529  390
0.982599  230
0.982757  18
0.982845  126
0.982946  24
0.983381  180
0.9836  186
0.9836  80
0.983691  145
0.983748  397
0.983849  188
0.984124  31
0.984175  108
0.984209  244
0.984276  359
0.984311  140
0.984396  322
0.984417  29
0.984634  380
0.985377  251
0.985628  56
0.985684  118
0.985798  147
0.985964  124
0.986052  296
0.986127  173
0.98633  367
0.986526  317
0.98675  40
0.986803  386
0.98682  315
0.986932  84
0.987  37
0.987003  154
0.987105  231
0.987123  237
0.987417  248
0.987501  382
0.987863  352
0.987866  59
0.987892  334
0.987903  330
0.987915  371
0.988263  273
0.988353  372
0.988467  200
0.988624  301
0.988639  337
0.988917  333
0.989187  300
0.989293  11
0.989466  123
0.989619  166
0.989642  340
0.989868  137
0.989897  257
0.990098  377
0.990375  110
0.990718  361
0.990955  328
0.99096  39
0.991153  87
0.991232  319
0.99127  220
0.9913  45
0.991315  79
0.991321  313
0.991668  364
0.991812  206
0.991885  95
0.992008  201
0.992025  379
0.992187  106
0.992353  311
0.992387  336
0.992393  236
0.992462  399
0.99252  324
0.993166  57
0.993526  130
0.993786  169
0.994043  158
0.994188  239
0.994227  134
0.994262  133
0.994538  303
0.994647  349
0.994904  327
0.994915  238
0.995199  152
0.995241  366
0.995575  156
0.99559  75
0.995592  19
0.995666  8
0.995795  103
0.996081  109
0.99623  370
0.996549  178
0.996787  335
0.996825  113
0.997166  396
0.997305  93
0.997556  381
0.99756  394
0.997637  216
0.997647  368
0.998209  101
0.998262  131
0.998404  385
0.998562  378
0.998893  268
0.999255  360
0.999374  139
0.999643  7
0.999862  33
