1.74271e-06  156
3.77602e-06  9
6.13921e-06  159
8.3302e-06  188
2.96048e-05  157
3.32984e-05  139
3.53313e-05  83
3.69039e-05  115
4.40043e-05  191
4.8646e-05  143
5.19253e-05  109
5.53776e-05  67
6.29316e-05  77
6.81455e-05  135
6.82554e-05  119
7.01486e-05  65
7.57772e-05  148
7.67484e-05  107
7.67638e-05  205
8.17285e-05  141
8.34649e-05  75
8.41399e-05  64
8.77533e-05  224
8.95006e-05  177
9.25536e-05  133
9.30178e-05  207
9.3099e-05  48
9.90614e-05  235
0.00010244  223
0.000104312  187
0.000107268  136
0.000111743  163
0.000112274  256
0.00011379  69
0.000114408  113
0.000116478  111
0.000117351  132
0.000122987  55
0.000123554  49
0.000125428  184
0.000128498  168
0.000129228  189
0.000131032  100
0.000139066  84
0.00014247  29
0.000142916  87
0.000145342  129
0.000153212  181
0.000154571  204
0.000156104  8
0.000163877  220
0.000166815  103
0.000167116  193
0.000174423  131
0.000177892  232
0.000188117  171
0.00018873  52
0.000189156  108
0.000189973  221
0.000191008  164
0.000198531  137
0.000202275  27
0.000210689  96
0.000210904  71
0.000212802  92
0.000212916  88
0.000223913  112
0.000225353  144
0.000226295  219
0.000226979  145
0.000231407  60
0.00023774  175
0.000238006  97
0.000238109  31
0.000238649  185
0.000239262  121
0.000243919  68
0.000244142  101
0.000249501  89
0.000254126  229
0.000263427  117
0.000263603  73
0.000265706  59
0.000274054  116
0.000274677  85
0.00027784  61
0.000284029  93
0.000285895  160
0.00028747  149
0.000288713  216
0.000292875  183
0.000295862  24
0.000296819  231
0.000298858  128
0.000303939  169
0.000304065  127
0.00031718  51
0.000319123  147
0.000320291  76
0.000320451  28
0.000324676  123
0.000331053  217
0.00033547  72
0.000340127  120
0.000340591  124
0.000344641  140
0.00034578  151
0.00034733  165
0.000351085  259
0.000352928  41
0.00035577  176
0.000362832  125
0.000363049  57
0.000391794  180
0.000396266  257
0.000396676  199
0.000397  11
0.000406587  192
0.000420536  104
0.000425764  167
0.000427278  228
0.000438596  95
0.000440875  233
0.000441516  53
0.000446724  179
0.000447588  99
0.00045408  91
0.000455817  56
0.000459984  196
0.000461666  161
0.000469805  173
0.000479168  81
0.000481864  45
0.000488052  25
0.000539931  172
0.000541838  197
0.000545721  105
0.000548067  43
0.000569172  227
0.000586623  225
0.000589884  80
0.000637584  79
0.000660917  63
0.000709495  44
0.000713725  195
0.000736089  40
0.00107236  47
0.00221018  2
0.00318116  291
0.00318992  315
0.00326317  313
0.00348193  311
0.00358095  301
0.00359333  368
0.00364635  304
0.0036599  386
0.0036922  22
0.00378509  331
0.00380076  244
0.00387328  320
0.00389788  384
0.00396139  360
0.00397511  338
0.00400602  379
0.0040072  373
0.00401738  396
0.00406485  317
0.00411375  330
0.0041312  321
0.0042009  248
0.00422787  349
0.00428393  6
0.0043008  341
0.00431191  308
0.00443388  323
0.00443921  390
0.0044417  350
0.0045361  359
0.00454013  374
0.00456991  347
0.00459313  264
0.00459701  363
0.00461106  378
0.00462283  202
0.00465167  335
0.00465566  394
0.00466574  208
0.00467752  381
0.00468931  352
0.0047142  283
0.00472587  316
0.0047527  376
0.00481097  324
0.00487643  383
0.00494151  372
0.00494829  34
0.00496773  358
0.00497791  356
0.00500492  302
0.00501213  364
0.00504155  342
0.00505185  303
0.00507262  366
0.00507876  209
0.00508413  300
0.00508543  361
0.00512552  355
0.00513034  387
0.0051496  314
0.00518553  322
0.00520268  375
0.00525644  43
0.00526692  319
0.00529104  260
0.00533813  339
0.00534565  306
0.00538438  1
0.0053881  399
0.00541029  333
0.00546777  340
0.0054701  351
0.00548214  392
0.00548319  307
0.00548772  362
0.00551229  318
0.00556291  344
0.00559993  266
0.00562322  249
0.00562515  332
0.00562931  345
0.00563158  343
0.00564226  382
0.00565231  385
0.00570062  367
0.00573027  155
0.00581594  13
0.00582151  328
0.00592908  270
0.00596394  326
0.00602483  397
0.00606155  348
0.00606551  305
0.00607726  337
0.00611718  365
0.00614448  389
0.00627759  210
0.00629814  369
0.00637594  327
0.00644643  272
0.00645458  393
0.00650374  357
0.00652277  20
0.00666513  371
0.00668312  346
0.00668758  292
0.00670185  354
0.00674833  398
0.00701972  290
0.00702417  395
0.00709123  391
0.00712417  370
0.00717538  380
0.00722471  275
0.00725593  14
0.0072773  309
0.00728226  336
0.00738256  0
0.00748576  212
0.00750752  334
0.00751416  152
0.00753932  285
0.00782542  329
0.00794035  310
0.00820651  176
0.00840319  241
0.00847711  271
0.00899723  3
0.00935555  312
0.0100088  388
0.0119022  253
0.0136626  377
0.0142928  7
0.0203052  325
0.0287246  353
0.0355364  287
0.0368479  311
0.0382849  338
0.0384383  269
0.0388894  379
0.039033  237
0.0397047  323
0.0402039  396
0.0411002  296
0.0423374  245
0.0427666  17
0.042929  297
0.0435037  359
0.0436507  201
0.043691  23
0.0438933  220
0.0439129  349
0.0441742  238
0.0442604  40
0.0444164  255
0.0446332  242
0.0449643  363
0.0451973  304
0.046  228
0.0463606  33
0.0465133  172
0.0466958  342
0.0467592  265
0.04695  366
0.0471233  386
0.0471783  248
0.0472223  262
0.0472728  293
0.0473905  317
0.0475731  306
0.0476228  217
0.0476799  333
0.0478119  358
0.047842  352
0.0479774  268
0.0480557  298
0.0482  59
0.0482792  381
0.0484975  24
0.0485627  151
0.0486069  259
0.04872  95
0.0487427  167
0.0489482  4
0.0489662  387
0.0489801  321
0.0490216  301
0.0490725  341
0.049224  279
0.0492315  344
0.0492512  315
0.0494144  244
0.0496844  274
0.0504242  61
0.0505836  281
0.0506762  356
0.0506923  184
0.051123  291
0.0512184  35
0.051285  316
0.0513826  340
0.0517232  351
0.0519587  72
0.0519858  384
0.0521736  308
0.0523838  140
0.0524036  276
0.0524323  227
0.052533  347
0.0525459  64
0.0526835  196
0.0529038  250
0.0529163  372
0.0529967  360
0.0530949  6
0.0531281  154
0.05349  313
0.0534962  209
0.0535813  120
0.0536761  378
0.0537269  362
0.0537636  200
0.053828  77
0.0538653  208
0.0540026  68
0.0541599  331
0.0544475  335
0.0544684  246
0.0545146  397
0.0545467  211
0.0546596  373
0.0549685  324
0.0550431  364
0.0551483  330
0.0553741  294
0.0554321  229
0.0554961  319
0.0557504  204
0.0557827  180
0.0564297  371
0.0565705  328
0.0565736  385
0.0565791  332
0.0566945  15
0.0568081  2
0.0571777  302
0.0572928  85
0.0574293  75
0.0575208  247
0.0575551  374
0.0575775  389
0.05759  284
0.0576852  365
0.0577386  39
0.0578619  368
0.0579767  314
0.0583408  303
0.0586203  357
0.0587259  288
0.0587651  300
0.0587912  382
0.0588014  213
0.0591803  34
0.059493  398
0.0595551  327
0.0597564  325
0.0599312  343
0.0603916  305
0.0605047  307
0.060623  129
0.0607132  22
0.060768  280
0.0608893  27
0.0613801  67
0.0615709  367
0.0616957  310
0.0621026  345
0.062156  199
0.0625754  399
0.0626318  375
0.0627952  355
0.0628081  155
0.0636066  139
0.0659651  195
0.0687209  339
0.0693688  243
0.0694652  350
0.0700794  203
0.0714028  353
0.0727072  326
0.0735717  392
0.0744415  329
0.0748609  394
0.0752921  5
0.0762264  144
0.0765549  334
0.0786193  282
0.0789302  395
0.0802316  354
0.0806394  377
0.0806778  369
0.0841006  383
0.0850514  179
0.0853806  361
0.0855601  153
0.0855789  312
0.0860691  28
0.0864601  37
0.0864686  318
0.0865858  376
0.0869794  261
0.087598  51
0.087734  143
0.0879464  286
0.0882495  253
0.0889568  370
0.0890849  390
0.0896885  91
0.0898441  346
0.0901587  89
0.0904808  388
0.0905155  81
0.0909019  277
0.0909225  322
0.0910728  235
0.0916581  341
0.0920722  337
0.0923745  251
0.0924882  161
0.0925176  396
0.0927209  97
0.0928138  12
0.0934421  137
0.0935033  223
0.0937376  252
0.0937579  197
0.0938799  101
0.0939118  52
0.0941344  338
0.094296  359
0.0946498  348
0.0947329  123
0.0948097  336
0.0949977  79
0.0950788  311
0.095087  131
0.0952844  58
0.095364  219
0.095563  393
0.0956419  295
0.0956991  351
0.0957507  16
0.0959066  278
0.0964283  342
0.0969074  36
0.097218  366
0.097419  299
0.0974256  237
0.0976466  254
0.0977647  379
0.0980579  260
0.0981825  119
0.0983462  240
0.0983578  57
0.0987116  391
0.0987399  255
0.0990989  76
0.099161  221
0.0991736  192
0.0993999  306
0.0994123  283
0.0996144  19
0.0999417  117
0.100031  175
0.100064  13
0.100158  358
0.100225  323
0.100376  373
0.100614  343
0.100724  116
0.100786  44
0.100852  228
0.101044  398
0.101109  264
0.10116  187
0.101222  47
0.101306  0
0.101362  21
0.101408  365
0.101616  65
0.101723  112
0.101727  349
0.101737  300
0.101768  314
0.101789  367
0.101796  384
0.101882  96
0.102048  69
0.102091  324
0.102165  347
0.10246  380
0.102505  332
0.102508  301
0.1026  382
0.102654  272
0.102657  352
0.102707  320
0.102779  113
0.103025  362
0.103054  105
0.103199  232
0.103238  263
0.103633  363
0.10364  265
0.103779  210
0.103825  215
0.103843  330
0.103867  381
0.103903  93
0.10392  316
0.104131  356
0.104134  345
0.104202  56
0.104239  289
0.104443  267
0.104446  309
0.104486  7
0.104514  115
0.104574  368
0.104859  386
0.105024  305
0.105172  83
0.105261  53
0.105297  372
0.10543  357
0.105488  335
0.105579  319
0.105635  121
0.10624  236
0.106683  238
0.106703  202
0.106731  273
0.106824  41
0.107035  308
0.107626  304
0.107676  40
0.108435  339
0.108663  399
0.108747  114
0.109034  394
0.109039  397
0.109268  302
0.109392  176
0.109461  244
0.110054  307
0.110103  344
0.110127  375
0.110371  315
0.110502  32
0.111155  310
0.111441  217
0.111498  331
0.111524  109
0.112157  1
0.112659  389
0.11314  285
0.113807  327
0.114421  333
0.11666  374
0.116767  297
0.119228  325
0.119383  385
0.120607  340
0.121242  378
0.121395  326
0.128082  360
0.129881  34
0.130379  85
0.130436  303
0.130623  377
0.132731  257
0.133257  268
0.134115  321
0.134942  55
0.134982  371
0.135076  395
0.135342  214
0.135455  317
0.135603  376
0.135891  328
0.136132  361
0.136383  165
0.136481  390
0.136925  9
0.137456  246
0.137474  138
0.137635  35
0.137981  350
0.138111  220
0.138373  20
0.138433  312
0.13854  358
0.139253  43
0.139316  270
0.13933  329
0.139356  354
0.140319  387
0.140489  160
0.140701  135
0.140704  353
0.140845  279
0.140926  234
0.140971  99
0.14154  84
0.141679  18
0.141749  168
0.142378  392
0.142644  66
0.142701  213
0.142731  59
0.142775  82
0.142787  171
0.142922  369
0.14302  100
0.143429  174
0.143597  249
0.143689  288
0.143929  173
0.143999  63
0.144168  154
0.144176  196
0.144322  209
0.144335  241
0.144381  183
0.144419  281
0.144593  61
0.144662  125
0.144691  313
0.144813  155
0.145041  178
0.145082  38
0.145349  306
0.145351  31
0.145379  296
0.145455  388
0.14547  290
0.145472  275
0.145532  334
0.145551  349
0.145636  248
0.145659  269
0.145662  193
0.145737  224
0.145776  393
0.145847  261
0.145869  332
0.145953  346
0.146073  398
0.14608  189
0.146139  323
0.146177  78
0.146206  373
0.146215  359
0.146271  318
0.146329  341
0.146336  322
0.14637  129
0.146381  45
0.146391  282
0.146485  225
0.146569  295
0.146589  122
0.1466  49
0.146618  337
0.146625  164
0.146688  144
0.146708  370
0.146773  383
0.147093  4
0.147152  5
0.147165  276
0.147253  201
0.147434  367
0.147479  319
0.147509  182
0.147622  16
0.147624  200
0.147632  384
0.147665  107
0.147766  262
0.14777  291
0.147808  141
0.147969  120
0.147974  344
0.147987  208
0.148071  277
0.148075  364
0.14808  283
0.148209  184
0.148293  245
0.148298  60
0.148299  72
0.148314  57
0.148332  181
0.148438  368
0.148459  366
0.148572  355
0.148697  50
0.148724  23
0.148741  71
0.148744  396
0.148749  167
0.148756  394
0.148794  351
0.148828  391
0.148835  380
0.148885  287
0.14901  124
0.149025  205
0.149029  130
0.149035  149
0.149041  73
0.149091  62
0.149159  222
0.149229  3
0.149402  150
0.149446  300
0.14946  308
0.149554  348
0.149554  280
0.149584  199
0.149675  324
0.149745  15
0.149765  342
0.1499  311
0.149915  304
0.149969  382
0.14999  298
0.150029  260
0.150048  305
0.150065  132
0.150133  381
0.150169  330
0.150298  271
0.150305  272
0.150321  356
0.150335  345
0.150343  44
0.150409  309
0.150434  204
0.150469  51
0.150469  315
0.150501  233
0.150549  352
0.150555  379
0.15063  140
0.150646  157
0.150658  301
0.150724  136
0.150728  242
0.150845  363
0.150898  22
0.150951  362
0.150972  256
0.151005  11
0.15104  19
0.151085  68
0.151098  97
0.151107  52
0.151118  152
0.151175  108
0.151192  325
0.151454  335
0.151613  58
0.151626  88
0.151675  331
0.151679  338
0.151733  347
0.151879  386
0.151922  231
0.151974  399
0.151983  243
0.151993  194
0.152038  320
0.152115  326
0.152169  187
0.152173  397
0.152207  239
0.152283  70
0.15237  212
0.152551  310
0.152628  186
0.152775  268
0.152799  145
0.152809  229
0.153006  259
0.153052  333
0.153096  307
0.153153  90
0.153185  339
0.153263  336
0.153421  316
0.153467  169
0.153544  216
0.153794  80
0.153835  314
0.15387  255
0.15394  343
0.15394  293
0.153998  360
0.154012  378
0.154495  374
0.154574  327
0.154619  365
0.155069  28
0.155098  278
0.155205  317
0.155226  89
0.155281  148
0.155555  191
0.155561  321
0.155722  2
0.15582  236
0.156155  340
0.156382  357
0.156393  263
0.156774  329
0.156866  302
0.156924  218
0.156952  87
0.157315  375
0.157441  180
0.1576  303
0.157729  12
0.158117  353
0.158383  387
0.158704  94
0.159014  312
0.159546  47
0.159796  385
0.160072  234
0.160242  185
0.161035  358
0.16109  389
0.161777  103
0.162054  188
0.162531  377
0.162874  361
0.163315  56
0.165064  139
0.165185  237
0.165307  376
0.165404  311
0.165618  227
0.165634  264
0.168644  349
0.169218  372
0.169584  383
0.169808  395
0.169914  74
0.172504  16
0.174754  371
0.175659  252
0.176964  328
0.177622  274
0.179362  198
0.179491  25
0.182596  133
0.183224  253
0.183544  75
0.183545  159
0.184133  368
0.184769  359
0.185162  217
0.185716  247
0.18583  195
0.185951  367
0.186396  48
0.18665  128
0.186714  294
0.186856  304
0.186963  355
0.187357  350
0.187646  338
0.188179  137
0.188597  384
0.188694  313
0.188738  230
0.189201  46
0.189685  161
0.190133  301
0.190205  69
0.190504  10
0.190902  119
0.191041  347
0.191154  61
0.191337  91
0.19139  142
0.19149  134
0.191583  55
0.191696  29
0.191766  232
0.191862  27
0.192005  153
0.192358  396
0.192673  111
0.192679  151
0.193165  330
0.193351  345
0.193448  369
0.193536  346
0.193583  342
0.193819  322
0.193834  83
0.193925  175
0.194009  337
0.194013  366
0.194089  292
0.194127  104
0.194181  66
0.194535  394
0.194613  228
0.194634  299
0.194644  240
0.194724  65
0.194831  224
0.194906  309
0.194933  390
0.195318  364
0.195354  26
0.195511  348
0.195529  354
0.195629  339
0.195714  335
0.195994  121
0.196222  356
0.19638  156
0.196527  323
0.196545  64
0.196567  341
0.19678  109
0.196907  289
0.197086  306
0.197282  257
0.197371  146
0.197375  307
0.197388  343
0.197665  308
0.197699  251
0.197778  281
0.198053  37
0.198216  332
0.198287  334
0.198786  381
0.198843  314
0.198871  238
0.199015  378
0.199243  333
0.199337  39
0.199519  21
0.199611  373
0.199719  171
0.200218  380
0.200348  70
0.20062  388
0.200692  177
0.200942  329
0.201459  325
0.20146  331
0.201808  300
0.20205  386
0.202119  273
0.202344  387
0.202373  0
0.202385  391
0.202431  351
0.202478  127
0.202811  221
0.203121  319
0.203163  392
0.203266  170
0.20339  229
0.203551  275
0.203798  258
0.204091  326
0.204294  336
0.204412  352
0.205006  398
0.205118  6
0.20517  344
0.205213  360
0.205267  374
0.205966  362
0.206903  318
0.207192  286
0.207499  235
0.207547  303
0.207722  316
0.209163  123
0.209529  395
0.211351  357
0.212707  327
0.213003  19
0.214077  310
0.215003  397
0.215656  320
0.216703  365
0.217529  376
0.218442  125
0.218733  144
0.218878  324
0.220639  379
0.223493  312
0.224422  79
0.224497  269
0.224612  305
0.225161  315
0.22586  254
0.226944  255
0.227245  211
0.227494  382
0.22796  73
0.228545  158
0.228851  1
0.22981  105
0.229974  375
0.230164  43
0.230459  53
0.230529  147
0.231017  383
0.23129  377
0.231832  233
0.232077  368
0.232364  135
0.232505  370
0.232569  317
0.23268  56
0.232751  149
0.233922  302
0.234049  278
0.234368  110
0.234374  264
0.234485  209
0.234863  86
0.234872  68
0.235096  349
0.235104  296
0.235261  57
0.235407  298
0.235425  287
0.235505  145
0.235593  393
0.235598  138
0.235634  390
0.235995  4
0.236014  295
0.236061  193
0.236485  184
0.236549  361
0.236606  372
0.236609  363
0.236633  85
0.236642  152
0.2367  31
0.236786  162
0.236901  223
0.236929  267
0.23707  124
0.237343  187
0.237371  311
0.237488  117
0.237603  220
0.237645  34
0.23765  18
0.237837  81
0.237883  321
0.238024  285
0.238164  113
0.238191  58
0.238225  67
0.238233  399
0.238234  172
0.238266  338
0.238348  167
0.238364  359
0.238432  102
0.23856  42
0.238563  15
0.238619  304
0.238855  197
0.23891  385
0.238944  130
0.239013  38
0.239084  8
0.239124  328
0.239234  335
0.239251  200
0.239355  120
0.239438  131
0.239475  389
0.239553  353
0.239619  60
0.239711  98
0.239762  22
0.239764  340
0.239825  185
0.239857  266
0.239857  392
0.239923  276
0.239994  92
0.240025  283
0.240031  41
0.240043  245
0.240046  371
0.240259  346
0.240716  307
0.240722  35
0.240787  54
0.240912  176
0.240981  51
0.241039  348
0.241052  178
0.241075  227
0.24108  284
0.24117  344
0.241204  262
0.241252  90
0.241356  72
0.24137  93
0.241379  76
0.241398  169
0.241449  195
0.241477  94
0.241527  366
0.24154  256
0.241604  106
0.241623  323
0.241642  62
0.24173  210
0.241768  33
0.241777  84
0.241777  7
0.241816  201
0.241861  157
0.241864  163
0.241911  80
0.241921  263
0.241988  347
0.242006  319
0.242055  378
0.242132  242
0.242151  44
0.242192  367
0.242221  226
0.242238  239
0.24226  32
0.242272  369
0.242272  192
0.242298  339
0.242311  20
0.242313  331
0.242316  101
0.242331  309
0.242357  282
0.242377  52
0.242442  5
0.24246  234
0.242468  337
0.242496  17
0.242548  159
0.242584  342
0.242605  279
0.242607  356
0.24267  21
0.242702  364
0.242815  119
0.242842  216
0.242892  222
0.242904  384
0.24291  219
0.242912  155
0.24299  28
0.243054  3
0.243087  358
0.243109  350
0.243157  95
0.243224  396
0.243285  351
0.24333  306
0.24338  112
0.243412  148
0.243425  189
0.243489  97
0.24372  40
0.243792  391
0.243792  118
0.243892  280
0.243903  174
0.243957  168
0.243979  241
0.243987  355
0.244269  218
0.244281  329
0.244303  374
0.244338  126
0.244343  326
0.244343  354
0.244358  380
0.244436  379
0.244455  333
0.244483  111
0.244526  325
0.244558  150
0.244572  314
0.244669  313
0.244709  330
0.244727  186
0.244762  297
0.244772  310
0.244778  300
0.244873  207
0.244878  387
0.244909  343
0.244938  24
0.244945  25
0.244946  322
0.244957  305
0.244958  345
0.244981  341
0.244984  240
0.245018  19
0.245056  394
0.245071  71
0.24509  383
0.245106  274
0.245166  180
0.245265  327
0.245389  289
0.245443  308
0.245473  336
0.245543  108
0.245587  250
0.245608  390
0.245662  375
0.245743  373
0.24582  382
0.245836  360
0.245868  164
0.245936  199
0.24596  301
0.245968  213
0.246084  154
0.246178  91
0.246216  376
0.246226  79
0.246285  99
0.246318  141
0.246321  208
0.246382  381
0.246516  365
0.246518  59
0.246557  133
0.246569  23
0.246628  357
0.246637  316
0.246661  146
0.246845  332
0.247009  75
0.247129  397
0.247405  395
0.247407  115
0.247448  47
0.247453  260
0.247488  244
0.247623  362
0.247776  320
0.247792  247
0.247907  386
0.247949  206
0.24795  26
0.247992  14
0.248114  312
0.248228  49
0.248289  253
0.248437  149
0.248509  11
0.24877  96
0.248837  318
0.24893  277
0.24931  77
0.249317  398
0.249603  281
0.249722  0
0.249725  334
0.25002  171
0.250071  324
0.250123  259
0.251173  315
0.25121  339
0.25138  50
0.251759  303
0.251853  370
0.251998  36
0.252  29
0.252949  66
0.253056  388
0.253307  179
0.253426  103
0.254102  346
0.254343  348
0.254487  338
0.254867  393
0.255701  217
0.256161  16
0.256305  294
0.257234  317
0.257543  69
0.258913  78
0.258941  361
0.259463  27
0.259464  88
0.262863  129
0.262925  196
0.263871  366
0.264136  392
0.264935  228
0.26502  299
0.265023  291
0.268161  132
0.26827  293
0.268415  176
0.269482  122
0.269797  368
0.2714  82
0.272068  10
0.273222  248
0.273902  337
0.274573  188
0.274992  233
0.275224  170
0.27551  205
0.275533  399
0.275575  378
0.275597  352
0.275618  173
0.275758  58
0.275853  371
0.27592  341
0.276121  223
0.276337  323
0.276342  389
0.276377  229
0.276437  255
0.276637  73
0.276727  84
0.27675  347
0.276771  117
0.276782  363
0.277004  232
0.277156  300
0.277191  381
0.277657  359
0.278204  243
0.278217  377
0.278224  345
0.278374  331
0.278428  390
0.278704  225
0.278844  134
0.278864  63
0.278979  136
0.279067  273
0.279147  265
0.279336  340
0.279351  344
0.279931  239
0.280079  144
0.280173  37
0.280395  355
0.280413  307
0.280481  238
0.280522  272
0.280673  287
0.280776  328
0.280896  53
0.281092  382
0.281394  140
0.281443  55
0.281452  116
0.281531  286
0.281664  364
0.281724  97
0.281733  230
0.282077  304
0.282239  376
0.282251  302
0.282403  51
0.282477  7
0.282585  309
0.282673  372
0.283055  353
0.283334  139
0.283366  282
0.28351  314
0.28369  113
0.283798  306
0.283803  396
0.283975  327
0.284198  2
0.284443  325
0.284615  343
0.284671  1
0.284753  374
0.28481  321
0.284823  81
0.284849  279
0.285612  326
0.28562  369
0.285994  158
0.286163  156
0.286232  373
0.286375  319
0.286388  342
0.286659  57
0.286719  130
0.286787  128
0.28701  160
0.287048  93
0.287216  175
0.287717  271
0.287895  387
0.288109  100
0.288293  310
0.288384  236
0.288463  394
0.289554  380
0.28965  348
0.289663  269
0.289852  153
0.290192  391
0.290476  395
0.291068  375
0.291639  329
0.291801  332
0.292052  210
0.292266  350
0.29227  245
0.29385  398
0.294962  177
0.295237  172
0.295239  362
0.295513  20
0.296335  270
0.296605  46
0.297066  86
0.297322  308
0.297521  357
0.297877  336
0.298007  393
0.298021  43
0.298203  198
0.298497  330
0.298835  137
0.29901  384
0.299138  317
0.299149  385
0.299504  267
0.299643  311
0.299678  110
0.299709  183
0.300013  70
0.300299  312
0.300792  324
0.301213  335
0.302001  322
0.303083  87
0.303171  379
0.303182  204
0.303398  351
0.304616  221
0.305412  21
0.305482  303
0.305814  313
0.30636  13
0.306969  316
0.307547  356
0.307845  354
0.308154  268
0.308224  123
0.308559  214
0.308845  366
0.309176  218
0.309323  349
0.309637  346
0.309786  386
0.311239  94
0.311434  231
0.31166  315
0.311815  174
0.312721  339
0.313047  52
0.313171  320
0.313187  212
0.313333  365
0.313656  318
0.313975  104
0.314503  397
0.314607  15
0.314676  358
0.315129  161
0.315345  334
0.315416  297
0.315645  368
0.316107  301
0.317321  224
0.317875  252
0.318824  383
0.319349  114
0.320044  126
0.32065  237
0.320691  124
0.320963  109
0.320975  370
0.321209  30
0.321282  8
0.32185  131
0.321856  74
0.321929  203
0.321932  165
0.322595  275
0.322887  360
0.323165  242
0.323279  300
0.323296  254
0.323824  352
0.323894  345
0.32411  143
0.324816  298
0.324873  333
0.32491  76
0.324954  240
0.325011  56
0.325167  290
0.325303  45
0.325365  64
0.325926  371
0.326041  390
0.326133  145
0.326164  296
0.326208  256
0.326276  133
0.326281  209
0.326336  261
0.326544  378
0.326697  381
0.32677  3
0.326804  340
0.326844  278
0.326849  388
0.32685  185
0.327265  184
0.327298  119
0.32737  107
0.327624  292
0.327655  249
0.32772  305
0.327727  359
0.327798  197
0.327967  375
0.328003  118
0.328093  328
0.328181  376
0.328183  323
0.328238  71
0.328315  152
0.328379  4
0.328472  396
0.328706  157
0.3288  162
0.328999  60
0.329047  39
0.329163  194
0.329424  142
0.329437  260
0.329442  399
0.329468  83
0.329518  377
0.329592  263
0.329723  234
0.329831  338
0.330226  90
0.330269  364
0.330279  373
0.330288  22
0.330359  151
0.330464  233
0.330479  171
0.330602  47
0.330657  392
0.330767  181
0.330767  367
0.330772  219
0.330818  238
0.330896  280
0.330916  302
0.33113  190
0.3313  32
0.331362  31
0.331414  253
0.331472  72
0.33156  347
0.331592  304
0.331706  362
0.331886  125
0.331904  96
0.331928  85
0.331946  211
0.332087  168
0.332144  38
0.332286  343
0.3323  34
0.332322  380
0.332406  295
0.332499  266
0.332522  193
0.332574  127
0.33258  139
0.332685  196
0.332746  382
0.332833  215
0.332923  40
0.332933  314
0.332945  182
0.332998  166
0.333059  187
0.333134  361
0.333163  344
0.333177  201
0.333196  307
0.333272  337
0.333272  163
0.333276  54
0.333314  327
0.333338  23
0.333362  241
0.333432  393
0.333461  229
0.333477  329
0.333571  394
0.33365  202
0.333682  277
0.333685  170
0.333709  11
0.333914  222
0.333985  387
0.334048  14
0.334146  289
0.334193  111
0.334215  192
0.334237  207
0.334317  317
0.334325  389
0.334344  138
0.334362  29
0.334371  78
0.334378  282
0.334389  12
0.334565  106
0.334598  374
0.334633  385
0.334679  102
0.334713  306
0.334737  6
0.334801  322
0.334903  189
0.33494  325
0.334949  356
0.334969  372
0.335002  341
0.335007  336
0.335008  391
0.335032  398
0.335115  37
0.335133  19
0.335227  369
0.33525  44
0.335398  351
0.335483  167
0.335502  148
0.335525  346
0.335589  342
0.335594  331
0.335609  35
0.335629  220
0.33567  108
0.335697  324
0.335736  61
0.335791  67
0.335884  33
0.335925  348
0.33604  294
0.336074  117
0.336102  349
0.336124  350
0.336197  309
0.3362  25
0.336215  310
0.336236  395
0.336246  355
0.336503  332
0.336609  101
0.336657  92
0.336811  48
0.336816  321
0.336869  250
0.336889  284
0.336923  326
0.337031  319
0.337224  132
0.337376  136
0.337452  397
0.33746  239
0.337488  49
0.337545  313
0.337658  17
0.337809  156
0.337853  357
0.337873  172
0.337904  84
0.337965  206
0.337977  365
0.337984  205
0.337999  248
0.338009  155
0.338025  311
0.338139  236
0.338187  308
0.338341  147
0.338394  270
0.338435  286
0.338587  316
0.338755  335
0.338809  269
0.338814  244
0.338953  149
0.338967  315
0.339047  103
0.339075  330
0.339122  312
0.33919  363
0.339194  82
0.3392  88
0.339245  75
0.339264  353
0.339311  354
0.339361  287
0.339376  345
0.339594  223
0.339604  384
0.339736  93
0.339756  144
0.339777  272
0.339952  368
0.339978  301
0.340061  303
0.340918  160
0.341121  366
0.341143  24
0.341211  228
0.341459  199
0.341601  52
0.341664  114
0.341948  141
0.342149  291
0.342206  153
0.342257  154
0.342268  112
0.342294  66
0.342612  318
0.342664  320
0.342835  175
0.34314  379
0.343314  386
0.343322  51
0.343379  191
0.343535  5
0.343919  370
0.34408  28
0.344189  333
0.344663  371
0.345089  43
0.345461  359
0.345683  41
0.345725  243
0.345729  135
0.346002  110
0.34615  91
0.346304  358
0.346695  251
0.346937  376
0.347022  388
0.347024  394
0.347231  344
0.347416  53
0.347656  214
0.347712  390
0.347874  227
0.348074  360
0.348177  73
0.34854  361
0.348581  27
0.348683  339
0.348835  340
0.348955  169
0.349056  232
0.349104  89
0.349115  290
0.349237  307
0.350211  26
0.350224  334
0.351769  399
0.352088  378
0.352624  373
0.352713  271
0.352777  377
0.355613  347
0.356898  396
0.358416  122
0.359253  356
0.35927  46
0.360363  104
0.362467  120
0.363008  10
0.363377  179
0.363425  18
0.364126  383
0.365001  323
0.367064  392
0.36708  364
0.368869  123
0.369161  300
0.369399  21
0.369625  163
0.370093  328
0.37021  115
0.370536  57
0.370758  391
0.371496  180
0.371668  16
0.371705  381
0.372071  258
0.372255  259
0.372509  165
0.372567  229
0.373306  385
0.373807  331
0.374025  306
0.374313  398
0.374787  314
0.374978  208
0.375153  109
0.375448  225
0.375466  382
0.375512  99
0.375681  58
0.375746  173
0.375968  100
0.376068  212
0.376505  292
0.37669  352
0.376867  393
0.377318  276
0.377854  363
0.377966  310
0.378165  128
0.37873  140
0.378876  79
0.379092  246
0.379293  329
0.379323  380
0.379571  267
0.379582  289
0.37985  116
0.38011  325
0.380272  351
0.380384  357
0.380525  86
0.380559  305
0.380638  42
0.380649  339
0.380729  203
0.380834  322
0.38103  14
0.381188  348
0.38162  293
0.381765  200
0.381812  59
0.381863  177
0.381893  387
0.382183  369
0.382197  2
0.382511  313
0.382561  372
0.382582  324
0.382705  397
0.383253  304
0.383344  97
0.383514  308
0.383869  98
0.383904  146
0.383961  255
0.384369  316
0.384439  326
0.384569  395
0.384686  130
0.385474  29
0.385708  365
0.385834  318
0.386189  216
0.386201  342
0.386228  34
0.386448  346
0.386457  332
0.386529  164
0.38662  311
0.386971  40
0.387059  375
0.387178  265
0.387409  345
0.387413  360
0.389302  354
0.389777  337
0.390049  362
0.390136  333
0.390388  260
0.390682  336
0.390757  0
0.390901  152
0.391223  366
0.391854  62
0.39264  302
0.392697  262
0.393343  327
0.39338  168
0.394969  338
0.395164  194
0.395394  367
0.395779  355
0.395916  183
0.396583  350
0.396709  321
0.397342  64
0.400373  174
0.400475  198
0.400522  386
0.40085  257
0.4017  301
0.40207  374
0.40224  26
0.402476  252
0.402544  377
0.402687  303
0.403318  335
0.403354  195
0.403437  131
0.403688  70
0.403967  317
0.404577  341
0.405123  373
0.405135  376
0.40585  127
0.405892  166
0.406021  300
0.406319  178
0.406727  209
0.407452  235
0.407534  72
0.407936  319
0.407953  312
0.408169  343
0.408504  384
0.408531  379
0.408817  230
0.408972  106
0.409279  315
0.409346  349
0.409437  361
0.409803  186
0.409879  218
0.409967  118
0.410042  80
0.410187  320
0.410492  323
0.410511  90
0.410542  353
0.410727  219
0.411045  11
0.411596  347
0.412094  330
0.412174  358
0.412444  281
0.412599  159
0.41313  371
0.413338  124
0.413368  340
0.413398  388
0.41362  334
0.414096  20
0.41414  176
0.41443  279
0.414436  171
0.414855  309
0.414925  256
0.415724  210
0.41577  15
0.415825  170
0.416359  273
0.416647  142
0.416716  359
0.416891  96
0.416907  396
0.417293  288
0.417363  389
0.417484  381
0.417549  6
0.4176  394
0.417771  185
0.417824  368
0.417913  69
0.4186  107
0.418607  117
0.418722  140
0.418845  370
0.418855  162
0.418959  95
0.419385  322
0.419703  53
0.419713  221
0.419769  113
0.419876  378
0.420401  32
0.420448  383
0.420561  207
0.42064  54
0.421557  65
0.421867  5
0.422057  245
0.422125  382
0.422269  224
0.42257  364
0.422591  305
0.422775  247
0.422778  363
0.422846  344
0.422858  63
0.422871  137
0.423248  331
0.423353  38
0.423469  205
0.423527  147
0.423806  398
0.423926  181
0.424005  81
0.424008  295
0.424049  237
0.424067  161
0.424262  345
0.424537  241
0.424668  213
0.424937  392
0.425478  243
0.425653  148
0.425797  28
0.426048  104
0.426156  277
0.426163  294
0.426427  372
0.426477  180
0.426599  356
0.426804  269
0.426839  307
0.42685  275
0.427196  129
0.427312  85
0.427819  306
0.427865  352
0.427939  154
0.428167  242
0.428463  268
0.428593  316
0.428719  310
0.428833  391
0.428941  56
0.428987  357
0.428995  339
0.429028  397
0.429107  48
0.429175  33
0.429189  236
0.429191  362
0.4292  231
0.429318  399
0.429346  39
0.429351  68
0.429487  8
0.429782  298
0.42983  30
0.429861  41
0.42993  304
0.430033  121
0.430036  313
0.430239  390
0.43034  327
0.430532  201
0.430828  234
0.430881  321
0.430906  190
0.430907  94
0.431052  358
0.431061  338
0.431185  326
0.431235  336
0.431334  314
0.431338  17
0.431431  4
0.431445  266
0.431959  141
0.432095  133
0.432131  220
0.432214  348
0.432259  329
0.432393  324
0.432402  193
0.432455  328
0.432456  93
0.432469  197
0.432497  249
0.43253  355
0.432625  286
0.432988  393
0.433036  244
0.433052  35
0.433145  332
0.433268  311
0.433295  272
0.433333  71
0.433648  125
0.433859  380
0.433912  270
0.433916  1
0.43393  318
0.433984  43
0.434011  91
0.434026  325
0.434037  369
0.434177  51
0.434264  283
0.434292  158
0.43444  367
0.434502  308
0.434546  227
0.434684  83
0.43484  374
0.434947  385
0.434996  387
0.435035  300
0.435314  351
0.435318  203
0.43532  343
0.435617  173
0.435634  360
0.435692  9
0.4358  346
0.436374  92
0.436554  312
0.436568  365
0.436729  366
0.436905  123
0.43713  302
0.437504  261
0.437714  36
0.437797  97
0.437894  303
0.438637  179
0.439256  322
0.439748  375
0.439862  335
0.440015  102
0.44014  157
0.440397  31
0.440501  260
0.440808  347
0.440853  239
0.440943  388
0.441024  214
0.442472  371
0.442677  10
0.443318  317
0.444051  67
0.444365  354
0.444913  183
0.445104  49
0.445754  337
0.446983  182
0.447569  342
0.447614  293
0.447738  167
0.44782  384
0.449386  386
0.450059  319
0.450224  78
0.450266  361
0.451146  396
0.451991  206
0.452406  24
0.45246  164
0.452611  208
0.453739  394
0.454009  86
0.454158  265
0.454992  350
0.455296  305
0.455413  301
0.45622  296
0.456394  333
0.456409  44
0.456503  7
0.456526  103
0.456581  153
0.456675  77
0.456886  323
0.456891  274
0.456995  255
0.457164  26
0.457353  34
0.457414  381
0.457491  368
0.457533  377
0.457554  57
0.457629  134
0.457812  263
0.458119  169
0.458146  18
0.4584  16
0.458685  246
0.458744  82
0.458834  196
0.459137  143
0.459637  287
0.45991  297
0.459914  370
0.459926  389
0.460202  320
0.460317  108
0.460394  209
0.460506  146
0.460562  382
0.460921  116
0.460926  309
0.461303  282
0.461396  87
0.461592  340
0.461822  136
0.461957  379
0.462287  73
0.462353  376
0.462452  119
0.462592  128
0.46263  383
0.462671  95
0.463129  152
0.463152  187
0.4633  330
0.463449  359
0.463557  353
0.463572  19
0.463589  356
0.463606  341
0.463767  99
0.463958  395
0.464859  112
0.464998  349
0.465079  226
0.46527  110
0.46559  229
0.465646  114
0.465798  115
0.4659  331
0.466032  357
0.466069  284
0.466437  315
0.466709  66
0.466839  373
0.466888  240
0.467013  336
0.46715  131
0.467244  345
0.467281  372
0.467386  175
0.467778  363
0.467798  310
0.467849  228
0.468066  248
0.468182  144
0.468289  109
0.468344  105
0.468568  238
0.468831  45
0.469019  165
0.469158  311
0.469162  344
0.469374  290
0.46983  212
0.470042  172
0.470122  204
0.47024  216
0.470272  195
0.470338  194
0.470531  307
0.470962  135
0.471154  362
0.471306  399
0.471385  65
0.471625  253
0.471744  374
0.471756  50
0.471767  300
0.471833  334
0.471965  352
0.471998  251
0.472018  390
0.472048  358
0.472107  106
0.472261  168
0.472468  79
0.472746  177
0.472812  369
0.472972  304
0.473215  22
0.473303  140
0.473396  4
0.473484  188
0.473489  241
0.473513  393
0.473519  367
0.473697  325
0.473834  85
0.473958  328
0.473998  392
0.47413  160
0.474296  327
0.474415  346
0.474482  397
0.474515  314
0.474668  124
0.474684  380
0.474728  375
0.474902  348
0.474982  126
0.475024  13
0.475105  355
0.475131  98
0.47515  291
0.475512  186
0.475539  343
0.475668  366
0.47586  233
0.476097  316
0.476265  222
0.476446  306
0.476799  342
0.476834  303
0.478147  174
0.478237  138
0.478512  378
0.478698  64
0.478908  339
0.478975  322
0.479114  332
0.479315  37
0.479506  308
0.479636  151
0.479897  200
0.480303  234
0.480896  258
0.481049  257
0.481323  351
0.482057  276
0.482498  312
0.48273  72
0.482968  326
0.483325  364
0.48399  129
0.484155  398
0.484205  130
0.484817  9
0.484949  3
0.484973  217
0.485066  318
0.485249  391
0.48587  324
0.48601  189
0.486058  302
0.486168  89
0.486653  17
0.487134  347
0.487397  184
0.487696  335
0.487733  232
0.487828  387
0.488404  52
0.48863  396
0.488689  170
0.48873  55
0.489231  360
0.490792  371
0.490821  244
0.491054  365
0.491922  394
0.493006  190
0.494165  354
0.494541  329
0.495081  132
0.495803  338
0.496025  357
0.497538  278
0.49851  299
0.498898  32
0.49918  139
0.499783  127
0.500052  163
0.500843  319
0.501158  96
0.501683  381
0.501795  245
0.50196  61
0.502314  311
0.50269  383
0.502764  252
0.502867  337
0.503271  145
0.503351  149
0.503514  317
0.503963  28
0.50451  25
0.504568  323
0.504618  321
0.50526  294
0.505301  201
0.506001  69
0.506092  301
0.506094  211
0.506318  120
0.506326  361
0.506529  340
0.506626  395
0.507427  384
0.507534  260
0.50773  385
0.508058  102
0.508114  298
0.508441  379
0.508484  223
0.508511  377
0.50873  167
0.509024  23
0.509135  68
0.509156  359
0.5093  155
0.509407  220
0.509602  333
0.50979  58
0.509873  214
0.510216  275
0.510234  334
0.510363  41
0.510455  376
0.5108  121
0.510903  350
0.511179  70
0.511378  370
0.511382  309
0.51182  374
0.512008  336
0.512071  305
0.512181  192
0.512604  368
0.513162  315
0.513337  91
0.51404  256
0.514087  267
0.514107  88
0.514146  254
0.514322  307
0.514386  166
0.514428  389
0.514774  386
0.515039  310
0.515194  358
0.515221  197
0.515676  178
0.515852  230
0.516355  215
0.516374  83
0.516502  279
0.516745  117
0.516954  152
0.517331  280
0.517601  1
0.517702  397
0.517817  325
0.517936  369
0.517963  87
0.517993  202
0.518  375
0.518005  399
0.518078  225
0.518144  73
0.518318  304
0.518358  259
0.518569  356
0.51867  392
0.518993  191
0.519007  388
0.519018  313
0.519288  62
0.519372  146
0.519512  345
0.519517  314
0.519531  53
0.519831  51
0.519879  33
0.51996  150
0.519988  330
0.520177  235
0.520236  306
0.520302  46
0.520406  320
0.520766  48
0.520787  366
0.5209  339
0.521136  353
0.521266  90
0.521402  326
0.521838  153
0.521963  346
0.522035  71
0.522924  107
0.523042  237
0.523099  31
0.523221  352
0.523242  332
0.523309  390
0.523632  286
0.523901  363
0.523935  224
0.524003  296
0.524083  347
0.524097  8
0.524106  362
0.524184  169
0.52423  161
0.524313  273
0.524319  341
0.524322  344
0.524469  303
0.524583  182
0.524606  269
0.525108  249
0.525172  378
0.525235  187
0.525245  44
0.52525  250
0.525413  262
0.525471  84
0.525511  300
0.525627  293
0.525701  331
0.526463  365
0.526975  38
0.527063  316
0.527214  30
0.527471  193
0.527629  372
0.52765  284
0.527684  373
0.527784  82
0.527821  396
0.527925  15
0.528059  138
0.528167  343
0.528295  56
0.528386  382
0.528662  291
0.528719  398
0.52911  349
0.529206  76
0.529242  271
0.529455  185
0.529547  322
0.529642  264
0.529654  209
0.529897  42
0.529991  228
0.530239  319
0.530263  40
0.530854  148
0.530868  78
0.531039  162
0.531078  328
0.53109  360
0.531111  104
0.531209  289
0.531223  355
0.531242  118
0.531342  119
0.531416  210
0.53155  157
0.531565  0
0.531656  20
0.531726  391
0.532028  348
0.532034  327
0.53239  329
0.532403  39
0.532552  394
0.53257  354
0.532726  60
0.532757  128
0.532805  86
0.532857  247
0.5331  283
0.533298  312
0.533364  380
0.533562  308
0.533859  239
0.534201  133
0.534201  367
0.534222  318
0.534598  351
0.535607  74
0.535626  144
0.53606  371
0.536157  54
0.53635  357
0.536588  142
0.536635  158
0.537028  134
0.537033  338
0.537122  335
0.537132  282
0.537193  188
0.537243  342
0.537382  111
0.537395  218
0.537559  6
0.537679  234
0.53771  324
0.537849  302
0.538606  261
0.538697  219
0.538981  208
0.539121  79
0.539149  297
0.539225  75
0.539582  122
0.539865  385
0.540157  65
0.540289  340
0.540429  77
0.54052  333
0.540746  393
0.540749  370
0.540783  384
0.540865  27
0.540885  207
0.540954  105
0.541126  49
0.541525  97
0.541596  364
0.542133  154
0.542624  81
0.542704  226
0.543357  311
0.543459  251
0.54351  278
0.544271  337
0.5445  305
0.544534  143
0.544617  374
0.545343  381
0.545807  89
0.545853  317
0.545912  285
0.546321  290
0.54659  206
0.546614  189
0.547089  173
0.547165  323
0.547184  229
0.54724  57
0.547304  361
0.547402  11
0.547629  377
0.547764  221
0.548173  18
0.548515  2
0.548637  80
0.549025  376
0.54918  395
0.549503  397
0.549696  198
0.550153  315
0.550325  321
0.550582  66
0.550587  108
0.550864  263
0.551326  92
0.551649  334
0.551673  5
0.551899  304
0.551998  330
0.552091  345
0.552426  16
0.552514  368
0.552667  359
0.552772  386
0.553205  298
0.553641  387
0.553831  313
0.554321  309
0.555193  181
0.55574  117
0.556015  375
0.55705  362
0.55707  59
0.557977  113
0.558356  137
0.558876  236
0.559151  26
0.559289  316
0.55997  383
0.560249  7
0.56105  30
0.562904  336
0.56312  392
0.563611  356
0.563674  346
0.563808  343
0.565022  301
0.565726  242
0.565993  347
0.566183  14
0.566623  101
0.567476  322
0.567912  399
0.568926  140
0.569627  132
0.56964  287
0.569925  217
0.569938  141
0.569994  303
0.570182  116
0.570252  358
0.570286  378
0.570476  295
0.570936  34
0.571066  350
0.571301  17
0.572082  29
0.572187  245
0.572293  201
0.572318  136
0.57237  332
0.572996  53
0.573162  223
0.57325  366
0.573263  307
0.573356  156
0.573678  327
0.573915  379
0.574011  382
0.574186  172
0.574458  288
0.574525  126
0.574588  265
0.574744  310
0.575027  388
0.575086  112
0.575092  103
0.575216  180
0.575278  312
0.575309  389
0.57534  129
0.575513  369
0.575536  344
0.575576  325
0.575587  259
0.575647  339
0.575649  168
0.575758  21
0.5758  211
0.575836  238
0.575952  13
0.576031  255
0.576061  367
0.576085  365
0.576177  199
0.57621  160
0.576242  23
0.576419  372
0.576427  320
0.576446  353
0.576662  47
0.576714  114
0.576765  328
0.577013  186
0.577072  42
0.577312  294
0.577548  338
0.577789  195
0.578028  37
0.578052  326
0.578152  184
0.578162  44
0.578389  124
0.578551  110
0.578639  212
0.578728  118
0.578765  36
0.579007  197
0.579052  50
0.579089  398
0.579193  24
0.579455  274
0.579486  10
0.579585  390
0.579589  354
0.580022  318
0.580254  371
0.580413  183
0.580488  380
0.58083  167
0.580863  85
0.58108  360
0.581103  174
0.581291  352
0.5813  315
0.581532  58
0.581922  355
0.581991  55
0.582415  237
0.582591  165
0.582982  91
0.583063  149
0.583082  171
0.583107  391
0.583411  267
0.583452  76
0.583489  341
0.583542  331
0.583547  187
0.583578  306
0.58376  67
0.583809  143
0.583957  214
0.584193  96
0.584384  396
0.584582  349
0.584659  243
0.584804  275
0.584903  100
0.584917  296
0.584949  329
0.585001  3
0.58506  62
0.585578  240
0.585582  179
0.585609  221
0.585625  281
0.585643  246
0.585708  123
0.585821  254
0.58584  330
0.586011  311
0.586021  282
0.58613  319
0.58618  178
0.586197  176
0.586339  161
0.58655  357
0.586576  203
0.586621  384
0.586839  151
0.587084  314
0.587351  225
0.587609  1
0.587777  147
0.58795  106
0.58803  324
0.588496  305
0.588599  25
0.58861  222
0.588647  363
0.588728  300
0.588856  397
0.58893  216
0.589034  15
0.589052  208
0.589079  387
0.589141  70
0.589175  202
0.589231  374
0.589365  253
0.589414  392
0.589495  316
0.58963  125
0.58989  69
0.589897  28
0.589977  317
0.590114  361
0.590143  239
0.590232  394
0.59032  72
0.590431  232
0.590473  335
0.590582  153
0.59079  71
0.590904  145
0.590921  35
0.590926  323
0.590979  159
0.591034  321
0.591068  302
0.591182  345
0.5912  164
0.591247  233
0.591275  308
0.591287  52
0.591298  348
0.591316  342
0.591358  351
0.591523  276
0.59156  209
0.591564  48
0.591603  373
0.591788  250
0.591818  386
0.591929  334
0.591943  362
0.592189  377
0.592588  272
0.592744  333
0.592749  229
0.592781  366
0.593058  347
0.593165  343
0.593213  194
0.593422  297
0.593479  280
0.593518  162
0.593548  340
0.593591  61
0.593593  364
0.593677  152
0.593765  139
0.593805  375
0.593902  270
0.594254  182
0.594476  399
0.595032  12
0.595274  322
0.59528  383
0.59531  4
0.595451  86
0.59554  185
0.595662  327
0.595972  303
0.596388  8
0.596576  376
0.596912  385
0.597205  215
0.597378  395
0.597763  51
0.597991  337
0.598114  188
0.598125  291
0.598412  119
0.598551  111
0.598757  368
0.59885  264
0.59888  166
0.599087  332
0.599312  353
0.599473  104
0.600331  393
0.600374  284
0.600389  228
0.600617  336
0.600755  370
0.600846  172
0.601044  358
0.601226  339
0.601785  381
0.602076  27
0.602316  313
0.602597  79
0.602854  260
0.602962  346
0.602992  146
0.603027  369
0.60303  390
0.603629  130
0.60619  0
0.60739  309
0.608767  219
0.609424  307
0.610807  365
0.611264  341
0.611527  116
0.611797  66
0.612155  320
0.612344  95
0.612449  299
0.613235  43
0.613705  224
0.615049  127
0.615814  231
0.615945  150
0.616217  93
0.616308  378
0.616389  350
0.616905  13
0.617411  356
0.61813  301
0.618223  371
0.618527  306
0.618568  384
0.619001  359
0.619719  9
0.62006  372
0.623745  77
0.623795  357
0.624616  360
0.625016  367
0.625049  266
0.625333  277
0.626307  191
0.626371  134
0.626471  87
0.62766  207
0.628163  68
0.62839  213
0.628623  204
0.628844  81
0.628895  396
0.628946  330
0.628957  193
0.629529  275
0.629639  318
0.629836  105
0.630073  352
0.63034  39
0.630378  328
0.630409  319
0.630835  175
0.630945  374
0.630987  279
0.63099  389
0.631149  90
0.631226  292
0.63123  262
0.631334  73
0.631426  354
0.631857  304
0.631862  65
0.632041  310
0.632254  84
0.632492  180
0.632707  20
0.632899  109
0.633118  380
0.633372  325
0.633414  78
0.63343  268
0.633451  305
0.633612  392
0.633787  398
0.633857  335
0.63393  353
0.633953  331
0.634075  112
0.634112  300
0.634403  56
0.63477  258
0.635071  391
0.635771  397
0.636215  234
0.636219  261
0.636406  373
0.636427  238
0.636585  108
0.636647  349
0.637052  382
0.637066  366
0.637116  235
0.637124  140
0.637168  315
0.637181  387
0.637251  99
0.637262  170
0.637285  379
0.637434  121
0.637654  205
0.637941  158
0.638013  148
0.638029  177
0.638039  332
0.638061  41
0.638162  283
0.638304  361
0.638394  46
0.638542  198
0.638633  362
0.638738  132
0.638875  131
0.639015  342
0.639052  393
0.639134  157
0.639147  302
0.639292  395
0.639319  338
0.639501  329
0.639544  344
0.639562  122
0.639597  38
0.639642  210
0.639786  14
0.640073  317
0.640157  363
0.640625  212
0.640625  217
0.640729  383
0.641178  285
0.641228  355
0.641442  189
0.641492  345
0.641551  126
0.641571  247
0.641694  103
0.641745  324
0.641829  101
0.642122  321
0.642124  348
0.642252  385
0.642305  5
0.642377  48
0.642456  62
0.642473  278
0.642592  137
0.642778  337
0.64301  312
0.643048  327
0.643111  290
0.643181  280
0.643323  326
0.643352  196
0.64352  115
0.643668  377
0.643875  178
0.644073  11
0.644433  221
0.644598  74
0.644835  269
0.645176  347
0.645308  94
0.645541  311
0.645709  236
0.645861  309
0.645989  110
0.646302  37
0.646417  388
0.646461  386
0.646484  336
0.646537  370
0.646546  54
0.646565  351
0.646657  314
0.64716  323
0.647541  92
0.647679  273
0.648088  75
0.648091  57
0.648211  201
0.648304  60
0.648571  107
0.648704  190
0.648726  47
0.648727  33
0.6488  256
0.648861  102
0.648947  97
0.649045  308
0.649471  100
0.649508  340
0.649597  83
0.64966  50
0.649684  378
0.649909  334
0.650066  228
0.650121  375
0.650225  35
0.650293  245
0.650364  289
0.65039  313
0.650457  394
0.6506  25
0.650666  133
0.650689  320
0.650695  114
0.650774  381
0.651396  368
0.651407  371
0.651719  253
0.651807  58
0.651815  214
0.65185  16
0.652155  358
0.652166  376
0.652347  223
0.652418  192
0.652445  303
0.652531  130
0.652715  341
0.652739  233
0.653128  63
0.653348  372
0.653382  343
0.653534  364
0.653739  287
0.65386  28
0.653861  367
0.654003  249
0.654204  359
0.654379  89
0.65447  322
0.654598  98
0.654774  328
0.655152  356
0.655449  125
0.655853  399
0.656682  116
0.657121  333
0.657175  307
0.657235  160
0.657497  144
0.657638  298
0.658088  242
0.658129  350
0.65813  369
0.658351  286
0.658484  49
0.6586  346
0.658743  240
0.658876  197
0.659333  294
0.659421  167
0.659755  171
0.659891  339
0.659983  390
0.660648  365
0.660992  211
0.661043  330
0.661223  271
0.661284  316
0.661919  2
0.662014  265
0.662297  218
0.662806  304
0.662883  69
0.662951  42
0.663739  305
0.663933  384
0.663953  36
0.664235  162
0.664442  306
0.665383  17
0.665501  354
0.665502  248
0.665916  288
0.665964  357
0.666004  149
0.666311  352
0.666668  319
0.667876  53
0.668343  382
0.668714  389
0.669102  79
0.669819  318
0.669969  141
0.67013  31
0.670312  360
0.670702  155
0.670724  222
0.670901  164
0.67161  332
0.67172  231
0.671963  325
0.672138  366
0.672241  310
0.673066  186
0.674013  373
0.674095  150
0.675181  392
0.676246  293
0.677278  362
0.678268  120
0.679061  187
0.679331  195
0.679453  106
0.679501  353
0.679781  383
0.680389  174
0.680616  135
0.680921  393
0.68102  312
0.681134  259
0.681287  139
0.681459  12
0.68157  6
0.681872  301
0.681947  225
0.682134  257
0.682423  142
0.682576  124
0.682733  337
0.68284  173
0.683134  59
0.683612  151
0.683795  51
0.683829  176
0.683909  397
0.683992  327
0.684436  361
0.684455  146
0.684585  172
0.684809  251
0.68486  315
0.684897  374
0.685105  331
0.685142  147
0.685224  230
0.685292  398
0.685374  375
0.685611  72
0.68571  7
0.68586  119
0.685862  385
0.685893  363
0.685976  161
0.686016  145
0.686022  391
0.686043  30
0.686106  296
0.68647  387
0.686778  208
0.686933  64
0.687052  206
0.687159  380
0.687198  118
0.687235  338
0.687278  345
0.687321  321
0.687352  183
0.68736  45
0.687431  377
0.687439  24
0.687578  202
0.687581  344
0.687881  91
0.688342  349
0.688563  88
0.688916  342
0.688964  381
0.689083  4
0.689214  34
0.689655  348
0.689686  137
0.689934  20
0.689938  193
0.689982  308
0.690137  388
0.690144  336
0.690445  302
0.69052  200
0.690813  245
0.69114  395
0.691178  66
0.691508  314
0.691584  80
0.691603  55
0.691744  180
0.691858  96
0.692253  396
0.692273  347
0.692277  359
0.692431  371
0.692521  379
0.692818  335
0.692826  284
0.693248  300
0.693659  317
0.693669  46
0.694095  254
0.695114  127
0.695213  1
0.695263  356
0.69636  323
0.696478  226
0.696577  140
0.696759  367
0.696847  207
0.697429  280
0.697715  224
0.698215  184
0.698387  281
0.698389  341
0.698868  83
0.699432  239
0.699712  129
0.699858  351
0.699903  368
0.699917  123
0.699964  218
0.700262  27
0.700326  309
0.700665  15
0.700683  0
0.700767  394
0.700999  258
0.701112  23
0.70161  157
0.701668  154
0.701884  370
0.702093  249
0.702112  277
0.702242  10
0.702383  366
0.702437  339
0.702523  114
0.702605  43
0.702792  303
0.703046  334
0.703082  320
0.703592  21
0.703707  307
0.703927  25
0.70403  182
0.704441  384
0.70449  76
0.704537  282
0.704642  9
0.705355  343
0.705426  386
0.705438  63
0.70558  47
0.705717  255
0.70576  85
0.705771  248
0.705778  14
0.705915  22
0.705928  295
0.706068  355
0.706077  324
0.706082  372
0.706377  117
0.706448  358
0.70652  350
0.70655  326
0.706561  3
0.706567  369
0.706951  181
0.706999  263
0.707024  311
0.707052  179
0.707082  81
0.707084  18
0.707188  198
0.707222  168
0.707251  360
0.707399  316
0.707854  95
0.707945  330
0.708399  313
0.708433  329
0.70848  152
0.708751  318
0.70885  306
0.708928  328
0.708976  44
0.70921  56
0.709298  13
0.70941  382
0.710494  210
0.710606  244
0.710771  153
0.71083  278
0.711278  287
0.711408  319
0.711463  272
0.711531  148
0.711636  26
0.711781  32
0.711799  270
0.711962  39
0.711971  399
0.712154  19
0.712217  373
0.712256  378
0.712272  357
0.712675  340
0.712701  106
0.712816  364
0.712891  134
0.713407  376
0.713504  196
0.713648  274
0.713882  365
0.71417  54
0.714195  40
0.714267  104
0.714309  236
0.714452  352
0.71453  304
0.714662  227
0.714718  232
0.714846  165
0.714881  332
0.715563  138
0.715754  61
0.715807  105
0.716224  159
0.716406  322
0.716645  262
0.716885  229
0.717002  264
0.717126  385
0.717177  98
0.717291  237
0.717293  389
0.717352  392
0.717397  362
0.717451  163
0.717545  354
0.7177  387
0.717809  310
0.717924  331
0.717925  169
0.717931  290
0.718188  390
0.71847  178
0.718576  346
0.718735  128
0.718999  327
0.719024  342
0.719245  126
0.719306  377
0.719309  335
0.719425  276
0.719714  52
0.719787  191
0.720061  315
0.720154  238
0.720183  398
0.720197  241
0.720485  216
0.720736  50
0.721083  283
0.72129  268
0.721592  273
0.72163  144
0.721784  374
0.722173  275
0.722232  325
0.722588  345
0.722658  68
0.722885  233
0.72291  294
0.722996  312
0.723269  204
0.723277  167
0.723304  201
0.723422  143
0.723582  286
0.723723  217
0.723884  353
0.723911  94
0.724049  338
0.724332  361
0.724375  391
0.724452  57
0.72457  173
0.72467  305
0.724905  381
0.72522  205
0.725339  8
0.725354  337
0.725541  220
0.725627  110
0.725637  149
0.725858  292
0.725876  279
0.726132  209
0.726279  252
0.72641  234
0.726494  172
0.726613  133
0.726641  146
0.726767  6
0.726889  321
0.726947  60
0.727049  213
0.727073  302
0.727107  379
0.72712  383
0.727161  100
0.72728  253
0.727369  397
0.727431  99
0.727773  93
0.728121  261
0.728401  223
0.728462  317
0.7286  396
0.728818  67
0.728834  86
0.728966  348
0.729201  84
0.729275  330
0.729362  359
0.729395  89
0.729564  266
0.729583  194
0.729658  62
0.729708  267
0.729716  25
0.729774  87
0.729904  58
0.729923  333
0.730024  35
0.730025  11
0.730067  120
0.730448  215
0.730482  103
0.730659  156
0.730721  150
0.730887  371
0.730906  112
0.731026  308
0.731289  393
0.731625  363
0.731665  351
0.731951  293
0.73198  171
0.732021  370
0.732035  386
0.732107  186
0.732278  382
0.732304  242
0.732464  300
0.732592  4
0.732644  350
0.732803  136
0.732887  375
0.733243  23
0.733252  380
0.733434  309
0.733437  349
0.733487  307
0.733507  177
0.733714  367
0.733787  384
0.733789  368
0.734016  341
0.734055  49
0.734109  214
0.734188  29
0.734331  366
0.734827  329
0.734828  369
0.734967  92
0.734982  131
0.735003  122
0.73504  311
0.735172  344
0.735287  316
0.735499  170
0.73567  16
0.735954  326
0.736022  355
0.73628  228
0.736421  306
0.737099  301
0.737282  388
0.737602  160
0.737688  72
0.737727  323
0.737759  115
0.737992  185
0.738149  347
0.738484  121
0.738691  336
0.738789  356
0.738823  190
0.740056  265
0.740136  65
0.740266  320
0.740509  360
0.741427  394
0.74319  357
0.744455  303
0.747004  358
0.748363  334
0.75081  373
0.750967  339
0.751369  288
0.753358  319
0.756558  38
0.757584  378
0.758885  157
0.7598  142
0.759838  343
0.760459  208
0.761614  96
0.761654  140
0.762348  372
0.762471  340
0.762821  374
0.763218  310
0.763283  189
0.763343  399
0.763583  328
0.763928  221
0.764605  192
0.764966  219
0.764981  175
0.765039  174
0.765425  332
0.765574  314
0.765655  36
0.766412  389
0.766638  377
0.767155  24
0.767161  0
0.767433  2
0.767953  352
0.768412  179
0.768517  264
0.768574  250
0.768584  364
0.769299  362
0.769429  262
0.76985  318
0.76989  41
0.769939  71
0.770009  365
0.77008  313
0.770265  123
0.770477  324
0.770606  245
0.770683  312
0.770941  376
0.771268  379
0.771364  218
0.771447  30
0.771505  158
0.771529  48
0.771588  260
0.771603  42
0.771642  17
0.771697  109
0.771704  222
0.771974  134
0.772015  22
0.772029  390
0.772101  248
0.772125  15
0.772373  75
0.772612  164
0.77279  395
0.772866  246
0.772873  108
0.772911  212
0.772972  342
0.773095  381
0.773116  203
0.773246  243
0.7734  77
0.773495  116
0.773814  295
0.774075  285
0.774091  257
0.774099  327
0.774175  153
0.774204  188
0.774552  82
0.774604  101
0.774622  45
0.774807  206
0.77483  251
0.774865  7
0.774888  37
0.774965  383
0.775084  97
0.7751  300
0.775127  224
0.775209  396
0.775252  331
0.775289  111
0.775297  106
0.775324  70
0.775383  229
0.775389  31
0.775501  225
0.775515  385
0.775545  307
0.775648  304
0.775704  53
0.775856  12
0.77593  165
0.776228  20
0.776293  345
0.776391  152
0.776498  125
0.776536  195
0.776603  330
0.776604  166
0.776636  322
0.776678  337
0.776812  200
0.776907  317
0.776982  79
0.77701  393
0.777087  333
0.777091  346
0.777106  321
0.777114  284
0.777193  274
0.777246  256
0.77733  135
0.777416  349
0.777457  296
0.777476  176
0.777489  315
0.777495  147
0.777568  66
0.77763  302
0.777665  391
0.777682  354
0.777705  207
0.777706  56
0.777849  191
0.777936  231
0.777945  297
0.777968  351
0.777982  341
0.778119  100
0.778162  163
0.778266  338
0.77828  301
0.778502  199
0.778543  19
0.778587  311
0.778602  255
0.778873  325
0.778906  367
0.77898  141
0.779109  105
0.77911  263
0.779133  50
0.779187  308
0.779242  34
0.779371  259
0.779461  129
0.779522  10
0.779535  261
0.779565  236
0.779588  353
0.779773  361
0.779784  348
0.779888  392
0.779898  335
0.779949  398
0.779994  104
0.779996  144
0.78035  148
0.780425  289
0.780481  127
0.780512  309
0.780527  25
0.780556  167
0.780566  369
0.780729  120
0.780838  32
0.780852  371
0.780866  271
0.781159  254
0.781263  344
0.781373  272
0.781407  397
0.781482  387
0.78156  326
0.781626  145
0.781703  368
0.781707  293
0.781738  63
0.781767  44
0.781845  132
0.781866  366
0.781871  323
0.781884  43
0.781951  370
0.781964  205
0.782228  258
0.78234  329
0.782463  347
0.782725  389
0.782782  249
0.782825  137
0.78284  394
0.782857  11
0.782861  382
0.78288  26
0.782903  380
0.782947  355
0.782976  227
0.783065  363
0.783135  113
0.783182  328
0.78328  244
0.783398  139
0.783415  83
0.78346  364
0.78348  217
0.783543  320
0.783558  18
0.783558  356
0.78362  303
0.783761  388
0.783783  64
0.783852  386
0.783867  375
0.783889  319
0.783949  58
0.784096  242
0.784148  59
0.784216  305
0.784361  278
0.784495  357
0.784555  187
0.784728  316
0.784772  384
0.784982  91
0.785028  131
0.785045  350
0.785046  360
0.785098  161
0.785114  230
0.785365  197
0.78537  6
0.785492  211
0.785883  40
0.785953  310
0.786257  374
0.786707  67
0.787138  85
0.787468  213
0.787477  183
0.787568  358
0.78766  336
0.787787  39
0.788315  267
0.788564  334
0.788675  156
0.789199  306
0.78945  121
0.789711  252
0.789721  340
0.790181  92
0.790735  313
0.791318  377
0.791483  343
0.791744  143
0.792662  372
0.793583  312
0.793725  162
0.794272  78
0.794787  9
0.79514  55
0.795312  339
0.79585  237
0.79623  300
0.797153  378
0.797215  169
0.797442  28
0.797716  76
0.798626  1
0.798731  299
0.79886  359
0.799571  175
0.800189  98
0.800347  292
0.800484  90
0.801221  332
0.8024  202
0.802829  279
0.803328  80
0.803552  88
0.803728  69
0.804057  314
0.80406  181
0.804351  331
0.804403  247
0.804616  324
0.804931  373
0.805325  149
0.805377  209
0.805868  33
0.806031  318
0.806927  383
0.807119  266
0.8077  337
0.807915  395
0.808038  365
0.80871  282
0.810812  23
0.810849  41
0.810999  87
0.811386  21
0.811449  280
0.811862  182
0.811987  226
0.812503  118
0.81253  51
0.812857  89
0.813679  341
0.813693  178
0.813711  309
0.813911  399
0.814823  362
0.814962  349
0.815282  307
0.815288  323
0.815466  327
0.815667  233
0.815949  124
0.816007  344
0.816197  65
0.816329  13
0.816725  234
0.816807  126
0.816848  320
0.816981  168
0.81714  93
0.8172  294
0.817372  342
0.817377  333
0.817759  159
0.818236  352
0.818658  216
0.818728  223
0.818732  238
0.818836  122
0.818992  329
0.819106  219
0.819118  367
0.819256  190
0.819364  154
0.819407  221
0.819598  301
0.819702  186
0.819738  346
0.819857  361
0.819904  132
0.820031  379
0.820088  371
0.820118  72
0.820221  155
0.820282  345
0.820387  386
0.820443  173
0.820569  381
0.820658  272
0.820933  151
0.821113  287
0.821225  370
0.821274  286
0.821316  29
0.821368  330
0.821427  128
0.821439  351
0.82155  14
0.821657  0
0.82189  241
0.821902  355
0.822145  317
0.822335  338
0.822342  245
0.822546  319
0.822715  322
0.822797  302
0.823054  385
0.823443  321
0.823499  376
0.823649  366
0.823921  174
0.823952  36
0.824075  353
0.824321  171
0.824395  47
0.824437  57
0.824584  374
0.824651  270
0.824664  5
0.824778  308
0.824857  348
0.824937  389
0.825107  170
0.825466  382
0.825487  2
0.825735  103
0.826218  326
0.826253  347
0.826293  38
0.826405  180
0.826455  281
0.826541  368
0.826548  334
0.826841  363
0.826848  158
0.82689  350
0.827062  305
0.827135  391
0.827266  73
0.827449  393
0.827648  369
0.8278  384
0.827888  74
0.827912  392
0.82815  192
0.828225  112
0.828253  68
0.828401  340
0.8287  61
0.829288  60
0.830319  311
0.830714  77
0.831053  134
0.831267  71
0.831662  54
0.831797  130
0.831945  291
0.832234  313
0.832398  380
0.833113  243
0.833417  360
0.834321  325
0.834534  146
0.834894  315
0.834921  306
0.837006  343
0.83708  387
0.837165  138
0.83818  283
0.840447  277
0.84195  388
0.842012  16
0.843961  375
0.845139  390
0.845613  304
0.846491  377
0.846547  210
0.846611  8
0.846855  110
0.847191  396
0.847332  137
0.84745  354
0.848139  34
0.848392  310
0.848497  335
0.848568  318
0.848586  316
0.848736  357
0.848908  356
0.848968  336
0.849143  43
0.849258  298
0.849448  194
0.849845  275
0.850493  247
0.85061  42
0.850698  312
0.851215  273
0.851249  3
0.851365  303
0.852231  15
0.852335  1
0.852839  332
0.853003  32
0.853096  397
0.853189  269
0.85343  339
0.853707  218
0.854065  394
0.854255  383
0.854784  365
0.854902  372
0.855003  198
0.855261  358
0.855422  48
0.855754  19
0.855958  314
0.856036  91
0.856113  109
0.856116  147
0.857076  136
0.857109  378
0.858042  52
0.858209  150
0.858713  341
0.858892  290
0.859091  4
0.859231  276
0.859338  399
0.859401  67
0.859974  324
0.860055  398
0.860469  320
0.860539  164
0.86066  117
0.860926  395
0.861094  328
0.861105  344
0.861225  229
0.86147  222
0.861505  142
0.861638  31
0.861899  85
0.861999  232
0.862048  56
0.862062  179
0.862674  300
0.863096  161
0.863269  35
0.863445  20
0.863599  217
0.86395  86
0.864199  102
0.864231  214
0.86441  113
0.864648  200
0.864741  139
0.864783  81
0.86519  169
0.865498  363
0.865752  359
0.865833  329
0.865883  182
0.865924  12
0.866119  39
0.866226  235
0.866606  337
0.866749  167
0.866855  207
0.866856  373
0.866866  119
0.866889  220
0.866911  246
0.867125  309
0.867199  129
0.867209  264
0.867209  367
0.867296  177
0.867378  322
0.867402  9
0.867586  183
0.867626  123
0.867715  227
0.867805  153
0.867874  239
0.868164  95
0.868166  347
0.868212  370
0.868258  362
0.868259  301
0.868264  209
0.868319  93
0.86835  271
0.86856  140
0.868584  289
0.868631  189
0.868643  184
0.868654  144
0.868669  349
0.868686  69
0.868688  215
0.868698  327
0.868843  62
0.86888  338
0.86898  257
0.868989  193
0.869043  334
0.869114  364
0.869146  53
0.869542  342
0.869585  307
0.869616  157
0.869662  313
0.869787  306
0.869818  295
0.869906  317
0.869934  292
0.869971  274
0.869986  120
0.869998  368
0.870079  99
0.870093  361
0.870107  45
0.870233  380
0.870275  382
0.870292  374
0.870398  41
0.8704  265
0.870411  100
0.870431  346
0.870558  66
0.870596  386
0.870673  305
0.870761  191
0.870785  285
0.870785  187
0.870841  90
0.870899  201
0.870929  335
0.870956  250
0.871014  44
0.871024  51
0.871162  208
0.87122  10
0.871268  379
0.871281  371
0.871283  319
0.871609  223
0.871675  65
0.871742  125
0.871753  176
0.871754  178
0.87187  279
0.872003  366
0.87201  333
0.872053  360
0.872112  389
0.87214  236
0.872189  27
0.8722  70
0.8723  355
0.872311  148
0.872364  155
0.872374  353
0.872437  343
0.872502  393
0.872538  352
0.872592  133
0.872626  206
0.872651  345
0.872656  199
0.872706  381
0.872773  308
0.872791  224
0.872818  315
0.872853  135
0.872871  330
0.872906  143
0.872908  203
0.873151  311
0.873268  82
0.873326  242
0.873569  326
0.873813  385
0.873842  145
0.873849  321
0.873897  76
0.873939  175
0.874043  331
0.874062  260
0.874207  216
0.874208  18
0.874237  96
0.874359  350
0.874416  249
0.874421  377
0.875188  211
0.875288  118
0.875356  98
0.875429  172
0.875434  244
0.875458  92
0.875506  261
0.875509  302
0.875537  154
0.87554  7
0.875582  149
0.875635  258
0.87566  365
0.875723  316
0.87577  162
0.875834  351
0.875865  323
0.875916  369
0.876106  267
0.876135  196
0.876165  390
0.876233  28
0.87641  272
0.876419  375
0.876448  11
0.876611  384
0.876638  50
0.876838  388
0.87684  391
0.876864  396
0.877055  304
0.877279  234
0.87729  79
0.877411  296
0.877474  213
0.877565  310
0.877569  228
0.877787  2
0.877829  134
0.877899  376
0.878034  293
0.878282  340
0.878328  252
0.878339  394
0.878347  397
0.878396  332
0.878495  37
0.878589  238
0.878623  336
0.878646  29
0.878806  127
0.878893  160
0.878945  192
0.879101  63
0.87919  324
0.87922  372
0.879473  72
0.879535  344
0.879673  284
0.879679  104
0.879782  339
0.879878  75
0.880023  348
0.880464  312
0.880642  87
0.880813  195
0.880889  288
0.881048  357
0.881081  30
0.881119  320
0.881194  281
0.881299  325
0.881374  387
0.881694  297
0.881835  109
0.881919  185
0.881952  88
0.882062  150
0.882208  251
0.882501  299
0.882632  173
0.882665  23
0.882837  174
0.883293  237
0.883323  245
0.883366  208
0.883783  57
0.88398  26
0.884556  303
0.884699  358
0.884781  395
0.884918  229
0.885044  146
0.885254  231
0.885738  233
0.885836  328
0.886008  107
0.886549  163
0.886803  73
0.887111  6
0.887285  5
0.887299  205
0.8876  266
0.887687  151
0.887723  378
0.887784  354
0.888384  106
0.888402  101
0.888553  49
0.888764  241
0.889081  300
0.889159  141
0.889584  64
0.889767  398
0.89012  268
0.890171  169
0.890754  318
0.89094  14
0.890988  94
0.89099  327
0.891175  347
0.891316  177
0.891317  341
0.891332  278
0.891613  111
0.89204  399
0.892141  263
0.892177  38
0.892387  337
0.892542  115
0.892542  322
0.892705  335
0.893137  97
0.893242  108
0.89332  301
0.893452  334
0.893708  131
0.893755  253
0.893772  165
0.894082  392
0.894166  282
0.894183  379
0.894222  314
0.894271  74
0.894741  333
0.894951  373
0.894972  305
0.895071  207
0.895323  356
0.895533  168
0.895536  8
0.895716  345
0.89602  171
0.896095  247
0.896143  186
0.896413  4
0.896452  317
0.896476  367
0.896794  359
0.896799  25
0.896937  370
0.896939  54
0.896994  13
0.89727  89
0.897328  129
0.897599  329
0.898049  298
0.898116  313
0.898699  161
0.899144  0
0.899508  71
0.899809  346
0.899823  78
0.899938  380
0.900219  385
0.900412  17
0.900423  21
0.900548  147
0.900801  324
0.900819  353
0.901012  48
0.901024  389
0.901077  307
0.901266  323
0.90169  302
0.901757  383
0.901863  70
0.901994  259
0.902208  343
0.902589  16
0.902615  34
0.902984  152
0.903132  33
0.903288  351
0.903454  312
0.903478  371
0.90354  355
0.903795  220
0.904051  352
0.904294  306
0.904936  194
0.905342  349
0.905529  77
0.905557  304
0.905582  59
0.905702  190
0.905774  12
0.906133  363
0.90655  197
0.906638  342
0.906935  368
0.907598  310
0.907611  362
0.908132  198
0.90854  377
0.909029  158
0.909094  309
0.909498  138
0.910043  369
0.911655  291
0.912522  366
0.912618  360
0.91295  201
0.913145  384
0.91409  386
0.914195  316
0.91813  44
0.919312  3
0.920605  397
0.92089  176
0.921169  331
0.921543  325
0.922331  336
0.922541  320
0.922943  243
0.923032  202
0.923129  326
0.92346  364
0.924633  166
0.925253  117
0.926234  105
0.926326  319
0.927098  45
0.928575  382
0.928597  255
0.928615  250
0.928796  303
0.928858  376
0.929041  374
0.92914  93
0.929388  287
0.929792  399
0.930302  289
0.930447  321
0.93094  387
0.931088  394
0.93117  19
0.931995  99
0.932223  330
0.932311  357
0.932694  52
0.932698  381
0.933197  271
0.933414  230
0.933454  338
0.933457  361
0.933967  388
0.93425  95
0.934757  365
0.934905  15
0.935799  339
0.936415  84
0.937354  156
0.937484  235
0.937657  396
0.937672  393
0.938079  275
0.938106  277
0.938229  55
0.938494  348
0.938617  350
0.938837  375
0.938989  378
0.939065  372
0.939267  80
0.939412  60
0.939434  318
0.939869  391
0.939973  41
0.940082  254
0.940814  237
0.941062  294
0.94178  398
0.94222  145
0.942425  249
0.942568  214
0.942676  155
0.942709  343
0.943003  390
0.943072  328
0.943267  356
0.943637  128
0.943674  58
0.943789  256
0.94387  232
0.944389  217
0.944858  219
0.945375  332
0.945834  327
0.945927  61
0.945996  305
0.946071  354
0.946183  262
0.946375  120
0.946483  101
0.946785  379
0.946857  323
0.94719  341
0.947666  112
0.947771  226
0.948059  351
0.948548  333
0.949102  169
0.949164  308
0.950103  66
0.95037  18
0.950745  272
0.950932  85
0.951102  1
0.951229  64
0.951262  224
0.951358  110
0.951389  103
0.951569  96
0.951605  335
0.951791  344
0.951872  142
0.951881  276
0.952007  345
0.952288  100
0.952324  137
0.952411  240
0.952411  216
0.952531  83
0.952557  164
0.952648  40
0.95271  121
0.952875  222
0.952878  392
0.952954  68
0.953683  132
0.95375  113
0.953773  302
0.953801  268
0.954018  206
0.954109  363
0.95416  157
0.954262  27
0.954399  180
0.954423  286
0.954427  295
0.954482  315
0.9545  91
0.954828  92
0.954831  36
0.955003  140
0.95509  296
0.955103  367
0.955145  395
0.955228  368
0.955253  373
0.955265  313
0.9553  383
0.955302  359
0.955309  161
0.955367  337
0.955388  342
0.955423  218
0.955548  362
0.955725  69
0.955767  191
0.955821  340
0.955869  283
0.955887  329
0.955916  143
0.955993  319
0.955996  172
0.956017  273
0.956047  248
0.956291  324
0.956299  7
0.956359  139
0.956445  352
0.956493  386
0.956565  42
0.956628  300
0.956798  355
0.956802  322
0.956963  374
0.956972  353
0.957022  20
0.957033  102
0.957036  317
0.957222  165
0.95724  160
0.957272  177
0.957295  227
0.957303  377
0.957534  207
0.957618  370
0.957635  380
0.957758  159
0.957762  304
0.957778  82
0.957798  94
0.957852  316
0.957873  301
0.958022  10
0.958043  22
0.958123  209
0.958132  123
0.958186  274
0.958215  63
0.958304  126
0.958446  310
0.958813  204
0.958974  376
0.959074  117
0.959118  358
0.959123  336
0.959292  387
0.959346  325
0.959433  349
0.95948  314
0.95976  309
0.959768  182
0.95978  168
0.959805  239
0.959837  181
0.959949  311
0.960018  385
0.960117  366
0.960169  129
0.960188  115
0.960417  147
0.960555  124
0.960569  146
0.960821  89
0.960985  51
0.961136  371
0.96131  334
0.961318  384
0.961345  270
0.961449  24
0.961575  347
0.961589  212
0.961613  360
0.961784  389
0.962027  338
0.962119  397
0.962216  331
0.962685  148
0.962761  53
0.962781  187
0.962831  213
0.962969  153
0.963019  116
0.963222  247
0.963236  238
0.963301  151
0.963426  208
0.963594  245
0.963613  303
0.963763  125
0.963776  144
0.963946  183
0.964439  14
0.964515  2
0.964951  326
0.965044  184
0.965093  4
0.965123  361
0.965161  320
0.965466  72
0.965544  364
0.965629  127
0.96565  346
0.965753  234
0.966032  43
0.966147  306
0.966538  369
0.966569  179
0.966884  202
0.966931  251
0.966957  299
0.96747  280
0.967479  118
0.967545  257
0.967914  265
0.968015  357
0.96817  215
0.968238  365
0.968401  292
0.968423  307
0.968501  37
0.968625  35
0.968815  173
0.969152  328
0.969523  396
0.969573  382
0.969636  312
0.96982  399
0.969826  193
0.970103  293
0.970633  321
0.970967  271
0.971154  196
0.971163  379
0.971265  381
0.971302  197
0.971336  162
0.971882  138
0.972517  48
0.972604  77
0.972897  178
0.972898  200
0.973022  339
0.97332  394
0.973448  391
0.973685  76
0.973736  372
0.97385  205
0.974253  398
0.974656  356
0.974862  318
0.974897  343
0.974897  134
0.975116  378
0.975202  246
0.975728  175
0.977386  375
0.977554  344
0.978931  62
0.979682  21
0.979848  278
0.980129  337
0.980536  393
0.980953  333
0.981749  302
0.981834  354
0.982236  55
0.982243  388
0.983178  390
0.983702  330
0.983866  260
0.983908  323
0.984195  291
0.98554  290
0.986  78
0.987359  367
0.987616  119
0.987905  355
0.988924  359
0.989322  23
0.989896  206
0.990037  114
0.990041  156
0.990043  236
0.99005  101
0.99134  353
0.991443  317
0.991534  52
0.991761  25
0.991797  267
0.991888  50
0.991924  150
0.992096  263
0.992164  351
0.99249  190
0.992705  341
0.99279  304
0.992979  142
0.993181  253
0.993285  32
0.993358  105
0.993369  308
0.993483  6
0.993668  143
0.993682  86
0.993859  342
0.994108  370
0.994221  332
0.994426  275
0.994484  315
0.994751  211
0.994962  136
0.995128  363
0.995214  348
0.995326  319
0.995388  230
0.996241  350
0.996377  305
0.996521  46
0.996656  373
0.996711  340
0.996722  128
0.996765  47
0.996951  40
0.997254  45
0.997593  392
0.997684  210
0.997832  248
0.9982  362
0.99855  203
0.999688  104
