4.66095e-07  227
9.15807e-06  24
1.00745e-05  176
1.26148e-05  228
1.48093e-05  52
2.2393e-05  45
2.27194e-05  119
2.57427e-05  136
4.50911e-05  73
4.67912e-05  56
5.07056e-05  188
5.74418e-05  181
5.99785e-05  28
7.57216e-05  184
8.43973e-05  133
8.48779e-05  95
8.89404e-05  96
9.17414e-05  219
9.63432e-05  123
0.000103915  48
0.000113319  132
0.000114726  159
0.000121357  141
0.000122989  257
0.000124136  71
0.000126551  148
0.000128278  173
0.000130533  44
0.000130921  40
0.000134335  147
0.000139513  127
0.000141128  231
0.000144488  75
0.000145306  67
0.000145765  97
0.000147847  229
0.000148837  93
0.000151748  144
0.00015804  65
0.00015932  111
0.000159342  164
0.000160136  77
0.000162526  140
0.000169887  69
0.000172061  108
0.000175732  223
0.000178749  220
0.000179372  109
0.000180071  29
0.00018085  143
0.000187414  177
0.000189057  63
0.000189541  145
0.000191345  163
0.000191643  25
0.00019172  116
0.000191973  61
0.000192482  131
0.000200283  87
0.00020415  113
0.000205927  207
0.00020904  216
0.000214446  31
0.000214709  221
0.000222786  81
0.000223131  9
0.00022386  224
0.000229389  117
0.000229487  83
0.000230477  41
0.000238764  149
0.000245695  85
0.000247244  165
0.000250453  175
0.000255665  183
0.000259384  196
0.000260801  233
0.000292315  204
0.00029282  103
0.000292929  185
0.000294666  169
0.000294929  101
0.000308737  191
0.000309095  60
0.000317828  76
0.000318089  107
0.000319695  91
0.000333914  43
0.000335026  68
0.000337808  27
0.000338773  161
0.000343133  89
0.000345904  120
0.000347148  59
0.000348939  171
0.000349132  199
0.000353417  195
0.000374523  205
0.000383161  180
0.000383746  192
0.000384907  235
0.000389364  11
0.000391084  57
0.000394052  187
0.000394154  51
0.000394804  72
0.00040051  168
0.00040063  121
0.000405502  172
0.000405789  55
0.000411389  128
0.000415049  8
0.000422174  125
0.000425018  64
0.000425741  179
0.000429791  112
0.000430573  151
0.000438343  80
0.000446037  137
0.000489862  84
0.00050095  129
0.000508286  115
0.000512661  160
0.000516119  167
0.000528403  157
0.000537964  232
0.000540912  217
0.000552244  49
0.000556661  105
0.000581874  259
0.000582918  139
0.000596046  256
0.000600497  225
0.000602226  193
0.000615737  100
0.000669431  92
0.000692741  197
0.000702985  79
0.000709101  124
0.000709712  47
0.000747224  53
0.000759862  99
0.000786814  104
0.000831981  135
0.000905523  156
0.000930666  189
0.00123719  88
0.00302628  2
0.00330525  287
0.0035771  331
0.00357718  319
0.0035978  282
0.0036162  6
0.00362973  337
0.00373761  340
0.00377332  354
0.0038125  373
0.00386061  13
0.00386324  395
0.00386574  368
0.00391713  392
0.00396598  351
0.00413416  386
0.00416535  336
0.00425788  353
0.004267  310
0.00427093  308
0.00427839  321
0.00430647  323
0.00431684  371
0.00436798  214
0.00437496  305
0.00439464  345
0.00440428  357
0.00440633  381
0.00441205  325
0.004431  376
0.00446945  339
0.00449131  375
0.00451262  332
0.00451382  298
0.00453027  394
0.00455121  312
0.00455155  322
0.00462375  137
0.00462821  393
0.0046443  314
0.00467328  377
0.00467597  389
0.00469888  238
0.00471483  391
0.00473012  366
0.00475696  380
0.00476596  317
0.00478512  348
0.00478826  341
0.00479099  361
0.00479878  324
0.00480135  269
0.00480899  333
0.00483838  385
0.00485947  378
0.00489839  328
0.00492621  390
0.00493469  382
0.00503215  329
0.0050396  344
0.00507857  39
0.00513392  309
0.00514371  384
0.00520279  379
0.00522067  342
0.00526235  363
0.00532442  304
0.00538032  374
0.00542331  343
0.0054236  398
0.00542951  300
0.00544879  360
0.00556892  262
0.00558652  203
0.00559704  383
0.00561276  364
0.00564938  318
0.00567188  306
0.0057046  399
0.00571608  276
0.00575377  303
0.0057574  350
0.00577964  215
0.0057813  367
0.00579179  365
0.00579749  397
0.00581792  338
0.00584107  320
0.00587757  202
0.00590034  20
0.00595738  358
0.00597139  355
0.00599421  210
0.00602966  35
0.00606149  1
0.00606517  239
0.00609633  251
0.00618113  359
0.0061993  372
0.0062171  369
0.00627393  277
0.00629211  362
0.0063063  253
0.0063069  0
0.00632105  327
0.006348  301
0.00638271  236
0.00640104  387
0.0064631  346
0.00648029  347
0.0065051  291
0.00663567  396
0.00667951  316
0.00668762  302
0.00674995  254
0.00681574  326
0.00703118  270
0.00744646  36
0.00752405  335
0.00752809  292
0.00760927  352
0.00776703  349
0.00779684  271
0.0078729  313
0.00805467  278
0.00808325  356
0.00826892  285
0.00872969  334
0.00902213  315
0.00933134  330
0.0106706  311
0.0122712  307
0.0123712  246
0.0142637  370
0.0154658  388
0.0182242  240
0.0192652  294
0.0215642  268
0.0324611  337
0.0338861  121
0.0346886  357
0.0351871  319
0.0365023  153
0.0365527  341
0.0365738  386
0.0367348  290
0.0373247  232
0.0378753  395
0.0381572  331
0.0390005  32
0.0390928  392
0.0402197  368
0.0412485  279
0.0419403  283
0.0433395  183
0.0434118  18
0.0435391  289
0.0436177  103
0.0437214  314
0.0442959  308
0.044817  275
0.0449611  287
0.0450395  154
0.0450905  393
0.0456232  389
0.0458913  60
0.0465703  310
0.0475797  3
0.0476151  208
0.0478314  354
0.0479135  11
0.0480755  336
0.0485024  382
0.0488501  152
0.0489615  274
0.0491961  263
0.0492002  139
0.0495135  151
0.049547  361
0.049738  305
0.0499108  312
0.0500417  394
0.0505258  322
0.0506259  27
0.0508125  38
0.0508511  241
0.0509101  362
0.0510402  163
0.0513243  37
0.0513555  79
0.0514435  282
0.051459  340
0.0514757  213
0.0517484  167
0.0517695  244
0.0517989  217
0.0519781  12
0.052347  373
0.0525491  101
0.0529049  160
0.0530011  243
0.0531133  348
0.0533272  116
0.0533878  260
0.0533907  113
0.0534256  367
0.053525  80
0.0536383  390
0.0537156  273
0.0537203  15
0.0537415  345
0.0537561  309
0.0538868  91
0.0540091  111
0.0542657  352
0.05445  303
0.0544777  381
0.054559  23
0.0545819  385
0.0546774  328
0.0547239  6
0.0547252  284
0.054775  300
0.0547832  339
0.0547881  338
0.0548195  25
0.0548232  270
0.0548577  363
0.0548588  375
0.0548791  380
0.0553455  317
0.0553542  325
0.0554387  350
0.0557044  343
0.0566031  376
0.0569921  265
0.0572504  315
0.0573712  255
0.0582411  324
0.0582953  366
0.0583792  21
0.0592547  358
0.0593892  247
0.0594109  346
0.0596517  189
0.0596957  83
0.0600299  332
0.0600968  351
0.0611681  353
0.0612859  333
0.0614703  219
0.0614718  342
0.0615903  238
0.0617394  364
0.062077  179
0.0621406  399
0.0622462  257
0.0627967  293
0.0642801  327
0.0648771  360
0.0649645  306
0.0660566  369
0.066451  296
0.0668216  264
0.0671272  108
0.0671791  253
0.0674558  254
0.0674891  374
0.0679433  313
0.0687571  205
0.0687951  318
0.0695148  245
0.0695804  384
0.0705142  76
0.0707122  391
0.0707725  301
0.071441  347
0.0723306  321
0.0727988  203
0.0730002  242
0.0733072  201
0.0733583  180
0.0734167  235
0.0736965  281
0.0738146  120
0.0741341  286
0.074181  297
0.0742995  365
0.0745553  133
0.0749463  117
0.0749711  316
0.0752777  9
0.0753066  92
0.0755212  383
0.075583  359
0.0758459  210
0.0762334  323
0.0762731  248
0.0764769  349
0.0765936  344
0.0768281  372
0.076835  214
0.0770323  398
0.0773626  370
0.0773763  211
0.0776781  259
0.0777361  326
0.077822  236
0.0779811  379
0.0782035  335
0.0784805  371
0.0786495  224
0.0794382  7
0.0798418  334
0.0800369  124
0.0800499  22
0.0800603  155
0.080408  298
0.0805519  34
0.0807812  377
0.080841  173
0.0808616  269
0.0812124  386
0.0818722  53
0.0821448  280
0.0824719  181
0.0825415  172
0.0833847  49
0.0836213  341
0.0837193  337
0.0839165  299
0.0839292  193
0.0840215  329
0.0840265  0
0.0841389  292
0.0853522  311
0.0854034  84
0.0858155  330
0.0859237  395
0.0861491  65
0.0863134  396
0.0865346  149
0.0866726  304
0.0867444  322
0.0867462  64
0.0868439  144
0.086877  262
0.0869046  320
0.0869143  39
0.0869547  165
0.0872535  13
0.0873352  357
0.0875048  388
0.0875603  392
0.087565  378
0.0880824  307
0.0881651  175
0.0881654  5
0.0881807  104
0.0882646  308
0.0883522  355
0.0883557  387
0.0884578  394
0.0886874  331
0.0897657  290
0.0900198  197
0.0900254  127
0.0910845  68
0.0911304  171
0.0911791  285
0.0916556  17
0.0921081  141
0.0926866  100
0.09277  168
0.0932581  272
0.0933192  225
0.0933522  340
0.0933951  319
0.0939671  231
0.0939914  314
0.0940691  393
0.0940778  143
0.0941689  252
0.0946403  101
0.0948246  309
0.0948502  239
0.0949015  356
0.0951515  88
0.0957236  367
0.0957452  207
0.0964857  336
0.0965852  317
0.0970056  125
0.0970794  72
0.0972297  57
0.0976352  373
0.0979816  338
0.0979946  333
0.098181  362
0.0983932  302
0.0985461  192
0.0989516  169
0.0990557  325
0.0991132  385
0.099153  20
0.0996873  375
0.0997894  368
0.100149  47
0.100594  2
0.100969  276
0.101135  380
0.101207  345
0.101246  397
0.101399  382
0.101964  137
0.102643  328
0.103327  305
0.10346  381
0.103668  277
0.103808  348
0.106029  36
0.106225  389
0.1065  14
0.106543  346
0.10724  99
0.107954  185
0.107957  191
0.108162  363
0.108348  268
0.108642  251
0.108907  261
0.109035  119
0.109562  301
0.109725  347
0.109955  61
0.11028  216
0.11071  159
0.110722  366
0.111018  310
0.111276  350
0.111357  113
0.111443  300
0.111725  306
0.111741  312
0.112539  241
0.112637  19
0.112681  79
0.112752  339
0.112982  353
0.113091  342
0.113138  369
0.113245  354
0.11377  295
0.114542  202
0.115104  358
0.115774  142
0.115979  33
0.116032  324
0.11614  390
0.116281  85
0.11647  303
0.116647  247
0.116866  112
0.117312  196
0.117398  376
0.118202  352
0.118401  327
0.118568  188
0.118578  313
0.118757  12
0.119011  217
0.119294  316
0.119916  129
0.120076  361
0.120376  15
0.120634  10
0.120689  359
0.120734  377
0.12086  360
0.121235  398
0.121486  386
0.122226  383
0.122395  75
0.122534  228
0.12282  349
0.123076  399
0.123474  364
0.123557  104
0.123645  233
0.124848  387
0.127105  315
0.128666  35
0.129051  374
0.129491  294
0.130094  332
0.130204  308
0.130337  38
0.132301  254
0.132644  318
0.13328  212
0.133412  105
0.13376  264
0.134005  248
0.134075  4
0.134393  391
0.134412  337
0.135098  322
0.135176  329
0.135418  330
0.136379  396
0.136789  311
0.137931  240
0.13874  326
0.138854  255
0.138975  229
0.139039  321
0.139311  52
0.140792  286
0.140798  66
0.140814  42
0.141033  388
0.141068  343
0.142002  344
0.142369  219
0.142566  394
0.142638  335
0.142949  320
0.143178  3
0.143427  256
0.143606  351
0.144088  365
0.144597  45
0.144794  204
0.14504  266
0.145817  323
0.145911  246
0.146209  317
0.146413  109
0.14652  395
0.146536  107
0.146731  384
0.146861  331
0.147372  378
0.147554  270
0.14793  334
0.147976  307
0.148506  293
0.149008  356
0.149056  371
0.150236  95
0.15102  325
0.151261  43
0.151266  357
0.15148  157
0.151618  67
0.152388  46
0.152673  111
0.152734  80
0.152929  314
0.153258  223
0.153401  14
0.153483  348
0.153907  51
0.153914  155
0.154039  393
0.154313  362
0.154315  16
0.154767  40
0.154853  340
0.155027  370
0.155046  338
0.155454  298
0.155465  198
0.1558  32
0.15588  368
0.15593  11
0.156097  200
0.156122  250
0.156315  161
0.157098  292
0.157218  379
0.157334  187
0.157659  253
0.157829  214
0.157835  128
0.157861  304
0.157876  65
0.157882  372
0.157943  319
0.157994  69
0.158395  355
0.158572  1
0.158652  189
0.15879  230
0.15916  279
0.159411  225
0.159515  55
0.159603  173
0.159907  60
0.159926  97
0.160137  77
0.160183  2
0.160319  70
0.160331  191
0.160375  180
0.16067  160
0.160715  341
0.160724  336
0.16085  159
0.160871  301
0.160969  163
0.160998  302
0.161108  333
0.161216  267
0.161223  373
0.16136  274
0.161397  96
0.161487  213
0.161631  140
0.161695  366
0.161728  385
0.161739  383
0.161787  31
0.161794  186
0.161798  37
0.161899  328
0.161987  376
0.162013  209
0.162046  346
0.162138  108
0.162226  281
0.162306  116
0.162433  392
0.162542  249
0.162612  265
0.162621  310
0.162707  244
0.1628  221
0.162921  312
0.162961  381
0.162984  138
0.163107  147
0.16312  98
0.16314  236
0.163274  300
0.16331  28
0.163365  48
0.163651  290
0.163778  92
0.163836  375
0.163875  358
0.163895  192
0.163921  131
0.163985  353
0.164  354
0.164048  130
0.164127  367
0.16422  90
0.164226  364
0.164376  297
0.164386  167
0.164474  306
0.164485  59
0.164493  342
0.164521  5
0.164553  237
0.164677  224
0.164683  27
0.164838  243
0.164931  23
0.165047  242
0.165082  18
0.165204  380
0.165221  278
0.165277  210
0.165348  345
0.165362  76
0.165388  21
0.165417  245
0.165441  399
0.165508  397
0.165531  218
0.16559  303
0.165615  7
0.165655  305
0.165656  382
0.165705  34
0.165811  162
0.16589  363
0.165898  349
0.165972  133
0.165973  258
0.166035  390
0.166051  316
0.166068  56
0.166129  126
0.166135  339
0.166353  259
0.166413  359
0.166661  315
0.166662  81
0.166713  232
0.166713  276
0.166749  91
0.166817  102
0.166866  121
0.166933  118
0.166963  332
0.167004  94
0.167015  117
0.167032  206
0.167076  389
0.167113  166
0.16715  239
0.16721  30
0.167222  374
0.167277  337
0.167278  308
0.167282  181
0.167355  309
0.167364  151
0.167471  137
0.167564  291
0.167681  139
0.167995  25
0.168255  324
0.168258  172
0.168291  231
0.168351  248
0.168355  93
0.168432  352
0.168447  350
0.168464  327
0.168471  321
0.168478  361
0.168535  344
0.168539  396
0.168738  101
0.168871  283
0.168926  391
0.168926  260
0.168977  329
0.169082  268
0.169086  8
0.169104  41
0.169178  335
0.169183  280
0.169199  398
0.169266  211
0.169294  49
0.169415  334
0.169545  165
0.169723  269
0.169774  164
0.169777  347
0.169809  388
0.169869  99
0.16998  202
0.170063  134
0.170513  194
0.170576  252
0.170708  127
0.170775  296
0.170803  247
0.170896  287
0.170955  58
0.171025  148
0.171053  146
0.171059  371
0.171071  174
0.171121  369
0.171151  285
0.171383  113
0.171415  203
0.171448  153
0.171642  85
0.171645  318
0.171671  15
0.171781  144
0.171789  89
0.171879  124
0.171887  394
0.171941  143
0.171948  112
0.172044  84
0.172089  208
0.172167  395
0.172181  103
0.172187  39
0.172313  357
0.172403  351
0.172423  156
0.172499  377
0.17253  193
0.172664  215
0.17269  54
0.172742  288
0.172766  307
0.172787  135
0.172819  63
0.172877  299
0.172911  325
0.173061  362
0.173138  365
0.17321  238
0.173307  12
0.173391  44
0.173413  168
0.173418  71
0.173429  176
0.17359  378
0.173594  322
0.173678  82
0.17369  199
0.173753  220
0.173764  387
0.173809  219
0.173832  338
0.173956  77
0.174003  360
0.174039  129
0.174227  317
0.174264  340
0.174273  294
0.174309  246
0.174315  50
0.174369  233
0.174377  67
0.174432  331
0.174441  123
0.174461  393
0.174508  368
0.174537  348
0.174667  179
0.174796  277
0.174816  142
0.175149  183
0.175268  313
0.175286  282
0.175332  326
0.175338  386
0.175361  284
0.175384  257
0.175417  330
0.175435  74
0.175503  149
0.175569  323
0.175661  175
0.175764  100
0.175869  227
0.175902  114
0.176059  38
0.176242  271
0.176307  196
0.176724  320
0.176918  319
0.177145  366
0.17723  29
0.177289  289
0.177427  201
0.177439  355
0.177477  356
0.17748  372
0.177603  73
0.177617  62
0.177792  273
0.177821  57
0.178107  370
0.178122  78
0.178122  83
0.178228  354
0.178228  226
0.178314  385
0.178348  53
0.178565  154
0.178567  240
0.178587  136
0.178673  251
0.178759  384
0.178765  382
0.178914  311
0.179194  304
0.179254  188
0.179283  310
0.179669  327
0.179686  301
0.179745  275
0.179756  186
0.179837  216
0.17985  315
0.17985  213
0.180046  341
0.180285  383
0.18065  120
0.180814  336
0.181165  272
0.18168  312
0.182649  302
0.182926  367
0.183115  177
0.183386  235
0.183542  190
0.18403  306
0.185216  96
0.18531  300
0.185453  373
0.185714  352
0.186752  229
0.186926  119
0.187  262
0.187147  328
0.187266  379
0.187603  33
0.189347  303
0.189789  391
0.190579  263
0.191024  364
0.191383  353
0.191435  346
0.192691  88
0.194385  381
0.194609  359
0.194838  324
0.195263  375
0.196981  92
0.197837  374
0.198722  105
0.200746  14
0.204542  398
0.206046  392
0.207208  86
0.207821  344
0.208126  0
0.208535  363
0.209929  390
0.210231  339
0.211234  332
0.211928  180
0.212066  380
0.212553  331
0.212673  399
0.213633  361
0.213772  388
0.214035  358
0.21416  349
0.216362  397
0.216567  236
0.216761  98
0.217274  342
0.218108  376
0.219067  321
0.219077  70
0.219469  10
0.221518  325
0.221585  145
0.221942  55
0.222611  106
0.222693  18
0.223049  322
0.223141  241
0.223384  329
0.223711  232
0.224182  337
0.224814  253
0.226932  355
0.227153  9
0.227796  81
0.22785  13
0.227907  157
0.228783  394
0.229049  360
0.229156  205
0.229169  250
0.229381  46
0.229387  147
0.229477  111
0.229586  17
0.229664  200
0.229669  138
0.229725  5
0.229747  140
0.229776  228
0.230053  132
0.230119  185
0.230179  298
0.230324  314
0.230591  333
0.23083  357
0.231006  370
0.231014  42
0.231093  395
0.231166  305
0.231196  371
0.231393  189
0.2315  264
0.231599  249
0.231658  47
0.231737  350
0.231738  383
0.231776  334
0.231836  365
0.231913  225
0.231947  372
0.232113  377
0.232251  340
0.232333  368
0.232517  234
0.232727  187
0.232733  66
0.232808  207
0.232903  118
0.232973  369
0.233075  356
0.23308  128
0.233219  230
0.233287  159
0.233872  330
0.233895  23
0.233957  348
0.234003  281
0.234042  68
0.234052  227
0.234053  218
0.234153  292
0.23421  386
0.23427  26
0.234359  34
0.234572  160
0.234645  1
0.234671  378
0.23479  396
0.234808  317
0.234809  387
0.23481  393
0.234856  87
0.234886  115
0.23501  152
0.235207  345
0.23533  169
0.235382  210
0.235415  93
0.235462  328
0.235701  335
0.235786  304
0.236149  2
0.236166  254
0.236232  309
0.23649  266
0.236531  24
0.236554  323
0.2368  45
0.236844  310
0.237002  351
0.237007  316
0.237047  302
0.237214  259
0.237263  324
0.237609  313
0.23763  366
0.237835  220
0.238006  338
0.238341  19
0.238356  72
0.238852  315
0.239205  171
0.239304  6
0.239439  308
0.239542  110
0.239818  127
0.239831  379
0.239993  97
0.240097  296
0.240183  295
0.240248  108
0.240395  11
0.240399  282
0.24056  318
0.240919  362
0.240959  22
0.241259  167
0.241288  385
0.241301  326
0.241497  319
0.241503  382
0.241506  269
0.241806  50
0.241852  43
0.241868  303
0.242069  80
0.242098  7
0.242282  268
0.242338  65
0.242361  300
0.242361  389
0.242444  343
0.242591  399
0.242603  251
0.242627  307
0.24272  125
0.242757  391
0.242851  346
0.242866  58
0.242916  52
0.243191  293
0.243195  201
0.243249  373
0.24327  301
0.243485  380
0.243544  242
0.243632  121
0.243723  265
0.243736  384
0.24381  21
0.243889  54
0.243933  35
0.244065  336
0.2441  361
0.244171  243
0.24418  158
0.244191  349
0.2442  109
0.244216  178
0.244379  261
0.244802  37
0.245116  38
0.245232  202
0.245239  280
0.245254  354
0.245483  214
0.245505  20
0.24554  364
0.24609  332
0.246682  170
0.246793  320
0.24685  192
0.247352  286
0.247457  257
0.247465  327
0.247512  312
0.247581  331
0.247794  41
0.247881  120
0.247915  311
0.247923  367
0.248183  49
0.248446  150
0.248649  196
0.248765  347
0.248812  339
0.249229  322
0.249717  74
0.250244  148
0.250527  342
0.250541  359
0.250583  398
0.2507  350
0.251118  209
0.251245  290
0.251687  222
0.252156  392
0.252406  285
0.252416  28
0.252452  375
0.254004  75
0.254198  69
0.254424  306
0.254867  376
0.255572  353
0.255596  221
0.256272  352
0.256307  62
0.256652  388
0.256975  174
0.257371  83
0.257782  76
0.258391  355
0.258399  168
0.259239  358
0.259626  14
0.26049  213
0.260569  321
0.261688  82
0.262327  44
0.262789  186
0.262913  104
0.26295  329
0.263127  381
0.263138  256
0.263226  390
0.263239  374
0.263455  27
0.263517  130
0.263648  341
0.264198  77
0.264237  146
0.265612  363
0.265893  133
0.266669  91
0.267144  206
0.268325  337
0.268945  64
0.269585  394
0.269912  313
0.270234  395
0.270386  344
0.270868  30
0.270962  328
0.271266  108
0.271901  31
0.273096  138
0.273528  144
0.27406  274
0.274296  122
0.274433  325
0.274436  357
0.274542  143
0.274738  131
0.274847  267
0.27489  371
0.275068  139
0.275359  270
0.275429  141
0.275467  315
0.275779  356
0.275966  203
0.276023  346
0.276191  212
0.276216  223
0.276442  191
0.276597  340
0.276734  114
0.277025  278
0.277097  378
0.277284  370
0.277438  397
0.277583  107
0.277776  245
0.277822  162
0.277824  195
0.277844  103
0.277872  287
0.277901  389
0.278028  137
0.278189  184
0.278413  289
0.278611  300
0.278696  314
0.278716  345
0.278844  360
0.278893  156
0.278926  198
0.279058  258
0.279495  244
0.279624  224
0.279661  309
0.279708  106
0.279855  181
0.280002  96
0.280063  304
0.280414  368
0.280428  294
0.280477  288
0.280477  310
0.280478  211
0.280486  34
0.28049  387
0.280537  279
0.280564  145
0.28073  5
0.281167  335
0.281203  386
0.281222  305
0.28127  56
0.281369  302
0.281423  377
0.281488  182
0.281501  276
0.281625  3
0.281672  308
0.281675  183
0.281767  334
0.282118  90
0.282156  323
0.282222  71
0.282253  217
0.282324  226
0.282372  233
0.282425  324
0.282471  60
0.28252  342
0.282803  291
0.282806  319
0.282815  84
0.282817  396
0.282825  284
0.282837  373
0.28286  229
0.282883  297
0.282908  303
0.282912  332
0.282933  63
0.283046  164
0.28319  129
0.283274  351
0.283437  338
0.283487  393
0.283488  372
0.28358  307
0.28371  330
0.283791  365
0.283914  299
0.28401  132
0.284024  348
0.284032  347
0.284461  116
0.284625  179
0.284715  379
0.284724  99
0.284835  369
0.285048  54
0.285097  312
0.28528  125
0.285315  362
0.285502  70
0.285725  78
0.285738  67
0.285892  39
0.286032  343
0.286189  240
0.286189  167
0.286348  306
0.286453  252
0.286804  333
0.286923  48
0.287091  93
0.287182  385
0.287193  100
0.287201  336
0.287288  263
0.287354  102
0.287417  88
0.287419  193
0.287419  361
0.287422  316
0.287448  194
0.287553  180
0.287642  391
0.287917  29
0.288232  272
0.288379  326
0.28838  158
0.288737  126
0.288762  383
0.288837  331
0.288972  10
0.289032  12
0.289363  85
0.289379  366
0.289402  98
0.290382  110
0.290388  13
0.290667  235
0.290765  231
0.290836  392
0.290837  399
0.291008  341
0.291204  318
0.29131  253
0.291464  242
0.291544  256
0.291768  355
0.291841  113
0.291933  205
0.291999  352
0.292682  375
0.292778  241
0.292953  218
0.293094  384
0.293289  311
0.293325  376
0.293464  59
0.293507  172
0.293513  354
0.293534  260
0.293534  301
0.293621  119
0.293637  51
0.293693  165
0.293937  18
0.294394  111
0.29453  2
0.295252  322
0.295372  388
0.295469  134
0.29554  1
0.295629  381
0.295636  239
0.295649  178
0.295664  62
0.295969  358
0.296166  380
0.296206  327
0.296444  161
0.296511  371
0.297008  15
0.297072  363
0.2971  320
0.29711  374
0.297134  246
0.297171  237
0.29726  26
0.297328  104
0.297338  257
0.29755  117
0.297584  367
0.297917  215
0.298078  313
0.298145  328
0.298859  92
0.298907  151
0.299164  321
0.299512  112
0.299835  382
0.300634  368
0.300684  350
0.300764  398
0.301376  317
0.301842  349
0.302157  155
0.302368  124
0.302649  76
0.303523  166
0.303612  292
0.303635  359
0.303656  17
0.303793  147
0.305093  176
0.305241  308
0.305555  298
0.305652  225
0.306283  285
0.306736  46
0.306742  364
0.306908  201
0.306986  378
0.306994  128
0.307156  281
0.307203  390
0.307228  282
0.309842  273
0.310594  219
0.310722  142
0.311366  40
0.311468  302
0.311617  81
0.312122  35
0.312254  339
0.312433  337
0.312571  271
0.312797  4
0.313165  357
0.313352  220
0.31352  394
0.313667  353
0.313928  173
0.314004  300
0.315133  344
0.315566  283
0.315642  338
0.315832  351
0.316578  216
0.317129  391
0.317295  309
0.31765  315
0.318815  115
0.318976  370
0.319342  33
0.319551  7
0.319719  333
0.319808  325
0.320493  87
0.320671  280
0.320698  347
0.321234  340
0.321376  369
0.321437  275
0.321481  330
0.322499  79
0.322922  186
0.323106  373
0.323304  208
0.324333  187
0.324481  159
0.325238  197
0.325658  289
0.326319  266
0.326656  303
0.326682  232
0.326711  83
0.327141  393
0.327448  305
0.327525  50
0.327783  209
0.327993  348
0.328047  334
0.328436  386
0.329485  387
0.330158  72
0.330376  36
0.330836  346
0.330955  392
0.330955  320
0.33098  168
0.331108  236
0.331229  306
0.331684  324
0.331792  310
0.3318  143
0.332022  356
0.332262  352
0.332411  329
0.332607  279
0.333196  314
0.333241  332
0.334505  118
0.335039  304
0.33542  312
0.335701  361
0.335945  274
0.336687  202
0.33704  384
0.337082  385
0.337444  321
0.337603  375
0.337696  234
0.33771  32
0.337818  355
0.337844  136
0.337955  94
0.338195  262
0.338451  20
0.338533  45
0.338711  75
0.338846  358
0.338911  182
0.338934  65
0.339173  342
0.339514  326
0.339629  74
0.339875  69
0.339934  210
0.340316  16
0.340582  318
0.340739  174
0.340787  189
0.341054  171
0.341266  372
0.341444  243
0.341458  345
0.342177  323
0.342343  389
0.342543  55
0.342558  25
0.342628  397
0.342725  335
0.34317  399
0.343433  53
0.343605  230
0.343615  127
0.343725  341
0.344047  379
0.344107  293
0.344317  137
0.344373  140
0.344716  366
0.34564  301
0.345686  6
0.345936  95
0.346336  343
0.346511  97
0.347038  395
0.34707  86
0.347243  362
0.347275  156
0.34732  382
0.34753  177
0.347585  64
0.347839  34
0.347922  350
0.34802  365
0.348073  73
0.34819  58
0.348223  132
0.348537  377
0.349186  336
0.349272  265
0.349359  307
0.349589  198
0.349924  71
0.349962  114
0.350299  371
0.350788  12
0.350802  92
0.350965  383
0.351032  311
0.351144  376
0.351255  388
0.351427  37
0.351473  276
0.351893  317
0.351947  179
0.351948  70
0.352118  367
0.352154  380
0.352408  51
0.352671  149
0.354318  61
0.354423  239
0.354741  290
0.354756  135
0.354778  80
0.354819  381
0.355058  130
0.355659  360
0.356011  359
0.356364  89
0.356431  206
0.356437  313
0.356554  396
0.356775  261
0.357069  42
0.357114  193
0.357173  107
0.357442  322
0.357523  172
0.357576  169
0.357913  327
0.358118  390
0.358212  374
0.358268  288
0.358423  328
0.358771  56
0.358854  337
0.358901  394
0.359335  316
0.359383  66
0.35946  300
0.359523  251
0.360961  24
0.361065  319
0.361084  19
0.361288  82
0.361344  292
0.361362  199
0.361591  331
0.361897  263
0.362185  154
0.362246  353
0.362287  354
0.362307  308
0.362972  363
0.363154  13
0.363257  161
0.363651  229
0.363659  121
0.363987  309
0.364054  254
0.364256  163
0.364404  113
0.364484  231
0.364833  398
0.364844  302
0.36491  391
0.365387  373
0.365944  315
0.366114  223
0.366456  125
0.366603  312
0.367825  119
0.368211  370
0.368453  357
0.368674  222
0.368775  368
0.369096  392
0.369272  52
0.369548  88
0.370167  203
0.370599  103
0.370735  364
0.370944  339
0.371221  268
0.37179  344
0.371792  175
0.371869  378
0.372318  346
0.372391  153
0.372685  11
0.372979  330
0.373157  220
0.373604  165
0.373772  242
0.373827  270
0.374237  338
0.374631  221
0.37509  320
0.375303  259
0.375385  397
0.375591  295
0.375617  60
0.375751  178
0.375866  126
0.3761  138
0.376156  248
0.37623  117
0.376363  277
0.376532  323
0.376614  244
0.376792  340
0.376852  286
0.376924  387
0.377179  99
0.377272  9
0.377389  314
0.377518  324
0.377742  393
0.377947  123
0.377999  260
0.378252  305
0.378405  385
0.378426  30
0.37864  399
0.378759  304
0.378761  361
0.378845  21
0.378955  27
0.379061  152
0.379492  205
0.379612  146
0.379644  310
0.379679  250
0.379811  287
0.379992  93
0.380159  356
0.380298  297
0.380623  55
0.380657  306
0.380774  81
0.380994  348
0.38101  299
0.381035  369
0.381083  108
0.381084  352
0.381182  296
0.381217  334
0.381412  379
0.381564  351
0.381649  384
0.381654  386
0.381654  247
0.381737  160
0.381814  294
0.382175  228
0.38219  325
0.382253  207
0.382539  245
0.382549  256
0.382969  318
0.382984  31
0.383015  321
0.383225  358
0.383247  84
0.383505  43
0.383565  272
0.383735  341
0.383954  3
0.384062  375
0.384503  200
0.384532  131
0.384761  365
0.384772  144
0.384793  284
0.384796  342
0.384886  333
0.38513  140
0.385158  111
0.385258  360
0.385343  345
0.385443  139
0.385477  232
0.385673  347
0.385711  362
0.385841  301
0.385973  226
0.386164  183
0.386333  204
0.386491  133
0.386952  372
0.387058  359
0.387217  162
0.387417  258
0.387703  336
0.387835  62
0.38802  208
0.388075  307
0.388266  212
0.388374  303
0.388428  349
0.38849  158
0.388528  374
0.388546  219
0.388618  10
0.388983  382
0.389195  210
0.389211  398
0.389416  332
0.389612  29
0.390321  14
0.392323  355
0.392326  377
0.392495  291
0.392743  78
0.394154  329
0.394206  213
0.394381  290
0.394571  383
0.394841  122
0.394959  36
0.395028  83
0.395452  246
0.395468  327
0.3956  371
0.39577  164
0.396426  120
0.396504  184
0.39695  308
0.397107  271
0.397215  394
0.397314  316
0.397365  171
0.397901  159
0.398074  41
0.39817  317
0.398368  331
0.398377  181
0.398524  51
0.398528  128
0.398719  300
0.399158  5
0.399221  109
0.399693  315
0.399963  106
0.400103  335
0.400172  350
0.400364  326
0.400479  170
0.40092  44
0.401143  39
0.401282  235
0.401407  322
0.401501  116
0.402075  370
0.402288  367
0.402697  182
0.402785  129
0.402921  391
0.403143  380
0.403302  105
0.403367  313
0.403459  366
0.403588  395
0.404538  218
0.40501  344
0.405094  280
0.405123  214
0.40566  16
0.405686  243
0.405754  48
0.405923  353
0.406203  145
0.406555  288
0.406672  392
0.406831  136
0.406831  87
0.407455  309
0.407799  328
0.407899  234
0.408261  150
0.408469  324
0.409342  314
0.409415  187
0.409429  74
0.409435  343
0.409768  311
0.410034  397
0.410044  389
0.410068  357
0.410157  169
0.410238  262
0.410789  59
0.411045  18
0.411221  302
0.411248  312
0.41136  393
0.411844  273
0.412353  373
0.412491  167
0.412811  354
0.412823  20
0.412831  147
0.413458  217
0.413572  388
0.413734  319
0.414964  26
0.415412  89
0.416221  352
0.416609  91
0.417009  325
0.417904  255
0.418527  124
0.418675  151
0.419091  364
0.41929  363
0.419378  95
0.420129  107
0.420709  47
0.421001  340
0.421216  257
0.421396  185
0.421509  378
0.421805  188
0.42192  157
0.422175  396
0.422523  283
0.422672  381
0.422867  115
0.423111  338
0.423298  337
0.423466  390
0.423536  46
0.423724  361
0.423821  265
0.424238  141
0.424396  301
0.424505  215
0.424803  346
0.425535  110
0.425586  10
0.425645  372
0.425668  240
0.425762  369
0.42602  318
0.426408  351
0.426489  38
0.426605  368
0.426662  19
0.426859  237
0.426949  7
0.427082  323
0.427389  191
0.427465  310
0.427591  365
0.427641  332
0.427844  379
0.428047  345
0.428199  303
0.428757  211
0.428758  4
0.429014  15
0.4298  321
0.429812  12
0.42994  269
0.429981  339
0.430078  244
0.430748  97
0.431218  86
0.431349  306
0.431531  380
0.431684  355
0.431871  61
0.431965  195
0.432199  385
0.432382  50
0.432466  258
0.432509  308
0.432739  28
0.432779  330
0.432999  376
0.434258  347
0.435694  341
0.436059  333
0.436126  334
0.436133  384
0.43671  305
0.4371  320
0.437317  387
0.438616  134
0.438812  292
0.438827  67
0.438862  386
0.439147  6
0.439166  348
0.439879  316
0.440129  49
0.44077  193
0.441112  114
0.441133  92
0.441895  22
0.442086  37
0.44212  57
0.442241  375
0.442426  356
0.442625  73
0.442729  377
0.443015  225
0.443105  90
0.443184  279
0.443351  79
0.443689  34
0.443944  349
0.444028  329
0.444724  263
0.444846  223
0.445408  138
0.445432  304
0.445582  0
0.445645  40
0.44582  253
0.446081  274
0.446272  336
0.446393  23
0.446417  360
0.446451  326
0.446631  80
0.446852  175
0.447189  24
0.447296  358
0.447427  163
0.447455  249
0.447494  203
0.447701  282
0.447713  344
0.448381  142
0.448439  370
0.448461  359
0.448766  382
0.448917  69
0.449081  179
0.44924  68
0.449361  241
0.449733  132
0.449751  398
0.450138  166
0.450372  45
0.450563  307
0.451177  54
0.45145  168
0.451468  150
0.451521  264
0.452071  315
0.452584  201
0.452786  395
0.452805  100
0.452906  267
0.452952  295
0.453185  55
0.453225  335
0.453241  76
0.453425  5
0.453442  72
0.453539  266
0.453565  286
0.453598  299
0.4536  309
0.453786  281
0.453837  317
0.45387  48
0.453885  393
0.453902  322
0.453941  27
0.454005  350
0.454097  208
0.454208  353
0.454223  312
0.45424  285
0.45435  77
0.454417  3
0.454606  247
0.454697  83
0.454727  362
0.454879  327
0.455006  2
0.455026  128
0.455046  252
0.455083  36
0.455245  357
0.45528  229
0.45533  202
0.455373  239
0.455542  82
0.455749  35
0.455832  331
0.455836  381
0.455964  388
0.456003  224
0.45601  394
0.456199  311
0.456224  371
0.456492  397
0.456773  346
0.456785  70
0.456852  245
0.456862  160
0.456874  396
0.456883  139
0.456938  198
0.456977  189
0.457076  338
0.457161  145
0.457206  366
0.457331  354
0.45744  137
0.457628  236
0.457645  314
0.457974  342
0.458133  399
0.458285  17
0.45838  209
0.458404  383
0.458445  323
0.458561  392
0.458572  308
0.458771  154
0.458791  196
0.458811  363
0.458871  64
0.458912  113
0.458952  125
0.458966  25
0.45901  296
0.459079  278
0.459097  177
0.459119  94
0.459166  170
0.45926  291
0.459345  391
0.459486  300
0.45954  302
0.459685  66
0.459815  373
0.459942  238
0.460141  260
0.460166  194
0.460357  364
0.460391  367
0.460463  389
0.460664  361
0.460809  33
0.460926  374
0.461031  345
0.461063  303
0.461298  197
0.461415  1
0.461739  116
0.461848  379
0.461975  330
0.462205  176
0.462423  328
0.462495  378
0.462524  337
0.462649  293
0.462715  29
0.462936  186
0.462965  169
0.462978  306
0.463155  276
0.463227  347
0.463312  222
0.463531  192
0.463665  14
0.463738  339
0.463865  368
0.463943  325
0.464169  343
0.464247  256
0.464369  372
0.464724  319
0.46473  174
0.464743  155
0.4651  43
0.465187  313
0.465343  231
0.465363  316
0.465414  228
0.465587  352
0.465862  112
0.466154  205
0.466198  136
0.466254  230
0.466413  108
0.466695  355
0.467148  332
0.467197  84
0.467242  121
0.467533  60
0.467564  321
0.46763  52
0.467805  56
0.467968  387
0.467988  119
0.46815  215
0.468362  386
0.468612  272
0.468636  376
0.468945  63
0.469807  341
0.469995  298
0.470123  235
0.470276  324
0.470285  310
0.470354  242
0.4704  58
0.470909  305
0.470998  390
0.471521  351
0.471558  369
0.471758  334
0.472315  141
0.472531  318
0.47294  216
0.472985  365
0.473524  375
0.475522  162
0.475582  46
0.475726  340
0.475925  385
0.477648  320
0.478972  118
0.481336  384
0.482327  190
0.484562  233
0.484752  30
0.485137  380
0.485511  333
0.48571  360
0.488171  103
0.488454  148
0.489189  185
0.489798  349
0.489956  234
0.490375  184
0.49055  193
0.491112  126
0.49264  329
0.493272  47
0.493372  280
0.493419  362
0.493664  93
0.493762  20
0.493891  96
0.494433  32
0.494467  135
0.494671  398
0.494995  89
0.495187  307
0.49548  115
0.495556  161
0.49588  381
0.49602  377
0.4965  123
0.496827  370
0.49687  322
0.497024  275
0.497053  124
0.497387  212
0.497517  182
0.497594  301
0.497648  338
0.497876  146
0.497932  244
0.49805  311
0.498174  344
0.498239  327
0.498326  10
0.49846  44
0.499004  159
0.499202  304
0.499206  302
0.499284  336
0.499483  87
0.499536  191
0.499636  348
0.499792  183
0.499819  98
0.499869  255
0.500046  374
0.500125  357
0.500323  195
0.500336  173
0.500371  359
0.500419  388
0.500466  78
0.500584  259
0.500589  219
0.500802  157
0.50081  288
0.500816  62
0.50089  147
0.500905  153
0.500922  396
0.501174  366
0.501186  130
0.501421  117
0.501479  72
0.501487  106
0.501935  395
0.501954  95
0.502036  399
0.502127  353
0.502128  88
0.502467  9
0.50255  325
0.502604  21
0.502666  346
0.502918  331
0.503136  309
0.50319  274
0.503658  214
0.503699  350
0.503787  122
0.503807  8
0.503881  16
0.504408  345
0.504474  65
0.504517  392
0.504777  294
0.504932  91
0.505056  314
0.505112  104
0.505122  102
0.505466  45
0.505533  213
0.50559  356
0.505616  265
0.505795  245
0.506013  114
0.506451  239
0.506485  85
0.506534  131
0.506565  323
0.506611  25
0.50672  0
0.506892  326
0.507101  342
0.507201  382
0.50738  61
0.507425  355
0.507582  373
0.507597  158
0.507611  300
0.507702  315
0.507706  264
0.507717  285
0.507768  312
0.507835  363
0.507883  308
0.507927  361
0.50796  227
0.508225  57
0.50826  97
0.508262  48
0.508517  4
0.508599  330
0.508759  31
0.508761  143
0.508985  386
0.509043  295
0.509056  172
0.509152  310
0.5094  105
0.509536  206
0.509575  19
0.509626  337
0.509627  40
0.509767  305
0.509974  397
0.510054  394
0.510131  324
0.510178  354
0.510451  55
0.510495  328
0.5105  75
0.510568  160
0.510629  186
0.510649  371
0.510656  292
0.510686  59
0.510709  273
0.510719  248
0.510799  73
0.5109  188
0.510927  316
0.510996  53
0.511131  347
0.511136  207
0.511301  372
0.511304  298
0.511407  391
0.511464  332
0.511591  390
0.511612  92
0.511728  144
0.511762  383
0.511922  358
0.51195  37
0.511951  384
0.512042  317
0.512077  287
0.512093  340
0.512382  164
0.512404  229
0.512445  268
0.512458  387
0.512494  210
0.512679  166
0.512701  41
0.512743  393
0.513342  109
0.513554  335
0.513685  313
0.51372  99
0.513793  341
0.513849  67
0.513919  306
0.514282  333
0.514409  241
0.514431  250
0.514462  351
0.514591  321
0.514792  181
0.514852  230
0.514884  299
0.514922  290
0.514959  352
0.515258  86
0.515265  379
0.515474  378
0.515774  343
0.515791  156
0.515843  360
0.516217  262
0.516521  368
0.516659  307
0.516856  334
0.517028  320
0.51714  289
0.517271  339
0.517273  80
0.517522  380
0.517602  134
0.517768  240
0.517887  42
0.518115  237
0.518975  49
0.519177  364
0.51944  376
0.519528  329
0.519848  1
0.52026  23
0.52038  303
0.520621  318
0.521295  178
0.522631  367
0.523365  389
0.523469  15
0.523469  223
0.523968  322
0.524263  247
0.524616  319
0.526194  365
0.52708  396
0.527336  398
0.530078  336
0.531668  50
0.533269  13
0.53507  170
0.535475  82
0.53609  356
0.536594  251
0.53935  79
0.539912  203
0.540795  132
0.540808  348
0.540937  226
0.541008  208
0.541244  266
0.541373  374
0.542163  385
0.542231  218
0.542423  362
0.543308  349
0.543379  174
0.543714  346
0.544059  381
0.544346  252
0.544399  116
0.544436  392
0.544671  6
0.544689  90
0.545181  246
0.545209  282
0.545301  377
0.545883  5
0.54591  330
0.546031  257
0.546263  375
0.546296  211
0.546413  261
0.547172  120
0.547309  133
0.547453  3
0.547458  81
0.547524  169
0.547587  58
0.547679  125
0.547901  296
0.547987  217
0.548061  302
0.548539  269
0.548655  180
0.548699  325
0.548852  54
0.549037  301
0.549275  228
0.549288  350
0.549482  119
0.549736  194
0.549913  150
0.549926  369
0.550102  244
0.550172  129
0.550281  344
0.55053  254
0.550596  112
0.550643  68
0.550684  121
0.550765  222
0.550884  187
0.551018  286
0.551195  128
0.551317  69
0.551409  30
0.551463  14
0.551503  212
0.551506  308
0.551555  152
0.551659  110
0.551662  370
0.551689  224
0.551746  189
0.551871  215
0.551974  283
0.552089  213
0.552155  363
0.552163  138
0.552202  388
0.552229  76
0.552256  87
0.552289  35
0.552312  272
0.552319  83
0.55235  221
0.55238  258
0.552388  293
0.552559  327
0.552654  321
0.552662  214
0.552723  357
0.552857  137
0.552858  361
0.552888  148
0.552942  216
0.55299  366
0.553042  353
0.553044  52
0.553243  249
0.553261  28
0.553286  316
0.553298  259
0.553321  359
0.553427  38
0.553505  10
0.553512  386
0.553572  312
0.553603  140
0.553613  399
0.553619  355
0.55368  36
0.553699  94
0.553731  103
0.553739  342
0.553783  345
0.553803  122
0.553809  127
0.553815  333
0.553844  311
0.553851  317
0.554056  307
0.554149  192
0.554178  171
0.554185  352
0.554324  64
0.554603  373
0.554628  310
0.554657  347
0.554659  354
0.55466  233
0.5548  326
0.554802  159
0.554804  141
0.554805  305
0.55486  315
0.554976  335
0.555027  382
0.555074  179
0.555076  230
0.555098  390
0.55514  277
0.555172  304
0.555225  104
0.555233  391
0.555295  100
0.555398  328
0.555462  313
0.555476  276
0.55552  395
0.555525  394
0.555549  145
0.55563  324
0.555757  371
0.55579  151
0.555885  111
0.55598  220
0.55601  314
0.556019  337
0.556126  384
0.556128  332
0.556132  135
0.556143  22
0.556219  149
0.556289  78
0.556321  238
0.556371  172
0.556519  278
0.55654  167
0.55666  139
0.556662  268
0.556671  320
0.556698  284
0.556726  383
0.556735  323
0.55674  351
0.556766  232
0.556903  338
0.556922  253
0.556938  157
0.556949  358
0.557011  379
0.557018  329
0.557045  131
0.557132  380
0.557196  163
0.557311  300
0.557423  77
0.557507  242
0.557536  309
0.557827  176
0.557855  306
0.557935  96
0.558019  236
0.558111  294
0.558199  322
0.558216  396
0.558327  397
0.55833  356
0.558515  365
0.55868  256
0.558699  91
0.558702  108
0.558753  263
0.558821  364
0.558941  270
0.55911  360
0.559127  113
0.559258  376
0.559374  343
0.55941  319
0.559488  334
0.5597  142
0.560007  389
0.560212  385
0.560293  160
0.560652  229
0.560743  17
0.561118  201
0.561318  27
0.56214  339
0.562527  200
0.563113  378
0.563222  165
0.563245  398
0.563522  50
0.563587  175
0.563874  318
0.563897  46
0.564065  336
0.564158  226
0.564397  271
0.564527  118
0.564768  367
0.565367  173
0.565988  105
0.567604  219
0.568453  155
0.568863  370
0.568953  231
0.569971  144
0.570651  346
0.571117  303
0.571779  387
0.572262  372
0.57231  302
0.574221  368
0.574274  185
0.575364  341
0.575653  41
0.575672  60
0.576324  340
0.576884  11
0.577005  55
0.577589  124
0.579323  386
0.580347  190
0.580879  331
0.581318  392
0.581329  267
0.58193  374
0.582932  93
0.583366  350
0.583752  280
0.584028  361
0.584185  134
0.585258  316
0.585353  136
0.586063  308
0.587216  107
0.587434  191
0.588143  25
0.588176  51
0.588425  123
0.58933  223
0.589419  29
0.589928  290
0.590213  43
0.590835  369
0.591578  281
0.592092  349
0.592364  178
0.592474  355
0.592602  330
0.592905  335
0.593244  311
0.593422  266
0.593429  381
0.593602  9
0.593684  216
0.594029  304
0.594351  393
0.594375  132
0.594554  297
0.594608  245
0.594714  344
0.595213  19
0.595237  333
0.595343  16
0.595677  183
0.595885  80
0.596012  377
0.596272  2
0.596312  34
0.596357  79
0.596549  366
0.596553  328
0.596586  337
0.59662  61
0.596633  390
0.596971  327
0.597809  250
0.597894  32
0.598161  379
0.598165  95
0.598192  371
0.59855  319
0.598649  182
0.598861  309
0.599144  320
0.599295  354
0.599377  323
0.599511  317
0.599888  353
0.600035  202
0.600191  310
0.600233  235
0.600286  126
0.600534  321
0.600595  117
0.60079  174
0.601357  285
0.60168  356
0.602326  14
0.603387  352
0.603537  101
0.603558  359
0.603706  153
0.603924  71
0.603975  325
0.604053  391
0.604069  62
0.604092  362
0.604137  186
0.60421  286
0.604411  48
0.604489  193
0.605068  70
0.605269  38
0.605283  380
0.605521  53
0.605559  214
0.605576  98
0.605581  383
0.60569  127
0.605753  72
0.605943  313
0.605984  284
0.606085  324
0.606593  168
0.606929  257
0.606969  20
0.607113  342
0.60717  343
0.60729  4
0.607399  375
0.607475  66
0.607588  338
0.607964  7
0.608049  12
0.608288  274
0.608306  384
0.608357  162
0.608574  300
0.608605  363
0.608956  385
0.609018  255
0.609026  109
0.609028  0
0.6093  6
0.609347  177
0.609362  322
0.609513  225
0.609596  376
0.610045  233
0.610065  312
0.610102  396
0.610295  373
0.610355  99
0.610746  176
0.610794  345
0.611045  265
0.611082  357
0.611096  33
0.611165  332
0.611392  252
0.611473  394
0.611793  88
0.611794  315
0.612056  358
0.612159  260
0.612787  138
0.612838  10
0.613008  237
0.613184  395
0.613979  87
0.614384  314
0.614468  336
0.614652  326
0.614799  387
0.614856  45
0.614877  295
0.614925  399
0.615016  388
0.615023  143
0.615123  329
0.61521  382
0.615627  303
0.615712  398
0.615767  365
0.61624  23
0.617796  251
0.617971  65
0.618536  82
0.618567  301
0.61858  131
0.619182  146
0.619311  389
0.619333  196
0.619727  331
0.619819  74
0.620147  305
0.620394  348
0.620465  261
0.621042  316
0.621232  346
0.62171  392
0.62179  339
0.621889  334
0.621998  24
0.622126  341
0.622282  256
0.622303  240
0.622333  299
0.622338  222
0.622657  282
0.622937  364
0.623219  372
0.623229  128
0.623596  206
0.623616  347
0.623797  367
0.624608  306
0.625722  52
0.625737  307
0.62678  258
0.627259  397
0.627391  157
0.628557  26
0.629586  76
0.629671  47
0.630042  84
0.63101  130
0.631808  244
0.631837  351
0.631838  86
0.632237  340
0.632385  390
0.632648  355
0.633027  129
0.63352  304
0.634128  161
0.634215  349
0.634242  360
0.634649  227
0.635308  369
0.635316  97
0.635395  226
0.635456  370
0.635529  264
0.635879  386
0.636436  17
0.637448  187
0.638533  241
0.6395  31
0.640837  291
0.641071  213
0.641135  344
0.641236  197
0.641252  199
0.64131  311
0.641329  8
0.641447  67
0.641742  158
0.641903  247
0.642015  335
0.642638  378
0.642864  309
0.642989  105
0.64308  350
0.643273  318
0.644348  164
0.64456  43
0.645202  330
0.645534  115
0.645623  239
0.645747  279
0.64575  49
0.645996  56
0.646012  381
0.646013  243
0.646226  16
0.646314  211
0.646332  152
0.646372  64
0.646528  94
0.646868  13
0.647381  169
0.647459  203
0.647812  40
0.648077  85
0.648163  103
0.648164  328
0.648197  289
0.64824  194
0.64825  298
0.648333  119
0.648421  393
0.648507  192
0.648521  218
0.648563  189
0.648711  18
0.648724  310
0.648742  100
0.648743  198
0.648913  35
0.648945  170
0.648991  140
0.649059  159
0.64907  83
0.649151  184
0.649197  39
0.649198  173
0.649199  323
0.649237  297
0.649347  254
0.649365  308
0.649401  377
0.649404  267
0.649404  353
0.649413  374
0.649571  312
0.649617  234
0.64985  366
0.649868  185
0.649962  236
0.649963  150
0.650059  58
0.650067  302
0.650136  313
0.650159  63
0.650191  249
0.650209  179
0.650234  28
0.650244  371
0.650286  217
0.650294  54
0.650295  368
0.650321  383
0.650323  141
0.650339  114
0.65037  300
0.650388  354
0.650427  333
0.650511  57
0.650515  283
0.65056  137
0.650576  357
0.650607  275
0.650613  388
0.650621  155
0.650743  320
0.650798  373
0.650799  361
0.650816  186
0.65094  376
0.650964  319
0.651019  276
0.651026  352
0.651033  375
0.651314  3
0.651336  296
0.651375  294
0.651424  1
0.651448  384
0.651485  37
0.651526  337
0.651583  148
0.651609  342
0.651657  220
0.651731  188
0.651746  271
0.651826  358
0.65184  132
0.651923  144
0.652096  111
0.652122  365
0.652155  399
0.65218  22
0.652198  314
0.65224  181
0.65226  66
0.652385  372
0.65245  288
0.652467  270
0.652468  215
0.652477  125
0.652565  362
0.652604  331
0.652665  112
0.65281  106
0.652885  284
0.652934  327
0.653004  44
0.653056  201
0.653128  394
0.653143  273
0.653209  204
0.653214  364
0.653302  380
0.653336  77
0.653467  277
0.653496  9
0.653541  78
0.653603  42
0.653686  92
0.653721  379
0.653751  303
0.654026  301
0.654088  81
0.654141  20
0.654141  15
0.654142  59
0.654151  396
0.654172  398
0.654257  334
0.654272  317
0.654304  367
0.654315  305
0.654333  390
0.654426  212
0.654639  46
0.654716  363
0.654822  272
0.654866  395
0.654889  348
0.654991  165
0.655019  338
0.655023  351
0.655058  345
0.65506  316
0.655086  391
0.655127  245
0.655186  252
0.655189  347
0.655249  156
0.655253  70
0.655311  341
0.655385  207
0.65551  356
0.655936  12
0.656049  102
0.656134  385
0.656242  208
0.656252  332
0.656322  359
0.656426  339
0.65654  205
0.656573  324
0.656667  29
0.656783  329
0.656921  322
0.656945  75
0.656985  321
0.657116  191
0.657128  168
0.657158  69
0.657221  392
0.657233  136
0.657313  104
0.657445  387
0.657448  306
0.657502  304
0.657545  108
0.657933  251
0.657943  133
0.657974  120
0.658023  346
0.658135  290
0.658294  386
0.65835  326
0.658525  84
0.658754  389
0.65902  370
0.659202  307
0.659604  127
0.659667  180
0.659732  325
0.660159  315
0.660297  41
0.660538  340
0.661298  5
0.661308  233
0.661415  135
0.661943  246
0.662804  349
0.662846  0
0.664253  344
0.665051  311
0.665597  336
0.665896  369
0.666264  360
0.666999  149
0.66736  30
0.667696  167
0.668732  61
0.669104  397
0.670791  378
0.676824  224
0.677083  131
0.677514  382
0.677957  160
0.678344  172
0.679772  318
0.680641  174
0.683029  225
0.683064  242
0.683901  335
0.68467  343
0.685444  210
0.685634  27
0.686388  60
0.686407  368
0.68688  287
0.687153  93
0.687172  393
0.687252  72
0.687482  293
0.687589  171
0.688579  355
0.68879  260
0.689194  253
0.689253  87
0.689313  286
0.689574  216
0.689578  19
0.689645  280
0.689702  74
0.69014  145
0.690406  312
0.690506  166
0.690519  257
0.690643  67
0.690688  53
0.690694  300
0.690758  62
0.690787  7
0.69081  122
0.690965  110
0.691101  193
0.691151  269
0.691187  377
0.691286  332
0.691346  161
0.691396  109
0.691466  76
0.691527  118
0.691612  79
0.691652  157
0.691757  313
0.691846  365
0.691853  362
0.69192  80
0.691999  352
0.692006  248
0.692028  373
0.692199  388
0.692209  58
0.69222  366
0.692288  71
0.692346  357
0.692478  98
0.692685  147
0.692739  182
0.692827  256
0.692853  56
0.692878  310
0.692926  328
0.692927  364
0.692948  341
0.693018  68
0.693082  302
0.693205  351
0.693218  177
0.693259  126
0.693289  139
0.693314  338
0.693319  4
0.69366  143
0.693832  282
0.693891  24
0.693891  314
0.694056  350
0.694128  90
0.694163  265
0.694478  223
0.694507  271
0.694609  2
0.694715  38
0.694804  250
0.694959  323
0.694988  381
0.695015  241
0.695076  83
0.695276  363
0.695327  278
0.695362  54
0.695376  372
0.695411  175
0.695561  3
0.695562  99
0.695604  230
0.695731  190
0.695843  229
0.695987  202
0.69601  322
0.696012  354
0.696019  140
0.696048  183
0.696083  330
0.696125  334
0.696146  327
0.696209  235
0.696404  361
0.696425  36
0.696428  281
0.696454  192
0.696484  374
0.696489  308
0.696495  291
0.696541  261
0.69663  179
0.696684  292
0.696748  73
0.696763  319
0.696843  320
0.696854  155
0.696865  337
0.696939  396
0.696993  17
0.697006  146
0.697051  200
0.697088  240
0.697233  88
0.697286  399
0.697328  331
0.697379  305
0.697401  383
0.6975  196
0.697551  221
0.697565  65
0.697668  345
0.697691  264
0.69783  162
0.697853  35
0.697854  44
0.697865  380
0.697865  111
0.69795  124
0.697992  254
0.698025  303
0.698038  96
0.698082  342
0.698095  246
0.698177  187
0.698225  348
0.698243  353
0.698271  359
0.698284  385
0.698339  317
0.698408  316
0.69841  395
0.69857  392
0.698699  295
0.698729  394
0.698742  347
0.698809  207
0.698974  247
0.698984  356
0.699032  30
0.699045  86
0.69908  14
0.699158  340
0.699295  384
0.699358  371
0.699368  217
0.699413  339
0.699429  142
0.699472  391
0.699478  28
0.699485  285
0.699669  375
0.699855  52
0.69987  273
0.69993  228
0.699946  309
0.699963  370
0.70005  301
0.700103  325
0.700173  91
0.700204  382
0.700214  386
0.700226  387
0.700378  237
0.700462  369
0.700495  231
0.700647  336
0.700779  298
0.70091  315
0.700911  94
0.701  212
0.701004  367
0.701032  307
0.701114  344
0.701231  326
0.701234  238
0.701294  343
0.701439  23
0.7016  397
0.701863  18
0.701914  333
0.702101  49
0.702303  178
0.702346  184
0.702987  329
0.703216  82
0.703523  311
0.703586  378
0.703646  379
0.703959  255
0.704131  389
0.70437  346
0.70463  252
0.704675  219
0.705096  8
0.705402  11
0.705402  128
0.706184  358
0.706377  304
0.707203  299
0.707297  390
0.707328  321
0.708502  188
0.708657  368
0.708676  266
0.710076  398
0.710693  214
0.714064  95
0.71742  92
0.717693  144
0.718411  239
0.719069  349
0.71965  306
0.721003  249
0.722194  9
0.722864  324
0.723043  48
0.723157  129
0.723772  176
0.723994  5
0.723994  262
0.724463  60
0.724643  169
0.725598  267
0.725875  293
0.726191  310
0.726577  360
0.726856  377
0.727506  396
0.728255  381
0.728543  13
0.728627  345
0.729446  284
0.730265  399
0.73045  312
0.730619  204
0.730638  366
0.731172  115
0.731197  134
0.731221  373
0.73142  275
0.731777  43
0.731802  292
0.731878  332
0.731971  20
0.732103  356
0.732531  376
0.732716  363
0.732807  323
0.73286  294
0.733375  245
0.733614  338
0.733653  163
0.733949  10
0.734389  34
0.734447  322
0.735013  297
0.735252  308
0.735436  85
0.735777  105
0.73578  189
0.735795  334
0.735823  138
0.736161  364
0.736448  361
0.736623  352
0.73681  313
0.737008  50
0.737111  132
0.737167  167
0.737273  359
0.737368  341
0.737453  16
0.737711  330
0.738147  289
0.738174  47
0.738548  117
0.738902  279
0.73913  84
0.739628  303
0.739731  357
0.73995  148
0.740054  220
0.74011  112
0.740638  290
0.740679  348
0.740749  164
0.741162  355
0.741314  224
0.7414  45
0.741459  174
0.741473  311
0.741719  369
0.741864  351
0.741999  342
0.742171  274
0.742195  191
0.742263  256
0.742344  318
0.742348  51
0.742743  300
0.74281  391
0.742856  354
0.743046  335
0.74393  79
0.74406  120
0.744259  372
0.744363  127
0.744455  157
0.744592  331
0.744608  133
0.744663  339
0.744853  317
0.745053  196
0.745259  26
0.745322  316
0.745453  55
0.745699  211
0.745839  319
0.745873  302
0.746181  109
0.746222  393
0.746496  225
0.746664  362
0.747035  333
0.74742  314
0.747887  57
0.748098  392
0.74817  353
0.748187  40
0.748352  365
0.748407  386
0.748559  116
0.748621  38
0.748634  154
0.74871  272
0.748837  370
0.749131  378
0.749138  156
0.749332  367
0.749538  213
0.749563  321
0.74989  222
0.74992  97
0.750138  202
0.750499  158
0.750723  206
0.750733  320
0.750909  215
0.750943  114
0.751329  107
0.751512  325
0.751645  56
0.751766  227
0.751819  192
0.751927  33
0.752114  259
0.752324  398
0.752364  388
0.752381  81
0.752386  337
0.752468  110
0.752583  328
0.752664  231
0.752696  160
0.75284  385
0.752874  149
0.753002  172
0.753385  250
0.753545  301
0.753613  171
0.753651  340
0.753798  125
0.753929  63
0.754129  387
0.754226  347
0.754366  232
0.75441  251
0.754428  241
0.754608  383
0.754645  395
0.754956  153
0.754983  390
0.75503  32
0.755058  150
0.755064  307
0.755219  177
0.75523  371
0.755805  358
0.755847  42
0.756205  394
0.756601  15
0.756733  384
0.757005  368
0.757021  305
0.757097  263
0.757134  315
0.757197  309
0.757289  397
0.757304  350
0.757481  349
0.757647  78
0.757982  143
0.758138  64
0.758244  175
0.758418  226
0.758675  336
0.759203  389
0.759341  137
0.759526  374
0.759639  3
0.759696  268
0.76024  195
0.760288  248
0.760571  379
0.76099  181
0.761127  344
0.761749  236
0.76185  375
0.761951  104
0.762046  54
0.762371  17
0.762565  332
0.762691  46
0.76336  6
0.764244  198
0.764319  155
0.764461  113
0.764658  0
0.764714  229
0.764988  73
0.765104  346
0.765229  382
0.765329  173
0.765388  324
0.765428  141
0.765649  257
0.765883  59
0.766005  87
0.766169  4
0.766286  343
0.766287  168
0.766409  123
0.766418  283
0.766497  312
0.766619  197
0.766677  254
0.766818  311
0.766845  247
0.767071  373
0.767167  190
0.767241  166
0.767346  329
0.767819  194
0.767876  327
0.767908  121
0.768005  151
0.768232  277
0.768281  159
0.76851  377
0.768515  306
0.768856  106
0.768974  361
0.769134  205
0.769157  345
0.769441  93
0.769461  360
0.769463  219
0.769559  233
0.769599  37
0.769648  376
0.769686  24
0.769749  300
0.77005  88
0.770074  355
0.770113  170
0.77022  185
0.770234  287
0.770376  322
0.770441  199
0.770826  162
0.771084  304
0.771106  22
0.771334  341
0.771532  187
0.771598  145
0.771621  99
0.771673  310
0.772176  112
0.772619  364
0.77267  43
0.773117  186
0.773339  12
0.773366  71
0.773438  366
0.773474  25
0.773574  98
0.773633  316
0.774005  44
0.774055  380
0.774361  381
0.774499  318
0.774623  352
0.774642  290
0.77465  235
0.775223  260
0.775292  49
0.775309  393
0.775571  119
0.775588  27
0.775919  334
0.776063  399
0.776091  286
0.776127  243
0.776362  391
0.776573  308
0.776726  178
0.776917  184
0.777014  239
0.777071  9
0.777117  228
0.777134  242
0.777757  313
0.777767  86
0.777796  302
0.777813  180
0.777932  372
0.778392  356
0.778751  330
0.778794  386
0.77909  255
0.779099  258
0.779825  34
0.780018  188
0.780072  70
0.780104  83
0.780509  67
0.780515  348
0.780543  101
0.780549  68
0.780559  359
0.780591  326
0.780734  39
0.780796  161
0.780818  169
0.780922  76
0.780998  10
0.781365  333
0.78143  337
0.781521  21
0.781555  261
0.781753  18
0.78181  95
0.781985  285
0.782016  314
0.782085  388
0.782128  210
0.782187  351
0.782574  288
0.782575  269
0.782661  240
0.782824  8
0.782928  396
0.783052  319
0.783205  74
0.783256  384
0.783286  367
0.783449  338
0.783478  398
0.783489  276
0.783502  342
0.783557  32
0.783581  370
0.783945  369
0.78396  363
0.783995  331
0.783998  357
0.784135  323
0.784163  339
0.784269  362
0.784612  202
0.784635  69
0.784723  307
0.785038  66
0.785341  328
0.785418  146
0.785977  28
0.78606  296
0.786133  30
0.786177  395
0.786398  320
0.786421  61
0.786598  335
0.786655  354
0.786668  347
0.786845  90
0.787237  208
0.787277  350
0.787466  245
0.787508  131
0.788506  214
0.789016  394
0.789201  353
0.789381  278
0.789447  201
0.789713  303
0.790799  371
0.791042  315
0.791178  200
0.791278  383
0.791488  358
0.791778  140
0.791946  29
0.792102  11
0.79227  321
0.792829  365
0.795027  301
0.795232  378
0.796197  343
0.796648  295
0.796693  130
0.797486  332
0.797888  385
0.798095  325
0.798524  305
0.801883  387
0.801898  2
0.803112  390
0.80347  344
0.803999  317
0.804502  397
0.805202  77
0.806315  374
0.806414  244
0.81051  346
0.81229  80
0.812562  53
0.812782  327
0.813214  392
0.81397  309
0.814414  191
0.815014  340
0.816308  133
0.816446  389
0.816573  158
0.8175  352
0.817526  62
0.818526  306
0.819243  253
0.819575  63
0.819675  375
0.819796  209
0.82056  134
0.820671  373
0.820926  124
0.821168  294
0.821213  165
0.821251  50
0.821725  246
0.822153  118
0.822234  368
0.822419  231
0.822438  55
0.822457  179
0.822635  192
0.822823  341
0.822998  81
0.823056  311
0.823116  23
0.823321  234
0.823513  115
0.823534  329
0.823835  366
0.823836  45
0.823889  382
0.823953  13
0.824266  360
0.824373  96
0.824402  355
0.824679  94
0.824706  225
0.824796  218
0.82483  230
0.824884  136
0.825437  280
0.82545  89
0.82548  250
0.825885  122
0.82593  293
0.826292  152
0.826686  266
0.826813  345
0.826814  60
0.826832  379
0.826886  342
0.826927  56
0.826964  173
0.827104  300
0.827129  361
0.827214  299
0.827261  334
0.827475  348
0.827508  148
0.827648  282
0.82772  338
0.82784  177
0.827887  193
0.827924  292
0.828096  97
0.82812  104
0.8282  324
0.828201  331
0.828263  215
0.828273  376
0.828417  64
0.828524  82
0.828531  102
0.828551  39
0.828655  262
0.82869  249
0.828906  49
0.828913  92
0.82901  281
0.829019  271
0.829044  46
0.829086  336
0.829152  183
0.829251  147
0.829338  159
0.829382  349
0.829401  38
0.829427  224
0.829517  322
0.829539  313
0.829544  364
0.829548  279
0.829565  111
0.82959  33
0.829609  398
0.829729  103
0.829835  395
0.829837  163
0.829865  139
0.82992  314
0.829953  7
0.83001  377
0.830076  274
0.830098  319
0.830143  220
0.830163  289
0.830168  227
0.830291  129
0.830344  367
0.830427  100
0.830492  182
0.830509  142
0.830627  107
0.830757  110
0.830786  265
0.830808  393
0.830825  259
0.830962  212
0.830988  283
0.831068  85
0.831078  359
0.831134  41
0.831135  332
0.831177  320
0.831209  356
0.831215  363
0.831232  258
0.831301  273
0.831305  315
0.831356  167
0.83136  384
0.831389  35
0.831476  316
0.831497  47
0.831511  98
0.831666  312
0.831705  135
0.831716  203
0.831744  199
0.831747  399
0.831751  105
0.831791  263
0.831797  371
0.831799  25
0.831908  144
0.831921  298
0.83208  189
0.832083  229
0.832111  232
0.832226  307
0.832254  396
0.832279  330
0.832313  268
0.832329  328
0.832367  223
0.832402  14
0.832421  48
0.832424  383
0.832471  114
0.832584  305
0.8326  284
0.832722  333
0.832725  326
0.832817  386
0.832859  171
0.832872  325
0.832934  318
0.833053  323
0.833075  372
0.833099  145
0.833142  197
0.833167  353
0.833219  335
0.833219  207
0.83325  217
0.833298  365
0.833348  58
0.833366  304
0.833378  290
0.833432  270
0.833496  221
0.833593  1
0.833694  228
0.83375  337
0.833761  65
0.833783  302
0.833814  381
0.833842  154
0.833888  214
0.833903  391
0.833918  233
0.834016  260
0.834073  347
0.834085  78
0.834089  91
0.834138  149
0.83414  351
0.834159  32
0.834171  74
0.834211  156
0.834267  301
0.834343  303
0.834373  370
0.834396  236
0.834398  317
0.83441  226
0.834446  31
0.834457  327
0.834461  3
0.834502  132
0.834582  339
0.834592  387
0.83461  36
0.834625  19
0.834653  357
0.834672  121
0.834723  358
0.834757  385
0.834761  350
0.834779  310
0.834789  42
0.834828  256
0.834885  190
0.834926  346
0.834935  362
0.835039  374
0.835043  340
0.835121  343
0.8353  264
0.835323  308
0.83543  369
0.835552  297
0.835571  52
0.835614  394
0.835822  162
0.836046  388
0.836065  184
0.836392  354
0.836443  172
0.836723  176
0.836829  378
0.837322  200
0.837395  210
0.837418  390
0.837557  169
0.837628  54
0.83767  101
0.83796  160
0.83851  380
0.838577  392
0.838585  53
0.838587  321
0.839085  295
0.83926  244
0.839312  168
0.839327  84
0.839777  360
0.8398  6
0.839897  127
0.840048  137
0.840301  306
0.840556  196
0.840674  355
0.84079  397
0.841041  252
0.8411  341
0.841264  164
0.841939  366
0.841946  26
0.842074  375
0.842094  29
0.842273  272
0.842382  286
0.842655  247
0.842714  344
0.843214  213
0.84339  345
0.845907  277
0.84696  99
0.847047  128
0.847238  309
0.847479  379
0.848017  377
0.84857  352
0.850196  389
0.85176  329
0.853522  216
0.853728  20
0.85409  112
0.855933  206
0.856433  291
0.856706  17
0.857638  10
0.858761  338
0.860114  50
0.860119  311
0.860465  342
0.860873  255
0.862448  195
0.863608  155
0.864065  300
0.864069  40
0.86532  328
0.867332  382
0.867363  317
0.868048  116
0.868248  351
0.868266  349
0.868664  373
0.869661  4
0.87009  166
0.870262  110
0.870313  55
0.870471  138
0.870636  316
0.870663  283
0.871279  125
0.871506  22
0.87157  371
0.871757  174
0.872  239
0.873132  158
0.873463  57
0.873523  68
0.873604  336
0.873883  48
0.873892  313
0.87414  165
0.874742  51
0.874816  376
0.874892  119
0.874913  386
0.875038  113
0.87512  130
0.875254  370
0.875322  46
0.875369  235
0.875691  151
0.87595  201
0.87607  106
0.876076  59
0.876142  367
0.876326  395
0.8765  325
0.876554  390
0.876572  8
0.876611  326
0.876658  43
0.876791  16
0.876936  353
0.877072  398
0.87721  150
0.877227  287
0.877243  359
0.877493  37
0.877585  399
0.877851  320
0.877881  302
0.877889  334
0.878154  358
0.87824  323
0.87825  381
0.87825  70
0.878318  378
0.878321  261
0.87835  209
0.878389  181
0.878432  94
0.878839  90
0.87933  361
0.87941  254
0.879529  161
0.879582  111
0.879696  153
0.879707  15
0.879816  7
0.879826  257
0.87986  76
0.879919  350
0.87995  298
0.879959  310
0.879975  185
0.879999  267
0.880058  95
0.880208  27
0.880368  305
0.880386  388
0.88039  262
0.880426  144
0.880463  356
0.880536  322
0.880622  219
0.880788  330
0.880877  301
0.88096  107
0.881027  319
0.881062  318
0.881066  363
0.881111  348
0.881335  281
0.881386  385
0.881406  343
0.88149  79
0.8815  141
0.881597  237
0.881633  372
0.881757  303
0.881825  160
0.881887  211
0.881975  23
0.882188  226
0.882243  362
0.882257  159
0.882317  5
0.882871  308
0.882882  246
0.882919  380
0.882921  100
0.883017  0
0.883183  364
0.883349  86
0.883405  344
0.883406  14
0.883506  369
0.88362  396
0.883829  354
0.883835  321
0.883968  122
0.884071  393
0.884147  69
0.884379  333
0.884394  332
0.884479  275
0.884494  80
0.884629  307
0.884675  188
0.88486  73
0.885029  383
0.885311  357
0.885368  368
0.88545  304
0.885469  397
0.885561  193
0.885942  83
0.886222  74
0.886263  245
0.886343  30
0.886411  296
0.88645  315
0.886481  374
0.88657  312
0.886625  306
0.886636  178
0.886907  355
0.887014  81
0.887021  212
0.887024  389
0.887058  136
0.887157  229
0.887315  265
0.887563  263
0.887712  289
0.887778  335
0.887975  338
0.888109  253
0.888253  259
0.888616  2
0.888669  360
0.888677  384
0.888709  331
0.888721  9
0.888728  324
0.888737  309
0.888824  256
0.888849  346
0.88903  366
0.889194  269
0.889683  394
0.889714  38
0.889732  345
0.88986  189
0.890578  340
0.890703  89
0.89079  249
0.890934  327
0.890982  96
0.891084  145
0.8913  120
0.892349  72
0.892465  124
0.892666  347
0.893115  61
0.893164  117
0.893393  339
0.894694  274
0.89474  387
0.894961  377
0.895522  243
0.896798  182
0.898416  379
0.899092  392
0.901309  207
0.901693  268
0.90211  314
0.90261  42
0.902781  285
0.905051  316
0.905631  191
0.905727  180
0.906295  341
0.906393  175
0.906459  238
0.907285  157
0.907891  85
0.908381  56
0.908402  240
0.909096  320
0.909327  337
0.909464  24
0.90983  328
0.909852  352
0.910443  350
0.910996  382
0.912031  300
0.912647  232
0.91306  276
0.913132  386
0.91315  140
0.913477  342
0.913879  365
0.913946  370
0.914133  31
0.91444  121
0.914592  329
0.914598  375
0.916759  230
0.916871  313
0.917279  336
0.917732  323
0.918702  82
0.918709  149
0.918949  227
0.919555  203
0.920111  105
0.920341  11
0.920607  284
0.920784  349
0.921817  103
0.92232  177
0.922424  251
0.923158  183
0.923361  351
0.923479  325
0.923502  399
0.923522  75
0.923902  35
0.924192  197
0.924321  395
0.924526  66
0.924572  93
0.924584  260
0.924627  34
0.924687  390
0.924825  302
0.924979  137
0.925071  167
0.925102  63
0.925224  184
0.925661  317
0.926006  330
0.926129  164
0.926231  216
0.926399  398
0.926453  62
0.926524  115
0.926595  104
0.926604  87
0.926615  307
0.926984  45
0.92712  134
0.927153  357
0.927222  67
0.927246  396
0.927356  234
0.927483  295
0.927501  322
0.927667  146
0.927747  226
0.927767  297
0.927772  108
0.927822  303
0.927823  92
0.927928  376
0.928103  389
0.928118  131
0.928174  123
0.928215  139
0.928298  310
0.928369  373
0.928544  319
0.928928  176
0.928999  3
0.92905  278
0.929106  214
0.929254  305
0.929412  208
0.929415  10
0.929511  50
0.929645  353
0.929671  248
0.929676  326
0.929695  187
0.929839  118
0.929896  354
0.929938  144
0.929973  273
0.929993  384
0.930012  160
0.930064  25
0.93009  53
0.930112  362
0.930138  335
0.930173  290
0.93026  100
0.930327  363
0.930454  371
0.930482  356
0.930503  252
0.930505  361
0.930572  18
0.930676  381
0.930738  6
0.930761  388
0.930762  287
0.930764  339
0.930822  343
0.930899  116
0.930913  380
0.930939  334
0.930956  385
0.930962  266
0.931131  196
0.931148  59
0.931171  235
0.931564  332
0.931572  210
0.931578  277
0.931663  132
0.931699  301
0.931868  29
0.931874  174
0.931901  315
0.931914  225
0.931921  355
0.931929  49
0.931933  324
0.932114  1
0.932204  39
0.932316  88
0.932362  19
0.932378  125
0.932519  250
0.932554  223
0.932613  204
0.932615  346
0.932623  364
0.932866  36
0.932889  308
0.932892  21
0.933027  217
0.933051  338
0.933173  393
0.933218  192
0.933302  280
0.933409  107
0.933441  340
0.933463  293
0.933486  102
0.93352  306
0.933588  367
0.933609  112
0.933627  239
0.933723  16
0.933776  233
0.933888  288
0.933991  148
0.93401  358
0.934097  32
0.934123  282
0.934125  22
0.934223  298
0.934249  347
0.934327  369
0.934377  162
0.934442  222
0.934442  368
0.934475  0
0.934524  379
0.934524  202
0.934547  299
0.93455  348
0.934584  166
0.934605  318
0.934618  311
0.934645  198
0.934677  147
0.934696  394
0.934833  345
0.934976  40
0.934983  372
0.93523  321
0.935254  304
0.935394  127
0.935542  241
0.935561  320
0.935614  359
0.935623  215
0.935638  254
0.93569  333
0.9357  391
0.935875  360
0.93592  378
0.935923  99
0.936004  382
0.936018  344
0.936157  129
0.936564  397
0.936589  392
0.936792  13
0.936908  153
0.937134  190
0.937139  141
0.937255  113
0.937336  341
0.937444  256
0.937595  236
0.937691  271
0.9377  328
0.937743  231
0.937821  182
0.937896  101
0.937933  255
0.937962  289
0.938088  96
0.938098  375
0.938159  213
0.938378  370
0.938475  261
0.938563  387
0.938626  200
0.938692  221
0.938703  383
0.938711  300
0.938788  281
0.938815  377
0.938874  386
0.93894  142
0.939019  195
0.939044  272
0.939174  342
0.939365  331
0.939572  111
0.939969  186
0.940082  156
0.940189  154
0.940318  398
0.940322  97
0.940397  55
0.940419  120
0.940536  314
0.940591  128
0.940912  77
0.940975  224
0.941083  336
0.941113  259
0.941974  352
0.942077  374
0.942273  274
0.942428  316
0.942449  313
0.942532  72
0.942848  135
0.9429  91
0.943026  143
0.943053  126
0.943572  41
0.943807  110
0.943813  46
0.944061  366
0.944143  270
0.94423  244
0.945587  267
0.946201  350
0.946276  323
0.946298  84
0.946849  114
0.947305  380
0.948048  327
0.949123  349
0.94916  337
0.949207  330
0.949655  353
0.9498  257
0.949858  312
0.950882  396
0.95097  2
0.950979  309
0.951987  373
0.952149  322
0.952169  302
0.953264  51
0.955433  365
0.955471  52
0.955859  319
0.956406  54
0.957656  286
0.958708  276
0.959146  395
0.959163  38
0.960451  307
0.960551  86
0.960607  388
0.962207  44
0.962738  310
0.96392  291
0.964626  12
0.965359  326
0.965535  27
0.965719  384
0.965915  174
0.966787  5
0.967117  325
0.967318  171
0.967976  390
0.968002  317
0.968464  246
0.968605  354
0.968624  218
0.968957  362
0.969394  187
0.969418  247
0.969478  94
0.969515  179
0.970349  357
0.970426  367
0.970472  329
0.97079  351
0.970807  372
0.970911  381
0.971082  321
0.97109  71
0.971131  189
0.971207  344
0.971558  339
0.971804  379
0.971882  229
0.97241  393
0.973123  399
0.973179  81
0.973205  48
0.973249  112
0.973958  394
0.974254  170
0.974264  308
0.974847  364
0.974864  63
0.974994  20
0.975091  356
0.975186  172
0.975282  389
0.97551  391
0.976276  181
0.976913  360
0.977477  106
0.977537  61
0.977762  69
0.977776  242
0.977905  385
0.978011  89
0.978079  24
0.978202  184
0.978724  279
0.978944  26
0.979092  116
0.979624  74
0.979676  275
0.979912  219
0.98004  119
0.980057  237
0.980205  347
0.980211  301
0.980501  324
0.980634  305
0.981198  311
0.981389  65
0.981418  160
0.981869  359
0.981936  300
0.981966  333
0.982621  253
0.982883  358
0.983158  262
0.983244  294
0.983277  306
0.983322  323
0.983332  263
0.983522  348
0.983528  332
0.983865  122
0.983897  378
0.983932  193
0.984047  363
0.98455  303
0.985098  355
0.985514  369
0.986515  375
0.986572  328
0.98678  28
0.986843  315
0.986925  343
0.987194  283
0.987214  68
0.987448  342
0.987556  188
0.987563  370
0.98864  194
0.988702  335
0.988743  240
0.988944  230
0.989114  298
0.989838  398
0.990909  115
0.991342  8
0.991902  346
0.99196  117
0.992014  374
0.992187  392
0.992228  368
0.992739  92
0.992881  331
0.993261  234
0.993379  304
0.99373  386
0.993824  231
0.993825  103
0.993902  340
0.994086  376
0.994467  131
0.995021  284
0.996118  80
0.996341  152
0.996634  248
0.997065  7
0.997101  341
0.9972  266
0.99739  334
0.997509  320
0.997906  387
0.998918  345
0.999741  3
