3.15821e-06  28
4.3791e-06  223
1.01825e-05  121
1.01849e-05  44
1.63154e-05  72
2.57245e-05  8
3.14087e-05  25
3.43911e-05  113
3.68293e-05  11
3.71908e-05  235
3.86617e-05  144
3.93787e-05  133
4.16074e-05  187
4.47445e-05  124
4.61825e-05  56
5.78298e-05  48
6.12744e-05  204
6.95446e-05  129
7.47047e-05  40
7.48585e-05  49
7.57159e-05  69
7.75446e-05  140
9.5848e-05  95
9.97516e-05  184
0.000100312  101
0.000111287  169
0.000111392  103
0.000113524  145
0.000114242  119
0.000118642  227
0.000118693  197
0.000119715  88
0.000119958  220
0.000123335  75
0.000132853  256
0.000134577  79
0.000135805  177
0.000141201  171
0.000150226  161
0.000155832  196
0.000157909  29
0.000160626  85
0.000162209  89
0.000165355  81
0.000166918  167
0.000167247  193
0.000168295  149
0.00017222  259
0.000177631  225
0.000183524  216
0.000185837  93
0.000188097  185
0.000191851  53
0.000194983  47
0.000198189  137
0.000199444  156
0.000206963  64
0.000210067  111
0.000213111  199
0.000214036  135
0.000221199  183
0.000232809  45
0.000236916  84
0.000238876  116
0.000243386  151
0.000246584  191
0.000252618  76
0.000259346  27
0.000260756  57
0.000266634  24
0.000269629  43
0.000271336  160
0.000271671  59
0.000281745  179
0.000284405  181
0.000284474  105
0.000287542  131
0.000296063  96
0.000300337  127
0.000300361  115
0.000301144  257
0.000303593  31
0.000304484  188
0.000307226  109
0.000307849  165
0.00032382  63
0.000326589  112
0.000327561  168
0.000328345  195
0.000332031  231
0.000334703  164
0.000343411  125
0.000366899  143
0.00036771  60
0.000370277  175
0.000374328  87
0.00037654  189
0.000378391  120
0.000379319  83
0.000384634  141
0.0003862  80
0.000386941  65
0.000388763  71
0.000390495  229
0.000395684  180
0.000399801  99
0.000405204  232
0.000430564  123
0.000447902  68
0.000448097  41
0.000452616  192
0.000452792  107
0.00045514  219
0.000458288  221
0.000471828  157
0.000473457  217
0.000475028  51
0.000475729  136
0.000476492  67
0.000507119  73
0.000516326  100
0.00051875  148
0.000521569  9
0.00053446  52
0.000541023  176
0.000555552  92
0.000555692  128
0.000559377  132
0.000563141  207
0.000574659  228
0.000576501  55
0.000579803  172
0.000594218  91
0.000597621  77
0.000611184  97
0.000611918  173
0.000612406  224
0.00063755  117
0.000663654  205
0.000668158  233
0.000703836  159
0.00078038  104
0.000781993  2
0.000786519  147
0.000884006  61
0.000967276  6
0.000990598  108
0.00101091  139
0.00141808  163
0.00227474  212
0.00316249  390
0.00331931  326
0.00341819  376
0.00348941  324
0.00352847  380
0.00358073  367
0.00367526  285
0.00375412  374
0.00378635  359
0.00379932  389
0.00381713  387
0.00389567  308
0.00390336  339
0.00390609  311
0.00402523  386
0.00408976  322
0.00410553  317
0.004109  379
0.00411743  312
0.00414912  332
0.00415258  355
0.00418258  399
0.00423732  305
0.00431528  370
0.00433647  152
0.00439079  281
0.00439198  329
0.00442714  306
0.00443247  385
0.00446658  377
0.00448412  318
0.00453895  368
0.00460264  350
0.00462166  293
0.00465136  214
0.004669  105
0.00471075  346
0.00471232  333
0.00475777  361
0.0047633  313
0.00477038  323
0.00477181  251
0.00480428  315
0.00480654  240
0.00482442  394
0.00484115  302
0.00484822  348
0.00485068  353
0.00488792  276
0.0048919  336
0.0048981  397
0.00495475  360
0.00498539  15
0.00503461  393
0.00504599  356
0.00505108  347
0.0050722  301
0.00507478  237
0.00508723  340
0.00512183  364
0.00515784  345
0.00522444  342
0.00524418  343
0.00525543  378
0.00530299  383
0.00536748  300
0.00537376  392
0.0053875  3
0.00539973  365
0.00541164  371
0.00544002  330
0.00544687  291
0.00547843  396
0.00560783  325
0.00570244  314
0.00573227  335
0.00576951  344
0.00577657  271
0.00580931  373
0.00584188  354
0.00586061  388
0.00589991  352
0.00592815  12
0.00592904  268
0.00598013  351
0.00599374  189
0.00599965  215
0.00600402  328
0.00605837  303
0.00614735  295
0.00618427  358
0.00620498  382
0.00623789  309
0.0062447  316
0.00625145  320
0.00628714  384
0.00631569  211
0.0063684  349
0.00639743  375
0.00640779  310
0.00642617  363
0.00642745  337
0.00651191  254
0.00654543  366
0.00666728  304
0.00670753  321
0.00675792  307
0.00691142  398
0.00703637  331
0.00714069  391
0.0071413  357
0.00718685  208
0.00732041  338
0.00739269  327
0.00757867  319
0.00773446  395
0.00792444  369
0.00794224  372
0.00829563  273
0.00830622  154
0.00832616  17
0.00917327  202
0.0097891  244
0.010167  203
0.0101736  334
0.0117229  37
0.0120612  201
0.0142821  210
0.0165995  341
0.018924  362
0.0244805  236
0.0255786  52
0.0283922  262
0.0303351  286
0.0308226  21
0.0348263  379
0.0357933  308
0.036314  7
0.0364426  4
0.036938  306
0.0371465  318
0.0373539  2
0.0386231  77
0.0388307  311
0.0390729  284
0.0393555  288
0.0396266  339
0.0402781  289
0.0402855  248
0.0404972  298
0.0417608  381
0.0421056  346
0.0423714  1
0.0427652  261
0.0434352  374
0.0436268  359
0.043769  332
0.0437968  390
0.0439391  322
0.0444424  383
0.0447191  312
0.0447628  394
0.0452018  265
0.0454495  172
0.0455456  367
0.0457531  397
0.0459739  109
0.0463345  278
0.047935  239
0.0485357  296
0.0485593  317
0.0488176  212
0.0490766  368
0.0492053  31
0.0496452  13
0.0500406  304
0.0500625  360
0.0500792  329
0.051068  388
0.0511983  333
0.0513036  250
0.0513363  199
0.0515473  387
0.0516294  336
0.0516668  361
0.0519608  32
0.0523732  19
0.0524349  287
0.0525935  245
0.052916  136
0.0530776  209
0.05309  396
0.0531616  364
0.0531689  377
0.0536409  260
0.0537996  386
0.0538357  117
0.0540161  20
0.0540783  125
0.0543371  115
0.0543477  389
0.0546367  399
0.0547898  305
0.054831  384
0.0549141  370
0.0549451  330
0.0549663  323
0.0552571  23
0.0553732  283
0.0561034  315
0.05626  249
0.05646  270
0.0569005  214
0.0574085  79
0.0574088  326
0.0574691  300
0.0575153  380
0.0575612  247
0.0578256  393
0.0578549  371
0.0584824  340
0.0585619  61
0.0587445  71
0.0588074  331
0.058814  348
0.0590546  237
0.0592217  163
0.0594338  120
0.059548  302
0.0598522  355
0.0599668  127
0.0602654  280
0.0603757  272
0.0607203  353
0.0611107  342
0.0612189  392
0.0618053  297
0.0618988  358
0.0619743  344
0.0620555  391
0.0625191  313
0.0625831  133
0.0627742  76
0.0629485  324
0.0632311  41
0.0633248  373
0.0634502  369
0.0634585  22
0.0639158  349
0.0642284  303
0.0642483  39
0.0645332  352
0.0649014  365
0.0649081  350
0.0662994  187
0.0664258  99
0.066938  64
0.0671631  345
0.0672993  301
0.0686998  267
0.0689247  108
0.0692283  376
0.0694945  309
0.0697089  242
0.070064  233
0.070865  14
0.0718379  343
0.0725089  335
0.0731079  328
0.0734009  347
0.0744865  398
0.0750018  378
0.0750609  282
0.0758449  319
0.0761466  357
0.0782094  321
0.0782598  382
0.0791453  263
0.0792122  173
0.0794043  356
0.0816248  327
0.0827704  395
0.0828221  337
0.0837513  362
0.0853181  338
0.0858139  316
0.0866332  255
0.0876244  75
0.0892983  375
0.090219  314
0.093019  105
0.0933877  128
0.0934068  119
0.0944511  390
0.0944892  294
0.0949423  238
0.0953364  221
0.0959695  290
0.0960798  354
0.0961348  366
0.0961823  307
0.0963875  68
0.0968451  341
0.0968763  351
0.0974136  213
0.0988885  200
0.099483  92
0.0996035  388
0.0996637  220
0.0997507  363
0.0997925  33
0.0998349  112
0.100098  291
0.100122  396
0.10024  147
0.100314  325
0.100566  254
0.100675  169
0.100874  276
0.10097  264
0.101045  385
0.101095  252
0.101145  57
0.101196  292
0.101361  367
0.10171  308
0.101902  167
0.101946  189
0.102382  310
0.102434  56
0.102476  306
0.102564  311
0.102607  332
0.102643  339
0.102798  141
0.103704  5
0.103772  360
0.103803  80
0.103818  372
0.104017  334
0.104044  205
0.104064  394
0.1042  228
0.104306  268
0.104496  389
0.104566  25
0.104912  281
0.104953  320
0.105171  18
0.105432  44
0.105643  225
0.105804  266
0.10584  374
0.106107  191
0.106261  193
0.10643  31
0.106434  21
0.106572  393
0.10661  216
0.106856  149
0.107139  383
0.107524  387
0.107548  342
0.107575  257
0.107576  352
0.107628  275
0.107763  38
0.107997  353
0.108091  203
0.108108  317
0.108447  279
0.108496  83
0.108532  16
0.108682  336
0.108699  192
0.108841  78
0.108984  52
0.109128  181
0.10914  359
0.10915  293
0.109164  155
0.109212  329
0.109402  157
0.109541  51
0.109676  326
0.109695  391
0.109818  258
0.109931  240
0.110029  34
0.110091  315
0.110102  299
0.110115  152
0.110314  361
0.110396  397
0.110559  175
0.110587  333
0.110843  386
0.11089  197
0.11111  379
0.111182  286
0.111309  217
0.111689  269
0.111746  371
0.111816  346
0.111857  101
0.111873  8
0.112136  305
0.11222  151
0.112338  153
0.112415  350
0.112771  185
0.112919  330
0.112925  3
0.113078  355
0.113317  201
0.113448  370
0.113635  344
0.113658  239
0.113738  380
0.113755  0
0.113786  322
0.113795  357
0.114045  135
0.114076  368
0.114407  283
0.114425  377
0.114587  4
0.114607  274
0.114753  316
0.114764  124
0.114764  260
0.114852  340
0.114918  319
0.114955  211
0.114981  392
0.115067  399
0.115301  123
0.115366  303
0.115388  55
0.115473  381
0.115582  356
0.115586  347
0.115694  107
0.116061  45
0.116164  364
0.116166  384
0.116251  63
0.116529  335
0.116628  12
0.116918  314
0.117032  300
0.117289  398
0.118051  11
0.118327  285
0.11853  168
0.118566  365
0.119066  313
0.119813  139
0.119939  212
0.120078  378
0.120707  309
0.120792  382
0.121064  318
0.121252  348
0.122061  354
0.122184  312
0.122204  85
0.122306  282
0.123449  349
0.124484  375
0.125151  53
0.12544  331
0.126156  343
0.126212  235
0.126882  376
0.127184  302
0.12861  362
0.128902  159
0.131402  338
0.133636  196
0.134657  328
0.135288  180
0.135308  115
0.135596  298
0.136063  301
0.136079  369
0.136121  19
0.136264  58
0.136847  388
0.137116  71
0.137361  324
0.137545  284
0.140156  358
0.140746  271
0.141381  295
0.14173  91
0.141946  372
0.142066  395
0.142568  337
0.143184  223
0.144159  77
0.144379  323
0.145142  79
0.145263  390
0.146623  241
0.146789  394
0.146974  96
0.147366  307
0.147718  236
0.147918  146
0.147933  187
0.14794  87
0.148007  351
0.148978  306
0.149327  304
0.149485  6
0.149515  7
0.149612  81
0.149768  321
0.149984  327
0.150457  325
0.150465  184
0.152332  345
0.152645  133
0.152927  144
0.153251  366
0.153477  308
0.153928  320
0.154337  116
0.154366  251
0.154411  132
0.154534  248
0.154536  341
0.154927  218
0.154946  215
0.155048  30
0.155815  160
0.155893  329
0.156226  259
0.156821  95
0.15686  10
0.157107  303
0.157287  359
0.157438  336
0.157743  247
0.157828  340
0.157853  156
0.157895  113
0.158154  272
0.158271  310
0.158401  174
0.1585  183
0.158672  145
0.158819  164
0.158847  163
0.158977  232
0.159069  373
0.159283  352
0.159293  237
0.159366  165
0.159376  75
0.159578  136
0.160156  224
0.160518  316
0.16054  296
0.160675  346
0.161102  14
0.161114  344
0.161162  104
0.161197  67
0.161287  29
0.161484  47
0.161515  253
0.16165  154
0.161719  166
0.161724  15
0.161793  64
0.161926  339
0.162205  234
0.162237  49
0.162286  243
0.162418  254
0.162478  24
0.162553  22
0.162594  273
0.16261  222
0.163016  367
0.163092  262
0.163138  379
0.163325  249
0.163335  111
0.163348  385
0.163352  302
0.163407  76
0.163408  374
0.163419  131
0.163482  350
0.163504  380
0.163536  396
0.163554  360
0.163598  1
0.16369  333
0.163738  315
0.163812  363
0.163864  147
0.164102  332
0.164129  349
0.164204  190
0.164229  209
0.164277  314
0.164327  170
0.164353  353
0.1644  356
0.164518  397
0.164548  265
0.164612  261
0.164695  330
0.164768  286
0.16483  137
0.164878  322
0.165044  387
0.165161  392
0.165191  182
0.165258  370
0.165285  90
0.165358  97
0.165375  244
0.1654  35
0.165685  326
0.165686  334
0.165731  94
0.165748  39
0.165846  252
0.16586  276
0.165884  200
0.165972  21
0.166008  82
0.166015  311
0.166081  361
0.166086  120
0.166157  98
0.166184  264
0.166227  357
0.166236  23
0.166272  278
0.166368  317
0.166392  231
0.166436  364
0.166464  177
0.16647  289
0.166499  381
0.166545  399
0.166641  230
0.166653  210
0.166771  171
0.166789  34
0.16684  368
0.16689  242
0.16691  300
0.166943  342
0.167018  309
0.167073  393
0.167128  150
0.167177  375
0.167215  118
0.167245  256
0.167245  152
0.167428  319
0.16743  114
0.167545  277
0.167619  347
0.167629  91
0.167848  93
0.167924  354
0.167973  84
0.167985  245
0.168141  2
0.168168  305
0.168172  301
0.168223  371
0.168334  331
0.168395  348
0.168426  148
0.16844  362
0.168487  172
0.168543  18
0.168596  312
0.168615  117
0.168621  384
0.168853  318
0.168864  298
0.168895  36
0.168941  382
0.169106  398
0.16918  106
0.169205  388
0.169217  143
0.169299  54
0.169337  369
0.169477  257
0.169482  233
0.169612  383
0.169778  358
0.169944  328
0.170031  372
0.170076  324
0.170129  126
0.170151  376
0.170194  365
0.170345  58
0.170492  130
0.170543  378
0.170553  386
0.170783  20
0.170839  377
0.170896  68
0.170945  268
0.171132  105
0.171164  355
0.171296  391
0.171671  389
0.172159  0
0.172337  338
0.172402  238
0.172926  335
0.17299  50
0.173167  127
0.173446  5
0.173669  321
0.173717  304
0.173783  297
0.173796  4
0.173952  25
0.17403  26
0.174405  208
0.174413  343
0.17471  198
0.174727  51
0.177224  327
0.177772  164
0.178447  207
0.178561  57
0.179595  9
0.180562  226
0.181085  201
0.181155  267
0.18122  246
0.183059  337
0.183259  345
0.184196  313
0.184298  307
0.184501  308
0.184589  352
0.185337  169
0.186022  186
0.186196  394
0.187237  59
0.189373  134
0.190455  202
0.193374  53
0.194156  129
0.194163  109
0.194323  213
0.194791  80
0.195399  323
0.19574  306
0.195817  341
0.19608  295
0.196833  189
0.197215  368
0.197416  395
0.197536  83
0.198125  332
0.198433  178
0.198641  310
0.198992  92
0.19966  44
0.200117  290
0.200173  239
0.200809  299
0.201211  43
0.201634  218
0.201644  319
0.201661  65
0.201971  300
0.201994  100
0.201997  285
0.202081  75
0.202084  157
0.202134  73
0.202627  42
0.20265  336
0.202852  188
0.202896  331
0.202989  121
0.20299  366
0.203047  312
0.203125  7
0.20316  88
0.203198  13
0.203311  329
0.203413  99
0.203463  315
0.203553  185
0.20358  33
0.203651  228
0.203883  374
0.203912  357
0.203988  217
0.204027  275
0.204055  219
0.204235  87
0.204266  225
0.204301  380
0.204951  397
0.20525  128
0.205274  52
0.205369  136
0.205398  76
0.205444  333
0.205487  320
0.205703  358
0.205915  155
0.205971  303
0.205978  335
0.206  41
0.206086  62
0.206097  173
0.20613  31
0.206143  162
0.206147  390
0.206185  291
0.20621  363
0.206222  110
0.206355  61
0.206446  385
0.206472  326
0.206616  85
0.206663  379
0.206712  302
0.206866  235
0.20698  359
0.206983  356
0.207005  389
0.207124  211
0.207162  196
0.207175  292
0.207255  375
0.207271  317
0.207287  349
0.207326  180
0.207358  274
0.207455  316
0.207488  21
0.207726  399
0.207746  367
0.207754  3
0.207832  86
0.208043  197
0.208191  370
0.20826  63
0.208302  314
0.208303  187
0.208376  37
0.208436  192
0.208504  124
0.208558  325
0.208614  279
0.208802  166
0.208996  122
0.209032  242
0.209062  240
0.209206  350
0.209225  344
0.209229  284
0.209283  309
0.209287  360
0.209413  40
0.209526  203
0.209578  351
0.209611  355
0.209742  220
0.209753  175
0.209864  191
0.210101  281
0.21012  330
0.210134  177
0.210232  101
0.210268  270
0.210435  339
0.210502  212
0.210768  340
0.21082  301
0.210847  46
0.210892  69
0.210916  353
0.210935  393
0.211196  227
0.211384  378
0.211468  151
0.21163  294
0.211952  12
0.212027  346
0.212112  313
0.212154  167
0.212274  318
0.212308  396
0.212339  324
0.212413  392
0.212578  388
0.212652  35
0.212727  112
0.212735  288
0.212842  321
0.213023  354
0.213068  269
0.213101  384
0.213111  328
0.213253  327
0.213483  337
0.213516  216
0.213592  25
0.21369  79
0.213934  36
0.214007  19
0.214013  322
0.214318  391
0.214505  141
0.214661  77
0.214709  383
0.214734  45
0.215323  342
0.215337  15
0.21557  158
0.215935  377
0.215994  221
0.216136  369
0.216287  361
0.216613  253
0.21697  398
0.217166  132
0.217437  381
0.217766  371
0.21777  311
0.217887  116
0.218404  149
0.218754  323
0.218851  365
0.219175  102
0.219338  271
0.219505  376
0.219549  230
0.219889  118
0.219959  199
0.220348  373
0.221032  348
0.221391  364
0.222434  232
0.223123  334
0.223644  305
0.224229  261
0.224601  304
0.224668  147
0.225177  236
0.226565  193
0.227548  245
0.227708  223
0.228195  362
0.229139  347
0.229364  372
0.230744  352
0.231103  17
0.232465  146
0.232876  341
0.23289  338
0.23405  382
0.234095  125
0.234188  181
0.234929  264
0.235766  345
0.237059  280
0.237264  359
0.237456  39
0.238437  308
0.239279  206
0.239605  306
0.242418  394
0.243889  293
0.244052  343
0.244107  179
0.244582  368
0.245606  176
0.246185  283
0.246362  307
0.246616  93
0.246762  386
0.24718  8
0.247734  161
0.247776  6
0.247909  246
0.247994  229
0.248027  160
0.248544  139
0.248839  282
0.249046  287
0.249221  255
0.249274  86
0.249324  303
0.249354  387
0.249974  333
0.250197  319
0.25041  71
0.250419  129
0.250643  326
0.250721  336
0.25111  302
0.251242  4
0.251592  168
0.251816  72
0.251852  349
0.251862  90
0.252146  209
0.252168  291
0.252503  358
0.252762  148
0.252835  250
0.253372  130
0.253522  210
0.253612  324
0.253689  74
0.253827  237
0.254077  51
0.25424  244
0.254442  153
0.254535  310
0.25462  375
0.254639  300
0.254712  263
0.254789  107
0.254797  357
0.254843  126
0.254911  163
0.254928  379
0.255021  35
0.255261  95
0.255262  120
0.255284  186
0.255289  190
0.255324  28
0.255351  317
0.255371  344
0.255383  165
0.255496  57
0.25554  152
0.255607  205
0.255694  374
0.255822  354
0.255885  169
0.255912  321
0.25594  388
0.255958  65
0.255993  115
0.25602  356
0.256071  66
0.256092  70
0.256107  108
0.256129  173
0.256146  312
0.256358  325
0.256361  242
0.256486  370
0.256583  142
0.256868  113
0.256903  309
0.256986  78
0.25717  259
0.25719  144
0.257292  111
0.257347  233
0.257349  226
0.257367  135
0.257387  214
0.257493  188
0.257527  363
0.257544  10
0.257569  395
0.257586  32
0.257623  315
0.257658  366
0.257816  355
0.257826  360
0.257834  320
0.257858  331
0.257884  105
0.25796  384
0.257999  38
0.258023  339
0.25803  390
0.258096  380
0.258118  143
0.258146  27
0.258169  367
0.258234  103
0.258319  289
0.258447  231
0.258593  332
0.258613  353
0.258705  20
0.258745  83
0.258824  392
0.258835  385
0.25896  249
0.259019  240
0.259081  99
0.259088  286
0.259089  195
0.259261  398
0.259285  218
0.259291  329
0.259368  377
0.259403  330
0.259498  314
0.259512  189
0.259604  311
0.259616  346
0.25987  383
0.259884  340
0.259948  88
0.259975  2
0.260185  389
0.260675  197
0.260828  350
0.260854  277
0.26086  378
0.260871  30
0.261297  203
0.261647  335
0.261792  208
0.262096  155
0.262108  59
0.26211  221
0.262136  140
0.262401  42
0.262499  243
0.262527  351
0.262586  194
0.262645  228
0.262839  67
0.262867  3
0.262878  328
0.262948  261
0.262964  337
0.263023  347
0.263253  334
0.263274  265
0.263315  97
0.263366  34
0.263435  373
0.263482  170
0.263495  361
0.263642  345
0.263723  262
0.263839  369
0.263846  134
0.263858  381
0.263884  338
0.263886  364
0.264059  391
0.264286  295
0.26455  343
0.26464  137
0.264675  327
0.264675  16
0.264726  393
0.26475  323
0.264788  162
0.264801  119
0.264844  318
0.265075  58
0.265218  352
0.265291  198
0.265355  342
0.265533  18
0.265679  305
0.265795  376
0.266318  80
0.266561  365
0.266623  257
0.267031  159
0.267074  166
0.267288  238
0.267343  397
0.268159  201
0.268733  359
0.268959  399
0.269104  372
0.269394  9
0.269619  222
0.271024  50
0.271257  267
0.271466  396
0.27153  54
0.271806  207
0.271808  92
0.272098  310
0.273579  382
0.274141  247
0.274714  60
0.274976  362
0.275023  23
0.275453  301
0.275619  306
0.276056  394
0.278769  341
0.280916  112
0.281541  19
0.281555  52
0.282308  386
0.283525  309
0.283669  307
0.284518  336
0.284712  98
0.287204  358
0.287685  312
0.287729  308
0.288007  304
0.290508  193
0.291404  44
0.291771  258
0.292514  371
0.292524  55
0.293095  288
0.293702  41
0.293865  316
0.294022  241
0.294219  348
0.294436  278
0.294443  1
0.294454  82
0.294553  138
0.294582  175
0.294604  298
0.294692  46
0.294737  272
0.294874  77
0.294947  322
0.29518  355
0.29518  127
0.295695  151
0.296131  291
0.296308  366
0.296914  344
0.29709  132
0.297165  164
0.297341  13
0.297399  29
0.297541  392
0.297698  354
0.297759  239
0.297975  273
0.298172  5
0.29829  212
0.298353  187
0.298572  101
0.29874  185
0.299  104
0.29901  331
0.299021  224
0.299097  339
0.29927  395
0.299287  321
0.299323  167
0.299386  69
0.299451  333
0.299607  150
0.299715  230
0.300112  84
0.300118  22
0.300185  136
0.300202  204
0.300252  215
0.300262  7
0.300499  313
0.300532  87
0.300671  385
0.300726  149
0.30085  285
0.300852  38
0.300948  14
0.301004  370
0.301071  118
0.301225  389
0.301258  377
0.301274  368
0.301337  315
0.301343  374
0.301396  303
0.30154  326
0.301619  64
0.30163  117
0.301636  328
0.301644  268
0.301695  135
0.301733  91
0.30176  325
0.301928  256
0.302061  81
0.302229  75
0.302244  314
0.302249  157
0.302299  102
0.302332  361
0.302415  0
0.30244  213
0.302494  350
0.302511  191
0.302621  116
0.302637  223
0.302656  86
0.302667  383
0.30274  253
0.302767  387
0.302958  220
0.303009  364
0.303074  250
0.303081  378
0.303097  398
0.303182  311
0.303228  184
0.303286  320
0.303336  133
0.303366  106
0.30338  351
0.303408  347
0.303482  234
0.303642  254
0.303678  335
0.303747  329
0.303824  49
0.303858  265
0.303923  45
0.303932  349
0.303974  357
0.303987  345
0.304088  384
0.304124  31
0.304176  63
0.304197  393
0.304283  202
0.304331  124
0.304364  47
0.304369  252
0.304463  206
0.304544  379
0.304596  300
0.304691  48
0.304782  360
0.304842  174
0.304856  200
0.304958  57
0.304972  190
0.305119  281
0.305325  319
0.305454  25
0.305704  85
0.3058  173
0.305841  141
0.305956  342
0.305981  251
0.305994  121
0.306133  89
0.306145  353
0.306344  148
0.306433  235
0.306657  318
0.306795  186
0.306852  237
0.306865  386
0.306897  372
0.306898  189
0.306906  381
0.307024  131
0.307025  388
0.307044  296
0.307054  199
0.307171  391
0.307199  367
0.307202  180
0.307321  346
0.307601  317
0.307651  107
0.307773  390
0.307808  11
0.307819  352
0.307837  363
0.30793  380
0.307942  330
0.307959  171
0.307967  376
0.308029  58
0.308063  365
0.308229  78
0.308294  233
0.308408  154
0.308489  324
0.30851  280
0.308609  33
0.308682  292
0.309105  188
0.309133  111
0.309268  341
0.309408  369
0.309514  340
0.309848  139
0.309881  343
0.309882  334
0.310017  227
0.310219  297
0.31022  156
0.310497  356
0.310603  396
0.31072  359
0.310842  382
0.310855  332
0.311217  294
0.311276  10
0.311392  301
0.311523  129
0.31156  338
0.311877  39
0.311909  362
0.31207  397
0.312179  337
0.31246  8
0.312735  24
0.312814  375
0.313099  286
0.313356  44
0.313434  217
0.31354  214
0.31393  323
0.314049  120
0.314509  193
0.314602  327
0.314858  181
0.315135  158
0.315433  261
0.31591  35
0.316024  71
0.317004  302
0.317146  26
0.317671  62
0.317884  284
0.317918  394
0.318027  65
0.318217  275
0.318439  109
0.318439  277
0.318762  145
0.318826  305
0.318925  336
0.319103  269
0.319141  306
0.319356  219
0.319686  355
0.319755  66
0.319811  371
0.321404  309
0.321647  373
0.321831  370
0.322055  307
0.322309  304
0.324217  308
0.326809  349
0.327964  374
0.32797  290
0.328118  248
0.328368  96
0.329354  383
0.33005  399
0.33056  12
0.330676  128
0.331362  310
0.332222  56
0.332281  93
0.332744  55
0.333695  266
0.333912  97
0.334806  312
0.335825  3
0.335909  100
0.336374  68
0.336383  377
0.3367  2
0.337182  95
0.337301  15
0.337374  366
0.33743  140
0.337599  218
0.337729  395
0.338142  60
0.338508  339
0.338599  344
0.338809  320
0.339129  346
0.339159  37
0.339352  264
0.339429  183
0.339905  17
0.340515  28
0.340586  328
0.340629  163
0.340831  246
0.340873  351
0.34113  226
0.341231  299
0.341386  347
0.341628  234
0.341658  311
0.341832  378
0.341889  317
0.342173  179
0.342438  321
0.342689  94
0.342932  354
0.343478  282
0.343712  259
0.343889  177
0.343893  11
0.343975  182
0.344226  211
0.344567  358
0.344701  368
0.345826  387
0.346091  146
0.346174  112
0.346245  258
0.346267  379
0.34632  208
0.346664  385
0.346837  389
0.346978  20
0.347044  262
0.347217  16
0.347233  357
0.347276  326
0.347527  255
0.347741  115
0.347794  322
0.347983  365
0.348378  361
0.348494  70
0.348789  122
0.348818  314
0.349045  393
0.349069  5
0.349076  165
0.349438  331
0.349498  392
0.349562  106
0.349795  362
0.349973  53
0.350001  380
0.350006  381
0.350127  270
0.350233  231
0.350284  236
0.350545  241
0.350556  21
0.350727  324
0.350749  301
0.350987  108
0.351431  390
0.351498  105
0.351785  384
0.351843  76
0.352286  178
0.352364  337
0.352574  83
0.352663  260
0.352756  305
0.352955  363
0.353389  334
0.353561  376
0.35365  316
0.353781  285
0.354011  345
0.354117  330
0.354341  309
0.354566  79
0.354787  228
0.354804  360
0.354811  142
0.354821  257
0.354927  84
0.355062  34
0.355759  356
0.355996  364
0.356211  388
0.356408  373
0.35685  348
0.357066  382
0.357267  161
0.357406  313
0.357523  67
0.35778  353
0.357927  340
0.358191  397
0.358265  279
0.358646  220
0.358826  92
0.359196  335
0.35994  303
0.36004  43
0.36018  85
0.36062  250
0.361226  61
0.361684  350
0.362484  375
0.362699  374
0.362994  202
0.363825  396
0.363858  302
0.363861  103
0.363885  151
0.363981  233
0.364269  300
0.364925  126
0.365265  398
0.365402  371
0.365413  240
0.365849  341
0.366333  349
0.366495  318
0.367495  271
0.368146  319
0.369913  129
0.369946  251
0.371321  176
0.372344  110
0.372425  372
0.373067  333
0.373141  391
0.373221  315
0.373705  205
0.374411  170
0.374443  195
0.374971  366
0.375831  325
0.37595  184
0.376378  132
0.376945  359
0.376989  159
0.377098  386
0.377453  293
0.377627  51
0.377998  321
0.378083  73
0.378206  230
0.378329  80
0.37881  288
0.378922  274
0.379184  338
0.379259  367
0.379325  160
0.379475  191
0.379556  336
0.380039  394
0.380168  399
0.380171  46
0.380172  307
0.380194  23
0.380343  287
0.380516  19
0.380609  40
0.380655  352
0.38082  133
0.380832  342
0.380923  36
0.381271  169
0.381346  304
0.381492  291
0.381932  332
0.381968  4
0.382262  329
0.382282  306
0.382288  7
0.382742  201
0.383538  0
0.383546  245
0.383578  197
0.38411  368
0.384128  9
0.384378  351
0.384455  310
0.384894  284
0.384962  149
0.385211  113
0.385458  74
0.385653  137
0.385878  369
0.385907  249
0.385941  104
0.385996  24
0.386113  13
0.386286  344
0.386325  33
0.386336  217
0.386363  82
0.386747  261
0.386762  49
0.386766  210
0.387  283
0.387099  171
0.387234  44
0.387315  1
0.387333  354
0.387401  370
0.387556  198
0.387639  207
0.387706  383
0.387793  65
0.387902  155
0.387938  173
0.388078  188
0.388318  317
0.38837  194
0.388588  355
0.388739  339
0.388827  119
0.389012  346
0.389097  327
0.389118  135
0.389265  343
0.389283  18
0.389303  358
0.389434  312
0.389461  57
0.389777  289
0.389941  168
0.389953  206
0.390016  52
0.390217  238
0.390224  357
0.390522  164
0.390558  6
0.390559  163
0.390625  192
0.390813  143
0.390993  55
0.391084  388
0.391205  78
0.391216  314
0.391367  375
0.391438  337
0.391923  60
0.391928  213
0.391942  328
0.39203  123
0.392081  199
0.392114  139
0.392132  308
0.39228  172
0.392304  254
0.392367  316
0.392454  77
0.392544  72
0.392607  114
0.392632  385
0.392728  323
0.392744  360
0.392804  378
0.392845  320
0.392918  5
0.392928  229
0.392946  298
0.392962  166
0.393081  2
0.393082  27
0.393237  371
0.393337  345
0.393408  365
0.393491  263
0.393603  299
0.393708  117
0.393735  294
0.393746  138
0.393943  98
0.39395  118
0.394099  393
0.394376  93
0.394387  322
0.394439  395
0.39446  58
0.394493  382
0.394521  101
0.394624  264
0.394699  31
0.394706  361
0.394709  182
0.394791  99
0.394877  69
0.394918  347
0.395043  150
0.395043  124
0.395081  162
0.395096  277
0.395335  331
0.395356  389
0.39536  380
0.395488  379
0.395504  212
0.39558  88
0.395601  349
0.39561  125
0.395713  30
0.395715  392
0.395796  324
0.395803  66
0.395817  350
0.396079  384
0.396141  390
0.396156  330
0.396344  32
0.396345  216
0.396438  302
0.396541  363
0.396637  353
0.396653  377
0.396848  186
0.396868  381
0.396886  268
0.397013  253
0.397072  42
0.397118  100
0.397193  341
0.397195  326
0.397209  313
0.397452  189
0.397605  295
0.397608  362
0.397628  398
0.397685  196
0.397698  290
0.397725  256
0.397852  148
0.397981  131
0.398008  17
0.398087  174
0.398187  244
0.39834  3
0.398439  333
0.398574  214
0.398587  300
0.398647  301
0.398685  120
0.398725  275
0.398763  396
0.398771  340
0.398781  356
0.398814  200
0.399  111
0.399057  211
0.399177  372
0.399285  319
0.399505  285
0.399658  348
0.399693  208
0.399716  234
0.399758  144
0.399867  397
0.39994  180
0.400008  394
0.400052  102
0.400112  376
0.400386  276
0.401  335
0.401221  334
0.401263  305
0.401844  47
0.402067  303
0.402134  373
0.402273  366
0.402376  273
0.402614  387
0.402664  391
0.402727  147
0.402817  374
0.403793  14
0.403841  61
0.403845  310
0.403867  325
0.403998  367
0.404637  146
0.40496  184
0.405017  154
0.406012  321
0.406108  227
0.406139  342
0.406677  307
0.406777  311
0.407384  364
0.408132  221
0.408253  352
0.409373  318
0.409501  280
0.409505  336
0.410321  35
0.411054  315
0.415786  370
0.419711  355
0.421669  312
0.424116  25
0.425147  87
0.425903  134
0.428335  64
0.429234  240
0.431059  309
0.431877  181
0.432039  54
0.432305  271
0.432596  278
0.432784  296
0.432951  140
0.43339  48
0.433465  297
0.433489  369
0.433578  45
0.434424  39
0.434433  38
0.434502  371
0.434648  329
0.434732  225
0.43483  176
0.434895  105
0.435185  153
0.43522  246
0.435375  62
0.435522  156
0.435554  71
0.435565  185
0.435632  385
0.435684  224
0.436072  222
0.436216  210
0.436248  386
0.436281  361
0.436363  22
0.436382  302
0.436393  270
0.436488  241
0.43652  308
0.436708  68
0.436824  368
0.43689  339
0.437016  399
0.437126  247
0.437145  41
0.437164  90
0.437165  103
0.437259  359
0.437339  95
0.437663  151
0.437721  235
0.437795  279
0.43787  333
0.438092  129
0.438169  306
0.438227  288
0.438428  137
0.438636  128
0.438689  327
0.438726  12
0.438769  193
0.43877  58
0.4388  331
0.438802  337
0.438819  204
0.438832  346
0.439056  354
0.439095  223
0.43925  232
0.439518  203
0.439552  142
0.439568  89
0.4396  351
0.439844  316
0.439945  259
0.440166  73
0.440269  388
0.440436  395
0.440445  127
0.440449  242
0.440523  190
0.44054  170
0.440546  292
0.440644  326
0.440735  345
0.440764  389
0.44078  393
0.440866  179
0.441036  378
0.44109  332
0.441139  362
0.441252  390
0.44127  230
0.441305  112
0.441338  328
0.441523  322
0.441586  177
0.441621  325
0.441743  94
0.441745  161
0.441796  314
0.441912  216
0.441999  267
0.44204  43
0.442074  375
0.442308  310
0.442354  343
0.44236  383
0.442368  353
0.442398  335
0.442424  107
0.442462  29
0.442553  304
0.442561  201
0.44259  365
0.442651  286
0.44268  382
0.442722  231
0.442873  125
0.442936  187
0.44304  319
0.443089  357
0.443184  152
0.443268  376
0.4434  323
0.443431  76
0.443511  132
0.443533  145
0.443549  397
0.443584  293
0.443849  367
0.443865  248
0.443866  317
0.444489  290
0.444504  336
0.444518  196
0.444529  66
0.444605  69
0.44465  366
0.444798  254
0.444804  16
0.444858  347
0.445  358
0.445205  136
0.445222  70
0.445287  81
0.445313  10
0.445361  338
0.445488  387
0.445545  350
0.445634  266
0.446025  349
0.446035  79
0.446128  119
0.446135  342
0.446136  82
0.446136  9
0.446274  44
0.446275  265
0.446304  377
0.446327  2
0.446492  370
0.446496  28
0.446533  236
0.446681  175
0.446693  363
0.446726  307
0.446887  0
0.4469  83
0.446962  396
0.447061  122
0.447091  238
0.447122  380
0.447151  130
0.447285  348
0.447372  301
0.447428  324
0.447575  373
0.447654  344
0.447701  356
0.448009  384
0.448012  355
0.448321  300
0.44836  135
0.448361  215
0.448631  360
0.448915  320
0.448957  398
0.449142  115
0.449156  109
0.449259  60
0.449278  285
0.449583  352
0.449743  86
0.449807  157
0.449825  303
0.450093  340
0.45026  214
0.450317  312
0.450462  67
0.450575  257
0.450604  318
0.450917  65
0.45101  341
0.451113  334
0.451134  294
0.45129  311
0.451357  282
0.451606  391
0.452695  249
0.453129  11
0.453242  315
0.453876  283
0.454471  372
0.455147  131
0.45621  305
0.456402  381
0.460162  364
0.460568  313
0.461931  321
0.462555  106
0.462571  262
0.463456  394
0.463736  14
0.463964  91
0.46548  392
0.466054  379
0.466738  198
0.467405  21
0.467641  99
0.467963  108
0.471345  205
0.472522  63
0.472576  18
0.472962  1
0.473447  208
0.473512  172
0.473573  308
0.473919  34
0.474629  53
0.4748  162
0.475527  173
0.475719  330
0.475909  361
0.476105  368
0.476242  49
0.476267  72
0.47649  57
0.476697  261
0.476866  207
0.476908  233
0.476913  302
0.477052  362
0.477672  333
0.477739  144
0.477838  165
0.477852  100
0.477858  389
0.477934  55
0.47807  167
0.478244  245
0.478466  200
0.478619  385
0.478678  133
0.478687  386
0.478888  246
0.479004  8
0.479057  78
0.479105  174
0.479282  260
0.479506  171
0.479893  339
0.480126  343
0.48029  97
0.480366  30
0.480415  124
0.480458  331
0.48052  13
0.480636  178
0.480679  188
0.480687  395
0.480785  27
0.481  4
0.481007  295
0.481013  75
0.481021  255
0.481025  329
0.481079  220
0.481239  113
0.481246  92
0.481322  251
0.481324  212
0.481418  369
0.481549  93
0.481691  354
0.481749  22
0.481906  325
0.481917  393
0.48204  40
0.48204  326
0.482203  191
0.482259  210
0.482271  365
0.482294  317
0.482343  7
0.482441  218
0.482465  80
0.482568  33
0.482655  87
0.48291  6
0.483032  336
0.483151  36
0.48316  324
0.483172  110
0.483192  213
0.483204  390
0.483238  170
0.483242  327
0.483436  10
0.48347  280
0.483482  287
0.483517  61
0.483524  141
0.483598  316
0.483662  219
0.483679  182
0.483707  374
0.483768  253
0.48379  338
0.483803  314
0.48391  346
0.483924  234
0.483945  281
0.483973  159
0.484049  160
0.484156  276
0.484163  382
0.48428  381
0.484302  310
0.48434  298
0.484427  264
0.48454  272
0.484746  347
0.484871  306
0.484909  371
0.484982  149
0.485123  229
0.485142  370
0.485162  366
0.485302  206
0.485321  353
0.485428  359
0.48549  345
0.485492  351
0.485792  243
0.485835  29
0.486023  180
0.486105  19
0.486261  384
0.486375  222
0.486408  158
0.48643  289
0.486625  284
0.486633  322
0.486686  179
0.486737  239
0.487056  388
0.487062  120
0.487196  268
0.487224  350
0.487242  15
0.487363  328
0.487476  192
0.48749  337
0.487502  273
0.487522  211
0.487737  177
0.487955  323
0.488305  377
0.48834  164
0.488561  352
0.488589  399
0.488595  185
0.488678  332
0.48876  313
0.48886  312
0.488863  392
0.488927  355
0.488946  71
0.489101  394
0.489137  373
0.489391  342
0.48946  358
0.489469  300
0.489472  397
0.489537  54
0.489668  84
0.489701  383
0.489741  90
0.489752  56
0.489812  51
0.48995  375
0.490227  372
0.490529  304
0.490665  367
0.490861  341
0.490893  254
0.490982  396
0.491134  121
0.49119  153
0.491415  187
0.491432  104
0.491444  335
0.491504  357
0.491626  38
0.491661  128
0.49167  252
0.491769  315
0.491775  230
0.491802  163
0.492744  309
0.493061  297
0.493214  26
0.493417  203
0.493423  138
0.493427  360
0.493612  344
0.493928  73
0.494011  307
0.494033  292
0.494203  143
0.494227  376
0.49427  83
0.494287  266
0.494373  348
0.494621  258
0.494748  118
0.495247  199
0.495276  242
0.495517  275
0.495667  398
0.49573  380
0.49609  127
0.496582  363
0.496627  364
0.497099  318
0.497613  244
0.4981  89
0.498583  227
0.498855  368
0.49891  66
0.499312  175
0.499418  311
0.49945  277
0.499609  321
0.500023  100
0.500805  228
0.502022  320
0.502103  70
0.502123  391
0.502862  67
0.503044  356
0.503081  387
0.503249  378
0.50373  340
0.504594  92
0.50504  393
0.505077  294
0.506281  308
0.506468  385
0.506704  361
0.508528  91
0.509053  319
0.509768  349
0.514089  333
0.51478  47
0.515182  301
0.515238  256
0.515293  269
0.517445  330
0.518203  316
0.519899  39
0.520044  263
0.520179  231
0.52032  25
0.520365  12
0.521198  28
0.521287  155
0.521806  132
0.522025  331
0.522083  354
0.522455  94
0.522498  64
0.522682  194
0.522854  339
0.52286  161
0.523053  169
0.523078  122
0.523097  287
0.523223  114
0.52325  305
0.523288  334
0.523291  85
0.523449  5
0.523651  130
0.523675  116
0.523844  11
0.523857  217
0.523871  303
0.524158  201
0.524219  77
0.524236  139
0.52458  168
0.524605  136
0.524648  362
0.524775  283
0.52502  336
0.525066  381
0.525134  202
0.525147  358
0.525326  282
0.525338  291
0.525572  23
0.525671  76
0.525819  142
0.525841  125
0.525876  105
0.525982  276
0.525991  347
0.526154  370
0.52618  379
0.526276  117
0.526365  59
0.526384  17
0.526434  279
0.526652  323
0.526826  329
0.527038  222
0.527051  399
0.527094  395
0.527208  249
0.527727  46
0.527899  366
0.528018  16
0.528025  302
0.528026  209
0.528028  240
0.528047  145
0.528059  109
0.52807  345
0.528358  88
0.528379  107
0.528476  57
0.528572  103
0.528724  300
0.528783  369
0.528903  2
0.52903  314
0.52905  176
0.529229  237
0.529262  324
0.529489  388
0.52962  392
0.52981  110
0.529908  315
0.529955  3
0.53  373
0.530017  390
0.530072  337
0.530073  386
0.530077  75
0.530136  193
0.530156  167
0.530166  355
0.53019  147
0.530193  123
0.53023  310
0.530251  375
0.530274  52
0.530318  327
0.530404  338
0.530863  251
0.530918  166
0.531309  82
0.531335  342
0.531389  304
0.531466  45
0.531501  326
0.531575  35
0.531618  389
0.531751  313
0.531871  365
0.531879  311
0.531901  99
0.532569  293
0.532656  328
0.532724  32
0.53282  371
0.532932  346
0.532959  78
0.533054  322
0.533096  61
0.533096  97
0.533143  197
0.533211  382
0.533554  253
0.533601  86
0.533719  41
0.533786  223
0.53395  248
0.53432  268
0.534706  348
0.534783  24
0.535299  374
0.535313  181
0.535362  43
0.535404  384
0.535472  134
0.535603  357
0.535635  53
0.535928  306
0.535961  360
0.535982  154
0.536032  81
0.536216  219
0.536289  377
0.536295  335
0.536298  108
0.536345  224
0.536388  343
0.536601  235
0.536623  95
0.53667  352
0.536675  396
0.536742  350
0.536758  394
0.536773  163
0.536879  372
0.537331  317
0.537979  198
0.538467  18
0.53849  393
0.538517  351
0.538612  21
0.538939  9
0.539183  133
0.539428  397
0.53947  385
0.539732  179
0.539948  319
0.540064  177
0.540085  341
0.540105  37
0.540461  220
0.540717  359
0.541202  111
0.541658  312
0.541966  102
0.542114  34
0.54229  340
0.542371  297
0.543398  58
0.543632  380
0.543691  186
0.543718  71
0.543941  367
0.543949  260
0.544  87
0.544021  65
0.544515  368
0.544765  183
0.545327  146
0.545443  376
0.546076  308
0.548043  361
0.5486  49
0.548849  332
0.548865  190
0.551007  398
0.551198  325
0.551796  331
0.552622  74
0.5531  93
0.553315  101
0.553573  144
0.553881  307
0.554955  339
0.555106  364
0.555328  356
0.555788  137
0.556027  155
0.556056  188
0.556257  353
0.557796  363
0.557802  195
0.558703  391
0.558764  386
0.559562  378
0.561482  375
0.562247  296
0.562441  204
0.562475  301
0.563725  321
0.564276  173
0.564416  309
0.566328  168
0.567121  387
0.568233  373
0.568357  383
0.56839  160
0.569125  156
0.569189  141
0.569368  131
0.569663  273
0.569708  79
0.569897  390
0.570049  174
0.570472  152
0.570633  207
0.57097  349
0.570981  213
0.571156  62
0.571172  140
0.571207  1
0.571321  329
0.571331  113
0.571429  13
0.571448  285
0.571519  330
0.571548  182
0.571739  171
0.571744  236
0.571782  60
0.571838  328
0.572006  320
0.572235  334
0.57238  227
0.572456  352
0.572514  245
0.572547  269
0.572631  318
0.573216  388
0.573231  151
0.573255  370
0.573485  246
0.573495  216
0.573536  230
0.573585  316
0.57361  164
0.573762  290
0.573829  196
0.573857  337
0.573863  135
0.573878  326
0.573897  42
0.573918  243
0.573949  192
0.573972  280
0.57398  256
0.574013  206
0.574075  324
0.574198  159
0.57427  381
0.574291  69
0.574312  362
0.574496  193
0.57454  358
0.574638  303
0.574713  178
0.574722  323
0.57494  392
0.575037  143
0.575049  184
0.575053  148
0.575083  129
0.575102  226
0.575199  270
0.575384  300
0.575512  31
0.575614  342
0.57585  252
0.57586  275
0.575983  333
0.576015  336
0.576025  354
0.576214  366
0.576375  305
0.576504  250
0.57655  389
0.576711  67
0.576718  130
0.576811  314
0.576833  344
0.576885  92
0.576892  346
0.577222  351
0.577494  397
0.577715  317
0.577733  327
0.577755  379
0.57797  109
0.577997  10
0.578087  262
0.57809  399
0.578219  365
0.578259  44
0.578268  274
0.57849  299
0.578511  50
0.57866  126
0.578743  7
0.579298  302
0.579374  210
0.579375  89
0.579448  267
0.579745  203
0.57979  119
0.579833  382
0.579906  202
0.57997  338
0.580076  33
0.580081  355
0.580426  394
0.580587  145
0.580636  63
0.580695  191
0.580943  3
0.580954  169
0.580997  70
0.581099  205
0.581209  384
0.581639  360
0.581651  208
0.581789  278
0.58196  289
0.582017  395
0.582389  106
0.582658  371
0.582776  52
0.582822  310
0.582949  254
0.582972  335
0.583053  359
0.583115  350
0.583346  249
0.583497  138
0.58361  134
0.583687  393
0.583933  211
0.584198  377
0.584205  348
0.584362  80
0.584619  157
0.584728  261
0.585091  153
0.585275  150
0.585459  357
0.585468  343
0.585519  369
0.585525  19
0.585562  51
0.585638  340
0.585699  54
0.58579  292
0.585814  385
0.585849  313
0.585885  110
0.585906  25
0.586101  339
0.586118  315
0.586213  36
0.586216  307
0.586499  118
0.586599  222
0.586632  372
0.586767  170
0.586792  68
0.586951  341
0.587276  66
0.587452  235
0.587651  259
0.587856  347
0.587922  214
0.588176  6
0.588565  319
0.588797  264
0.588866  386
0.589111  248
0.589564  396
0.590178  163
0.590467  277
0.590581  322
0.591307  232
0.591752  374
0.591799  288
0.591813  239
0.592027  29
0.592047  380
0.592067  34
0.59233  311
0.592582  197
0.592726  38
0.59286  27
0.592881  364
0.592886  120
0.593604  332
0.595061  306
0.595228  260
0.595347  14
0.595385  375
0.5958  175
0.596442  282
0.597083  363
0.597115  304
0.597129  112
0.597516  361
0.597582  356
0.597621  137
0.597977  139
0.598054  387
0.598101  391
0.598362  15
0.598603  349
0.598899  345
0.599041  376
0.599143  225
0.59944  308
0.599601  0
0.599823  303
0.599927  331
0.599988  2
0.600231  373
0.600321  295
0.602006  16
0.60206  224
0.602228  4
0.602843  61
0.603202  334
0.603645  366
0.604247  158
0.604269  147
0.604467  312
0.605084  367
0.605407  172
0.605902  309
0.605945  353
0.606537  383
0.607438  321
0.608178  95
0.608191  291
0.608318  358
0.608859  30
0.609848  114
0.609866  370
0.610296  20
0.61067  127
0.611098  47
0.61129  378
0.611423  105
0.611538  329
0.61178  176
0.611851  125
0.611896  161
0.612098  395
0.612172  255
0.612469  283
0.612749  266
0.612854  162
0.612915  11
0.61318  45
0.613425  233
0.613483  240
0.613691  98
0.61377  317
0.613912  121
0.613981  271
0.614058  221
0.614102  346
0.614492  381
0.614676  181
0.614685  199
0.615273  144
0.615313  100
0.61533  253
0.615407  330
0.615524  149
0.615561  371
0.615603  212
0.61563  237
0.615692  354
0.615777  101
0.615836  115
0.615937  87
0.615997  78
0.616128  23
0.616148  355
0.616153  298
0.616225  83
0.616312  55
0.616334  320
0.616437  365
0.616439  251
0.616465  204
0.616509  73
0.616672  369
0.616836  5
0.617123  152
0.617137  301
0.617156  389
0.617269  48
0.617416  336
0.617575  167
0.617669  384
0.617702  164
0.617762  318
0.617878  337
0.617952  344
0.618036  103
0.618138  49
0.618166  392
0.618258  300
0.618374  65
0.618421  307
0.618463  393
0.618574  82
0.618645  399
0.618663  325
0.61871  28
0.618874  81
0.618931  326
0.619043  107
0.619057  350
0.619074  217
0.619093  243
0.619129  179
0.61928  128
0.619448  374
0.619544  223
0.61956  333
0.619625  351
0.619646  258
0.619673  84
0.619732  297
0.61977  37
0.619793  123
0.619796  69
0.619822  352
0.620086  327
0.620264  314
0.620455  265
0.62046  31
0.620499  398
0.62056  79
0.620584  189
0.620612  35
0.620854  219
0.621083  338
0.621093  275
0.621095  131
0.621152  335
0.621161  129
0.621169  368
0.621302  287
0.621341  43
0.621361  41
0.621473  296
0.621513  263
0.621524  132
0.621711  241
0.621833  316
0.621919  388
0.621943  194
0.622137  342
0.622217  328
0.622299  17
0.622301  8
0.622306  286
0.622347  76
0.622364  210
0.622559  394
0.622735  93
0.622847  151
0.622927  313
0.62293  88
0.62301  24
0.623015  62
0.623044  72
0.623099  324
0.623165  104
0.623284  362
0.623432  136
0.623498  250
0.62351  379
0.623806  77
0.623829  341
0.624199  361
0.624205  58
0.62425  116
0.624253  38
0.624281  229
0.62478  347
0.624815  281
0.624832  236
0.624878  364
0.62489  382
0.624951  32
0.624992  133
0.625023  134
0.625128  257
0.625199  315
0.62523  214
0.625288  200
0.625389  322
0.625463  94
0.625563  310
0.625678  386
0.62587  252
0.625934  302
0.625985  180
0.626146  256
0.626261  67
0.626265  360
0.626351  390
0.626428  375
0.626483  46
0.626672  380
0.626702  201
0.626708  173
0.626754  311
0.626822  359
0.626864  111
0.626975  304
0.626977  323
0.627016  385
0.627082  184
0.627235  172
0.627403  397
0.627445  122
0.627475  345
0.627496  91
0.62788  140
0.627926  349
0.628367  348
0.628406  305
0.628425  66
0.628619  353
0.628727  71
0.628798  294
0.628848  332
0.628962  377
0.628981  117
0.629025  14
0.629071  331
0.629217  357
0.629228  141
0.629258  159
0.629321  185
0.629576  53
0.629627  373
0.629732  396
0.629905  319
0.630371  306
0.630655  54
0.631113  279
0.631132  75
0.631322  59
0.631407  340
0.631612  63
0.631691  182
0.63184  381
0.632159  224
0.632275  273
0.632388  220
0.632725  339
0.63278  42
0.632796  343
0.63336  303
0.633481  309
0.633691  106
0.633696  334
0.633938  387
0.634093  329
0.634408  20
0.634873  376
0.634883  193
0.635036  18
0.635219  230
0.635393  321
0.635626  356
0.635858  355
0.636183  367
0.636507  247
0.636792  372
0.636849  211
0.637462  383
0.637643  187
0.639487  60
0.640918  138
0.641462  262
0.641568  308
0.64226  317
0.645902  212
0.646497  198
0.647088  330
0.649632  51
0.650548  312
0.65156  196
0.652002  395
0.653263  280
0.653624  227
0.654102  215
0.654439  378
0.654507  70
0.654685  45
0.654915  114
0.655442  13
0.655904  228
0.658036  150
0.658077  269
0.658237  178
0.658256  370
0.658337  365
0.658732  364
0.658917  351
0.658938  326
0.659038  160
0.65914  183
0.659539  166
0.660118  128
0.6605  391
0.661145  157
0.661261  209
0.661345  232
0.66137  325
0.661426  110
0.661909  327
0.662078  335
0.6624  126
0.662444  186
0.662637  124
0.662758  333
0.662794  363
0.662898  337
0.662938  399
0.663089  398
0.663164  295
0.663403  282
0.663787  301
0.663859  344
0.664243  260
0.664265  354
0.664811  320
0.664981  313
0.665104  392
0.665282  346
0.66548  170
0.665634  366
0.666298  217
0.666398  234
0.666804  195
0.667033  240
0.667162  358
0.667417  213
0.667637  332
0.667705  299
0.667744  374
0.667772  352
0.668243  369
0.668354  96
0.66901  384
0.669844  368
0.66986  130
0.669899  267
0.670069  171
0.670173  239
0.670584  40
0.670683  318
0.670873  95
0.670889  39
0.6711  50
0.671541  142
0.671941  248
0.671963  328
0.671975  199
0.672035  341
0.67223  188
0.672397  342
0.672455  297
0.672518  285
0.672575  382
0.672731  99
0.67281  169
0.673002  319
0.673002  146
0.67309  137
0.673155  338
0.673158  218
0.673269  204
0.673385  389
0.673414  371
0.673496  272
0.673768  148
0.673774  109
0.67407  139
0.674257  300
0.674388  1
0.674512  206
0.674592  322
0.674835  397
0.675072  158
0.675183  292
0.675658  48
0.675748  373
0.676008  261
0.67631  385
0.676448  16
0.676522  316
0.676576  311
0.676593  147
0.676675  386
0.676822  380
0.676825  274
0.677121  315
0.677214  394
0.677242  309
0.677276  135
0.677351  266
0.677377  347
0.67747  57
0.67752  359
0.677591  2
0.677679  361
0.677691  165
0.677723  340
0.677887  350
0.678128  360
0.678173  379
0.67822  393
0.678528  176
0.678662  324
0.678744  270
0.678857  254
0.678918  85
0.678974  122
0.67903  264
0.679106  302
0.679207  303
0.679263  268
0.67933  396
0.679501  307
0.67971  336
0.679808  111
0.679921  52
0.680132  329
0.680231  339
0.680489  235
0.680721  372
0.680746  86
0.681245  9
0.68142  345
0.681455  29
0.681557  101
0.681642  312
0.681693  323
0.682216  288
0.682301  112
0.682644  281
0.682687  155
0.682768  84
0.683442  34
0.683443  78
0.683975  226
0.684163  64
0.684499  334
0.684597  355
0.684895  25
0.685179  242
0.685249  331
0.685278  181
0.68538  161
0.685713  49
0.685852  12
0.68619  10
0.686226  17
0.686336  36
0.686499  388
0.686582  343
0.686862  377
0.687646  65
0.68831  179
0.688534  194
0.688541  314
0.688567  348
0.68932  357
0.689654  310
0.689962  390
0.689972  398
0.69019  68
0.690563  364
0.691096  200
0.691125  187
0.691204  306
0.692067  356
0.692386  387
0.692729  4
0.692791  321
0.692982  326
0.693231  138
0.693977  117
0.694127  293
0.69435  353
0.694842  141
0.694945  224
0.695143  54
0.695685  238
0.695692  154
0.697153  89
0.697469  118
0.697559  362
0.697713  81
0.697731  305
0.697893  384
0.698008  371
0.698048  26
0.698192  246
0.698237  275
0.698546  216
0.698656  24
0.6988  222
0.698994  93
0.699088  381
0.699141  375
0.699897  42
0.700317  191
0.700502  333
0.700679  97
0.700824  370
0.700973  175
0.701052  325
0.701747  30
0.701952  33
0.701986  105
0.702038  237
0.70209  376
0.702113  88
0.702187  41
0.70227  44
0.702581  367
0.702599  144
0.702709  308
0.702783  82
0.702921  207
0.702933  366
0.703056  143
0.703203  363
0.703289  225
0.703328  233
0.703345  76
0.703418  317
0.703439  92
0.703486  182
0.703517  5
0.703591  22
0.703957  318
0.704027  335
0.704081  304
0.704289  301
0.704306  121
0.704495  145
0.704634  378
0.704715  395
0.704737  23
0.704781  327
0.704916  316
0.704939  129
0.704952  162
0.705267  365
0.705431  74
0.705562  163
0.705716  80
0.70573  382
0.705811  244
0.705862  392
0.705893  151
0.705893  284
0.705922  140
0.706071  319
0.706168  341
0.706433  332
0.706439  72
0.706442  190
0.706488  167
0.706499  399
0.706621  337
0.706681  352
0.706784  19
0.707392  56
0.707531  47
0.707561  344
0.707577  391
0.707656  349
0.707735  300
0.707885  90
0.708316  340
0.708331  286
0.708531  223
0.708658  220
0.708738  184
0.708774  243
0.708928  159
0.708937  83
0.70922  210
0.709259  263
0.709432  320
0.709477  374
0.709644  383
0.709904  336
0.709997  358
0.710025  303
0.710242  0
0.710364  164
0.710448  38
0.710577  55
0.710721  385
0.710749  302
0.711184  132
0.711716  394
0.712207  87
0.712448  123
0.712502  330
0.712692  351
0.712901  120
0.71311  290
0.713347  294
0.713366  256
0.714034  369
0.714411  27
0.714478  255
0.714528  107
0.714673  71
0.715022  342
0.715049  193
0.715596  148
0.715672  311
0.715775  361
0.716013  310
0.71602  313
0.716256  127
0.716382  389
0.716904  338
0.717211  373
0.717415  321
0.717818  312
0.718915  282
0.719358  46
0.719444  309
0.719729  368
0.720461  379
0.720537  322
0.72181  359
0.722867  73
0.72386  230
0.725066  346
0.72509  249
0.725456  355
0.725576  189
0.726992  232
0.727435  113
0.727554  134
0.728888  98
0.730597  347
0.73071  360
0.730717  8
0.730973  177
0.731396  396
0.731838  262
0.732168  315
0.732182  271
0.732298  353
0.73231  31
0.73267  277
0.732789  253
0.733015  208
0.733379  119
0.733387  386
0.733459  168
0.733547  314
0.733721  215
0.734043  91
0.734288  185
0.73429  354
0.734416  192
0.734437  156
0.734471  11
0.734691  43
0.734746  2
0.734774  94
0.735035  228
0.735057  370
0.73518  329
0.735313  381
0.735321  202
0.73551  328
0.735634  364
0.735667  53
0.735741  334
0.736185  110
0.73629  387
0.73644  131
0.736556  67
0.736848  63
0.737003  372
0.737025  258
0.737041  345
0.737123  197
0.737184  397
0.737191  199
0.737318  40
0.737412  6
0.737629  160
0.737734  374
0.737798  169
0.737967  128
0.738114  339
0.738288  324
0.738453  196
0.738465  198
0.73856  295
0.73865  331
0.738712  350
0.738822  305
0.739141  348
0.739303  59
0.739406  29
0.739423  292
0.739474  380
0.739657  393
0.739719  80
0.740087  248
0.740099  203
0.740493  317
0.740523  274
0.740539  269
0.740669  51
0.740674  377
0.740828  104
0.740861  265
0.740871  245
0.740915  231
0.740937  371
0.741144  356
0.741172  214
0.741397  125
0.741459  133
0.741459  183
0.74157  326
0.741766  267
0.741768  28
0.741829  103
0.741871  307
0.74191  114
0.742128  382
0.742572  79
0.742624  319
0.742853  398
0.742877  343
0.742884  250
0.742922  150
0.743  336
0.743039  3
0.743143  44
0.743201  70
0.743234  384
0.743457  50
0.743533  297
0.7436  357
0.743688  57
0.743749  135
0.743793  66
0.743851  181
0.74389  362
0.74399  54
0.744008  363
0.744191  318
0.744193  75
0.744215  344
0.744257  323
0.744281  4
0.744486  252
0.744783  20
0.744963  376
0.744988  58
0.745052  399
0.745067  69
0.745113  210
0.745268  388
0.745469  373
0.745514  77
0.745715  303
0.745916  236
0.746037  157
0.746131  390
0.746456  352
0.7465  145
0.746641  136
0.746895  283
0.746965  351
0.746969  335
0.746976  200
0.74709  16
0.747092  367
0.747155  64
0.747227  130
0.74744  218
0.747672  259
0.747716  60
0.747741  306
0.747764  298
0.747784  304
0.748181  308
0.748243  116
0.748334  289
0.748534  369
0.748781  333
0.748833  195
0.748846  358
0.748848  337
0.749048  7
0.749072  9
0.749133  312
0.749182  158
0.749239  389
0.749281  361
0.749517  30
0.749679  14
0.74985  378
0.749852  21
0.74986  219
0.75013  332
0.750307  100
0.750325  349
0.750828  205
0.750941  264
0.751335  35
0.751427  45
0.751448  149
0.751465  327
0.751997  71
0.752056  325
0.752178  322
0.75242  330
0.7525  62
0.752669  366
0.75283  341
0.752996  0
0.753009  316
0.753096  213
0.753198  301
0.75323  166
0.753294  78
0.753306  246
0.753732  129
0.75384  186
0.75388  394
0.754292  221
0.754331  395
0.754456  392
0.754607  115
0.754771  302
0.754863  313
0.754957  342
0.754999  211
0.755091  251
0.755105  102
0.755107  93
0.755152  227
0.755153  124
0.755274  320
0.755332  153
0.755482  355
0.755659  386
0.756135  173
0.756307  12
0.75639  396
0.756407  338
0.756688  90
0.756704  217
0.756863  309
0.757424  15
0.75776  359
0.758329  311
0.758449  346
0.75895  391
0.759316  360
0.759463  254
0.7598  76
0.760241  368
0.760415  365
0.760972  321
0.761929  293
0.764101  247
0.764846  328
0.765576  377
0.765658  300
0.765981  291
0.767164  345
0.770054  37
0.771408  174
0.771791  237
0.772145  383
0.775693  385
0.776311  334
0.77656  350
0.777183  92
0.777796  364
0.778038  152
0.778386  379
0.778579  375
0.779489  111
0.779931  272
0.779974  178
0.780889  347
0.781022  8
0.781149  310
0.782121  233
0.782467  314
0.782922  324
0.783241  119
0.783267  175
0.783315  343
0.783389  374
0.78378  256
0.78392  224
0.784522  290
0.784549  106
0.784696  165
0.785037  187
0.785101  371
0.785296  397
0.785385  344
0.785448  13
0.785938  238
0.786036  184
0.786222  216
0.786494  292
0.786562  318
0.7869  370
0.787053  194
0.787508  105
0.787558  109
0.787866  270
0.787972  305
0.787985  180
0.788238  56
0.78827  240
0.788634  284
0.788764  206
0.788819  159
0.788899  315
0.788961  340
0.788988  201
0.78905  372
0.789403  353
0.789638  122
0.789867  144
0.789868  225
0.790016  245
0.790046  26
0.790109  223
0.790336  331
0.79053  255
0.790729  387
0.790835  356
0.790842  36
0.791054  373
0.79107  143
0.791193  52
0.791222  18
0.791273  168
0.791318  263
0.791499  96
0.791535  133
0.791689  112
0.791771  27
0.791806  378
0.791974  329
0.792007  306
0.792022  24
0.792061  339
0.792084  170
0.792386  395
0.792572  393
0.792609  260
0.792641  48
0.792652  127
0.792673  19
0.792706  242
0.792828  317
0.792892  354
0.792905  390
0.793048  167
0.793189  185
0.793218  384
0.793266  357
0.793273  285
0.793322  99
0.793332  22
0.793408  70
0.793416  41
0.79345  269
0.79349  230
0.793555  43
0.793616  367
0.793624  46
0.793663  23
0.79369  388
0.793728  87
0.793838  348
0.793886  5
0.794079  164
0.794208  222
0.794349  376
0.794595  171
0.794728  82
0.794774  95
0.794813  281
0.794854  147
0.794875  140
0.79492  369
0.794933  88
0.794953  191
0.795187  142
0.795331  307
0.795443  303
0.79547  39
0.795475  155
0.795475  11
0.795493  363
0.795548  381
0.795598  154
0.79573  382
0.79582  366
0.795825  84
0.796  312
0.796107  308
0.796376  265
0.796418  352
0.796419  196
0.796456  199
0.796461  361
0.796633  330
0.796687  313
0.796758  123
0.796761  61
0.796762  389
0.796771  311
0.796789  332
0.79679  327
0.796804  214
0.796965  54
0.796973  325
0.797059  139
0.797168  349
0.797231  68
0.797234  182
0.797239  301
0.797452  309
0.79751  10
0.797594  151
0.797719  107
0.797797  146
0.797925  341
0.797988  362
0.79821  333
0.798347  47
0.798674  280
0.798837  218
0.79884  328
0.798841  386
0.798848  346
0.798889  338
0.799052  358
0.799066  25
0.799148  394
0.799182  100
0.799187  203
0.799263  337
0.799319  323
0.799351  74
0.799565  304
0.799725  298
0.799885  75
0.799944  342
0.800099  368
0.800328  141
0.800481  399
0.800512  351
0.80056  232
0.800666  33
0.800768  326
0.80088  398
0.800998  296
0.801053  176
0.80112  208
0.801324  380
0.80134  302
0.801438  34
0.801458  258
0.801468  282
0.801538  391
0.801657  392
0.801658  137
0.801738  77
0.801835  2
0.801995  335
0.802122  65
0.802378  319
0.802468  17
0.802821  157
0.803181  161
0.803199  275
0.803494  86
0.803507  236
0.803587  45
0.804413  350
0.804487  148
0.804684  300
0.805063  383
0.805072  160
0.805293  35
0.805301  322
0.805303  336
0.806662  193
0.806788  360
0.806789  396
0.807259  377
0.80732  364
0.808467  72
0.808591  29
0.808895  126
0.808979  355
0.808993  220
0.809107  259
0.809521  334
0.810186  150
0.810807  283
0.811169  344
0.811238  359
0.811854  370
0.81565  316
0.815933  385
0.817714  153
0.817754  104
0.818639  324
0.818827  261
0.818936  297
0.819159  397
0.819469  226
0.819708  273
0.820695  345
0.821203  320
0.821636  379
0.821765  113
0.822846  371
0.825122  215
0.825206  51
0.826243  108
0.827379  234
0.82863  117
0.828781  305
0.828937  188
0.829694  81
0.829881  177
0.83057  229
0.83067  310
0.830886  101
0.831012  149
0.831242  194
0.831777  387
0.831835  254
0.83189  124
0.832049  343
0.832223  128
0.832355  347
0.832744  375
0.832834  262
0.83308  389
0.833422  42
0.833778  85
0.8339  156
0.833997  365
0.834015  189
0.834169  1
0.834386  6
0.834536  390
0.834561  9
0.8346  346
0.834628  49
0.834747  192
0.834871  110
0.834926  348
0.834944  55
0.835077  103
0.835187  132
0.835243  197
0.835606  66
0.83577  288
0.83589  294
0.835896  241
0.835991  204
0.836046  338
0.836098  318
0.836563  331
0.836599  71
0.836662  286
0.836802  381
0.83682  315
0.837122  249
0.837495  257
0.837619  362
0.837647  321
0.837666  10
0.837673  314
0.837685  339
0.837718  93
0.837739  69
0.837838  131
0.838113  172
0.838536  98
0.838651  304
0.838684  354
0.838869  311
0.838987  78
0.839189  183
0.839206  30
0.839219  231
0.839235  329
0.839399  173
0.839516  394
0.839628  28
0.83969  59
0.839809  243
0.839841  317
0.839842  367
0.840004  303
0.84007  373
0.84008  198
0.840171  293
0.840182  366
0.840185  287
0.840289  238
0.840294  129
0.840438  313
0.840443  38
0.840451  278
0.840465  50
0.840485  67
0.840524  393
0.840573  18
0.840762  266
0.840832  285
0.840841  239
0.840842  94
0.841093  374
0.841124  372
0.841265  340
0.841267  277
0.841355  307
0.841359  383
0.841406  134
0.841505  250
0.841667  224
0.841705  357
0.841823  12
0.842049  323
0.842088  64
0.84209  363
0.842146  83
0.842156  308
0.842234  90
0.842369  219
0.84244  253
0.842473  276
0.842479  350
0.842503  214
0.842584  378
0.842656  14
0.842659  361
0.842721  376
0.842773  80
0.842814  356
0.84283  369
0.842917  271
0.842981  120
0.843061  334
0.843206  258
0.843246  342
0.843281  164
0.843324  349
0.843344  57
0.843346  391
0.84337  371
0.843597  312
0.843605  291
0.843943  301
0.844039  114
0.844057  322
0.844126  169
0.844207  264
0.84424  382
0.844282  380
0.844354  332
0.84445  242
0.844516  88
0.844525  163
0.844596  60
0.844764  136
0.844782  82
0.844862  70
0.844885  76
0.844982  364
0.845024  31
0.845084  396
0.845182  333
0.845374  263
0.845698  201
0.845865  324
0.845923  330
0.845966  166
0.845986  386
0.846089  190
0.846099  121
0.846155  213
0.846163  187
0.846369  61
0.846378  270
0.846385  395
0.846483  327
0.846553  92
0.846565  210
0.846691  207
0.846724  217
0.846755  309
0.846862  398
0.846931  341
0.846953  216
0.846993  251
0.847  212
0.847133  306
0.847308  89
0.847339  46
0.847415  358
0.847418  360
0.84748  388
0.847585  326
0.847674  397
0.847742  282
0.847776  337
0.847916  15
0.848077  125
0.848197  65
0.848207  20
0.848313  353
0.848348  384
0.848377  399
0.848399  267
0.848477  268
0.848568  235
0.848677  151
0.848763  302
0.848937  368
0.849029  336
0.849092  186
0.849155  377
0.849437  319
0.849469  385
0.849534  335
0.84965  73
0.849736  115
0.849965  209
0.850069  74
0.850084  39
0.850343  230
0.85036  180
0.85044  359
0.850536  111
0.850651  118
0.85073  269
0.850921  181
0.850954  352
0.851047  365
0.851148  179
0.8513  178
0.851486  7
0.851507  222
0.851523  16
0.851531  316
0.851592  344
0.851602  116
0.851612  0
0.85164  221
0.85169  240
0.851702  320
0.851709  119
0.852319  245
0.852364  17
0.852459  351
0.852516  158
0.852751  328
0.852762  379
0.852875  95
0.852941  345
0.853076  27
0.853602  91
0.853681  233
0.853839  87
0.853865  375
0.854328  40
0.854385  155
0.854486  36
0.85472  127
0.85476  159
0.854809  152
0.855303  141
0.855739  107
0.85579  130
0.856084  196
0.856179  260
0.856299  24
0.856336  340
0.856521  206
0.856559  355
0.856577  370
0.856886  145
0.856948  191
0.857226  347
0.857729  102
0.858044  305
0.858067  4
0.858202  122
0.858336  244
0.858421  146
0.858491  346
0.858608  41
0.858662  237
0.858703  84
0.858822  144
0.858912  167
0.859068  246
0.859306  97
0.859347  45
0.859688  147
0.859756  252
0.859822  381
0.859827  79
0.860116  143
0.86019  205
0.860525  247
0.86079  62
0.860846  382
0.860857  310
0.860961  99
0.861009  19
0.861027  339
0.86121  279
0.861421  5
0.861448  373
0.861558  325
0.862144  300
0.862161  211
0.862177  63
0.862373  390
0.862446  312
0.862551  100
0.862748  58
0.863155  313
0.863253  348
0.8635  392
0.863797  273
0.863951  361
0.864175  292
0.864607  363
0.864924  389
0.865257  48
0.865568  138
0.865666  314
0.865917  380
0.866054  227
0.866652  295
0.866653  387
0.86672  394
0.8668  33
0.866848  202
0.866933  354
0.867005  154
0.867059  318
0.867369  232
0.867437  308
0.867485  44
0.867543  223
0.867708  259
0.867916  311
0.868063  343
0.86863  309
0.868787  187
0.869025  150
0.869041  160
0.869354  317
0.869484  368
0.869518  323
0.869592  123
0.869736  3
0.870159  376
0.870497  75
0.870528  356
0.871024  329
0.871728  366
0.871823  388
0.871833  378
0.872151  393
0.872291  184
0.872441  391
0.872473  322
0.872495  164
0.872584  369
0.874331  306
0.874488  398
0.874727  321
0.874751  35
0.876518  349
0.878993  395
0.879115  85
0.879184  304
0.879641  383
0.879861  148
0.880097  333
0.880159  337
0.880283  265
0.881506  379
0.881566  367
0.882005  220
0.88275  374
0.884723  302
0.886086  11
0.886242  203
0.886284  315
0.886386  287
0.886552  362
0.887297  324
0.888064  330
0.891654  83
0.891761  68
0.891774  248
0.892538  386
0.893124  256
0.894075  326
0.894216  303
0.894531  307
0.894904  10
0.895216  350
0.895917  113
0.896039  218
0.897381  114
0.897597  136
0.897758  298
0.897929  301
0.89798  342
0.897987  360
0.898027  319
0.898488  296
0.898503  288
0.898536  397
0.898549  316
0.899115  372
0.899149  21
0.899472  236
0.899836  290
0.90001  128
0.900247  332
0.900343  327
0.900608  371
0.900763  199
0.90082  96
0.900855  357
0.9011  358
0.901183  289
0.901272  129
0.902182  334
0.902277  294
0.902451  351
0.902661  208
0.902741  105
0.903418  29
0.903742  37
0.904011  365
0.904452  335
0.904518  168
0.905034  22
0.906109  133
0.906121  54
0.907083  331
0.908242  176
0.908568  103
0.908628  345
0.909297  26
0.909429  257
0.909674  364
0.909814  14
0.909954  299
0.910223  2
0.91029  280
0.910668  233
0.910694  338
0.910795  110
0.910864  101
0.91092  81
0.910925  153
0.910929  353
0.911327  156
0.911655  30
0.911721  355
0.911847  347
0.911862  82
0.912143  165
0.912193  198
0.912221  363
0.912435  346
0.912447  283
0.912562  193
0.912563  281
0.912638  385
0.912704  9
0.913084  381
0.913122  51
0.913248  284
0.913259  399
0.913451  269
0.913859  359
0.914048  210
0.914109  149
0.914256  278
0.914276  43
0.914484  308
0.914648  1
0.914685  221
0.914765  377
0.914858  328
0.914895  310
0.914931  238
0.914991  380
0.915064  25
0.915159  77
0.915207  314
0.915311  352
0.915328  226
0.915369  305
0.915583  272
0.915585  382
0.9156  106
0.915661  320
0.91584  336
0.915938  131
0.916011  120
0.916252  162
0.916309  215
0.916357  46
0.91637  366
0.916514  395
0.916631  262
0.916636  389
0.916661  71
0.916667  309
0.916773  318
0.916798  325
0.916953  186
0.917037  6
0.917049  74
0.917664  375
0.917751  139
0.917935  125
0.917973  137
0.91799  20
0.918014  175
0.918037  396
0.918062  390
0.9181  255
0.918326  266
0.918516  361
0.918555  209
0.918658  219
0.918771  343
0.919011  306
0.919337  378
0.919429  121
0.919478  311
0.919613  392
0.919816  190
0.919862  243
0.919862  394
0.919974  89
0.920004  88
0.920043  373
0.920071  267
0.920174  369
0.92021  65
0.920234  354
0.92033  362
0.920436  169
0.920627  339
0.921134  8
0.921151  317
0.921181  261
0.921215  348
0.921243  323
0.921404  23
0.921443  228
0.921465  356
0.921486  13
0.921558  384
0.921691  173
0.921792  391
0.92214  393
0.922159  279
0.92218  148
0.922337  145
0.922762  337
0.922969  28
0.923407  234
0.923458  313
0.923949  388
0.924131  0
0.924382  376
0.924612  398
0.924629  319
0.924734  312
0.924865  56
0.924885  265
0.924957  217
0.925087  80
0.925286  340
0.925317  207
0.925573  304
0.925639  315
0.926032  371
0.926092  62
0.926174  330
0.926342  302
0.926674  327
0.926989  321
0.927235  368
0.927411  370
0.928131  397
0.928793  35
0.928892  206
0.929422  52
0.929967  70
0.929989  300
0.930494  119
0.930881  187
0.93114  322
0.931633  341
0.931746  301
0.931854  367
0.93198  303
0.932614  297
0.93281  360
0.932968  92
0.933016  329
0.933122  166
0.933324  372
0.933684  277
0.935775  342
0.936494  338
0.937089  76
0.937756  374
0.93819  349
0.940632  38
0.944194  326
0.944233  138
0.945801  333
0.94614  383
0.946436  69
0.946701  316
0.948302  268
0.949788  334
0.951464  344
0.951683  379
0.953406  143
0.953766  18
0.953965  324
0.95425  335
0.95629  387
0.956336  116
0.957165  229
0.957439  225
0.957948  276
0.958227  202
0.958525  365
0.958627  264
0.95963  331
0.959816  61
0.960163  204
0.96029  192
0.960361  181
0.960492  159
0.960568  117
0.960642  151
0.96078  295
0.960827  357
0.961415  355
0.961506  208
0.96163  170
0.962068  32
0.962276  201
0.962394  179
0.962483  185
0.962702  378
0.962987  389
0.963199  377
0.96337  353
0.963681  345
0.963934  172
0.963943  249
0.96398  358
0.964012  63
0.964357  307
0.964401  386
0.965024  42
0.965094  364
0.965122  5
0.96517  298
0.965387  310
0.965641  7
0.965659  213
0.965855  59
0.965926  256
0.965927  72
0.965935  369
0.965954  274
0.965988  108
0.966118  16
0.966236  288
0.966263  98
0.966277  177
0.966372  47
0.966494  289
0.966507  15
0.966621  188
0.96664  86
0.966718  104
0.966731  250
0.966874  164
0.966889  385
0.966962  308
0.967078  395
0.967144  381
0.967148  34
0.967191  366
0.967253  102
0.967258  336
0.967347  320
0.967431  133
0.967431  123
0.967494  94
0.967555  347
0.967706  106
0.967803  141
0.967862  332
0.967885  291
0.9679  346
0.967903  57
0.967914  23
0.967979  305
0.968063  258
0.968133  266
0.968165  254
0.968175  165
0.968253  214
0.96828  220
0.968293  205
0.968405  12
0.968457  253
0.968471  83
0.968583  391
0.968625  130
0.968637  144
0.968676  33
0.96869  58
0.968694  363
0.968777  155
0.968794  216
0.968799  184
0.968873  398
0.968885  157
0.96891  245
0.968923  352
0.969127  124
0.969133  325
0.969218  351
0.969264  330
0.969295  171
0.969403  350
0.969411  380
0.969501  200
0.969518  362
0.969571  189
0.969592  121
0.969602  154
0.969609  122
0.969659  178
0.969684  55
0.969696  237
0.969742  375
0.969771  125
0.96978  260
0.96981  382
0.969921  244
0.970056  271
0.970057  223
0.970082  236
0.970143  163
0.970216  296
0.970346  384
0.970359  368
0.970361  285
0.970389  240
0.970395  146
0.970403  27
0.970448  127
0.970472  64
0.970484  339
0.970512  197
0.970519  309
0.97055  9
0.970575  137
0.970615  68
0.97063  392
0.970636  96
0.970686  49
0.970774  140
0.970793  399
0.970805  374
0.970827  238
0.970881  317
0.970916  132
0.970945  370
0.970949  318
0.971081  390
0.971081  183
0.97111  79
0.97119  306
0.971254  99
0.971258  222
0.971275  293
0.971318  282
0.971405  290
0.971408  311
0.971414  43
0.971433  182
0.97147  337
0.971485  373
0.971501  303
0.971502  326
0.971523  40
0.971554  14
0.971579  142
0.971632  327
0.971658  67
0.971685  242
0.971699  187
0.971785  251
0.971831  299
0.971871  372
0.971959  90
0.972011  93
0.972045  118
0.972053  312
0.972061  340
0.972076  349
0.972078  110
0.97211  150
0.972112  343
0.972202  359
0.972202  321
0.972265  231
0.972279  131
0.972293  78
0.972295  129
0.9723  186
0.972365  195
0.972381  354
0.972413  36
0.972417  247
0.972431  329
0.972439  348
0.972439  107
0.972521  272
0.972573  85
0.972574  232
0.972655  314
0.972663  301
0.972679  3
0.972685  275
0.972691  166
0.972748  241
0.972786  316
0.972792  273
0.972793  322
0.972837  147
0.972863  393
0.972864  66
0.972877  19
0.972962  69
0.972978  371
0.973036  60
0.973128  328
0.973214  158
0.973225  300
0.973253  136
0.973254  356
0.973307  319
0.973345  228
0.973387  28
0.973425  304
0.973428  70
0.97357  383
0.973632  139
0.97364  134
0.973651  281
0.973689  360
0.973741  335
0.973767  323
0.973859  62
0.973862  81
0.973923  152
0.973946  50
0.973951  262
0.973987  341
0.974034  394
0.974039  168
0.974087  29
0.974098  367
0.974158  235
0.974173  324
0.974371  248
0.974419  302
0.974424  279
0.974432  180
0.974516  338
0.97453  161
0.974531  153
0.974633  4
0.974643  218
0.974682  167
0.974743  97
0.974746  358
0.974844  126
0.974889  396
0.974917  48
0.975015  342
0.975183  239
0.975234  315
0.975424  191
0.975438  114
0.975491  224
0.9755  119
0.975501  10
0.975592  361
0.975605  270
0.975678  376
0.97572  388
0.975803  387
0.97594  263
0.97608  54
0.976249  377
0.97625  221
0.97638  71
0.976455  357
0.97658  334
0.976717  120
0.976794  103
0.976909  52
0.97699  84
0.977118  331
0.977155  219
0.977172  320
0.977762  162
0.977867  378
0.978331  255
0.978337  355
0.97835  207
0.978503  37
0.978548  379
0.978572  18
0.978589  398
0.978774  128
0.978824  287
0.979162  313
0.979356  148
0.979587  6
0.979646  92
0.979818  56
0.979893  77
0.979919  39
0.979929  44
0.979947  111
0.980074  286
0.9801  1
0.980392  364
0.980517  174
0.980608  297
0.980651  135
0.980767  369
0.981308  115
0.981321  389
0.981348  397
0.981449  22
0.98149  332
0.981531  305
0.981591  149
0.981735  365
0.981991  100
0.982041  227
0.982121  217
0.982194  17
0.982228  381
0.982277  345
0.982486  382
0.982529  284
0.982721  53
0.982768  95
0.98287  269
0.98291  280
0.983036  234
0.983059  203
0.983068  399
0.983188  209
0.983261  109
0.983431  360
0.983467  371
0.983925  41
0.98416  278
0.984399  268
0.984963  31
0.985943  392
0.985972  74
0.986194  363
0.986432  333
0.986535  257
0.986641  289
0.986981  80
0.987269  264
0.987727  353
0.988018  310
0.988105  321
0.988113  91
0.988166  351
0.988264  113
0.988451  395
0.98862  274
0.988785  352
0.988855  347
0.988944  59
0.989354  386
0.991169  344
0.991234  176
0.991498  259
0.991595  350
0.991739  30
0.991757  288
0.992936  339
0.993111  8
0.993359  366
0.994057  346
0.99466  303
0.995934  318
0.996332  96
0.996532  315
0.997181  159
0.997999  330
0.999065  199
