1.87462e-05  217
2.03724e-05  257
2.15164e-05  140
2.38453e-05  56
2.85854e-05  193
3.21695e-05  168
3.55394e-05  184
3.94054e-05  176
4.1248e-05  28
4.89133e-05  9
5.0178e-05  92
5.13199e-05  43
5.38751e-05  59
5.40941e-05  137
6.22249e-05  165
6.68657e-05  147
7.37148e-05  104
7.37828e-05  44
7.3916e-05  47
7.49363e-05  91
7.50103e-05  148
7.63958e-05  80
7.92057e-05  160
8.12783e-05  204
8.17389e-05  133
8.63572e-05  196
9.1455e-05  31
9.91603e-05  207
0.000100022  103
0.000101753  55
0.000102138  227
0.000104911  197
0.000105254  191
0.000109066  41
0.000110161  89
0.000114884  119
0.000115234  127
0.000115304  235
0.00011572  27
0.000116146  125
0.000124599  97
0.000125994  188
0.000126993  224
0.000132585  223
0.000139588  117
0.000157534  143
0.00015888  169
0.000160605  85
0.000170337  51
0.00017435  135
0.000175484  101
0.000178097  95
0.00018072  52
0.000181246  11
0.000181349  231
0.000184308  48
0.000186199  67
0.000188135  81
0.000188371  199
0.000189074  220
0.000194696  124
0.000195173  61
0.000196637  159
0.000198976  113
0.000203874  72
0.000204452  183
0.000205829  69
0.000206675  2
0.000211484  187
0.00021291  57
0.00022217  115
0.000224011  233
0.000234033  87
0.000239667  145
0.0002423  129
0.000242453  132
0.000243779  232
0.000254607  99
0.000259974  195
0.000261132  161
0.000261601  151
0.000262904  84
0.000267951  136
0.000269645  141
0.000274941  163
0.000282243  83
0.000283985  225
0.000284947  157
0.000292272  25
0.000293973  144
0.000297398  105
0.000300465  65
0.000301074  219
0.000302831  172
0.00030608  75
0.000315788  68
0.000316557  192
0.000321957  120
0.000325421  76
0.000326747  24
0.00033355  131
0.000334463  139
0.00033621  88
0.000339188  96
0.000344071  100
0.000354421  229
0.000354798  167
0.000358044  53
0.000362091  109
0.000364545  128
0.000376067  175
0.000387826  228
0.000388094  60
0.000390698  6
0.000392938  49
0.000401172  181
0.000414077  29
0.000417841  108
0.000420068  93
0.000431995  164
0.000439734  107
0.000440651  221
0.000446376  63
0.00044711  71
0.000450007  64
0.00045797  216
0.000496021  73
0.000498227  123
0.00050147  111
0.00051228  40
0.000558416  8
0.000565666  256
0.000570198  259
0.000583206  171
0.000589872  45
0.000590227  156
0.000596362  177
0.000619019  205
0.000643714  79
0.000683979  185
0.000696146  116
0.00083653  179
0.000847794  112
0.000877744  77
0.000942829  173
0.000977852  189
0.000989601  121
0.00103081  180
0.00129943  149
0.00326733  329
0.00339047  308
0.00342825  261
0.00346884  366
0.00354933  315
0.00367861  237
0.00376823  320
0.00384911  272
0.00386212  247
0.0038879  203
0.00391725  255
0.00396059  397
0.00400331  302
0.00401885  338
0.00404992  385
0.00407602  284
0.00408934  375
0.00410489  254
0.00414444  370
0.0041746  20
0.00417871  378
0.00417982  383
0.00418725  390
0.00420724  318
0.00421195  359
0.00424346  325
0.00426154  342
0.0042789  337
0.00428893  314
0.00430303  336
0.00430995  344
0.00433257  384
0.00435135  392
0.00435143  322
0.00437858  398
0.00438738  388
0.00440545  350
0.00440706  379
0.00443396  395
0.00443428  306
0.00446435  341
0.00448633  326
0.00448942  351
0.00450886  364
0.00455971  356
0.00456932  391
0.00457677  358
0.00459533  347
0.00460683  271
0.00461031  367
0.00461769  380
0.00461876  374
0.00462907  376
0.00465602  327
0.00468845  334
0.00473021  372
0.00475926  313
0.0047921  346
0.00482499  354
0.00482641  361
0.00485227  209
0.00488525  368
0.00489302  399
0.00489394  263
0.00495813  369
0.00499624  362
0.00508131  382
0.00508421  311
0.00509172  387
0.00510503  357
0.00512154  355
0.00512948  373
0.00516147  312
0.00518189  371
0.0052013  353
0.00524929  386
0.00527593  22
0.00528477  349
0.00531284  309
0.00531314  377
0.00531431  393
0.00532225  339
0.00536309  319
0.0053708  13
0.00538296  331
0.00539452  389
0.00541349  304
0.00545218  208
0.00545588  275
0.00551928  301
0.0055295  396
0.0055587  303
0.0056175  323
0.00563633  335
0.00573064  300
0.0057758  381
0.00578771  363
0.00579382  310
0.0058429  21
0.00593483  305
0.00597428  34
0.00602153  330
0.00603262  14
0.00608494  307
0.00610632  38
0.00612382  321
0.00616254  0
0.00618857  210
0.00621854  348
0.00633196  317
0.00638165  394
0.00646404  352
0.00649202  333
0.00661413  328
0.00662073  278
0.0068961  332
0.00698324  212
0.00701252  7
0.00714954  250
0.00734176  299
0.00742171  248
0.00783272  343
0.00792734  251
0.00794122  267
0.00810863  274
0.00822236  37
0.0083862  324
0.00864778  214
0.00867933  360
0.00890223  286
0.00891429  4
0.00894802  345
0.00980291  365
0.010301  277
0.0107531  340
0.011826  296
0.012058  316
0.0123127  215
0.0135492  3
0.0150557  240
0.0174471  213
0.0215694  12
0.0234244  15
0.0235924  273
0.0236366  173
0.0254432  375
0.0299452  306
0.0300271  370
0.0301736  338
0.031217  279
0.0322242  8
0.03287  385
0.0331416  378
0.033381  329
0.0343645  308
0.0352062  45
0.0360207  187
0.0360837  228
0.0368555  326
0.037345  87
0.0377643  319
0.0384943  1
0.041101  337
0.0415133  20
0.0415601  247
0.0416328  36
0.0417061  239
0.0417992  149
0.0426102  395
0.0426327  91
0.0427514  307
0.0429034  225
0.0429953  368
0.043698  322
0.043779  161
0.0441396  288
0.0441518  266
0.0443306  18
0.0446004  305
0.0447958  315
0.0450446  155
0.0450989  302
0.0451843  384
0.0451983  65
0.0452437  140
0.0454315  203
0.0454396  270
0.0454754  320
0.0457874  314
0.0459286  81
0.0460872  304
0.0461428  373
0.0462647  358
0.0466559  366
0.0466704  349
0.0466823  392
0.0467021  112
0.0468099  221
0.0469558  341
0.0469733  209
0.0470001  391
0.0472426  269
0.0473505  233
0.0476221  374
0.0476649  354
0.0479163  357
0.0480411  361
0.0480507  180
0.0480776  111
0.0483273  268
0.0484065  387
0.0484351  260
0.0485784  351
0.0486837  382
0.0488884  336
0.0495642  359
0.0496052  371
0.0499239  380
0.0499771  347
0.0501763  325
0.0511969  191
0.05121  123
0.0513925  372
0.0519046  183
0.0520943  318
0.0524218  211
0.0525849  333
0.0535255  381
0.0538063  312
0.0541009  334
0.054208  369
0.0545508  327
0.0548343  330
0.055145  44
0.0560145  261
0.0568951  300
0.0573423  181
0.0581398  350
0.0582561  362
0.0591004  353
0.0591159  83
0.0610662  280
0.0617009  121
0.0621132  390
0.0623622  153
0.0624921  297
0.0645736  342
0.0651365  313
0.0652023  265
0.0653035  344
0.0654884  376
0.0657025  346
0.066994  339
0.067404  328
0.0683328  377
0.0692565  364
0.0695301  399
0.0697285  360
0.07088  398
0.0709873  365
0.0714845  73
0.0721207  309
0.0728178  335
0.0730392  389
0.0731622  394
0.0733384  156
0.0743686  115
0.0744359  244
0.0749841  388
0.0751364  284
0.0762575  397
0.0762698  367
0.0763044  272
0.0766821  324
0.0788223  93
0.0794092  396
0.0802428  75
0.0803109  356
0.0805101  393
0.0806419  275
0.0813949  340
0.0816637  383
0.0820227  68
0.0823653  254
0.083088  348
0.0842317  285
0.0844293  345
0.0848821  352
0.0852532  219
0.085543  63
0.0856555  76
0.0869736  316
0.0869789  32
0.0874263  343
0.088202  317
0.0891589  379
0.0892135  80
0.089345  385
0.0897233  294
0.0903087  200
0.0905355  192
0.090567  355
0.0907998  220
0.0911716  97
0.0917724  301
0.0923388  293
0.092438  375
0.0926191  16
0.0926718  19
0.0926901  256
0.0928323  323
0.0933445  216
0.0934001  159
0.0935442  173
0.0935685  310
0.0938676  332
0.0941911  167
0.0942585  136
0.0944102  311
0.0948093  35
0.0948144  43
0.0951381  321
0.0951731  185
0.095601  5
0.0957186  38
0.0959021  175
0.0960741  292
0.0963245  89
0.0965576  139
0.0966131  85
0.0968797  105
0.0973377  373
0.0977641  108
0.0979356  308
0.098127  282
0.0983765  33
0.0985073  238
0.0989685  188
0.0990523  245
0.0992095  177
0.0995891  253
0.0998201  264
0.0999357  103
0.0999666  252
0.100013  331
0.100161  329
0.100164  281
0.100203  395
0.10025  152
0.100373  246
0.100628  255
0.100669  370
0.100739  262
0.100787  349
0.101179  23
0.101219  96
0.10122  259
0.101446  303
0.101507  351
0.101584  291
0.10188  307
0.101937  48
0.102075  305
0.102273  15
0.102533  154
0.102569  45
0.102701  172
0.102743  39
0.102775  306
0.102841  322
0.10289  326
0.102964  40
0.103253  319
0.103407  112
0.103414  232
0.103547  384
0.103561  243
0.103564  378
0.103659  371
0.103714  359
0.103811  274
0.103897  312
0.10396  350
0.1042  2
0.104216  382
0.104632  325
0.104754  363
0.104801  377
0.104824  99
0.104879  41
0.104908  365
0.104947  278
0.10509  69
0.105099  381
0.105175  131
0.105229  327
0.105242  164
0.105396  357
0.105532  208
0.105613  120
0.105831  314
0.105874  249
0.10591  336
0.106097  189
0.106187  300
0.106221  386
0.106222  358
0.106268  104
0.106283  211
0.106754  298
0.106849  366
0.106967  392
0.106997  342
0.107245  335
0.107323  29
0.107385  141
0.107412  391
0.107414  242
0.107502  320
0.107587  347
0.107611  304
0.107728  354
0.107759  315
0.107771  364
0.107928  376
0.107991  328
0.108149  341
0.108149  338
0.10832  318
0.108462  181
0.108712  271
0.10877  107
0.108791  3
0.108879  334
0.109019  337
0.109152  368
0.109364  143
0.109427  237
0.109506  380
0.10953  361
0.110261  302
0.110376  374
0.111002  362
0.11103  324
0.111052  6
0.111281  387
0.11148  166
0.114253  398
0.114325  313
0.115921  127
0.116812  399
0.116873  115
0.117066  367
0.119297  297
0.125649  393
0.125788  372
0.126825  353
0.126924  339
0.127152  346
0.127972  390
0.129118  397
0.131039  267
0.133445  340
0.134116  34
0.134865  360
0.135738  389
0.137522  299
0.137639  180
0.139527  235
0.139671  383
0.141642  65
0.14253  266
0.142592  316
0.143601  333
0.144234  385
0.144526  217
0.144589  344
0.144985  150
0.145443  93
0.145714  251
0.145929  258
0.145964  301
0.146553  236
0.146658  270
0.146865  330
0.147188  394
0.147336  348
0.147371  257
0.147811  225
0.147995  145
0.148147  10
0.148333  0
0.148367  352
0.148948  203
0.149092  345
0.149209  25
0.149397  215
0.149605  157
0.149623  247
0.150116  31
0.150222  227
0.150432  8
0.150453  20
0.150484  64
0.150658  224
0.150772  148
0.150822  226
0.150982  241
0.151008  309
0.151146  44
0.151199  39
0.151451  356
0.151462  248
0.151468  355
0.151488  132
0.151503  58
0.151525  377
0.151547  221
0.151594  163
0.151654  202
0.151681  358
0.151732  317
0.151882  306
0.151947  109
0.15195  36
0.152026  116
0.152102  332
0.152179  283
0.152225  322
0.152227  51
0.152251  4
0.152356  147
0.152365  229
0.152388  388
0.152464  16
0.152693  370
0.152837  207
0.152841  91
0.152923  310
0.152937  279
0.152982  350
0.15333  307
0.153419  76
0.153432  379
0.153501  121
0.153515  308
0.153545  296
0.153651  205
0.153696  304
0.153726  287
0.153815  135
0.153906  375
0.153928  190
0.153973  323
0.154012  92
0.154122  300
0.154159  22
0.154213  365
0.154265  188
0.154266  331
0.154299  73
0.154369  52
0.154656  21
0.154684  319
0.154783  144
0.154856  349
0.154901  55
0.154964  369
0.155066  354
0.155085  123
0.155161  373
0.155287  250
0.15529  128
0.155305  196
0.155515  351
0.155579  343
0.15565  311
0.155652  386
0.15568  239
0.155721  384
0.155759  286
0.155772  183
0.155805  396
0.15588  253
0.155949  7
0.156002  378
0.156033  285
0.156059  303
0.156071  382
0.156076  32
0.15611  61
0.156133  101
0.156188  318
0.156251  362
0.156468  240
0.156538  371
0.156592  68
0.156688  83
0.156767  204
0.156823  1
0.156904  357
0.156946  49
0.156984  376
0.157133  295
0.157177  48
0.157227  129
0.15739  336
0.157416  260
0.157521  259
0.157525  70
0.157562  339
0.157592  321
0.157706  305
0.157708  219
0.157816  374
0.157853  213
0.157999  325
0.158031  391
0.158098  387
0.158106  233
0.158177  288
0.158385  392
0.158425  395
0.158501  79
0.158528  335
0.158581  178
0.158589  367
0.158608  327
0.158987  155
0.159006  152
0.159054  214
0.159313  238
0.159715  77
0.159916  397
0.160455  98
0.160805  368
0.161041  338
0.161075  346
0.161107  314
0.161339  381
0.161414  12
0.161601  182
0.161813  347
0.161943  337
0.162163  398
0.162309  63
0.162432  364
0.162501  193
0.162538  75
0.162595  179
0.162664  324
0.162898  399
0.163024  167
0.163095  359
0.163108  40
0.163132  53
0.163256  162
0.16334  104
0.163707  361
0.163769  334
0.163969  111
0.164019  312
0.164188  171
0.164196  112
0.164417  15
0.164659  389
0.164772  328
0.165055  60
0.16528  366
0.165777  329
0.165902  276
0.166086  353
0.166138  209
0.166255  383
0.166351  380
0.166432  14
0.166617  320
0.16718  206
0.167632  161
0.167831  146
0.167944  326
0.168259  94
0.168485  57
0.168816  348
0.168881  43
0.169134  124
0.169135  187
0.169142  390
0.169637  35
0.169744  344
0.170055  340
0.170503  360
0.170971  27
0.1712  292
0.172202  261
0.172253  363
0.173073  125
0.176247  84
0.177818  313
0.178153  201
0.178885  246
0.179173  385
0.179597  24
0.181555  372
0.181899  120
0.182477  330
0.182623  302
0.183337  168
0.183405  2
0.184389  107
0.184497  394
0.185521  45
0.185701  275
0.186168  154
0.186914  352
0.186941  343
0.187366  277
0.187416  342
0.187722  156
0.187723  333
0.187858  138
0.18806  17
0.188222  103
0.188339  23
0.188399  37
0.188461  341
0.188506  200
0.188799  33
0.189173  26
0.189201  19
0.189402  86
0.189538  245
0.189691  164
0.189726  78
0.189772  216
0.190009  396
0.190014  230
0.190014  236
0.190146  191
0.190495  207
0.190496  306
0.190585  127
0.190665  133
0.190696  99
0.190788  149
0.190818  67
0.190902  304
0.191005  393
0.19108  289
0.191344  211
0.191348  356
0.191393  184
0.191433  264
0.191442  373
0.191466  309
0.191516  299
0.191552  284
0.191596  350
0.191643  388
0.191706  282
0.191738  89
0.191842  375
0.192221  56
0.19229  290
0.192331  319
0.192372  13
0.192502  310
0.19276  300
0.192779  374
0.192886  263
0.192897  181
0.193417  100
0.193469  332
0.193565  72
0.193698  66
0.193716  110
0.193871  322
0.194049  18
0.194079  3
0.194152  119
0.194202  237
0.194247  345
0.194776  71
0.194924  349
0.19512  199
0.195152  311
0.195254  116
0.195282  331
0.195319  46
0.19539  170
0.195468  378
0.19554  386
0.195607  267
0.195734  362
0.195783  392
0.195834  346
0.195834  92
0.195892  254
0.195945  301
0.195957  220
0.196164  339
0.196237  370
0.196341  223
0.196449  317
0.196451  315
0.196453  355
0.196479  308
0.196637  47
0.196658  270
0.196668  335
0.196814  140
0.196844  397
0.196853  158
0.197034  377
0.197138  232
0.197157  323
0.197201  87
0.197263  82
0.197342  224
0.197349  303
0.197484  137
0.197541  172
0.197671  321
0.197775  368
0.197925  114
0.198025  97
0.198154  358
0.198155  316
0.198479  62
0.198528  320
0.198678  365
0.198862  234
0.199067  305
0.199128  357
0.199139  252
0.199328  20
0.199376  381
0.199698  395
0.199782  391
0.199899  73
0.199914  255
0.199915  34
0.200266  376
0.200341  318
0.200346  307
0.200517  113
0.200683  351
0.200736  145
0.200888  157
0.201089  369
0.201098  324
0.201142  143
0.20121  337
0.201285  338
0.201345  336
0.201501  359
0.201676  384
0.202307  173
0.202821  95
0.203487  379
0.203496  382
0.203657  287
0.204231  175
0.204356  398
0.204501  325
0.205136  367
0.205285  247
0.205384  32
0.20665  389
0.206818  272
0.207224  360
0.207261  314
0.207806  74
0.209659  347
0.210033  348
0.210124  364
0.210164  340
0.211344  312
0.213971  380
0.217021  130
0.217311  353
0.218907  129
0.219715  235
0.221942  334
0.221976  371
0.225046  366
0.22531  162
0.227385  90
0.228832  390
0.229057  273
0.229616  155
0.232047  399
0.232207  139
0.232834  131
0.232996  107
0.233141  363
0.233157  280
0.233398  174
0.23346  196
0.233474  298
0.233559  286
0.233661  241
0.23401  159
0.234027  177
0.234088  146
0.234159  354
0.234652  329
0.234659  370
0.234672  313
0.234721  396
0.234823  281
0.234834  48
0.234917  344
0.234944  27
0.234994  49
0.235008  185
0.235062  330
0.235084  361
0.235189  141
0.235202  372
0.235328  50
0.235762  108
0.235803  61
0.236113  306
0.236623  244
0.236719  151
0.236876  283
0.236965  328
0.236988  219
0.237098  343
0.237115  378
0.237355  142
0.237669  105
0.237696  261
0.23777  394
0.237798  374
0.237967  104
0.238157  80
0.238266  6
0.238333  68
0.238501  124
0.238585  385
0.23861  11
0.238715  135
0.238731  383
0.238768  233
0.239041  81
0.239192  4
0.239208  208
0.239305  190
0.239309  59
0.239351  148
0.239567  220
0.239612  326
0.239694  128
0.239819  250
0.239854  278
0.240061  375
0.240185  26
0.240216  393
0.240278  292
0.240291  315
0.240451  295
0.240464  134
0.240546  210
0.240673  320
0.240724  365
0.24077  45
0.240901  42
0.240941  28
0.240959  342
0.241156  333
0.24118  229
0.241197  302
0.241254  121
0.241271  327
0.24131  176
0.241312  297
0.241376  350
0.241444  195
0.241587  125
0.241635  356
0.241714  309
0.241869  35
0.242183  256
0.24227  387
0.242289  317
0.242342  132
0.242413  301
0.242464  311
0.242585  0
0.242716  109
0.242792  98
0.242809  106
0.242859  19
0.242866  86
0.24289  384
0.242926  341
0.242959  227
0.242994  36
0.24311  7
0.243124  332
0.243259  56
0.24327  285
0.243285  1
0.24341  310
0.243432  16
0.243507  65
0.24356  222
0.243563  352
0.243572  266
0.243583  388
0.243623  274
0.243634  246
0.243637  319
0.243639  122
0.243666  93
0.243732  300
0.243905  321
0.243973  202
0.244055  345
0.244056  79
0.24416  217
0.244168  44
0.244365  335
0.244409  377
0.244415  31
0.244487  126
0.244507  136
0.244519  228
0.244527  96
0.244559  373
0.244601  85
0.244725  346
0.244743  362
0.244881  212
0.244956  116
0.244971  205
0.245008  192
0.245019  117
0.245023  382
0.245058  184
0.245116  308
0.245148  22
0.245154  2
0.245222  271
0.24527  239
0.245308  64
0.245336  347
0.24538  194
0.245397  70
0.245421  340
0.245428  304
0.245469  47
0.245503  251
0.245529  69
0.245577  198
0.245638  221
0.24566  138
0.245762  102
0.245794  88
0.245809  279
0.245849  167
0.2459  391
0.245941  77
0.246121  369
0.246122  303
0.246147  282
0.246191  357
0.246193  339
0.246193  127
0.246196  226
0.246218  76
0.246233  336
0.246265  153
0.246299  188
0.246326  355
0.246552  307
0.246578  71
0.246593  331
0.246609  248
0.246625  367
0.24672  154
0.24674  215
0.246762  201
0.246777  398
0.246816  348
0.246819  318
0.246821  392
0.246895  150
0.246941  255
0.247062  323
0.247125  197
0.247179  111
0.247197  267
0.2472  334
0.247234  78
0.24726  17
0.247297  322
0.247332  25
0.247338  89
0.247355  51
0.247359  149
0.247381  360
0.247403  112
0.247417  268
0.24758  351
0.247587  316
0.247651  54
0.247782  314
0.247807  118
0.247868  238
0.247901  180
0.247935  115
0.248047  30
0.248072  381
0.248079  166
0.248116  92
0.248186  386
0.24826  296
0.24827  395
0.248272  305
0.248364  397
0.248382  72
0.248388  259
0.24839  171
0.248396  358
0.248438  389
0.248537  123
0.248538  337
0.248541  9
0.248545  67
0.248627  63
0.248659  338
0.248701  13
0.248719  269
0.248754  291
0.24882  83
0.248893  349
0.24897  242
0.249006  140
0.249283  328
0.249329  240
0.2494  33
0.249428  189
0.249473  379
0.249534  364
0.249581  114
0.249661  254
0.249665  183
0.249815  169
0.249893  353
0.250203  243
0.250349  396
0.250565  312
0.250673  186
0.250753  359
0.250776  152
0.25088  265
0.25088  20
0.251039  193
0.2511  258
0.251165  363
0.25128  376
0.251603  264
0.251603  325
0.251836  350
0.251878  204
0.252028  179
0.25206  366
0.252088  130
0.252099  371
0.252184  253
0.252276  380
0.25244  393
0.252446  145
0.252562  270
0.252677  368
0.25268  361
0.252745  329
0.25307  41
0.253374  137
0.253374  10
0.253688  387
0.253792  236
0.253861  23
0.253866  289
0.253942  263
0.253964  99
0.254041  324
0.254075  257
0.254218  273
0.254625  124
0.254891  313
0.255236  91
0.255363  95
0.255572  399
0.255605  394
0.255667  365
0.255694  383
0.255724  52
0.255744  182
0.255948  5
0.255958  120
0.256368  139
0.256386  216
0.256433  385
0.256761  315
0.256838  390
0.256945  343
0.256963  344
0.257137  342
0.257486  80
0.258152  346
0.258229  310
0.258634  311
0.258906  12
0.259478  306
0.25973  212
0.260119  225
0.261045  207
0.261344  290
0.261457  143
0.261561  170
0.26509  163
0.26509  374
0.265524  340
0.266219  388
0.26649  375
0.266694  327
0.267207  302
0.268019  97
0.269046  100
0.270022  38
0.270519  330
0.273546  50
0.275871  336
0.275897  276
0.278429  320
0.279596  367
0.27999  347
0.281063  133
0.282123  384
0.283576  58
0.284856  370
0.285354  356
0.285495  351
0.287781  372
0.288175  298
0.290466  129
0.290525  101
0.290676  360
0.291083  389
0.291224  206
0.29146  168
0.291816  60
0.292172  274
0.292281  237
0.292314  354
0.292316  32
0.292597  395
0.293081  39
0.293102  300
0.293199  29
0.29342  241
0.293602  299
0.293659  391
0.294019  199
0.294144  304
0.294302  24
0.294486  141
0.294705  159
0.294732  329
0.294884  150
0.294953  309
0.295111  21
0.295161  362
0.295168  3
0.295178  275
0.295322  393
0.295372  334
0.295457  157
0.295472  177
0.29549  68
0.295542  73
0.295581  66
0.295618  278
0.295634  218
0.295755  191
0.295796  378
0.295866  357
0.295943  223
0.295953  178
0.29596  285
0.296058  301
0.296136  151
0.296174  322
0.296214  161
0.296273  59
0.296281  87
0.296307  48
0.296343  18
0.296503  364
0.29651  332
0.29657  272
0.296577  62
0.296593  396
0.296675  55
0.296696  326
0.296726  308
0.29673  46
0.29674  184
0.296806  196
0.296823  165
0.296897  318
0.296922  256
0.297005  287
0.297263  399
0.297333  369
0.297504  373
0.297534  156
0.297544  377
0.297546  380
0.297619  371
0.297699  319
0.297986  297
0.298138  106
0.298159  307
0.298405  331
0.298515  261
0.29866  208
0.298753  337
0.299022  387
0.299088  235
0.29915  381
0.299255  349
0.299275  323
0.299327  345
0.299332  366
0.299333  219
0.299339  8
0.299349  325
0.299419  392
0.299447  310
0.299582  365
0.299654  379
0.299682  173
0.299804  160
0.29984  383
0.300101  339
0.300122  14
0.300145  198
0.300427  94
0.300461  201
0.300531  333
0.300676  368
0.300781  295
0.301093  119
0.301116  321
0.301154  132
0.30133  144
0.301414  281
0.301708  0
0.301724  398
0.301776  166
0.301814  28
0.301921  174
0.301966  335
0.302036  96
0.302238  200
0.302439  376
0.302562  342
0.302683  57
0.302725  358
0.303105  175
0.303228  2
0.30324  35
0.303329  131
0.303607  233
0.30361  89
0.303614  246
0.303707  350
0.303837  288
0.303888  214
0.303963  385
0.304184  314
0.304273  341
0.30449  292
0.304642  313
0.304722  386
0.305302  324
0.305333  346
0.30535  338
0.305424  340
0.305476  103
0.305492  303
0.305539  81
0.305589  316
0.305891  99
0.306283  34
0.306487  343
0.306716  382
0.30682  224
0.307173  355
0.307261  40
0.307294  84
0.307498  397
0.308202  312
0.30844  45
0.308504  197
0.309912  287
0.310365  78
0.310407  311
0.310461  136
0.310606  104
0.310797  363
0.310798  186
0.310969  277
0.3112  137
0.311397  390
0.311413  268
0.311498  203
0.312197  388
0.312213  238
0.313017  359
0.313058  195
0.313373  317
0.313659  172
0.313832  367
0.314879  361
0.315113  302
0.315538  155
0.315711  327
0.316369  169
0.317309  305
0.318958  352
0.318994  234
0.319312  72
0.319584  74
0.31986  113
0.32006  232
0.320201  328
0.321609  20
0.322089  93
0.322559  344
0.322972  230
0.323752  114
0.323955  276
0.324049  107
0.324371  306
0.324854  360
0.325185  315
0.326019  23
0.327084  282
0.327235  56
0.327469  372
0.327613  353
0.327629  330
0.327681  286
0.327711  9
0.32777  205
0.328124  301
0.328174  244
0.328642  308
0.328759  42
0.32885  92
0.328886  266
0.328891  320
0.329839  249
0.329931  304
0.33016  231
0.330404  228
0.330444  280
0.330467  209
0.330523  348
0.330544  370
0.330581  351
0.330634  374
0.33086  47
0.331054  258
0.331118  337
0.331145  21
0.331334  381
0.331576  147
0.331813  336
0.33208  347
0.332178  167
0.332687  120
0.332882  384
0.333215  229
0.333318  122
0.333479  331
0.333691  270
0.333951  389
0.33431  253
0.334384  37
0.334464  362
0.334732  117
0.33474  139
0.334814  267
0.334836  391
0.334992  83
0.335005  220
0.335063  332
0.335143  247
0.335395  36
0.335456  190
0.335539  82
0.335757  393
0.335793  375
0.335896  183
0.336338  396
0.336642  322
0.336809  394
0.336945  264
0.337187  77
0.337227  334
0.337319  392
0.337338  162
0.337383  11
0.338518  356
0.338597  284
0.338672  111
0.339027  354
0.339074  5
0.339169  365
0.339347  88
0.339547  240
0.339567  210
0.339802  319
0.34072  193
0.340901  15
0.341069  126
0.341094  371
0.341132  355
0.341198  260
0.341372  213
0.341432  300
0.341439  345
0.341698  294
0.34217  379
0.342217  321
0.342372  364
0.342381  303
0.342566  373
0.342951  44
0.343034  378
0.343093  187
0.343171  242
0.343433  75
0.343442  387
0.343484  252
0.34349  251
0.34374  116
0.343766  6
0.343844  105
0.343851  212
0.344114  333
0.344411  245
0.344483  152
0.345304  7
0.34535  29
0.34551  124
0.346247  153
0.346275  388
0.346391  41
0.346586  377
0.346681  369
0.346761  26
0.347042  307
0.347272  324
0.347356  176
0.347362  291
0.34753  363
0.347906  357
0.348364  342
0.34854  145
0.348776  177
0.348859  52
0.348865  399
0.349027  309
0.349305  314
0.349369  127
0.349531  243
0.349618  385
0.349781  310
0.349922  38
0.349924  215
0.350482  350
0.350489  329
0.350499  257
0.350504  366
0.350515  343
0.350617  339
0.350648  59
0.350805  181
0.350899  30
0.351267  349
0.351283  383
0.351724  64
0.352112  123
0.352223  221
0.352421  325
0.35356  185
0.35376  12
0.354015  305
0.35421  395
0.354224  163
0.354608  367
0.354677  194
0.354849  318
0.355262  17
0.355262  376
0.355421  33
0.355901  335
0.356053  360
0.356315  150
0.356362  13
0.35637  121
0.356555  188
0.356565  46
0.356582  368
0.35663  129
0.356727  299
0.356761  207
0.356985  358
0.357264  323
0.358113  317
0.358473  386
0.35851  97
0.358532  131
0.358762  164
0.358895  235
0.358949  337
0.359364  27
0.359415  312
0.359764  19
0.359996  374
0.360047  148
0.360061  68
0.360141  332
0.360411  53
0.360605  135
0.360678  172
0.360688  380
0.361034  118
0.361109  326
0.36115  138
0.361376  49
0.361459  173
0.361674  225
0.361816  293
0.362621  263
0.362767  398
0.363012  316
0.363023  262
0.363421  346
0.36357  352
0.363649  327
0.363952  361
0.364016  214
0.364091  115
0.364145  313
0.364362  192
0.364481  4
0.364535  133
0.364834  348
0.364882  0
0.365128  236
0.365152  206
0.365226  61
0.36539  170
0.365436  90
0.365554  155
0.365734  356
0.365835  80
0.365977  109
0.365998  140
0.366004  328
0.36608  134
0.366345  311
0.366349  370
0.366466  341
0.366629  275
0.366844  340
0.366965  338
0.367264  392
0.36727  315
0.367443  390
0.367496  301
0.367809  56
0.36789  160
0.367891  217
0.368117  308
0.368188  336
0.368238  239
0.368518  382
0.368568  250
0.369754  384
0.370184  353
0.370439  375
0.370566  283
0.370972  359
0.372613  110
0.372664  151
0.373052  320
0.373313  345
0.373456  91
0.373682  330
0.373723  189
0.373946  394
0.374067  3
0.374138  254
0.374771  166
0.374934  24
0.375004  211
0.375136  203
0.37528  237
0.375821  319
0.376347  362
0.377112  351
0.377565  373
0.377825  344
0.378055  278
0.378429  125
0.378739  334
0.380002  260
0.380067  296
0.380647  302
0.381112  365
0.381813  20
0.381837  269
0.382322  393
0.382772  233
0.382779  193
0.38293  89
0.383114  16
0.383329  354
0.383382  347
0.38346  399
0.383747  112
0.384061  314
0.384492  381
0.384772  371
0.385018  31
0.38525  161
0.38537  69
0.38545  397
0.385603  76
0.385808  171
0.386175  306
0.387045  304
0.387065  322
0.387343  209
0.387725  216
0.388791  396
0.389075  355
0.389627  318
0.390155  165
0.390507  146
0.390722  132
0.391954  364
0.392402  267
0.392476  186
0.392961  220
0.393079  389
0.39326  307
0.393842  113
0.394353  333
0.394437  226
0.394837  128
0.394996  246
0.395254  329
0.395599  94
0.395674  309
0.395904  99
0.395917  388
0.395942  101
0.396263  321
0.396365  331
0.396501  98
0.396751  312
0.396769  356
0.396958  40
0.396969  25
0.397482  130
0.397813  88
0.398392  256
0.398813  10
0.39915  385
0.399393  85
0.399528  200
0.399648  232
0.400075  366
0.400218  222
0.400256  137
0.40081  107
0.40096  290
0.400971  157
0.401186  202
0.401204  184
0.40124  327
0.401276  372
0.401314  198
0.401546  378
0.402084  292
0.402098  266
0.4023  360
0.402333  195
0.402399  377
0.402804  295
0.402804  367
0.402828  23
0.402841  343
0.402847  73
0.402918  272
0.402927  241
0.403109  187
0.403298  358
0.403444  350
0.403559  273
0.403575  376
0.403741  127
0.403755  300
0.403825  227
0.403864  63
0.403901  144
0.40406  100
0.404108  363
0.404116  337
0.404331  240
0.404372  380
0.404439  7
0.404448  51
0.405067  395
0.405391  286
0.405424  324
0.405906  305
0.405976  35
0.405983  383
0.406078  28
0.406152  339
0.406278  168
0.406325  398
0.406402  379
0.406406  231
0.406548  104
0.40656  259
0.406804  70
0.406861  79
0.407148  342
0.407209  37
0.407258  361
0.407306  303
0.407438  229
0.407559  268
0.407577  328
0.407589  392
0.407797  75
0.407799  2
0.40783  106
0.407887  86
0.407913  169
0.408095  359
0.4081  34
0.408179  117
0.408244  102
0.408482  282
0.408539  390
0.408578  297
0.408592  105
0.408593  352
0.408632  391
0.408707  348
0.408888  6
0.408987  346
0.409006  158
0.40902  308
0.409147  249
0.40929  72
0.409312  243
0.409318  178
0.409328  310
0.409367  1
0.409516  384
0.409638  8
0.4097  230
0.409807  197
0.410011  77
0.410097  386
0.410124  217
0.41023  362
0.410268  66
0.410387  22
0.41047  340
0.410603  108
0.410607  357
0.410624  154
0.410687  311
0.410748  374
0.410792  74
0.410884  313
0.410927  387
0.410962  353
0.411094  43
0.411216  78
0.411275  344
0.411487  252
0.411682  93
0.41174  167
0.411866  87
0.41188  65
0.411883  196
0.412035  21
0.412179  83
0.412303  114
0.412363  182
0.412442  228
0.41257  349
0.412576  334
0.412593  143
0.412651  96
0.413047  330
0.413098  335
0.413103  332
0.413126  14
0.413422  153
0.41359  296
0.413625  317
0.413715  47
0.414131  45
0.414143  248
0.41418  287
0.414186  55
0.414258  149
0.414436  279
0.414439  314
0.414501  394
0.414508  345
0.414548  368
0.414561  319
0.414584  399
0.414626  315
0.414856  150
0.414862  322
0.414923  92
0.414929  323
0.414945  26
0.414991  125
0.415133  289
0.415162  159
0.415209  369
0.415327  27
0.415336  142
0.415374  320
0.415411  298
0.415591  237
0.415643  38
0.415715  301
0.415764  57
0.415904  365
0.415984  211
0.416075  131
0.416187  338
0.41652  179
0.416615  370
0.416626  218
0.416643  46
0.416667  371
0.416681  375
0.416713  304
0.416807  326
0.41687  382
0.416933  258
0.416938  364
0.417047  354
0.417104  49
0.417184  124
0.41732  393
0.417372  341
0.417383  316
0.417409  29
0.417602  302
0.417646  325
0.417673  118
0.417741  309
0.417951  213
0.41878  276
0.41886  162
0.419019  396
0.419174  136
0.419351  115
0.419368  251
0.419528  12
0.419955  234
0.420036  373
0.420161  383
0.420271  331
0.420506  5
0.42059  336
0.420868  242
0.421033  147
0.421137  299
0.421411  50
0.421513  207
0.421679  347
0.422102  270
0.42229  306
0.422556  397
0.422932  389
0.423051  327
0.423277  99
0.423402  54
0.423409  189
0.42388  355
0.424238  109
0.426806  342
0.427032  152
0.427238  275
0.427277  333
0.427804  172
0.427951  48
0.428935  351
0.430309  312
0.431771  381
0.432932  356
0.433643  261
0.433729  324
0.434488  358
0.434852  260
0.435267  188
0.435566  123
0.435584  343
0.436383  95
0.43654  318
0.437508  274
0.437843  300
0.440193  321
0.441514  398
0.442272  378
0.442292  339
0.44256  193
0.444111  368
0.444307  174
0.444813  294
0.445025  307
0.445193  257
0.445811  379
0.446009  175
0.446172  348
0.446278  350
0.446926  377
0.44747  360
0.447749  285
0.447954  366
0.448585  269
0.448898  329
0.448927  372
0.449104  255
0.450045  305
0.450093  352
0.450331  94
0.451016  346
0.452097  380
0.452177  363
0.452488  310
0.453848  262
0.455104  163
0.455591  60
0.45568  214
0.455905  225
0.456037  271
0.456066  344
0.456317  181
0.456457  30
0.456751  384
0.45808  374
0.458138  111
0.458382  361
0.459002  190
0.459153  369
0.459934  4
0.46029  247
0.460427  91
0.460523  197
0.46079  11
0.460829  281
0.461039  385
0.461662  393
0.462046  367
0.462219  41
0.462407  219
0.462433  371
0.462494  390
0.463011  340
0.463488  335
0.463878  254
0.463887  39
0.463973  395
0.464151  139
0.465125  359
0.465155  18
0.465902  220
0.466083  199
0.466158  328
0.46618  210
0.466254  224
0.466607  42
0.467079  308
0.467324  388
0.467498  170
0.468132  253
0.468414  52
0.468725  85
0.468825  40
0.468878  58
0.468952  394
0.469152  114
0.469692  158
0.4697  349
0.469746  187
0.469967  67
0.46999  144
0.470276  184
0.470413  140
0.470599  84
0.470621  176
0.470728  387
0.470782  137
0.4708  277
0.470935  101
0.47094  313
0.470952  208
0.471115  215
0.471228  145
0.471269  314
0.471277  332
0.471344  337
0.471366  186
0.471387  315
0.471449  354
0.471626  376
0.471642  216
0.471646  386
0.471657  21
0.471676  70
0.47169  160
0.47175  156
0.471908  202
0.472044  392
0.472139  0
0.472146  288
0.472162  164
0.472184  89
0.472396  317
0.472544  353
0.472609  15
0.472675  62
0.472759  10
0.472811  375
0.472844  319
0.47295  357
0.472993  330
0.47303  322
0.473038  56
0.473074  336
0.473087  204
0.473239  122
0.473281  334
0.47329  82
0.473319  303
0.473355  264
0.47353  17
0.47364  9
0.473646  177
0.473668  143
0.47378  389
0.473791  173
0.473854  286
0.473911  90
0.473923  245
0.473968  92
0.474033  236
0.474178  302
0.474193  196
0.474235  304
0.474237  358
0.474266  66
0.474296  64
0.474447  209
0.47449  3
0.474509  293
0.474589  333
0.474918  132
0.475022  290
0.475294  342
0.47546  116
0.475511  348
0.475558  191
0.47574  192
0.475819  306
0.475823  397
0.475933  206
0.476069  24
0.476146  105
0.476222  263
0.476278  391
0.476282  362
0.476379  356
0.476587  324
0.476692  6
0.476775  20
0.476854  231
0.476875  338
0.476878  36
0.476893  128
0.476908  171
0.476925  112
0.476935  309
0.477002  37
0.47715  57
0.477167  165
0.477273  311
0.477289  370
0.477333  301
0.477358  355
0.477389  320
0.477491  226
0.477544  238
0.477844  239
0.47801  110
0.478038  113
0.478121  347
0.478153  108
0.478202  121
0.478275  235
0.478729  33
0.478787  373
0.47883  98
0.478875  364
0.478906  148
0.478909  180
0.478932  312
0.478982  318
0.479021  74
0.479046  267
0.479051  350
0.479118  399
0.479166  138
0.479258  331
0.479291  232
0.479328  377
0.479336  360
0.479434  365
0.479461  25
0.47947  393
0.479484  106
0.479484  316
0.479536  341
0.479737  120
0.479763  155
0.479833  323
0.479862  146
0.479886  345
0.479939  325
0.480081  382
0.480122  28
0.480147  198
0.480163  223
0.480354  159
0.480401  126
0.480417  256
0.480488  227
0.480545  134
0.480667  71
0.480688  205
0.480708  23
0.480785  291
0.4808  366
0.480961  344
0.480985  280
0.481023  352
0.481027  195
0.481094  398
0.481227  233
0.481255  69
0.481265  157
0.481304  368
0.481363  329
0.481367  200
0.481534  252
0.481629  53
0.481631  72
0.48166  172
0.481741  68
0.481801  381
0.481889  150
0.481964  161
0.482021  7
0.482095  240
0.482234  221
0.482253  103
0.482386  326
0.482399  384
0.482405  55
0.482427  274
0.482448  378
0.482503  310
0.48257  396
0.482594  88
0.482612  284
0.482635  268
0.482806  300
0.482872  307
0.482873  100
0.482933  343
0.483023  321
0.483042  297
0.48305  374
0.483114  369
0.483138  305
0.483179  244
0.483209  385
0.483271  379
0.483287  78
0.483422  372
0.483499  76
0.483848  351
0.483861  153
0.483888  45
0.483934  371
0.483953  86
0.483991  380
0.484198  295
0.484274  394
0.484332  13
0.484363  363
0.48466  383
0.484751  327
0.485273  14
0.485381  388
0.485584  203
0.485666  46
0.485802  271
0.48584  96
0.486306  19
0.486358  149
0.486862  335
0.486947  266
0.487116  142
0.487304  339
0.487658  102
0.487922  183
0.487966  222
0.488296  169
0.488381  276
0.488887  278
0.488966  313
0.489061  296
0.489215  241
0.489314  234
0.48974  167
0.489763  259
0.489819  16
0.490259  210
0.490858  395
0.490904  80
0.490958  31
0.491088  359
0.491314  63
0.491488  168
0.491637  228
0.491795  367
0.492006  40
0.492313  317
0.492472  340
0.492598  325
0.492682  315
0.492686  390
0.493379  346
0.493733  332
0.494176  152
0.494269  354
0.494853  243
0.494922  97
0.494991  51
0.495092  262
0.495224  322
0.495437  386
0.495537  342
0.496638  124
0.496792  361
0.498922  314
0.49916  336
0.501154  308
0.503582  362
0.503928  302
0.504506  389
0.50454  54
0.506749  50
0.507369  392
0.508772  260
0.509714  35
0.511529  356
0.512688  353
0.512802  349
0.513414  324
0.513819  289
0.514328  158
0.51486  143
0.515308  27
0.515457  387
0.515659  375
0.516273  43
0.517692  127
0.517752  123
0.518309  258
0.520359  131
0.52151  129
0.52151  109
0.52166  211
0.521939  283
0.522129  397
0.522223  38
0.52226  351
0.522265  331
0.522273  163
0.522297  303
0.522311  162
0.522471  133
0.52257  128
0.52258  101
0.52274  330
0.522887  364
0.522939  47
0.522986  319
0.523002  310
0.523029  333
0.523267  207
0.523304  270
0.523307  399
0.523462  175
0.523502  287
0.523542  347
0.523628  372
0.523675  81
0.523713  394
0.523827  256
0.523837  26
0.52392  37
0.523962  107
0.524188  204
0.524291  307
0.524391  396
0.524757  1
0.524861  83
0.524879  84
0.524907  12
0.524987  41
0.525  348
0.525005  82
0.525049  257
0.525155  380
0.525296  188
0.525399  29
0.525458  376
0.525797  327
0.525804  344
0.526172  370
0.526197  329
0.526205  213
0.526364  377
0.526445  79
0.526508  250
0.526819  316
0.527072  17
0.527078  337
0.527235  391
0.527385  358
0.527397  311
0.52741  112
0.527425  384
0.527736  306
0.52789  94
0.528171  381
0.528249  385
0.528326  178
0.528391  201
0.52841  339
0.528818  8
0.529691  334
0.529891  369
0.530091  141
0.53034  48
0.530371  309
0.530489  214
0.530503  382
0.530642  374
0.530875  296
0.530918  36
0.531089  138
0.531231  242
0.531703  350
0.531973  323
0.531981  321
0.53233  185
0.532623  398
0.533221  326
0.533237  6
0.533238  328
0.533325  315
0.533426  301
0.533545  312
0.533733  64
0.533872  373
0.534159  272
0.534244  117
0.534456  150
0.534783  23
0.534815  305
0.534824  193
0.535227  224
0.535333  357
0.535496  297
0.535558  281
0.535824  73
0.536476  363
0.536583  366
0.537481  352
0.537897  176
0.53795  87
0.538072  60
0.538319  119
0.538461  237
0.539238  304
0.539258  5
0.539309  362
0.539627  246
0.540124  393
0.540366  294
0.54037  18
0.540418  279
0.540457  332
0.540816  104
0.541301  239
0.541437  383
0.541483  144
0.542157  200
0.542195  335
0.54251  225
0.542529  253
0.542669  386
0.54275  338
0.54278  320
0.542887  206
0.543042  113
0.54307  360
0.54312  251
0.54333  192
0.543338  24
0.543477  308
0.543533  379
0.543561  4
0.54358  365
0.543825  261
0.543834  318
0.544558  299
0.544674  390
0.544743  118
0.544892  90
0.54501  345
0.545166  355
0.54517  85
0.545246  20
0.545257  325
0.545325  368
0.54602  263
0.54607  322
0.546079  341
0.546994  353
0.547288  218
0.547452  343
0.547702  277
0.547987  359
0.548149  197
0.548927  221
0.549561  356
0.549641  367
0.549831  52
0.550279  273
0.55059  302
0.551202  166
0.551345  298
0.551421  397
0.551782  190
0.552896  9
0.553062  136
0.553139  91
0.553612  371
0.553673  247
0.554162  336
0.554261  395
0.55431  249
0.55443  285
0.554519  145
0.554771  183
0.554913  3
0.555349  300
0.555481  125
0.55551  388
0.555976  180
0.55606  187
0.556102  2
0.556186  342
0.556248  324
0.55634  53
0.556366  238
0.556391  165
0.556464  34
0.556887  54
0.557628  155
0.557807  140
0.558063  65
0.55809  120
0.558299  135
0.558752  30
0.55896  177
0.559028  174
0.559068  76
0.559174  387
0.559217  72
0.559254  61
0.559364  354
0.559374  78
0.559413  396
0.560049  215
0.560211  340
0.560289  156
0.560436  179
0.560452  389
0.560472  378
0.560509  346
0.560927  115
0.561234  70
0.561376  317
0.5614  264
0.561647  195
0.561669  313
0.561758  265
0.562004  314
0.562104  319
0.562439  230
0.56266  380
0.562722  307
0.562729  399
0.562735  69
0.562747  242
0.562756  114
0.563016  196
0.563104  108
0.563209  370
0.563329  361
0.563382  149
0.563595  168
0.563618  207
0.563741  375
0.563883  376
0.563912  233
0.564006  349
0.564048  364
0.564221  330
0.564457  385
0.564846  394
0.564888  142
0.565041  381
0.565117  44
0.565318  63
0.565618  303
0.565737  57
0.565741  311
0.565817  15
0.565847  19
0.566277  391
0.56639  310
0.566823  392
0.567235  309
0.567292  333
0.567306  172
0.567396  212
0.56752  205
0.567606  152
0.567679  198
0.56782  267
0.567984  164
0.568452  92
0.568564  170
0.568595  58
0.568851  184
0.568922  106
0.568927  232
0.569112  331
0.569256  94
0.569732  372
0.570278  157
0.570429  254
0.570483  321
0.570501  348
0.570704  295
0.570875  29
0.571064  326
0.571084  163
0.571339  373
0.571447  339
0.571468  10
0.571547  384
0.571774  199
0.571842  347
0.572016  379
0.572276  369
0.572794  377
0.57299  88
0.573055  301
0.57314  351
0.573436  323
0.573709  130
0.574172  51
0.574178  328
0.5744  332
0.575011  208
0.575952  222
0.575963  241
0.576051  393
0.576053  116
0.576057  305
0.576325  132
0.57638  191
0.577008  46
0.577058  337
0.577829  362
0.577877  353
0.578326  236
0.580214  304
0.580674  139
0.581475  365
0.581648  358
0.581698  356
0.582097  28
0.58243  276
0.582537  344
0.583037  137
0.583522  329
0.58358  318
0.584168  334
0.584955  77
0.585153  398
0.585198  395
0.585988  122
0.586232  93
0.586383  316
0.58665  260
0.587724  308
0.587776  312
0.587921  68
0.588016  100
0.588173  50
0.588706  290
0.588842  204
0.588885  148
0.588968  32
0.588973  335
0.58908  386
0.589556  355
0.589798  363
0.590047  248
0.590165  366
0.59023  262
0.590302  357
0.590475  26
0.590671  240
0.590682  315
0.590717  352
0.590999  360
0.591124  322
0.591201  287
0.591251  320
0.59228  367
0.592418  302
0.592763  381
0.593844  37
0.593957  327
0.594846  220
0.59502  359
0.595038  350
0.596044  341
0.596306  390
0.596514  245
0.599255  55
0.599867  89
0.599885  151
0.60079  12
0.600935  346
0.603071  59
0.60348  325
0.603582  266
0.603601  143
0.604036  1
0.604164  97
0.604361  110
0.606095  228
0.606937  216
0.607002  354
0.607185  118
0.607441  374
0.607504  33
0.607715  382
0.608404  176
0.608435  111
0.608531  223
0.608667  306
0.6088  13
0.60916  293
0.60927  128
0.609404  60
0.609908  86
0.610285  141
0.610309  73
0.610348  338
0.610639  345
0.611059  380
0.611059  225
0.611115  96
0.611132  25
0.611147  48
0.611162  40
0.611231  0
0.611765  8
0.611825  39
0.611872  203
0.612069  95
0.612088  134
0.612211  292
0.612247  79
0.612291  64
0.612436  36
0.612456  107
0.612479  368
0.612546  14
0.612573  129
0.612713  343
0.612744  396
0.612932  397
0.612936  38
0.613089  102
0.613135  194
0.613328  177
0.613368  289
0.613374  98
0.613395  282
0.61344  18
0.613466  229
0.613481  243
0.613512  158
0.613538  99
0.613542  269
0.613558  299
0.613586  296
0.613643  103
0.613676  311
0.613679  330
0.613684  231
0.613715  6
0.613748  246
0.613831  280
0.613884  399
0.613898  286
0.613902  67
0.613928  80
0.614009  234
0.61403  392
0.614183  21
0.614194  376
0.614217  324
0.614223  140
0.61424  133
0.614251  336
0.614338  131
0.614396  361
0.614433  372
0.614435  71
0.614495  82
0.614536  62
0.614545  221
0.614627  387
0.614666  197
0.614748  201
0.614757  72
0.614785  389
0.614791  385
0.614812  283
0.614851  47
0.614909  41
0.614974  321
0.615071  307
0.615076  173
0.615126  383
0.615144  244
0.615162  375
0.615378  117
0.61541  349
0.615421  297
0.615426  265
0.615457  27
0.615523  333
0.615524  217
0.615576  56
0.615583  388
0.615671  259
0.615854  149
0.615867  393
0.615913  300
0.61594  206
0.615986  348
0.616003  294
0.616006  227
0.616071  232
0.616077  328
0.616098  340
0.61611  189
0.616136  255
0.616163  171
0.616168  317
0.616177  377
0.616227  371
0.616231  342
0.616242  210
0.616258  362
0.616272  112
0.616303  285
0.616333  136
0.616369  233
0.616376  108
0.616469  10
0.616493  291
0.616506  305
0.616518  252
0.616602  335
0.616609  154
0.616637  91
0.616682  44
0.61673  347
0.616736  184
0.616752  126
0.616777  175
0.616778  193
0.616798  257
0.616799  314
0.616825  369
0.616863  160
0.616884  146
0.616895  319
0.616898  379
0.616926  20
0.616964  274
0.617043  237
0.617077  373
0.617117  326
0.617221  303
0.617317  308
0.617389  316
0.617431  339
0.617435  309
0.617445  313
0.617526  366
0.617534  304
0.617553  394
0.617561  281
0.617668  358
0.617684  83
0.617725  391
0.617796  271
0.617851  113
0.617855  364
0.617884  329
0.618044  22
0.618246  159
0.618313  386
0.618508  312
0.618536  353
0.618548  213
0.618571  260
0.618581  322
0.618591  275
0.618689  352
0.618694  302
0.618724  170
0.618761  254
0.618762  284
0.618811  310
0.618836  235
0.618923  153
0.61897  295
0.619036  365
0.619184  315
0.619187  106
0.619299  318
0.619306  174
0.619318  398
0.619388  256
0.619476  209
0.619562  334
0.619684  7
0.619688  332
0.619713  331
0.619839  278
0.619887  186
0.619937  367
0.620038  360
0.620049  226
0.620099  337
0.620141  356
0.620416  355
0.620443  370
0.620549  323
0.620701  320
0.62071  87
0.620759  75
0.620795  132
0.620923  66
0.621077  127
0.621164  200
0.621246  384
0.621415  109
0.621539  270
0.621588  218
0.621603  359
0.621824  84
0.621977  142
0.621978  214
0.622131  145
0.622305  250
0.622336  351
0.622544  390
0.622687  301
0.622771  81
0.622777  381
0.622813  247
0.62284  395
0.622967  325
0.623184  277
0.623354  124
0.623482  344
0.623637  327
0.62372  74
0.623808  346
0.62416  263
0.62419  363
0.624431  378
0.624545  85
0.624676  3
0.626023  198
0.627956  241
0.628476  178
0.628844  116
0.629006  392
0.630985  357
0.631962  341
0.632332  338
0.633325  290
0.634183  57
0.634957  199
0.639177  311
0.639861  350
0.641845  115
0.644395  230
0.644767  374
0.645473  147
0.647074  335
0.647174  313
0.6477  368
0.648394  161
0.649094  101
0.649358  208
0.650207  104
0.65052  336
0.650565  239
0.650732  42
0.650961  228
0.651439  291
0.65159  26
0.651844  204
0.651884  331
0.652041  55
0.652376  358
0.653053  163
0.653851  15
0.654355  288
0.654616  394
0.654723  366
0.654925  312
0.655134  17
0.655487  11
0.655861  382
0.655975  28
0.656193  317
0.656339  35
0.65669  182
0.656769  110
0.656964  128
0.657286  222
0.657383  272
0.657448  156
0.657458  397
0.657519  309
0.657554  152
0.657685  117
0.657688  45
0.657806  319
0.657912  314
0.657956  191
0.65798  125
0.657981  323
0.658064  188
0.658159  69
0.658198  386
0.658211  364
0.658211  148
0.658392  202
0.658406  23
0.658411  4
0.658436  340
0.658518  305
0.658582  31
0.658635  165
0.658716  388
0.658772  52
0.65887  2
0.658969  376
0.658978  273
0.659012  138
0.659119  324
0.659278  268
0.6593  219
0.659316  387
0.659325  306
0.659639  251
0.659662  114
0.659715  216
0.65977  25
0.659905  375
0.659927  215
0.659957  321
0.660018  390
0.660121  13
0.660307  29
0.660589  396
0.66074  398
0.660852  354
0.660978  181
0.661097  254
0.661121  90
0.661142  302
0.661224  373
0.661237  372
0.661247  245
0.661425  381
0.661448  329
0.661482  362
0.66152  225
0.661601  141
0.661602  16
0.661615  385
0.661661  279
0.661669  80
0.661737  330
0.661785  343
0.661852  32
0.661915  155
0.661926  58
0.661937  205
0.662005  393
0.662056  371
0.66207  349
0.66211  361
0.662117  348
0.66217  37
0.662241  365
0.662418  332
0.66284  303
0.662886  5
0.663122  172
0.663177  139
0.663254  187
0.663414  134
0.663716  285
0.663797  253
0.664029  337
0.664093  136
0.664269  360
0.664341  82
0.664348  135
0.664381  389
0.664475  46
0.664505  344
0.664536  383
0.664749  345
0.66476  183
0.664831  206
0.66513  89
0.665331  97
0.665428  197
0.665555  308
0.665582  307
0.665662  318
0.665772  164
0.665862  310
0.665907  261
0.666142  298
0.66624  121
0.666246  328
0.666382  207
0.666572  378
0.6666  347
0.666639  399
0.666672  369
0.666919  190
0.667209  353
0.667241  367
0.667271  380
0.667548  214
0.667612  131
0.667636  267
0.667919  96
0.668156  296
0.668183  143
0.66831  71
0.6685  195
0.668567  259
0.668726  370
0.668769  144
0.668784  327
0.668955  351
0.668996  322
0.669022  81
0.669159  359
0.669182  379
0.669428  326
0.669454  316
0.669548  304
0.669658  391
0.669918  339
0.669941  168
0.670029  36
0.670507  325
0.671139  300
0.671363  392
0.67149  384
0.671569  130
0.671978  301
0.672034  355
0.672059  363
0.672181  395
0.672534  6
0.673061  109
0.673516  123
0.673882  334
0.674785  179
0.674818  357
0.674946  112
0.675138  342
0.677471  350
0.678427  338
0.679661  169
0.679876  320
0.681246  160
0.681464  352
0.684839  242
0.685263  333
0.687237  12
0.689121  366
0.692292  185
0.692591  280
0.692817  356
0.693142  313
0.695253  377
0.696327  374
0.697094  99
0.697106  196
0.697255  340
0.697749  63
0.698501  341
0.698531  394
0.699035  40
0.699702  180
0.699763  335
0.700464  315
0.700892  49
0.701484  30
0.701906  95
0.702046  311
0.702159  189
0.702844  262
0.703011  78
0.703022  170
0.703617  234
0.703855  137
0.704041  278
0.704161  166
0.704211  274
0.704318  372
0.704334  321
0.704759  194
0.704924  102
0.705642  67
0.705926  265
0.70595  295
0.705961  154
0.706051  79
0.70627  65
0.706372  158
0.706383  211
0.706567  371
0.706621  59
0.706631  233
0.706716  162
0.706718  104
0.706767  287
0.706839  358
0.706904  312
0.707111  235
0.707271  346
0.707326  361
0.707367  176
0.707567  336
0.707666  396
0.707694  247
0.707705  368
0.707774  364
0.70779  103
0.707867  330
0.708102  290
0.708146  122
0.708255  319
0.708384  386
0.708431  10
0.708501  108
0.70858  305
0.708661  133
0.708821  327
0.708892  100
0.708895  269
0.709104  33
0.709123  243
0.709192  331
0.709244  362
0.70939  129
0.709613  118
0.709692  92
0.709742  286
0.709908  76
0.709922  343
0.709969  39
0.709984  382
0.710076  227
0.710095  124
0.710144  351
0.710216  20
0.710234  126
0.710265  212
0.71034  61
0.710346  306
0.71036  171
0.710426  73
0.710476  127
0.710517  236
0.710701  329
0.710797  238
0.710816  397
0.710907  267
0.710974  241
0.711717  164
0.711878  246
0.711903  355
0.711924  37
0.711936  19
0.711974  268
0.712022  379
0.712024  314
0.712111  119
0.712202  375
0.712254  303
0.712318  345
0.712405  52
0.712407  1
0.712737  261
0.712741  116
0.712792  385
0.712851  317
0.712886  64
0.712956  301
0.712965  111
0.713011  184
0.713031  120
0.713065  31
0.713217  328
0.713241  193
0.713338  43
0.713529  237
0.713538  257
0.713568  332
0.713587  224
0.713731  9
0.713756  383
0.713785  51
0.713785  35
0.713789  26
0.713826  376
0.713862  244
0.71389  45
0.713928  381
0.713929  77
0.713969  388
0.71403  249
0.714079  277
0.714082  174
0.714098  367
0.714113  192
0.714118  14
0.714192  365
0.71421  93
0.714218  357
0.714301  354
0.714385  136
0.714469  369
0.714547  320
0.714588  226
0.714639  399
0.714771  310
0.714791  334
0.714862  323
0.714878  153
0.714903  289
0.714915  398
0.714963  359
0.714987  393
0.714988  373
0.715045  167
0.715076  283
0.715117  209
0.715153  259
0.715303  347
0.715501  156
0.71552  309
0.715559  360
0.715792  350
0.715833  299
0.715852  282
0.715901  53
0.715945  179
0.71596  363
0.715965  149
0.716032  203
0.716042  302
0.716065  326
0.716171  348
0.716268  291
0.716289  281
0.716305  384
0.716341  125
0.71635  8
0.716582  225
0.716662  316
0.716667  378
0.71668  98
0.7167  255
0.716713  322
0.716761  391
0.716878  344
0.716942  88
0.716957  304
0.716988  353
0.717112  28
0.717132  300
0.717267  58
0.717351  297
0.71736  200
0.717372  75
0.718004  394
0.718045  70
0.718053  85
0.718117  60
0.718248  266
0.718257  337
0.718429  3
0.718579  392
0.718595  248
0.718611  144
0.71866  240
0.718707  115
0.718911  218
0.719005  121
0.719135  54
0.719164  390
0.719164  333
0.719178  275
0.719203  288
0.719243  366
0.719256  36
0.719462  22
0.719473  338
0.719524  339
0.719578  340
0.719676  318
0.719701  307
0.719938  352
0.719971  142
0.720146  215
0.720164  389
0.720171  55
0.720432  325
0.720434  370
0.720457  279
0.720506  260
0.720507  308
0.720676  82
0.720812  349
0.720835  380
0.720941  374
0.721082  47
0.721245  175
0.721263  68
0.721432  342
0.721444  324
0.721708  356
0.721808  213
0.721903  89
0.721954  190
0.722031  221
0.722216  195
0.722246  69
0.722355  387
0.722493  91
0.722512  311
0.722802  312
0.723118  395
0.723276  222
0.723367  94
0.723444  219
0.72362  41
0.723843  214
0.723903  245
0.723931  270
0.723938  101
0.724003  358
0.724328  107
0.724429  368
0.724598  313
0.725316  48
0.725345  280
0.725774  110
0.725882  168
0.725955  27
0.726303  34
0.726531  80
0.726772  113
0.726824  159
0.726857  315
0.727138  361
0.727141  319
0.727453  49
0.727461  165
0.727552  230
0.727619  146
0.728259  341
0.72826  250
0.728379  135
0.728434  386
0.728722  140
0.728915  23
0.729131  188
0.729796  97
0.729993  50
0.730013  210
0.730109  197
0.730649  371
0.731027  186
0.731111  0
0.731138  199
0.731302  163
0.731575  372
0.732317  364
0.732741  256
0.73278  335
0.732854  220
0.733206  379
0.733271  298
0.7338  329
0.73395  96
0.734853  134
0.735268  25
0.735394  24
0.736531  211
0.736745  327
0.737057  148
0.737611  182
0.737822  365
0.738559  229
0.739213  373
0.739288  258
0.739338  330
0.739424  208
0.739547  84
0.739631  396
0.740739  238
0.740962  362
0.741461  232
0.742639  13
0.743195  289
0.743224  334
0.743903  196
0.743934  191
0.743949  382
0.744047  87
0.744066  354
0.744086  83
0.744351  287
0.744476  399
0.74451  99
0.744539  202
0.744716  183
0.744848  305
0.744901  264
0.745065  198
0.745287  63
0.745657  271
0.745765  363
0.746868  192
0.746909  375
0.747  6
0.747063  32
0.747086  147
0.747096  332
0.747124  274
0.74721  320
0.747386  143
0.747502  145
0.74775  302
0.747763  317
0.74783  367
0.747905  384
0.748115  346
0.748156  351
0.748167  62
0.748304  231
0.74836  383
0.748364  180
0.748626  251
0.748825  377
0.748854  263
0.748863  284
0.749025  45
0.749083  65
0.749113  328
0.749251  216
0.749256  303
0.749557  194
0.749629  350
0.749703  331
0.749814  343
0.750233  292
0.750495  381
0.750701  150
0.751101  156
0.751352  342
0.75155  307
0.751626  397
0.751735  366
0.751766  42
0.751769  301
0.751828  347
0.751894  36
0.75234  378
0.752568  252
0.752818  355
0.752852  314
0.753113  321
0.753243  277
0.753309  370
0.753518  259
0.753617  393
0.753752  4
0.754728  385
0.754886  201
0.75512  308
0.755353  318
0.755511  356
0.755626  157
0.755659  357
0.756063  348
0.756362  380
0.756405  181
0.756504  160
0.756849  394
0.757096  344
0.757197  2
0.757549  300
0.757831  360
0.758433  374
0.758619  369
0.758622  337
0.759686  29
0.759691  254
0.76009  390
0.761051  7
0.762805  359
0.763259  97
0.765232  295
0.766068  310
0.766188  304
0.76695  376
0.767757  30
0.768017  33
0.768123  316
0.768228  339
0.769611  306
0.770725  319
0.771128  333
0.771214  398
0.771737  345
0.771848  388
0.776259  340
0.77841  392
0.780106  177
0.780416  326
0.781  207
0.781371  285
0.781574  102
0.781642  228
0.781948  389
0.782118  322
0.782127  325
0.782861  349
0.782875  353
0.783115  323
0.783318  18
0.783831  111
0.784449  336
0.784959  224
0.785887  255
0.786218  312
0.787123  368
0.787219  395
0.787328  309
0.787569  123
0.788246  352
0.790037  106
0.790588  114
0.79081  21
0.791153  379
0.79131  71
0.792017  361
0.792623  108
0.792652  206
0.792746  151
0.792939  358
0.793303  329
0.793414  354
0.793437  155
0.79355  248
0.794014  93
0.79406  38
0.794374  294
0.794481  116
0.794565  372
0.794628  57
0.794694  311
0.794796  338
0.79496  386
0.795006  117
0.795197  315
0.795337  40
0.795792  3
0.796152  105
0.796186  247
0.796777  324
0.796839  279
0.796871  112
0.796936  52
0.797296  313
0.797325  74
0.797605  76
0.797606  59
0.797625  72
0.797669  261
0.797693  341
0.798212  141
0.798233  328
0.798349  132
0.798399  283
0.798473  193
0.798628  16
0.798664  34
0.798719  104
0.799047  178
0.799047  245
0.799196  273
0.799225  43
0.799425  302
0.799783  131
0.799787  278
0.799956  227
0.800007  133
0.800138  103
0.800215  288
0.800358  144
0.800361  233
0.800514  162
0.800569  11
0.800591  4
0.800611  365
0.80062  98
0.800644  266
0.80071  320
0.800717  387
0.800763  335
0.801067  99
0.801074  10
0.801086  125
0.801087  250
0.801136  331
0.801161  262
0.801375  222
0.801404  330
0.801404  120
0.801552  305
0.801571  303
0.801853  119
0.801984  39
0.802  173
0.802111  14
0.802131  391
0.802143  47
0.802231  78
0.802353  396
0.80241  122
0.802411  17
0.802434  241
0.802484  82
0.802606  378
0.802637  367
0.802663  90
0.802756  385
0.802858  371
0.802861  28
0.802968  382
0.802999  221
0.803016  355
0.80303  253
0.803191  327
0.803272  226
0.803324  370
0.803347  356
0.803382  236
0.803478  170
0.803491  377
0.80354  187
0.803542  364
0.8037  153
0.803705  134
0.803779  189
0.803815  12
0.803841  186
0.803894  380
0.803923  347
0.803932  242
0.80397  46
0.803982  246
0.803983  75
0.804102  36
0.804107  346
0.804124  272
0.804182  363
0.804198  393
0.804338  168
0.804345  316
0.804379  135
0.804502  381
0.804506  297
0.804582  286
0.804588  332
0.804669  306
0.80467  56
0.80468  357
0.804821  235
0.804838  73
0.804882  237
0.80492  19
0.804964  0
0.80503  171
0.805119  6
0.805121  26
0.805219  399
0.805232  215
0.805268  37
0.805339  270
0.80536  376
0.805492  219
0.805517  79
0.80552  60
0.805551  169
0.80559  301
0.805615  350
0.805615  216
0.805619  344
0.80564  51
0.805662  9
0.805727  323
0.805737  300
0.80581  362
0.805853  265
0.805862  333
0.805865  269
0.805885  334
0.805891  337
0.8059  398
0.805915  152
0.805918  326
0.805919  383
0.805943  314
0.80597  257
0.806169  299
0.80618  22
0.806185  351
0.806186  62
0.806208  384
0.806211  148
0.806212  375
0.806233  198
0.806246  239
0.806295  156
0.806354  86
0.806369  366
0.806381  340
0.80639  229
0.806423  322
0.806472  217
0.806504  348
0.806527  345
0.806545  69
0.806566  312
0.806586  113
0.806592  373
0.806621  394
0.806645  63
0.806882  58
0.806911  353
0.807155  317
0.807189  308
0.807195  176
0.807201  275
0.807288  342
0.807369  15
0.807426  214
0.807614  41
0.807705  374
0.807719  256
0.80772  54
0.807808  201
0.807928  210
0.807994  85
0.808037  307
0.808045  172
0.808163  359
0.808312  388
0.808345  274
0.808346  158
0.808359  343
0.808392  64
0.808562  183
0.808596  392
0.808831  33
0.808896  35
0.809192  138
0.809307  321
0.809351  304
0.80939  195
0.809394  280
0.809543  127
0.809625  311
0.809666  360
0.80985  397
0.809893  136
0.809925  325
0.810055  369
0.810071  89
0.810277  204
0.810366  23
0.810528  291
0.810633  263
0.810656  255
0.810667  190
0.810761  68
0.810767  66
0.810952  319
0.811008  389
0.811009  165
0.811177  205
0.811229  338
0.811278  213
0.811333  349
0.811346  91
0.81135  310
0.811352  45
0.811474  126
0.811816  390
0.812317  160
0.812445  281
0.812532  88
0.812538  61
0.812551  268
0.812888  318
0.812895  94
0.81309  44
0.813199  352
0.813414  20
0.813487  243
0.813541  330
0.813573  258
0.814304  309
0.814407  29
0.814735  25
0.814908  182
0.814971  8
0.815174  361
0.815301  372
0.815415  260
0.815421  1
0.81544  339
0.815682  67
0.815782  140
0.815988  282
0.816141  230
0.816214  121
0.816298  81
0.816486  358
0.816627  145
0.816629  298
0.816704  220
0.816896  137
0.817103  146
0.817158  115
0.817467  368
0.817581  324
0.817684  395
0.817699  159
0.817858  111
0.818064  328
0.818068  354
0.818101  238
0.818179  42
0.818227  191
0.818232  21
0.818272  355
0.81834  196
0.818394  212
0.818414  110
0.818483  154
0.818657  224
0.81878  386
0.818829  108
0.819083  24
0.819317  48
0.819416  181
0.819897  303
0.820135  259
0.820264  334
0.820293  208
0.820538  396
0.820607  387
0.82086  379
0.82087  378
0.820919  315
0.821641  150
0.82172  80
0.821823  329
0.822714  225
0.822743  276
0.822764  335
0.822818  293
0.82293  100
0.823108  142
0.823121  295
0.82318  218
0.823397  341
0.823493  323
0.823495  53
0.823547  70
0.82364  336
0.823787  316
0.824612  155
0.824698  301
0.824711  164
0.824972  102
0.825361  207
0.825395  177
0.825682  374
0.826096  343
0.826142  319
0.826323  143
0.826757  167
0.82678  97
0.827168  356
0.82721  331
0.82733  166
0.827409  337
0.827654  346
0.827847  350
0.828303  320
0.829088  92
0.829169  348
0.829435  119
0.829727  244
0.829804  362
0.830424  3
0.830557  161
0.830886  184
0.831085  325
0.832421  95
0.832916  65
0.833347  306
0.833834  364
0.834277  147
0.834445  123
0.834518  392
0.835178  251
0.835332  353
0.835627  300
0.835702  347
0.835859  125
0.836193  377
0.836684  283
0.83684  305
0.837216  376
0.837779  149
0.837889  139
0.8384  261
0.83853  72
0.839379  185
0.839476  380
0.840203  373
0.84043  296
0.841083  383
0.841387  317
0.841672  359
0.841943  394
0.842348  308
0.842384  28
0.842471  321
0.842618  302
0.842664  357
0.842687  399
0.845359  375
0.8471  292
0.847287  322
0.847536  333
0.84758  39
0.848841  326
0.849515  84
0.849616  168
0.84984  27
0.850878  188
0.851005  299
0.851672  351
0.851825  332
0.852724  37
0.8534  55
0.853523  112
0.853702  334
0.853892  365
0.854275  310
0.855135  118
0.855332  382
0.855711  384
0.856637  327
0.857188  271
0.857194  264
0.857281  369
0.857332  135
0.857507  360
0.857616  338
0.857621  197
0.857885  393
0.85791  202
0.85815  381
0.858435  174
0.859433  345
0.859507  16
0.859666  313
0.859892  312
0.860939  388
0.862692  285
0.863792  289
0.864626  120
0.864702  211
0.865211  361
0.865645  249
0.866032  19
0.866722  179
0.868315  229
0.868707  69
0.86877  370
0.869283  233
0.869384  316
0.869459  209
0.869641  315
0.869663  187
0.869726  291
0.869891  247
0.870257  116
0.87031  73
0.870343  57
0.87045  32
0.870457  46
0.870583  223
0.870632  273
0.870693  378
0.870809  157
0.871059  107
0.871063  109
0.871108  272
0.871281  307
0.871541  344
0.871543  297
0.871598  385
0.871601  270
0.871653  201
0.871786  104
0.871787  340
0.871887  175
0.872226  341
0.87225  18
0.872271  122
0.872496  349
0.87254  277
0.872693  2
0.872707  252
0.87281  180
0.872825  352
0.872876  137
0.872938  342
0.872973  83
0.873005  128
0.873057  363
0.873095  30
0.873228  22
0.873383  279
0.873396  31
0.873401  336
0.873408  78
0.873425  200
0.873441  311
0.873498  280
0.873602  171
0.87363  178
0.873732  294
0.873761  391
0.87382  368
0.87382  240
0.873878  267
0.87395  61
0.873984  216
0.874085  101
0.874101  379
0.874111  390
0.874138  45
0.874173  106
0.874248  93
0.874342  170
0.874503  314
0.874596  372
0.874719  398
0.874874  343
0.87494  151
0.874966  396
0.875037  52
0.875062  234
0.875124  26
0.875168  304
0.875168  221
0.875186  367
0.875231  36
0.875471  305
0.875502  397
0.875513  17
0.875536  11
0.875577  263
0.875652  319
0.875658  328
0.875815  331
0.875884  308
0.876014  98
0.87602  224
0.876057  163
0.876266  231
0.876296  232
0.876429  389
0.876498  339
0.876577  59
0.876581  303
0.876654  10
0.876764  329
0.876849  323
0.87698  226
0.877307  150
0.877379  284
0.877534  60
0.87755  113
0.877679  82
0.877683  259
0.877817  262
0.877925  246
0.877938  364
0.878072  321
0.878101  51
0.878126  25
0.878156  387
0.878231  250
0.878235  290
0.878268  377
0.878427  383
0.878437  96
0.878451  309
0.878465  136
0.878503  330
0.878561  299
0.878562  81
0.878564  132
0.878613  358
0.878662  169
0.878671  254
0.878733  346
0.878782  392
0.878821  47
0.878834  154
0.878855  268
0.8789  337
0.878915  124
0.878942  77
0.879  350
0.879011  276
0.879132  176
0.879162  325
0.879244  184
0.879268  191
0.879295  99
0.879351  148
0.879379  205
0.87938  38
0.879437  94
0.879463  326
0.879472  13
0.8795  75
0.879507  76
0.879574  318
0.87962  395
0.879645  371
0.879713  320
0.879807  105
0.879862  206
0.879865  306
0.879878  183
0.880083  386
0.880093  134
0.880194  362
0.880217  394
0.88026  310
0.880267  347
0.880277  256
0.880326  228
0.880349  43
0.880477  251
0.880532  351
0.880561  322
0.880602  89
0.880653  380
0.880749  366
0.880863  189
0.880923  373
0.881007  324
0.881079  9
0.881145  393
0.88115  348
0.881156  384
0.881168  5
0.881194  203
0.881204  86
0.881227  300
0.881459  145
0.881477  50
0.881707  359
0.881709  354
0.881742  155
0.881914  355
0.881932  144
0.881962  161
0.882049  374
0.882126  241
0.882213  248
0.882225  353
0.882228  100
0.882391  334
0.882527  335
0.882702  34
0.882905  369
0.883007  55
0.883096  356
0.883106  208
0.883128  210
0.883162  111
0.883347  399
0.883393  243
0.883412  130
0.883469  312
0.883641  49
0.883795  28
0.883796  44
0.883927  388
0.883943  301
0.88396  361
0.883961  114
0.884434  158
0.884619  48
0.884653  360
0.88516  127
0.885273  338
0.885296  219
0.885307  382
0.885372  68
0.885397  376
0.885532  274
0.885545  7
0.885901  317
0.886011  391
0.886124  103
0.886131  4
0.88638  196
0.886397  315
0.886578  372
0.886593  41
0.886665  0
0.886815  287
0.886886  40
0.886905  381
0.887017  177
0.887352  316
0.887426  63
0.88751  218
0.887522  365
0.887547  357
0.887989  288
0.888239  91
0.888567  80
0.888835  90
0.889233  236
0.889444  186
0.88955  332
0.8897  305
0.889722  344
0.889794  264
0.889993  164
0.890679  314
0.890898  173
0.890999  244
0.891346  304
0.891682  375
0.891994  146
0.892568  327
0.893084  271
0.893133  333
0.893161  270
0.893313  269
0.894364  349
0.895423  159
0.895637  298
0.895708  227
0.896045  54
0.896226  339
0.89726  343
0.897635  33
0.897854  198
0.899177  313
0.899777  307
0.900467  20
0.901009  207
0.902086  215
0.90245  87
0.902655  396
0.903095  239
0.903338  302
0.90386  342
0.904256  329
0.904295  336
0.904371  126
0.905713  220
0.906743  368
0.907736  3
0.908078  29
0.908856  311
0.909407  378
0.910101  289
0.910642  43
0.910807  341
0.9117  266
0.912158  245
0.912436  370
0.912728  306
0.913114  204
0.913522  157
0.913866  14
0.913977  135
0.914506  118
0.914825  397
0.914859  390
0.915138  345
0.915494  328
0.915698  347
0.916087  237
0.916167  334
0.916746  335
0.917294  309
0.917496  379
0.917589  79
0.918403  303
0.918832  346
0.919015  23
0.919317  364
0.919762  394
0.919797  257
0.920566  165
0.920792  323
0.921087  325
0.921829  286
0.922175  324
0.922213  331
0.922519  42
0.922663  296
0.922701  12
0.922844  278
0.923299  187
0.923326  125
0.923503  308
0.92378  371
0.924106  113
0.924277  259
0.924321  350
0.924487  180
0.925112  8
0.925118  143
0.925295  398
0.925541  88
0.925643  300
0.925674  92
0.925718  363
0.925758  387
0.925819  283
0.926406  117
0.926515  133
0.926791  247
0.927203  322
0.927306  115
0.927608  399
0.928164  392
0.928201  255
0.928289  70
0.928446  353
0.928826  388
0.929148  142
0.929741  235
0.930056  273
0.930137  242
0.930173  238
0.930223  74
0.930737  108
0.930764  285
0.9312  362
0.931298  357
0.931368  110
0.931414  174
0.931545  337
0.931776  340
0.931811  359
0.931834  295
0.932042  293
0.932117  351
0.932193  372
0.932249  377
0.932374  71
0.93248  275
0.932612  261
0.93297  374
0.933067  281
0.933194  355
0.933494  310
0.93386  89
0.933976  53
0.934011  365
0.934199  62
0.934592  360
0.934705  231
0.934739  24
0.935119  139
0.935853  277
0.936046  356
0.936048  229
0.936096  1
0.936355  352
0.936394  385
0.936405  380
0.936591  225
0.936864  167
0.937297  393
0.937334  332
0.9375  389
0.937607  97
0.937859  182
0.937923  330
0.938349  321
0.938387  27
0.938395  361
0.938975  141
0.939004  358
0.939304  366
0.939573  153
0.939951  373
0.93998  395
0.940262  260
0.940288  307
0.940457  230
0.940579  25
0.940614  315
0.940616  348
0.940679  240
0.940723  162
0.940809  7
0.940869  228
0.940969  320
0.941579  84
0.941803  222
0.942081  56
0.942194  188
0.942307  272
0.942472  93
0.942533  171
0.942697  312
0.943044  301
0.943345  317
0.943374  338
0.943511  339
0.943669  15
0.943856  221
0.943862  121
0.943905  241
0.943988  160
0.944201  342
0.944253  11
0.944409  336
0.944442  318
0.944623  94
0.94466  35
0.944682  124
0.945181  294
0.94519  248
0.945257  36
0.945451  134
0.945474  304
0.945501  262
0.945517  123
0.945632  386
0.945655  30
0.94581  344
0.945894  175
0.945923  100
0.946221  156
0.946341  90
0.946374  65
0.946739  6
0.946924  10
0.947075  382
0.94715  383
0.947239  184
0.947268  13
0.947448  396
0.947739  166
0.947897  354
0.948045  246
0.948058  391
0.948149  327
0.948705  326
0.949405  302
0.949704  375
0.949705  316
0.949706  193
0.949836  305
0.949998  381
0.950018  347
0.950146  369
0.950247  16
0.950433  314
0.950893  109
0.950938  343
0.951268  119
0.952158  206
0.952237  319
0.952566  303
0.952939  384
0.95362  226
0.953653  77
0.95371  61
0.954481  331
0.956079  269
0.956368  329
0.956833  217
0.95723  367
0.957318  333
0.957765  200
0.95867  199
0.958673  311
0.958827  96
0.959063  280
0.959583  350
0.959958  397
0.960809  60
0.961678  390
0.961743  150
0.961814  323
0.962261  290
0.963008  86
0.964408  122
0.964599  309
0.964663  399
0.96489  349
0.965173  306
0.965179  392
0.965324  154
0.965391  102
0.966158  44
0.966259  362
0.966518  104
0.966535  379
0.966576  210
0.966644  48
0.96742  211
0.967524  335
0.967597  264
0.967825  313
0.967984  387
0.968625  214
0.968663  376
0.968693  300
0.969304  378
0.969999  55
0.971148  224
0.972017  170
0.972131  236
0.972768  51
0.973144  334
0.973219  286
0.973386  324
0.973642  328
0.97393  213
0.973968  363
0.97471  196
0.974792  385
0.976012  371
0.976409  29
0.976432  32
0.976476  2
0.976564  340
0.976579  120
0.976675  359
0.976905  107
0.976909  172
0.976934  219
0.977005  355
0.977018  372
0.97739  251
0.977403  263
0.977981  308
0.978482  368
0.978579  243
0.978619  271
0.978711  301
0.978805  339
0.979237  70
0.979944  237
0.979979  312
0.979994  337
0.980048  34
0.980119  358
0.980331  366
0.980333  302
0.980843  351
0.980854  256
0.98099  189
0.981066  85
0.981242  281
0.981304  274
0.981522  138
0.981614  232
0.981693  186
0.981771  103
0.981937  183
0.982041  398
0.982245  215
0.982285  244
0.9823  365
0.982337  169
0.982381  47
0.982603  46
0.982624  346
0.982781  223
0.982962  5
0.982998  370
0.983056  322
0.983173  126
0.983471  37
0.983732  394
0.983762  209
0.983796  348
0.983797  325
0.983882  45
0.984013  288
0.984179  148
0.984273  357
0.984475  69
0.984587  279
0.984627  330
0.984868  112
0.984891  261
0.984901  72
0.985122  389
0.985162  341
0.985471  373
0.985487  136
0.98562  129
0.985621  18
0.985778  67
0.985925  380
0.986005  192
0.986037  393
0.986113  258
0.986216  299
0.986221  17
0.986267  332
0.986357  111
0.986422  207
0.986532  395
0.986544  276
0.986596  361
0.986739  230
0.986867  152
0.987125  377
0.987151  92
0.987194  141
0.987231  327
0.98731  303
0.987485  254
0.987506  307
0.987532  145
0.987575  345
0.987585  391
0.987589  151
0.988026  113
0.988063  114
0.988346  364
0.988451  305
0.988493  382
0.988581  333
0.9886  353
0.988848  383
0.988919  321
0.989039  68
0.989104  57
0.989132  234
0.98914  81
0.989316  296
0.989373  59
0.989423  319
0.989428  314
0.989508  177
0.989582  101
0.989604  156
0.989972  61
0.990129  31
0.990339  342
0.990713  326
0.990742  310
0.990923  257
0.990998  338
0.991119  12
0.991122  185
0.991181  73
0.991238  360
0.991261  369
0.99135  187
0.991466  38
0.991633  35
0.991838  21
0.991843  268
0.992045  41
0.992155  76
0.992355  253
0.992376  386
0.992636  352
0.992732  304
0.99281  354
0.992892  356
0.993695  82
0.993702  317
0.993715  350
0.993736  265
0.993876  233
0.994151  285
0.994421  318
0.994571  315
0.995007  161
0.995288  181
0.995326  397
0.995595  336
0.996042  216
0.99613  197
0.996317  28
0.996847  375
0.997036  63
0.997126  229
0.997739  392
0.998056  331
0.998274  379
0.999193  66
0.999428  374
0.999733  239
0.999841  313
