1.21139e-05  51
1.33779e-05  175
2.34195e-05  87
2.62596e-05  199
3.2281e-05  28
3.3742e-05  25
4.46875e-05  91
4.93106e-05  233
4.96377e-05  225
5.16036e-05  111
5.59662e-05  115
6.54145e-05  136
6.62407e-05  221
6.66952e-05  93
6.90861e-05  68
8.45085e-05  49
9.04464e-05  31
9.54588e-05  2
9.64131e-05  8
9.77337e-05  55
9.89527e-05  97
0.000100109  121
0.000105118  124
0.000105691  48
0.000107601  131
0.000108824  156
0.000108953  185
0.000110604  181
0.000113844  79
0.00011601  205
0.000116743  63
0.000118823  145
0.000118836  96
0.000122746  144
0.000123024  217
0.000123296  57
0.000124006  143
0.000126967  43
0.000133747  112
0.000144035  227
0.000145183  141
0.000168486  89
0.000170456  117
0.000176185  44
0.00018034  171
0.000183385  183
0.000185378  6
0.000188277  9
0.000188838  45
0.000199886  108
0.000203406  168
0.000205985  72
0.000206612  100
0.000211985  172
0.000214408  197
0.000214477  80
0.000216473  92
0.000217137  149
0.000226318  52
0.000226377  231
0.000227239  69
0.000230166  224
0.0002307  223
0.000231572  128
0.000238953  133
0.000240401  177
0.000241793  81
0.000250892  195
0.000253226  220
0.000255123  180
0.000256416  129
0.000257856  53
0.000260778  83
0.000261363  103
0.000262422  84
0.000267641  120
0.000268377  148
0.000272401  56
0.000275293  75
0.000278477  76
0.000282294  113
0.000287748  60
0.000292046  127
0.000293574  193
0.000294807  85
0.000297518  188
0.00030047  77
0.000302913  101
0.0003032  125
0.000303292  163
0.000305642  67
0.000310808  169
0.000312939  207
0.000313964  235
0.000314801  40
0.000315963  157
0.000319966  165
0.000326539  59
0.00032966  41
0.00033001  29
0.000331129  160
0.000331711  132
0.000334098  151
0.00035136  119
0.000351501  257
0.000353587  192
0.000384981  95
0.000398606  228
0.000403259  137
0.000428385  139
0.000429799  164
0.000435  184
0.000448455  219
0.000461555  259
0.000474549  189
0.000483612  47
0.000490822  11
0.000492889  229
0.000507885  109
0.000512289  27
0.000516703  116
0.000520838  179
0.000525696  123
0.000549967  71
0.000550687  187
0.000564375  176
0.000568845  173
0.000570307  167
0.000583452  99
0.000584395  24
0.00060209  159
0.000604212  65
0.000609115  105
0.000611675  135
0.000622313  216
0.000631414  64
0.000650966  191
0.000661244  88
0.000670984  161
0.000692833  140
0.000763524  147
0.000765023  256
0.000772672  196
0.00078281  73
0.00079644  232
0.000832647  61
0.000949697  107
0.00100467  104
0.00139885  204
0.00313377  34
0.00338194  388
0.00342423  368
0.0034582  311
0.00350998  399
0.00351169  296
0.00355575  340
0.00356474  304
0.00360674  338
0.00366087  307
0.00368294  266
0.00368324  353
0.00371557  350
0.0037201  302
0.00379664  214
0.00384247  371
0.00390591  245
0.00391079  354
0.00391293  314
0.00402934  389
0.00405628  333
0.00407602  211
0.00409951  398
0.00410034  325
0.00410089  341
0.00413024  347
0.00414864  369
0.00422773  313
0.00429457  337
0.00431496  346
0.00432848  202
0.00433256  392
0.00434678  310
0.0043604  376
0.00437566  382
0.00438143  327
0.00439981  343
0.00442916  359
0.00443134  367
0.004467  395
0.00452611  360
0.00453402  357
0.00455382  355
0.00464242  243
0.00464282  309
0.00467303  326
0.00468059  303
0.0046942  394
0.0046944  356
0.00471105  390
0.00472641  385
0.00475281  363
0.00475557  153
0.00476279  375
0.00477863  352
0.00479388  263
0.00482381  322
0.0048733  251
0.00496269  364
0.0049781  301
0.00500252  349
0.00501919  391
0.00509222  335
0.00510229  370
0.00512982  393
0.00513072  336
0.00513206  387
0.00515332  295
0.00519598  361
0.00522516  345
0.00526374  308
0.00527572  383
0.00528516  362
0.00529197  17
0.00531285  358
0.00535051  312
0.00536066  339
0.00538491  373
0.00541801  320
0.0054309  332
0.00544506  331
0.0054692  372
0.00547133  262
0.0054763  267
0.00550448  37
0.00552661  366
0.00562014  152
0.00565618  315
0.00570279  4
0.0057549  321
0.00575708  329
0.00578579  324
0.00578686  32
0.00580577  300
0.00580885  380
0.00584499  328
0.00586849  319
0.00596124  396
0.00597596  14
0.00597763  281
0.00603869  365
0.00607175  252
0.00625346  1
0.00625572  323
0.00630728  201
0.00636707  286
0.00640097  330
0.00643942  344
0.00652974  378
0.00657182  374
0.00659153  317
0.00690113  316
0.0070289  386
0.00704641  342
0.00717688  165
0.00721698  36
0.0072845  253
0.00730151  381
0.00730477  240
0.00737599  306
0.00743608  384
0.00744471  297
0.00752156  16
0.00753684  236
0.00753755  305
0.00757661  318
0.0078053  38
0.00876306  294
0.00923014  334
0.00945734  379
0.00958  348
0.00959469  397
0.0123303  125
0.013646  3
0.0151008  268
0.0181361  285
0.0234908  191
0.0247638  15
0.025777  215
0.0297243  351
0.0301143  264
0.0335398  307
0.0340098  204
0.034062  266
0.0345801  390
0.0347015  337
0.0358463  273
0.036261  340
0.0363128  322
0.037273  39
0.0377796  282
0.0378598  53
0.0387201  356
0.0392377  304
0.0395702  366
0.0397926  306
0.0398179  196
0.0402997  29
0.0404186  184
0.0407265  247
0.0411237  107
0.0414681  368
0.0418056  389
0.0425971  189
0.0426192  375
0.042785  382
0.0431029  289
0.0431715  314
0.0431878  310
0.0432543  398
0.0438328  377
0.044078  388
0.0446063  311
0.0446603  385
0.045341  346
0.0454133  326
0.0454762  77
0.0457081  245
0.0457128  301
0.0457722  328
0.0458083  347
0.0462147  343
0.0465933  269
0.0467379  195
0.0473557  333
0.0476527  280
0.0478628  369
0.0488071  2
0.0494865  67
0.0495255  237
0.0497817  316
0.049877  104
0.0509227  256
0.0512304  312
0.0514967  341
0.0515342  367
0.0525029  302
0.0527456  242
0.0528203  371
0.0529117  308
0.0533744  259
0.0538672  394
0.0538834  261
0.0549056  349
0.0552671  210
0.0555976  119
0.0556869  163
0.0561762  339
0.056641  13
0.0567196  391
0.0569275  372
0.0572005  345
0.0572852  399
0.0573886  325
0.0574709  5
0.058039  135
0.0581255  303
0.0581642  320
0.0584864  171
0.0586142  360
0.0590939  361
0.059209  275
0.0595747  278
0.0596573  363
0.0597487  214
0.0602596  202
0.060478  72
0.0609636  185
0.0610259  370
0.0611822  249
0.0616491  11
0.0620296  272
0.0620527  287
0.062559  354
0.0629402  373
0.0630079  383
0.0631857  85
0.0632159  255
0.0637148  327
0.0641403  250
0.0642084  332
0.0644031  357
0.0645304  284
0.0650566  123
0.0651155  6
0.0652884  23
0.0653409  309
0.0653776  315
0.0654142  359
0.0655028  392
0.0655243  217
0.0658027  140
0.0658217  321
0.0664616  331
0.0668655  317
0.0668675  362
0.0673421  358
0.0674945  344
0.0675725  300
0.0676279  395
0.0680633  93
0.0680645  12
0.0680859  374
0.0683599  324
0.0691913  176
0.0693116  378
0.0704028  355
0.070563  335
0.0708546  381
0.0710834  352
0.0715334  336
0.0725192  387
0.0732295  313
0.0747849  305
0.0753178  364
0.0769629  376
0.0771272  223
0.0804851  386
0.0809299  348
0.0811739  319
0.0826724  342
0.0841609  47
0.0847074  299
0.0858279  393
0.0873933  149
0.0905983  0
0.0910358  279
0.0913162  337
0.091362  306
0.0914523  384
0.0915703  200
0.0917161  71
0.0924396  283
0.0932596  14
0.0933371  380
0.0934176  323
0.0934789  353
0.0939317  151
0.09396  145
0.0939933  161
0.0943099  329
0.0943748  244
0.094643  19
0.0947299  8
0.0947879  155
0.0948373  219
0.0950776  61
0.0952822  89
0.0953774  338
0.0956716  298
0.0956824  21
0.0957899  100
0.0963014  340
0.0963826  318
0.0965968  246
0.0966061  248
0.0967043  365
0.0968111  227
0.0970258  241
0.0973473  396
0.0976626  92
0.0977062  139
0.0979875  27
0.0981821  81
0.0983286  225
0.0983794  307
0.0985093  356
0.0985527  173
0.0989009  95
0.0990426  1
0.0996492  181
0.0998242  389
0.0999384  301
0.100422  3
0.10055  360
0.100575  231
0.10066  132
0.100685  271
0.100814  290
0.101188  147
0.101447  347
0.101635  334
0.101793  297
0.101879  390
0.101974  350
0.102322  148
0.102348  184
0.102757  397
0.102836  330
0.102913  52
0.103271  302
0.103277  165
0.103394  316
0.103568  310
0.103664  270
0.104099  394
0.104282  367
0.104313  179
0.104452  339
0.104891  262
0.105323  229
0.105421  240
0.105437  375
0.105531  203
0.105627  333
0.105806  32
0.105839  212
0.105999  351
0.106165  296
0.10633  371
0.106534  369
0.10662  398
0.106697  164
0.106948  341
0.10705  33
0.107059  276
0.107064  210
0.10707  292
0.107142  293
0.107275  238
0.107315  388
0.107387  321
0.107405  105
0.107419  38
0.107525  113
0.107612  326
0.107671  354
0.107755  220
0.107804  205
0.107815  254
0.107824  209
0.107915  159
0.108006  63
0.10807  383
0.108128  346
0.108173  123
0.108461  345
0.108537  322
0.108605  288
0.108711  34
0.108899  208
0.10903  51
0.10904  191
0.109043  103
0.109074  387
0.109237  124
0.109246  382
0.109297  395
0.109307  116
0.109317  368
0.109334  304
0.109357  243
0.109389  195
0.10943  24
0.109451  7
0.109562  285
0.109592  308
0.109618  76
0.110022  358
0.11004  87
0.110131  281
0.110177  88
0.110285  291
0.110363  300
0.110398  314
0.110616  267
0.110668  392
0.110778  312
0.110875  22
0.110903  266
0.110944  331
0.111109  141
0.111118  393
0.111162  343
0.111172  128
0.111233  349
0.111265  239
0.111315  232
0.111644  309
0.111809  379
0.111839  399
0.111924  391
0.111936  213
0.111953  336
0.111993  44
0.112003  374
0.112016  265
0.112148  295
0.112314  77
0.11245  344
0.11263  386
0.112739  335
0.112777  311
0.112896  363
0.112919  313
0.113221  366
0.113269  144
0.113461  315
0.113545  384
0.113756  352
0.113764  362
0.114244  325
0.114501  11
0.114582  106
0.114967  355
0.115006  221
0.115118  257
0.115124  261
0.115358  305
0.115371  129
0.115891  228
0.116361  185
0.116521  348
0.116675  361
0.116687  189
0.116765  18
0.117059  328
0.117245  385
0.117339  376
0.117625  198
0.117805  378
0.117918  323
0.118034  377
0.118129  359
0.119373  277
0.119728  372
0.119815  342
0.119842  251
0.120312  125
0.120819  317
0.122095  263
0.12249  245
0.123458  381
0.124092  107
0.124578  364
0.125022  16
0.125492  370
0.128002  332
0.130331  35
0.132002  17
0.133018  23
0.133861  280
0.134732  357
0.137218  389
0.137529  133
0.138137  282
0.138253  327
0.139602  329
0.139993  39
0.140299  43
0.141635  320
0.141798  356
0.142266  303
0.142771  322
0.143484  126
0.144341  373
0.144444  127
0.144766  91
0.144801  13
0.144981  223
0.145205  337
0.145493  20
0.14556  154
0.146184  301
0.146224  207
0.146607  302
0.146708  353
0.147486  45
0.14779  137
0.1479  211
0.148027  187
0.148273  242
0.148346  217
0.148403  37
0.148601  318
0.148938  156
0.149447  41
0.149578  365
0.149601  26
0.149632  236
0.149674  29
0.149889  350
0.149937  186
0.150092  367
0.150253  375
0.150321  157
0.150611  114
0.150683  283
0.150934  174
0.151091  324
0.151099  382
0.151175  216
0.15124  119
0.151294  252
0.151587  60
0.15164  70
0.151726  319
0.151853  115
0.152004  334
0.15202  351
0.15205  307
0.152071  67
0.15223  316
0.152257  306
0.152416  294
0.152483  68
0.152536  48
0.152805  390
0.152981  64
0.15302  231
0.153134  269
0.153377  310
0.153646  333
0.15365  57
0.153684  289
0.153882  75
0.153955  83
0.154358  398
0.154592  340
0.154628  259
0.154804  149
0.154812  49
0.154847  380
0.155054  206
0.155066  273
0.155261  309
0.155465  4
0.155789  383
0.156171  158
0.156375  336
0.156498  338
0.156808  73
0.156854  10
0.157296  299
0.157342  341
0.157812  385
0.157837  330
0.157897  274
0.157955  7
0.158017  355
0.158063  311
0.158296  397
0.158402  256
0.158428  176
0.158522  61
0.158604  120
0.158768  304
0.158896  96
0.159112  326
0.159113  148
0.15918  321
0.159584  323
0.159715  181
0.159746  194
0.159879  143
0.159926  387
0.159939  171
0.160221  308
0.160242  80
0.160326  222
0.160339  275
0.160381  196
0.160456  82
0.160777  230
0.1609  361
0.160905  65
0.160984  191
0.161028  381
0.161112  46
0.161163  247
0.16123  396
0.161254  349
0.161349  153
0.161362  352
0.161403  392
0.161644  345
0.161648  95
0.161843  288
0.162187  313
0.162298  394
0.162312  378
0.162454  197
0.162619  300
0.162782  399
0.162798  249
0.162813  3
0.16293  167
0.162982  6
0.16303  358
0.163065  354
0.163323  377
0.163345  84
0.163401  315
0.163422  332
0.163569  388
0.163729  121
0.163818  359
0.163899  312
0.164217  193
0.164455  314
0.164708  384
0.164724  14
0.164971  379
0.165141  97
0.165294  343
0.165514  376
0.165667  151
0.165851  317
0.165972  331
0.166191  369
0.166442  364
0.166598  227
0.166894  344
0.167131  393
0.167156  363
0.167515  1
0.16755  386
0.167561  15
0.167942  225
0.167964  370
0.16848  241
0.168819  360
0.168917  214
0.169031  391
0.16937  320
0.17006  276
0.171071  224
0.173597  85
0.173665  371
0.173922  348
0.174109  368
0.174538  362
0.174976  51
0.175262  329
0.175273  339
0.176382  302
0.176387  160
0.177297  50
0.177878  169
0.178496  395
0.179623  346
0.18286  182
0.183385  229
0.187083  155
0.187624  59
0.188195  203
0.188662  356
0.189909  245
0.190065  318
0.190241  260
0.190594  286
0.191434  190
0.1916  116
0.192136  279
0.192214  328
0.192365  89
0.192385  248
0.192477  301
0.19269  255
0.192859  373
0.192907  335
0.193057  150
0.193213  347
0.193215  22
0.19325  35
0.193603  109
0.193809  53
0.193978  342
0.194516  305
0.194542  179
0.194634  322
0.194713  78
0.195091  389
0.195102  152
0.195158  366
0.195193  178
0.195216  221
0.195495  325
0.195595  382
0.195871  76
0.196436  128
0.196534  372
0.196995  327
0.197324  98
0.19736  233
0.197412  268
0.197437  287
0.197628  134
0.197736  237
0.197737  92
0.19782  337
0.197892  357
0.198247  9
0.198515  142
0.198611  33
0.198646  374
0.198866  130
0.199153  198
0.199225  281
0.199327  183
0.199404  272
0.199604  118
0.199835  100
0.199924  351
0.199966  103
0.20009  86
0.200313  235
0.200434  140
0.200776  126
0.200799  375
0.200913  392
0.200978  29
0.200993  390
0.201039  0
0.20107  71
0.201107  141
0.201203  355
0.201252  258
0.201451  101
0.201563  365
0.201598  81
0.201722  230
0.201823  27
0.20203  266
0.202055  66
0.202137  250
0.20223  381
0.202368  175
0.202431  228
0.202464  340
0.202466  195
0.202574  349
0.202631  222
0.202771  201
0.202778  316
0.202906  136
0.20291  336
0.202912  383
0.202966  345
0.202996  311
0.202996  310
0.203255  397
0.203289  319
0.203346  13
0.203362  93
0.203382  217
0.203457  62
0.203555  270
0.203591  219
0.203598  125
0.203627  385
0.203633  30
0.20364  52
0.20379  324
0.203808  306
0.203824  285
0.203825  56
0.203936  90
0.203994  188
0.204277  12
0.204369  164
0.204446  307
0.204578  5
0.204578  292
0.204581  24
0.204639  58
0.20467  185
0.204737  226
0.204766  18
0.204994  344
0.205011  117
0.205057  330
0.20509  391
0.205095  264
0.20514  265
0.205222  361
0.205279  208
0.205328  239
0.205367  102
0.20539  321
0.205395  135
0.205396  333
0.205596  11
0.205601  369
0.205609  298
0.205613  63
0.205749  168
0.205783  350
0.205814  398
0.205882  172
0.205896  108
0.205929  394
0.205955  353
0.205956  75
0.205978  396
0.206058  212
0.20606  308
0.206062  43
0.206151  31
0.20627  303
0.206341  267
0.206411  36
0.206448  317
0.2065  315
0.206574  300
0.206583  384
0.206599  34
0.206614  309
0.206629  39
0.20665  25
0.20665  393
0.206699  380
0.206739  377
0.206775  371
0.206801  17
0.206864  334
0.20698  358
0.207049  145
0.207064  107
0.207094  339
0.207097  367
0.207109  44
0.207177  173
0.207285  314
0.207319  165
0.207354  180
0.207409  388
0.207414  364
0.207563  323
0.207699  187
0.207767  352
0.207895  378
0.208036  399
0.208097  127
0.208251  147
0.208284  341
0.208407  218
0.208444  166
0.208563  359
0.208788  297
0.20894  170
0.209021  15
0.20921  338
0.209301  368
0.209466  331
0.209515  301
0.209538  74
0.209598  354
0.209704  158
0.20983  348
0.209837  370
0.210222  332
0.210433  395
0.210494  177
0.210513  294
0.210827  346
0.21088  329
0.211059  162
0.211167  32
0.211801  386
0.211912  343
0.212032  94
0.212057  356
0.212137  360
0.212163  372
0.21229  379
0.212802  376
0.212906  326
0.213028  302
0.213931  28
0.214073  387
0.214436  104
0.216174  21
0.218921  327
0.22148  304
0.22243  251
0.223122  193
0.223129  318
0.225035  106
0.225213  296
0.225609  91
0.227019  305
0.228157  325
0.229273  363
0.230362  382
0.234261  288
0.235071  312
0.235346  313
0.235657  362
0.236852  41
0.239109  178
0.24023  283
0.24049  263
0.241066  277
0.241129  186
0.241699  373
0.241794  38
0.241868  204
0.242143  240
0.242169  389
0.242935  35
0.243163  19
0.243761  124
0.244061  189
0.244105  253
0.24419  16
0.244311  205
0.244517  110
0.244547  295
0.244648  119
0.244932  192
0.244963  45
0.245101  243
0.245202  67
0.24552  223
0.245771  246
0.245879  191
0.245955  290
0.246115  113
0.246115  350
0.24635  60
0.246379  65
0.246482  357
0.246494  282
0.246595  97
0.246597  366
0.246603  391
0.24664  276
0.246707  347
0.246768  374
0.246786  61
0.247064  196
0.247127  163
0.247141  242
0.247247  355
0.247286  337
0.247609  352
0.24774  79
0.247998  335
0.248063  310
0.248168  100
0.248202  342
0.248258  365
0.248288  221
0.248358  324
0.248376  202
0.248378  112
0.248422  89
0.24867  260
0.248689  266
0.248735  330
0.248773  154
0.248846  159
0.248914  319
0.248926  2
0.249061  345
0.24907  395
0.249152  351
0.249231  289
0.249262  70
0.249291  320
0.249319  343
0.249396  394
0.249396  105
0.249502  197
0.249533  3
0.249567  386
0.249828  95
0.249846  4
0.249945  252
0.250069  10
0.250101  322
0.25014  150
0.250363  314
0.250626  227
0.250649  340
0.250758  169
0.250779  274
0.250787  368
0.250836  77
0.25087  328
0.251166  160
0.251267  334
0.251268  216
0.251318  26
0.25132  138
0.251675  72
0.251711  146
0.251737  393
0.251845  123
0.25186  316
0.251872  156
0.251903  114
0.252012  278
0.252091  210
0.252119  398
0.252146  338
0.252154  7
0.252218  255
0.252231  331
0.252262  224
0.252304  306
0.252417  381
0.25243  232
0.252484  82
0.252533  377
0.252634  215
0.252775  397
0.252878  348
0.253058  220
0.253092  333
0.253146  157
0.253177  147
0.253206  388
0.253277  369
0.253404  233
0.253442  149
0.253454  390
0.253459  73
0.253466  339
0.253523  87
0.253616  349
0.253651  122
0.253669  120
0.253872  307
0.253883  200
0.253972  175
0.254024  308
0.254078  380
0.254086  367
0.254146  131
0.254168  153
0.254327  354
0.25433  129
0.254692  383
0.254778  371
0.254794  247
0.254815  286
0.254831  341
0.254891  303
0.254932  132
0.254946  279
0.254992  359
0.25502  143
0.255086  385
0.255277  23
0.255387  332
0.2555  336
0.255525  304
0.255525  309
0.255621  326
0.25571  325
0.255856  293
0.255953  99
0.256054  28
0.256062  353
0.256145  44
0.256175  379
0.256191  399
0.256354  148
0.256358  98
0.256462  179
0.256606  305
0.256608  361
0.256634  31
0.256742  85
0.25681  21
0.256829  64
0.256884  187
0.256961  396
0.257036  302
0.257048  248
0.25706  360
0.2571  356
0.257141  392
0.257164  254
0.257348  244
0.257505  39
0.257513  37
0.257593  344
0.257731  264
0.257741  358
0.257801  194
0.257928  237
0.258018  47
0.258121  234
0.258417  301
0.258441  370
0.258478  387
0.25848  96
0.258617  378
0.258645  317
0.258714  40
0.25877  372
0.259394  384
0.259611  275
0.25966  133
0.259784  280
0.260099  311
0.260451  76
0.26059  206
0.260678  376
0.260698  54
0.260848  15
0.260995  49
0.261317  364
0.261637  323
0.26164  299
0.261722  318
0.261953  329
0.262196  300
0.262234  142
0.262463  52
0.262904  327
0.263055  231
0.263066  6
0.263171  213
0.263594  284
0.263963  33
0.264026  249
0.264055  58
0.264075  346
0.265115  226
0.265432  108
0.2656  265
0.265919  75
0.266245  363
0.26627  118
0.266587  281
0.26674  321
0.266867  141
0.267061  315
0.267088  68
0.267486  269
0.267808  310
0.267838  42
0.267863  373
0.268017  375
0.268184  86
0.269854  184
0.27044  92
0.270503  12
0.27173  262
0.272178  362
0.272298  261
0.273126  117
0.27369  374
0.273711  312
0.274103  238
0.274358  180
0.274472  386
0.274766  211
0.27506  29
0.27614  272
0.277685  1
0.278005  245
0.278716  225
0.279426  291
0.280262  335
0.280559  331
0.281057  71
0.281162  181
0.28138  250
0.281683  357
0.281777  296
0.282058  103
0.282239  63
0.282554  165
0.282649  256
0.282736  128
0.282766  13
0.282846  185
0.282933  342
0.28323  53
0.283277  20
0.283409  144
0.283417  326
0.283528  109
0.283703  397
0.283858  166
0.283884  340
0.284051  306
0.28421  145
0.284229  218
0.284277  313
0.284301  285
0.28436  24
0.284603  48
0.285137  389
0.285148  352
0.285223  125
0.285577  393
0.285589  207
0.285749  182
0.285858  350
0.285906  330
0.285985  46
0.286013  314
0.286107  222
0.286224  349
0.286433  368
0.286598  115
0.286687  137
0.28674  353
0.286999  316
0.28754  341
0.287557  14
0.287588  241
0.287595  359
0.28762  292
0.288004  355
0.288319  382
0.288341  398
0.288562  136
0.288565  51
0.288742  239
0.289043  385
0.289541  260
0.289799  387
0.289938  8
0.29007  361
0.29027  381
0.290438  121
0.290451  155
0.290553  338
0.290783  91
0.290838  333
0.290971  370
0.291433  183
0.291828  377
0.291852  303
0.292198  228
0.29263  191
0.292719  11
0.292906  354
0.293001  304
0.293105  344
0.293108  348
0.293661  391
0.293831  395
0.294015  308
0.294208  130
0.294442  172
0.294511  383
0.29497  140
0.294986  319
0.295005  371
0.295338  298
0.295505  388
0.295627  322
0.295774  345
0.296516  343
0.296624  372
0.29726  94
0.297504  347
0.29801  332
0.298072  151
0.298327  369
0.298657  323
0.299384  300
0.299645  307
0.302263  328
0.303002  365
0.30527  203
0.305491  360
0.305779  90
0.306045  351
0.30875  367
0.309588  394
0.30981  339
0.309969  336
0.311302  358
0.313913  366
0.313925  337
0.315456  302
0.315959  327
0.316496  111
0.318064  209
0.319099  236
0.319183  324
0.31921  257
0.319355  294
0.320311  392
0.320713  334
0.320922  18
0.321194  309
0.321385  69
0.321505  264
0.32155  317
0.32196  301
0.322027  135
0.32223  356
0.322719  73
0.322931  217
0.323146  174
0.323318  378
0.323823  363
0.324347  396
0.324375  84
0.324716  373
0.324805  364
0.325773  380
0.32581  168
0.325966  399
0.326201  57
0.326895  310
0.327713  320
0.328026  374
0.32845  214
0.328645  305
0.329423  16
0.329808  386
0.32984  223
0.330754  379
0.330859  62
0.331683  325
0.331972  384
0.33202  192
0.333503  321
0.334185  173
0.335018  152
0.335031  106
0.335282  127
0.33542  89
0.33551  0
0.33558  180
0.335937  390
0.336326  129
0.336415  43
0.336498  315
0.336573  189
0.337067  376
0.337386  30
0.337493  126
0.33753  21
0.337567  175
0.338007  124
0.338857  295
0.339002  161
0.339016  271
0.339065  113
0.339126  290
0.339503  93
0.3396  83
0.33969  230
0.339774  335
0.33986  312
0.339876  15
0.339995  220
0.340215  221
0.340246  40
0.340319  188
0.340722  99
0.340836  361
0.340986  353
0.341032  338
0.341074  306
0.341262  6
0.341313  286
0.341548  331
0.341606  143
0.341652  299
0.341782  346
0.341996  318
0.34206  190
0.34207  153
0.342463  38
0.342561  357
0.342627  66
0.342627  287
0.342715  224
0.3428  50
0.342824  330
0.342881  110
0.342883  311
0.34303  107
0.34307  201
0.343256  139
0.343389  391
0.343405  342
0.343406  199
0.343412  79
0.343525  169
0.34355  81
0.343615  398
0.343842  141
0.343883  27
0.344057  163
0.344073  381
0.3441  87
0.344136  177
0.344141  375
0.34418  326
0.344194  85
0.34426  116
0.344461  345
0.344531  198
0.344634  235
0.344651  76
0.344702  350
0.344722  251
0.344724  329
0.344756  393
0.344867  167
0.344908  197
0.344913  259
0.344939  283
0.345048  387
0.345061  267
0.345142  372
0.345183  194
0.345235  269
0.345265  228
0.345267  104
0.345401  205
0.345431  272
0.345456  112
0.345484  56
0.345498  137
0.345511  65
0.345562  3
0.345594  159
0.34581  279
0.345819  5
0.345847  31
0.346019  114
0.346032  343
0.346166  341
0.346196  58
0.346239  307
0.346242  255
0.346278  131
0.346335  273
0.346346  134
0.346347  276
0.346355  377
0.346387  304
0.346442  42
0.346498  195
0.346513  45
0.34665  354
0.346672  144
0.346698  288
0.346749  211
0.346756  303
0.34677  370
0.346781  12
0.346806  88
0.346833  316
0.346871  184
0.346875  308
0.346883  100
0.346884  282
0.346891  394
0.347002  96
0.34701  397
0.347063  20
0.347082  97
0.347123  340
0.347131  229
0.347179  154
0.347207  278
0.347239  348
0.347293  313
0.347313  265
0.347349  26
0.347413  359
0.347503  344
0.347712  332
0.347748  292
0.347761  371
0.347782  105
0.347817  53
0.347847  25
0.347874  206
0.347898  171
0.347905  186
0.347911  349
0.348089  44
0.3481  383
0.348112  369
0.348142  181
0.348169  339
0.348177  302
0.348194  300
0.348274  366
0.348275  95
0.348283  327
0.34834  382
0.348384  263
0.348398  9
0.348418  362
0.348454  365
0.348466  266
0.348533  385
0.348614  204
0.348679  242
0.348703  347
0.348757  314
0.34876  37
0.348803  142
0.348834  33
0.348838  363
0.348841  253
0.348896  301
0.348955  68
0.348967  319
0.349044  155
0.349122  337
0.349133  333
0.349197  257
0.349265  32
0.349287  291
0.349313  280
0.349314  356
0.349318  389
0.34937  149
0.349427  373
0.3495  59
0.349525  210
0.349616  328
0.34966  309
0.349699  146
0.349723  358
0.349766  399
0.349824  23
0.349846  297
0.349848  351
0.349875  352
0.34991  101
0.349983  249
0.35001  388
0.350026  275
0.350165  367
0.350294  323
0.350319  274
0.35036  132
0.350568  123
0.35057  117
0.350622  28
0.350628  207
0.35073  18
0.350801  322
0.350809  334
0.35083  7
0.350866  98
0.350878  336
0.350937  122
0.351038  13
0.351109  41
0.351154  102
0.351157  234
0.351159  392
0.351195  320
0.351317  212
0.35139  238
0.351694  17
0.351701  78
0.351712  325
0.35173  130
0.351891  55
0.35206  243
0.352064  118
0.352078  74
0.352105  368
0.35211  386
0.352113  156
0.352195  364
0.352261  321
0.352431  138
0.352518  22
0.352572  172
0.352627  82
0.352631  312
0.352693  214
0.352761  396
0.352777  213
0.352797  379
0.352852  324
0.352882  73
0.352907  77
0.353096  231
0.353098  125
0.353174  86
0.353192  305
0.353225  233
0.353354  75
0.353399  164
0.353554  121
0.353584  252
0.353631  119
0.353661  52
0.353748  395
0.353786  378
0.353843  346
0.353888  360
0.353965  148
0.353984  380
0.35411  355
0.354152  120
0.354169  200
0.354179  376
0.354244  374
0.354341  67
0.354495  268
0.354591  47
0.354771  270
0.3548  250
0.35486  136
0.354915  245
0.355238  175
0.355391  178
0.355401  209
0.355445  393
0.355558  35
0.355666  34
0.355675  277
0.355735  151
0.355742  315
0.356145  311
0.356213  218
0.356276  16
0.35633  284
0.356387  40
0.356407  54
0.356618  49
0.356637  183
0.356766  281
0.356839  318
0.357172  289
0.357198  394
0.357201  227
0.357214  222
0.357263  317
0.357394  4
0.357496  353
0.357682  254
0.35775  390
0.358034  169
0.358184  168
0.358357  109
0.358575  94
0.358589  84
0.358817  331
0.358926  185
0.358947  329
0.359169  208
0.359202  303
0.359561  69
0.359671  64
0.35978  384
0.359824  310
0.360106  72
0.360277  335
0.360668  397
0.360737  89
0.360963  39
0.360999  337
0.361116  381
0.361127  348
0.361429  71
0.362018  24
0.362324  240
0.362333  340
0.362443  193
0.362468  262
0.362858  135
0.363177  261
0.364798  162
0.364905  370
0.36538  133
0.365424  398
0.365595  341
0.366663  307
0.366853  371
0.366965  215
0.367289  343
0.367357  391
0.367513  383
0.367908  361
0.368601  225
0.369324  377
0.369341  128
0.370051  365
0.370701  306
0.371405  241
0.372384  313
0.372696  375
0.373408  372
0.378031  5
0.37918  345
0.38076  0
0.381207  327
0.381309  170
0.381818  326
0.382257  42
0.383495  387
0.3849  300
0.385051  357
0.38603  36
0.386334  316
0.386816  368
0.387475  11
0.388062  126
0.388732  389
0.389529  332
0.390106  380
0.39017  150
0.390209  369
0.391493  323
0.391616  358
0.392174  351
0.392811  60
0.393378  187
0.393493  330
0.39405  342
0.395505  359
0.396911  160
0.397074  308
0.39924  197
0.399976  349
0.400466  396
0.400509  219
0.400714  338
0.400888  322
0.401376  25
0.401887  202
0.402196  354
0.402331  385
0.402344  344
0.402389  123
0.40249  312
0.402677  353
0.402751  166
0.40396  176
0.404123  356
0.404158  188
0.404412  350
0.405181  12
0.405439  90
0.405659  258
0.405832  127
0.406042  33
0.406172  294
0.406299  363
0.406893  304
0.40788  317
0.408351  237
0.408433  236
0.408646  203
0.408695  249
0.40874  320
0.408998  384
0.409094  139
0.409149  362
0.409261  231
0.409817  158
0.410452  311
0.410477  393
0.410551  48
0.41067  163
0.410807  61
0.410839  147
0.410946  70
0.411608  302
0.411618  216
0.411779  111
0.411983  352
0.412076  211
0.412107  210
0.412293  397
0.412371  253
0.412636  392
0.412922  108
0.413011  287
0.41331  315
0.413356  228
0.413447  295
0.413665  19
0.413721  93
0.413729  324
0.413828  379
0.413978  239
0.41406  114
0.414129  104
0.414135  367
0.414138  285
0.414191  325
0.414251  366
0.414558  180
0.414818  186
0.414823  388
0.414854  124
0.414909  334
0.414991  336
0.415096  383
0.415307  309
0.415529  399
0.415537  382
0.415773  156
0.415881  14
0.416231  328
0.416545  50
0.416745  266
0.41676  360
0.416965  305
0.417546  206
0.417949  355
0.418271  105
0.418325  337
0.418352  10
0.418698  28
0.418723  161
0.418758  319
0.419217  282
0.419394  299
0.419654  201
0.419754  296
0.419868  376
0.41992  318
0.419946  7
0.420176  386
0.420176  97
0.420209  86
0.420225  373
0.420271  339
0.420431  291
0.420674  313
0.420816  87
0.420994  321
0.421011  235
0.421363  329
0.421389  375
0.421581  35
0.421603  390
0.422327  177
0.422505  247
0.422528  301
0.422574  347
0.422734  78
0.423278  333
0.423668  372
0.424038  267
0.424078  314
0.424611  348
0.424996  283
0.425245  140
0.425334  381
0.425635  364
0.425639  370
0.425683  81
0.426158  307
0.426457  387
0.4272  377
0.429682  361
0.429875  290
0.430292  357
0.431622  365
0.432486  326
0.433434  110
0.433864  157
0.434114  182
0.435848  36
0.436394  221
0.436749  146
0.436795  341
0.436819  374
0.437116  280
0.437188  196
0.437229  154
0.437451  298
0.437472  85
0.437774  303
0.437871  391
0.437875  38
0.438384  344
0.438389  389
0.438454  358
0.438471  300
0.438827  1
0.43885  115
0.439322  378
0.439412  82
0.439937  310
0.4402  17
0.440206  351
0.440671  224
0.441026  343
0.44119  394
0.441257  77
0.441574  143
0.441783  331
0.441945  198
0.442369  349
0.442374  226
0.4425  244
0.442574  118
0.442769  346
0.443655  183
0.443932  395
0.444077  27
0.444285  205
0.444405  316
0.444423  350
0.444464  192
0.444504  91
0.444538  279
0.444742  56
0.444772  306
0.445099  327
0.445127  88
0.44521  345
0.44525  332
0.445312  362
0.445366  371
0.445492  71
0.44558  144
0.445642  101
0.445674  369
0.445738  398
0.445844  262
0.446265  174
0.44632  340
0.446666  103
0.446868  260
0.446934  225
0.446974  335
0.447292  338
0.447781  308
0.448079  109
0.448328  273
0.448409  142
0.44916  220
0.449173  261
0.44923  359
0.449658  342
0.449903  162
0.450169  274
0.450231  173
0.450463  245
0.450774  380
0.450819  289
0.451208  223
0.451244  315
0.451245  51
0.451711  145
0.45178  263
0.451855  11
0.452168  49
0.452383  330
0.452532  252
0.452572  18
0.452614  136
0.452922  264
0.453142  230
0.453183  62
0.45329  45
0.453341  217
0.453371  207
0.453573  373
0.453615  165
0.453828  46
0.453916  66
0.453961  117
0.453977  248
0.454027  352
0.45415  67
0.4542  208
0.454499  6
0.454511  397
0.454578  353
0.454583  47
0.454758  178
0.454882  368
0.454911  333
0.454985  276
0.455199  159
0.455227  63
0.455319  15
0.455341  304
0.455472  297
0.45552  320
0.455666  54
0.455749  325
0.455792  393
0.455879  334
0.45608  187
0.456128  275
0.456153  317
0.456231  337
0.456421  241
0.456432  80
0.45644  323
0.456654  104
0.456656  107
0.456708  167
0.456815  271
0.45682  122
0.456938  13
0.456947  125
0.456962  43
0.456968  328
0.457072  250
0.457127  215
0.457151  305
0.457178  55
0.457228  21
0.457259  130
0.457288  211
0.457306  141
0.457492  322
0.457523  219
0.457647  74
0.457663  60
0.457669  336
0.457693  99
0.457719  324
0.457721  293
0.45776  385
0.45784  2
0.458022  384
0.458093  133
0.458133  309
0.458222  265
0.458328  318
0.458354  176
0.458476  95
0.458481  251
0.458628  168
0.458845  212
0.458986  234
0.459016  364
0.459043  311
0.459092  258
0.459116  314
0.459408  382
0.459485  29
0.459593  361
0.459635  236
0.459641  135
0.459658  113
0.459686  300
0.459728  200
0.459738  199
0.459744  76
0.459809  286
0.45996  312
0.460027  179
0.460038  30
0.460047  277
0.460076  94
0.460077  73
0.460087  356
0.460231  366
0.460249  164
0.460275  302
0.46031  379
0.460394  375
0.460418  31
0.460541  41
0.460556  396
0.460559  321
0.460563  313
0.460628  98
0.460792  388
0.460985  363
0.460991  242
0.461203  116
0.461227  357
0.461278  360
0.461329  170
0.461412  377
0.461427  355
0.461439  16
0.461453  53
0.461472  138
0.461519  206
0.461537  190
0.461587  370
0.461609  185
0.46168  303
0.461768  367
0.461804  344
0.461949  222
0.461959  281
0.46198  390
0.462005  399
0.462253  348
0.462293  108
0.462583  301
0.462625  50
0.462795  75
0.462876  374
0.463167  96
0.463175  40
0.463204  389
0.463267  9
0.463397  181
0.463431  378
0.463457  349
0.463688  243
0.463776  4
0.463881  354
0.463936  20
0.463945  392
0.464086  329
0.464119  189
0.464158  343
0.464225  290
0.464461  282
0.464533  195
0.464562  175
0.464567  36
0.464583  346
0.464637  24
0.464758  131
0.464778  339
0.46497  351
0.465  132
0.465218  341
0.46523  383
0.465269  307
0.465289  326
0.465466  156
0.465532  246
0.46574  331
0.465853  249
0.465897  299
0.466282  139
0.466505  89
0.466558  376
0.466592  149
0.466691  203
0.466761  372
0.466803  92
0.467192  197
0.467204  287
0.467248  347
0.467733  280
0.467785  310
0.468009  157
0.468253  25
0.468378  232
0.468435  369
0.468477  152
0.468688  115
0.468724  398
0.468975  391
0.469217  272
0.469257  387
0.469402  134
0.469425  79
0.469668  308
0.469685  358
0.469817  158
0.470039  294
0.470169  338
0.470428  319
0.470557  153
0.470603  335
0.471485  350
0.471499  193
0.471961  257
0.472365  298
0.472497  365
0.472594  32
0.472697  128
0.472906  110
0.472964  191
0.473488  332
0.475091  362
0.475265  268
0.475288  256
0.475758  306
0.476162  216
0.476304  395
0.476599  214
0.476633  52
0.476987  83
0.478051  316
0.478057  327
0.478131  345
0.479233  267
0.479496  150
0.479534  340
0.480264  147
0.480462  320
0.481  255
0.481017  44
0.482523  337
0.482603  397
0.486246  192
0.486456  239
0.486663  253
0.487962  304
0.488823  57
0.48945  380
0.48977  120
0.489818  386
0.490503  137
0.490621  334
0.490992  34
0.491011  292
0.491194  81
0.491514  379
0.492042  70
0.492042  127
0.492194  360
0.492431  119
0.492767  227
0.492846  210
0.493211  259
0.493344  23
0.493865  330
0.49397  65
0.49405  393
0.494207  333
0.494234  385
0.494782  186
0.495008  381
0.495762  264
0.495872  22
0.496028  172
0.496108  307
0.496389  69
0.496392  237
0.496516  382
0.496624  314
0.496652  26
0.496755  0
0.497456  238
0.497534  367
0.497816  368
0.498086  352
0.498443  356
0.498524  93
0.498676  309
0.498974  373
0.498992  288
0.499074  325
0.499141  302
0.499341  188
0.499352  284
0.499393  399
0.499421  296
0.499461  184
0.499698  270
0.499799  335
0.500016  313
0.500044  46
0.500543  269
0.50075  61
0.501121  5
0.501176  129
0.501181  11
0.501299  33
0.501454  42
0.501543  321
0.501546  336
0.501557  66
0.501679  35
0.501683  361
0.501716  39
0.501831  315
0.502155  114
0.502162  342
0.502313  126
0.502573  29
0.502701  9
0.502965  344
0.502998  133
0.503159  221
0.503353  59
0.503588  235
0.503999  371
0.504004  392
0.504035  323
0.504044  8
0.504123  190
0.504144  305
0.504153  311
0.504158  396
0.504614  206
0.504647  312
0.50467  338
0.504714  326
0.504744  121
0.504776  263
0.50495  394
0.505095  166
0.505151  377
0.505238  116
0.505239  329
0.505317  384
0.505348  101
0.505514  201
0.505792  205
0.505796  324
0.50624  358
0.506265  308
0.506339  322
0.506415  343
0.506605  363
0.506767  62
0.506782  366
0.506786  177
0.506908  291
0.507  56
0.507252  146
0.50762  369
0.507691  317
0.507784  154
0.507848  357
0.508191  118
0.508247  370
0.508504  372
0.508774  353
0.509305  43
0.509307  16
0.50972  226
0.509727  389
0.51019  84
0.510315  160
0.510592  90
0.510729  3
0.511397  328
0.511518  204
0.511669  135
0.511821  355
0.511834  346
0.512154  376
0.512517  63
0.513295  383
0.513598  233
0.514413  274
0.514419  301
0.514583  289
0.51476  247
0.514861  91
0.515204  100
0.515387  337
0.515398  359
0.515749  14
0.515808  339
0.515856  351
0.516198  378
0.51629  278
0.516303  364
0.516837  374
0.517395  123
0.517917  375
0.51812  300
0.518171  110
0.518809  240
0.518975  397
0.519446  354
0.519956  348
0.520745  390
0.520794  347
0.52092  398
0.521571  341
0.521953  327
0.522569  266
0.523072  111
0.523325  271
0.524631  316
0.526452  391
0.528565  242
0.528937  310
0.529251  331
0.530964  169
0.53123  350
0.532394  124
0.534393  285
0.535401  207
0.535629  138
0.535682  261
0.53585  293
0.536129  10
0.536271  332
0.537024  379
0.537053  209
0.537056  151
0.537348  360
0.537732  307
0.537778  152
0.53794  148
0.538246  380
0.538252  365
0.538866  173
0.538946  155
0.53936  248
0.539832  143
0.540027  41
0.540701  388
0.540767  320
0.540819  349
0.540909  105
0.540915  187
0.541001  178
0.541002  88
0.541046  362
0.541074  319
0.541238  303
0.541256  340
0.541488  54
0.541523  387
0.54166  334
0.541863  196
0.541948  344
0.542017  80
0.542053  115
0.542182  4
0.542211  21
0.5423  102
0.542465  317
0.54255  19
0.542685  236
0.542715  92
0.54277  94
0.542838  163
0.543221  325
0.543385  68
0.543398  244
0.543588  38
0.543599  318
0.543947  52
0.544108  180
0.544109  113
0.544136  48
0.54425  306
0.544421  302
0.544431  6
0.544501  386
0.544563  252
0.544621  279
0.544733  79
0.544747  330
0.544835  295
0.545081  245
0.545151  103
0.545221  381
0.545233  7
0.545454  182
0.54551  139
0.54556  149
0.545892  72
0.54601  250
0.546125  393
0.54613  304
0.546251  171
0.546374  395
0.546469  217
0.546555  324
0.546695  352
0.546713  176
0.546792  382
0.546818  356
0.546849  311
0.546921  213
0.547208  156
0.547259  81
0.547319  283
0.547324  50
0.547386  17
0.547508  73
0.547598  31
0.547896  60
0.547923  99
0.548038  333
0.548041  107
0.548099  367
0.548224  371
0.548336  229
0.548356  30
0.548432  253
0.548498  117
0.5485  308
0.54867  309
0.548731  131
0.548925  71
0.549293  112
0.549327  87
0.549404  140
0.549479  218
0.549524  314
0.549546  305
0.549662  345
0.549718  122
0.549921  144
0.549948  346
0.550075  192
0.550152  329
0.550307  136
0.550363  212
0.550506  359
0.550565  55
0.550969  203
0.551039  83
0.551066  392
0.551111  130
0.551115  361
0.551144  36
0.551146  358
0.55119  321
0.551328  158
0.551374  202
0.551375  378
0.551672  298
0.551805  231
0.551845  338
0.551911  234
0.552024  384
0.552071  28
0.552132  373
0.552173  142
0.552219  96
0.552238  238
0.55229  342
0.552439  313
0.552473  369
0.5525  106
0.552506  34
0.552626  341
0.552714  77
0.552797  53
0.552853  98
0.552922  397
0.553039  372
0.553045  61
0.553081  398
0.553188  368
0.553248  260
0.553267  145
0.553555  385
0.553603  141
0.553846  389
0.553855  223
0.553858  275
0.55403  174
0.554131  1
0.554146  164
0.55424  370
0.554475  399
0.554718  335
0.55475  183
0.554758  67
0.554813  37
0.554827  251
0.554921  159
0.555146  225
0.555185  64
0.555198  355
0.555393  315
0.555471  294
0.555499  323
0.555567  377
0.555589  8
0.555638  170
0.555776  337
0.555796  256
0.555817  137
0.555884  167
0.555949  374
0.556033  312
0.556033  339
0.556148  322
0.556172  132
0.556428  331
0.556503  351
0.556578  310
0.556773  24
0.556835  300
0.556964  186
0.557145  366
0.557184  348
0.557358  90
0.557387  85
0.557456  383
0.557901  233
0.557928  357
0.557959  121
0.558036  332
0.558122  82
0.558192  396
0.558269  104
0.558662  95
0.558759  354
0.558892  26
0.559411  194
0.559546  364
0.559731  379
0.559956  343
0.560064  62
0.560128  146
0.560285  390
0.560355  57
0.560379  211
0.560489  134
0.560721  32
0.561054  336
0.561283  363
0.56155  320
0.561982  353
0.562109  394
0.562279  255
0.562846  376
0.562874  63
0.563006  391
0.563372  301
0.563616  360
0.563733  45
0.56388  388
0.564212  228
0.564561  303
0.564585  195
0.564911  215
0.565602  185
0.56669  239
0.567293  328
0.567554  347
0.567626  380
0.568049  89
0.568163  326
0.568351  281
0.568367  214
0.568902  307
0.569178  200
0.569392  125
0.569721  292
0.571253  302
0.571411  169
0.571695  116
0.572079  161
0.572873  15
0.574704  375
0.575038  327
0.575372  237
0.575429  110
0.575431  334
0.576236  350
0.57641  387
0.576456  13
0.577281  362
0.577325  120
0.578378  288
0.579607  220
0.58083  319
0.580857  129
0.58114  316
0.581212  365
0.581536  153
0.584328  232
0.585635  191
0.585755  168
0.586016  257
0.586267  306
0.586282  249
0.586357  14
0.586618  349
0.586948  128
0.587385  344
0.587931  56
0.587992  41
0.58805  5
0.588053  258
0.588445  359
0.588457  221
0.589234  276
0.589824  304
0.589832  381
0.590033  42
0.590194  325
0.590493  372
0.590561  272
0.590571  118
0.590704  389
0.591048  352
0.591336  342
0.591337  216
0.591983  108
0.592082  150
0.592375  114
0.592421  367
0.592441  123
0.592915  308
0.592941  230
0.593053  284
0.59327  392
0.594143  35
0.594151  330
0.594404  313
0.59459  155
0.594656  305
0.594792  384
0.594969  318
0.595701  68
0.596069  341
0.596378  356
0.59651  378
0.59662  65
0.596723  100
0.596779  126
0.597384  338
0.597589  311
0.597891  75
0.598358  317
0.59842  300
0.59843  363
0.598437  235
0.598678  190
0.598808  51
0.598834  59
0.598859  2
0.598974  307
0.599236  329
0.59948  374
0.599483  101
0.599483  287
0.599676  324
0.599943  109
0.600076  270
0.600272  382
0.600337  393
0.600706  27
0.60127  383
0.60145  345
0.601768  340
0.602371  323
0.602483  333
0.603033  78
0.603239  285
0.603511  398
0.604477  86
0.604823  103
0.605385  263
0.605503  309
0.605571  373
0.605629  291
0.606091  286
0.606182  278
0.606418  196
0.606527  243
0.607646  301
0.607711  133
0.607713  386
0.607852  321
0.607936  353
0.608015  370
0.608119  337
0.608243  310
0.608464  251
0.608475  97
0.608772  162
0.608878  64
0.609042  277
0.609259  25
0.609276  70
0.609285  180
0.609576  241
0.609588  339
0.609631  175
0.609749  210
0.609802  379
0.609849  315
0.61001  322
0.610083  368
0.610137  252
0.610413  348
0.610604  371
0.610694  209
0.611001  144
0.611228  0
0.611361  335
0.611365  314
0.611413  357
0.611433  20
0.611907  88
0.612055  160
0.612158  399
0.612199  366
0.612214  343
0.612318  147
0.61232  81
0.612444  29
0.612496  361
0.612591  171
0.612701  74
0.612862  197
0.612984  388
0.613651  273
0.613895  105
0.613949  246
0.614117  377
0.614241  48
0.614316  290
0.614385  31
0.61445  331
0.61477  194
0.614857  312
0.614867  397
0.615323  346
0.61583  395
0.616283  152
0.616332  320
0.616419  303
0.617145  336
0.617183  302
0.617248  255
0.617497  390
0.617641  19
0.61774  250
0.618664  37
0.618732  253
0.61881  332
0.618814  394
0.619201  165
0.619507  396
0.620376  282
0.620478  203
0.620504  47
0.620576  334
0.620697  385
0.620707  376
0.62082  76
0.621065  84
0.621165  299
0.621206  362
0.622287  151
0.622451  166
0.622579  10
0.623197  200
0.623294  72
0.623396  181
0.62354  355
0.6236  351
0.623781  16
0.623823  189
0.624215  229
0.624832  119
0.625301  224
0.625323  199
0.625472  58
0.625545  188
0.625708  271
0.625887  391
0.625906  91
0.626046  296
0.626282  338
0.626344  124
0.626435  214
0.626439  247
0.626597  268
0.627207  66
0.627257  93
0.627418  92
0.627776  316
0.627829  369
0.62783  122
0.62792  107
0.628045  380
0.628093  176
0.628104  204
0.628235  347
0.628532  236
0.628584  378
0.628702  349
0.629008  318
0.629013  308
0.629068  117
0.629099  375
0.629121  228
0.62919  206
0.629209  226
0.629363  288
0.629379  264
0.629433  69
0.629627  360
0.6297  381
0.629784  365
0.629889  327
0.629986  364
0.630117  225
0.630181  207
0.630201  319
0.630306  262
0.630349  324
0.630525  231
0.630535  186
0.630854  192
0.630944  99
0.63096  136
0.630984  340
0.631083  342
0.631158  325
0.631209  275
0.631426  53
0.631472  60
0.631559  163
0.631596  306
0.631624  387
0.631684  341
0.631685  38
0.631777  358
0.631843  7
0.631889  356
0.632024  300
0.632213  212
0.632231  344
0.632434  350
0.632597  328
0.632646  367
0.632665  205
0.632756  127
0.632875  106
0.633258  259
0.633262  304
0.633275  46
0.633512  283
0.633884  317
0.634144  330
0.634412  79
0.634737  157
0.63492  179
0.634996  11
0.635028  359
0.635197  185
0.635227  326
0.635244  352
0.635468  392
0.636184  219
0.636495  137
0.636694  110
0.637012  393
0.637376  21
0.637922  26
0.638144  143
0.638268  305
0.638275  244
0.638436  158
0.638466  384
0.638604  9
0.639016  265
0.639134  239
0.639441  354
0.639465  24
0.639673  368
0.6397  276
0.639768  398
0.639828  96
0.640575  311
0.640849  389
0.640993  248
0.641449  18
0.641598  312
0.641963  333
0.642189  307
0.642499  222
0.643156  345
0.643162  329
0.644413  217
0.644943  251
0.645319  313
0.645717  289
0.645729  396
0.645785  339
0.646023  87
0.646254  218
0.646388  295
0.646414  374
0.646687  379
0.646692  323
0.646885  23
0.647138  394
0.647158  363
0.647189  61
0.64739  43
0.648041  6
0.648443  382
0.64881  44
0.649201  95
0.649537  102
0.649727  386
0.650162  167
0.650551  227
0.651163  303
0.651372  201
0.65253  353
0.652902  149
0.653341  129
0.653359  383
0.653957  195
0.65443  372
0.654838  39
0.655056  335
0.655497  279
0.655517  373
0.655537  111
0.655772  263
0.655937  388
0.656658  321
0.656662  395
0.656731  377
0.65678  346
0.657194  309
0.657249  120
0.657427  331
0.657608  397
0.657874  357
0.657943  272
0.658185  371
0.65838  54
0.658627  113
0.659471  361
0.659587  202
0.659781  17
0.660164  112
0.660307  152
0.660872  366
0.662014  32
0.662168  370
0.66258  320
0.663919  334
0.663936  211
0.66421  12
0.664512  13
0.664902  50
0.665343  302
0.665353  310
0.665579  70
0.665607  134
0.665655  56
0.666038  235
0.666748  269
0.666768  170
0.667207  282
0.667324  242
0.667344  174
0.667353  172
0.667383  362
0.667546  314
0.667941  80
0.668257  347
0.668261  337
0.66839  254
0.668395  89
0.668452  322
0.668631  387
0.668982  351
0.669454  63
0.669467  301
0.669512  360
0.669601  355
0.669782  318
0.669947  126
0.670036  348
0.670037  399
0.670428  340
0.670458  71
0.670763  316
0.671091  97
0.67173  1
0.671926  4
0.672243  294
0.672472  156
0.672547  344
0.672672  33
0.672755  94
0.672825  233
0.673017  100
0.673175  365
0.673307  121
0.673605  343
0.673639  67
0.673962  300
0.673964  162
0.673994  236
0.674066  332
0.674256  116
0.674448  133
0.674589  349
0.674616  215
0.674679  131
0.675094  216
0.675149  132
0.675279  115
0.67555  82
0.675594  64
0.675736  55
0.675822  369
0.676035  311
0.676059  336
0.676142  146
0.676205  308
0.676362  376
0.676373  380
0.676543  197
0.676956  135
0.6772  273
0.677209  177
0.67725  352
0.677612  364
0.677787  49
0.678031  356
0.678043  278
0.678054  258
0.678332  350
0.678346  193
0.678497  119
0.6785  169
0.678523  280
0.678572  181
0.678648  338
0.678686  306
0.678874  189
0.678976  375
0.679068  381
0.679073  253
0.67915  86
0.679157  315
0.679396  83
0.67952  312
0.679637  0
0.679655  390
0.679665  48
0.679707  327
0.679707  246
0.679749  385
0.680076  130
0.68012  182
0.680185  223
0.680263  341
0.680571  317
0.680579  11
0.68093  328
0.680961  108
0.681065  73
0.681074  45
0.68115  3
0.681205  398
0.68135  298
0.681733  359
0.68189  333
0.682007  358
0.68207  153
0.682127  118
0.682247  128
0.682284  286
0.682293  114
0.682339  330
0.682351  389
0.682366  77
0.682416  274
0.682535  230
0.682563  2
0.682905  232
0.683352  90
0.683402  65
0.683456  368
0.68355  367
0.683566  225
0.68358  394
0.68359  307
0.683766  78
0.683913  329
0.684346  52
0.684623  168
0.684632  249
0.684732  191
0.684742  75
0.684851  107
0.684851  204
0.684984  262
0.685134  36
0.685179  325
0.685558  142
0.685662  210
0.685711  241
0.685758  378
0.686198  393
0.686368  392
0.686508  85
0.686828  81
0.687137  208
0.687141  127
0.687271  324
0.687303  144
0.687409  346
0.687475  203
0.687478  386
0.687534  173
0.68757  313
0.687764  304
0.687807  155
0.687837  206
0.687892  384
0.687894  326
0.687925  247
0.68813  293
0.688165  323
0.688425  331
0.688438  290
0.688474  22
0.688536  183
0.68856  68
0.688627  345
0.68874  372
0.688879  42
0.688988  289
0.689265  373
0.689519  395
0.689575  196
0.689866  260
0.689909  29
0.68997  305
0.690015  391
0.690055  382
0.690459  319
0.690616  62
0.690619  363
0.690701  281
0.690777  51
0.691055  354
0.691148  383
0.691247  342
0.691457  58
0.691462  40
0.691503  237
0.691509  268
0.691547  60
0.691922  285
0.691943  396
0.692202  148
0.692293  5
0.692378  275
0.6924  309
0.692704  337
0.692843  335
0.693192  192
0.693334  261
0.693482  28
0.693681  99
0.693975  296
0.69412  165
0.694405  16
0.694568  321
0.694635  366
0.695154  263
0.695584  357
0.695678  287
0.695734  145
0.695896  387
0.695945  397
0.696223  176
0.696525  353
0.696658  180
0.696796  379
0.697208  161
0.697956  303
0.698484  217
0.699151  190
0.699219  154
0.699572  320
0.699724  388
0.699736  361
0.70048  334
0.700512  138
0.702016  377
0.702054  122
0.702169  112
0.703076  351
0.703082  339
0.70344  316
0.703442  371
0.704695  301
0.705673  292
0.705755  198
0.706575  140
0.706962  103
0.707124  59
0.707685  381
0.707868  336
0.709854  166
0.710475  195
0.71063  340
0.710956  117
0.711376  302
0.711452  355
0.711539  147
0.711913  315
0.712241  322
0.71241  308
0.712617  125
0.713248  306
0.713819  79
0.71389  123
0.714096  160
0.714585  376
0.714591  338
0.714737  279
0.715192  393
0.715313  17
0.715637  375
0.716181  164
0.716423  318
0.716602  46
0.71695  343
0.717018  41
0.717033  245
0.717435  370
0.717547  374
0.717588  157
0.717616  314
0.717621  362
0.717683  30
0.718047  348
0.718281  390
0.718291  209
0.718429  38
0.718788  332
0.719011  171
0.720169  347
0.720461  240
0.72055  214
0.720558  34
0.721215  312
0.721573  398
0.721625  199
0.721924  111
0.722621  330
0.722866  392
0.723527  364
0.723535  238
0.723852  358
0.724653  365
0.724915  271
0.72598  151
0.726027  236
0.726261  9
0.726831  360
0.727071  270
0.727382  213
0.727476  368
0.727564  179
0.727792  276
0.727809  265
0.72828  218
0.728381  349
0.728661  205
0.728804  219
0.728913  317
0.72909  380
0.729114  372
0.729517  146
0.729663  72
0.73055  399
0.730679  141
0.730905  163
0.731255  82
0.731286  98
0.7315  244
0.73176  323
0.731845  152
0.731855  231
0.731969  310
0.731973  325
0.732259  93
0.732407  329
0.732473  132
0.732592  88
0.732675  369
0.7329  150
0.73301  385
0.733124  373
0.733138  202
0.733223  120
0.733354  256
0.733704  394
0.733975  194
0.734052  252
0.734244  76
0.7343  395
0.734384  174
0.734718  95
0.735139  136
0.735233  184
0.735265  187
0.735274  226
0.735332  177
0.735441  352
0.735548  264
0.735634  221
0.735931  337
0.735958  333
0.735961  224
0.736181  14
0.736223  383
0.736283  212
0.736657  328
0.736823  367
0.737001  113
0.737202  215
0.737386  266
0.73742  384
0.737478  324
0.7375  311
0.738142  222
0.738332  2
0.738406  129
0.738444  19
0.738553  257
0.738575  144
0.738652  25
0.738654  341
0.738883  346
0.739086  387
0.739147  391
0.739159  57
0.739348  6
0.739368  178
0.739545  250
0.739717  273
0.739767  359
0.739793  1
0.739893  201
0.739905  356
0.739943  47
0.740027  344
0.74042  232
0.740574  272
0.740962  345
0.74108  203
0.741135  307
0.741143  381
0.741151  220
0.741171  149
0.741183  110
0.741445  131
0.741485  31
0.741582  8
0.741604  389
0.741723  386
0.741737  313
0.741797  354
0.741822  357
0.741937  305
0.742064  64
0.742257  291
0.742379  331
0.742514  319
0.742527  300
0.74254  318
0.742616  133
0.742686  309
0.742717  316
0.742747  32
0.742956  366
0.743052  321
0.743284  29
0.743359  167
0.743458  173
0.743504  388
0.743541  294
0.743645  100
0.74379  66
0.74386  121
0.743961  363
0.744257  342
0.744721  277
0.744763  382
0.744873  156
0.74499  320
0.745145  48
0.745183  15
0.745275  297
0.745416  350
0.745522  27
0.745612  55
0.746086  242
0.746166  371
0.746572  241
0.746735  326
0.747168  339
0.747221  246
0.747486  397
0.747489  362
0.747505  234
0.747765  230
0.747792  193
0.748181  255
0.748265  23
0.748361  390
0.748419  200
0.748746  332
0.74875  90
0.74889  114
0.749349  378
0.749592  301
0.749815  343
0.750299  35
0.750506  284
0.750569  267
0.750632  278
0.750794  375
0.750899  322
0.751072  81
0.751286  211
0.751364  336
0.751451  374
0.751724  26
0.751921  302
0.751968  181
0.752097  361
0.752131  185
0.752661  380
0.75271  379
0.752794  169
0.752923  303
0.753024  286
0.753478  53
0.753751  304
0.754301  161
0.754536  306
0.754583  188
0.754707  80
0.755027  396
0.755263  10
0.755274  183
0.755446  369
0.755528  37
0.75583  168
0.756206  175
0.756272  335
0.756501  116
0.75686  269
0.75694  370
0.757164  355
0.7572  247
0.757275  376
0.758424  176
0.759254  308
0.759411  50
0.760292  340
0.760507  287
0.760625  338
0.760662  260
0.760825  298
0.761138  353
0.761247  399
0.761914  315
0.761917  92
0.762192  348
0.762195  314
0.76238  349
0.762389  63
0.763456  329
0.76389  77
0.764207  334
0.764288  392
0.765166  127
0.765429  254
0.765599  312
0.766077  385
0.766359  44
0.766521  358
0.766529  327
0.76664  43
0.768179  143
0.768654  229
0.769476  393
0.770165  16
0.770322  145
0.770799  351
0.771125  323
0.771696  377
0.771869  233
0.772043  310
0.772296  317
0.772408  280
0.772541  372
0.772881  96
0.773457  33
0.773486  261
0.774417  299
0.775071  341
0.775458  347
0.775632  22
0.776061  199
0.777661  360
0.778609  12
0.77861  46
0.779224  368
0.780383  384
0.780682  365
0.780983  40
0.781531  235
0.781682  69
0.782196  311
0.78237  204
0.782677  295
0.78305  337
0.783345  328
0.78397  320
0.784021  395
0.784279  300
0.784298  398
0.784424  364
0.784461  197
0.785251  394
0.785907  151
0.786282  75
0.78629  207
0.786334  51
0.7866  71
0.78721  112
0.787529  210
0.787607  164
0.787857  388
0.78852  192
0.788726  356
0.788819  108
0.788967  217
0.788989  391
0.789212  153
0.78969  18
0.789703  58
0.78974  38
0.789853  60
0.789946  162
0.790046  198
0.790864  274
0.790879  74
0.79091  166
0.790972  250
0.79105  134
0.791075  293
0.791153  130
0.791201  107
0.791241  159
0.791396  67
0.791438  24
0.791466  165
0.79152  52
0.791533  3
0.791659  86
0.79178  367
0.791866  39
0.7921  101
0.792112  125
0.792117  390
0.792128  28
0.792171  64
0.792185  170
0.792297  282
0.792403  157
0.792519  111
0.792646  223
0.792649  218
0.792667  84
0.79268  106
0.792733  34
0.792792  352
0.792826  389
0.792833  273
0.792872  333
0.792885  214
0.792933  313
0.793003  345
0.793102  177
0.793138  239
0.79314  309
0.793234  89
0.793237  158
0.793317  73
0.793411  344
0.793503  305
0.7936  124
0.793654  359
0.793714  330
0.793788  366
0.7938  65
0.793837  346
0.793881  332
0.793928  139
0.793934  87
0.793941  160
0.793961  253
0.79405  304
0.794176  251
0.794292  262
0.794307  206
0.79437  324
0.794523  318
0.794628  281
0.794642  290
0.794678  135
0.794685  245
0.794698  325
0.794757  132
0.794782  363
0.795071  396
0.795072  105
0.79508  378
0.795107  307
0.795143  319
0.795167  248
0.795387  373
0.795498  383
0.795605  216
0.795664  336
0.795818  326
0.79586  120
0.795874  5
0.795974  357
0.795998  169
0.796274  77
0.796276  371
0.79643  182
0.796491  306
0.796612  385
0.796616  379
0.796678  150
0.796705  154
0.796747  257
0.796805  62
0.796806  11
0.796892  276
0.796974  244
0.79704  288
0.797042  184
0.797153  42
0.797183  25
0.797259  369
0.797259  118
0.797364  232
0.79737  380
0.797417  354
0.797479  85
0.797696  292
0.797774  45
0.797783  61
0.797853  397
0.797893  321
0.797893  303
0.797985  374
0.798066  147
0.798084  331
0.798326  187
0.798327  136
0.798448  361
0.798542  312
0.798551  392
0.798564  237
0.798607  370
0.798644  360
0.798714  285
0.798828  266
0.798918  35
0.798939  181
0.798947  377
0.798972  82
0.799061  335
0.799096  102
0.799186  31
0.79919  66
0.799199  382
0.799297  381
0.799326  13
0.799362  323
0.799373  275
0.799374  348
0.799389  205
0.799525  301
0.799538  78
0.799547  4
0.799549  314
0.799603  186
0.799638  156
0.79967  240
0.799719  94
0.799768  115
0.799782  387
0.799915  329
0.800038  347
0.800153  119
0.800164  349
0.800201  26
0.800545  338
0.800704  351
0.800804  355
0.80083  339
0.800947  137
0.80096  272
0.800999  56
0.801004  376
0.801036  289
0.801047  343
0.801118  342
0.801119  163
0.801137  91
0.801177  350
0.801201  334
0.801234  211
0.801298  302
0.801325  220
0.801373  8
0.80164  53
0.801669  98
0.801673  375
0.801707  327
0.801723  316
0.801733  308
0.801826  90
0.801845  296
0.802095  180
0.802173  315
0.802286  49
0.802452  20
0.802738  93
0.802795  104
0.802933  269
0.80332  317
0.803374  0
0.803606  252
0.803656  59
0.803682  340
0.803828  362
0.803897  189
0.804282  191
0.8043  399
0.805062  386
0.805613  57
0.805621  393
0.805714  126
0.805738  368
0.805865  142
0.805922  364
0.806099  128
0.806126  322
0.806148  263
0.806174  227
0.806433  293
0.806453  81
0.806635  311
0.806677  36
0.806722  391
0.807311  97
0.807385  234
0.807483  310
0.807549  194
0.807555  144
0.808092  300
0.808214  366
0.808836  213
0.808955  214
0.809419  259
0.80951  88
0.809911  395
0.810917  332
0.811332  222
0.811333  17
0.811443  261
0.811458  358
0.811727  63
0.811744  384
0.811925  229
0.812063  50
0.813061  226
0.813283  149
0.81335  341
0.813451  127
0.815041  353
0.815293  328
0.815433  372
0.815591  212
0.815798  380
0.817177  398
0.817899  190
0.818167  208
0.819143  365
0.819545  309
0.819806  394
0.821007  354
0.821805  337
0.822065  203
0.82421  103
0.82436  363
0.825591  79
0.826156  21
0.827222  41
0.827944  306
0.828288  330
0.831045  264
0.831191  207
0.831754  344
0.832197  345
0.832295  356
0.832555  124
0.832814  249
0.83306  301
0.8337  221
0.833756  333
0.833796  280
0.833891  320
0.835109  254
0.83534  318
0.835441  378
0.835478  388
0.835751  396
0.835936  307
0.836258  299
0.836289  155
0.836793  122
0.836801  83
0.836962  379
0.837343  367
0.837501  246
0.837791  312
0.837939  329
0.838017  7
0.838425  110
0.838741  359
0.838808  167
0.838926  109
0.839074  121
0.839603  298
0.839637  238
0.839953  161
0.839986  324
0.840226  373
0.840253  389
0.840434  304
0.840548  385
0.840673  321
0.840833  179
0.841057  313
0.841128  325
0.841362  33
0.841637  397
0.84182  219
0.841879  381
0.842236  336
0.842276  116
0.84252  152
0.842543  12
0.842989  202
0.843356  361
0.84388  286
0.844004  370
0.844228  352
0.845012  255
0.845064  268
0.845458  335
0.846001  346
0.846225  369
0.846581  375
0.847206  278
0.847336  377
0.847645  355
0.84794  247
0.84812  390
0.848148  357
0.848937  151
0.849062  201
0.849473  70
0.849762  195
0.849785  294
0.849876  347
0.849928  117
0.850189  96
0.850633  141
0.850812  271
0.851081  64
0.851153  256
0.851172  371
0.851291  223
0.851335  172
0.851504  295
0.852055  27
0.852102  200
0.852132  314
0.852236  399
0.852236  123
0.852439  326
0.852492  245
0.852888  315
0.853109  129
0.853129  283
0.853591  366
0.853644  348
0.853646  114
0.853686  323
0.853896  386
0.853926  6
0.85393  40
0.85409  3
0.854107  350
0.854172  270
0.854276  383
0.854352  394
0.854384  15
0.855128  193
0.855174  250
0.855221  196
0.855262  216
0.85538  374
0.855496  395
0.855577  164
0.855781  156
0.855795  281
0.855842  331
0.8559  308
0.856188  393
0.85645  284
0.856601  58
0.856677  334
0.857298  236
0.857382  2
0.857397  360
0.85755  239
0.85788  342
0.858101  174
0.858135  130
0.858196  55
0.85855  305
0.858672  363
0.858842  327
0.858992  260
0.859223  51
0.85941  148
0.859761  387
0.859783  303
0.859848  170
0.85986  112
0.859895  187
0.860668  302
0.861222  368
0.861645  391
0.861686  108
0.861693  185
0.862155  338
0.862487  274
0.862536  365
0.862612  198
0.862648  135
0.863099  320
0.863568  319
0.863606  364
0.86394  330
0.863982  349
0.864128  392
0.864762  376
0.864797  372
0.865465  65
0.865926  158
0.866281  11
0.866418  228
0.866556  396
0.866664  339
0.866703  257
0.866743  168
0.866805  107
0.866934  356
0.867031  340
0.867264  332
0.867893  5
0.869199  16
0.869313  287
0.869318  382
0.869409  275
0.870235  317
0.870245  80
0.870838  10
0.870957  316
0.871364  353
0.871531  143
0.871581  59
0.871769  351
0.871914  310
0.872308  140
0.872389  322
0.872637  253
0.873032  199
0.874326  251
0.87447  177
0.87471  66
0.875049  300
0.875331  78
0.875654  388
0.876025  38
0.876113  69
0.876317  279
0.876674  333
0.876691  380
0.876722  192
0.876851  344
0.877128  235
0.877394  358
0.877414  175
0.877443  22
0.877712  379
0.87794  49
0.878047  1
0.878565  138
0.878737  71
0.87878  354
0.878904  224
0.879021  309
0.879424  29
0.879682  32
0.879832  398
0.87995  306
0.879973  328
0.88003  231
0.880134  57
0.880485  292
0.880716  54
0.880802  290
0.881212  188
0.881296  62
0.881423  252
0.88146  76
0.88162  165
0.881994  173
0.881998  258
0.882034  341
0.882055  47
0.882246  265
0.882367  304
0.882497  248
0.882506  345
0.882525  343
0.882905  61
0.88292  324
0.883006  377
0.883043  34
0.883058  225
0.883116  215
0.883738  289
0.883774  311
0.88391  72
0.884011  312
0.884165  378
0.88429  95
0.884346  205
0.88448  190
0.88462  352
0.88464  209
0.884769  381
0.885124  299
0.885213  206
0.885355  373
0.885364  384
0.885587  222
0.88559  52
0.885594  362
0.885899  325
0.886032  75
0.886238  318
0.8863  127
0.886416  366
0.886528  82
0.88668  144
0.886749  139
0.886831  232
0.886832  97
0.886847  155
0.887043  137
0.887232  14
0.887396  142
0.887558  77
0.887607  74
0.887617  323
0.887879  8
0.88794  307
0.888035  102
0.88805  385
0.88806  166
0.888101  321
0.888153  347
0.888169  132
0.88856  367
0.888582  115
0.888657  335
0.888786  288
0.888951  326
0.888962  337
0.889154  314
0.889157  217
0.8892  67
0.889227  370
0.889413  329
0.889584  44
0.88976  359
0.889808  92
0.889814  126
0.889858  390
0.889975  357
0.889987  371
0.89003  296
0.890052  23
0.890211  386
0.890216  87
0.89039  369
0.890444  218
0.8906  145
0.890601  355
0.890675  297
0.890763  30
0.890801  26
0.891076  238
0.891169  43
0.89117  210
0.891174  125
0.891177  31
0.891288  310
0.891438  105
0.891454  313
0.891504  227
0.891716  383
0.891808  85
0.891831  336
0.891951  389
0.892124  301
0.8923  184
0.892318  157
0.892353  397
0.892373  392
0.89238  179
0.892613  348
0.892647  331
0.892801  395
0.892999  243
0.893009  305
0.893204  399
0.893205  349
0.893384  317
0.893638  204
0.893654  346
0.893667  162
0.893702  338
0.89374  86
0.893826  84
0.893913  303
0.89399  327
0.893994  353
0.894245  24
0.894359  122
0.894489  28
0.895024  375
0.895233  244
0.89529  291
0.895548  376
0.895573  342
0.896086  104
0.896395  83
0.89653  277
0.896581  350
0.896602  282
0.896639  163
0.896691  330
0.89764  358
0.897959  89
0.897971  374
0.898038  302
0.89819  48
0.898448  396
0.898902  131
0.899025  118
0.899458  332
0.899695  361
0.900351  365
0.900678  372
0.900745  368
0.900997  298
0.901174  382
0.90149  63
0.901545  60
0.901706  333
0.902239  202
0.902547  387
0.904116  344
0.904375  322
0.904426  152
0.904978  4
0.905417  388
0.906058  185
0.906131  319
0.907283  272
0.908492  266
0.908708  360
0.90926  363
0.911461  391
0.911607  398
0.914418  176
0.915077  70
0.916322  273
0.918555  262
0.918597  269
0.918609  340
0.918918  27
0.919188  345
0.919566  13
0.919656  41
0.92059  356
0.920813  116
0.920978  334
0.921482  394
0.922064  315
0.922299  339
0.922465  195
0.922615  364
0.92324  79
0.923413  94
0.923475  261
0.924516  128
0.924906  268
0.925189  309
0.926541  197
0.92704  146
0.928419  88
0.928462  212
0.929015  182
0.929385  308
0.929584  188
0.929746  21
0.930007  379
0.930055  147
0.93017  149
0.930498  168
0.930743  20
0.93081  159
0.930822  392
0.930971  276
0.93106  320
0.931097  241
0.931303  373
0.931363  354
0.931456  119
0.931457  120
0.931833  103
0.931949  58
0.932066  328
0.932451  37
0.93272  153
0.932857  208
0.932943  316
0.932956  171
0.933079  336
0.933125  133
0.933133  25
0.93319  42
0.933197  234
0.933316  229
0.933406  237
0.933579  250
0.933597  357
0.933645  107
0.933675  3
0.933804  380
0.933841  0
0.933906  349
0.933936  240
0.93408  393
0.934153  259
0.934153  343
0.93417  33
0.934499  390
0.934552  12
0.934643  325
0.934709  295
0.934759  19
0.934766  101
0.934828  200
0.934999  310
0.935038  81
0.935139  352
0.935259  55
0.935271  265
0.935475  158
0.935538  293
0.93564  346
0.935762  307
0.935856  348
0.936045  299
0.93607  40
0.936232  35
0.936289  151
0.936407  183
0.93642  221
0.936492  312
0.936495  191
0.936545  167
0.936779  323
0.936805  278
0.936892  381
0.936902  275
0.936905  134
0.936983  110
0.937042  170
0.937317  330
0.93743  117
0.937458  377
0.9375  22
0.937558  85
0.93756  359
0.937711  174
0.937826  351
0.937868  341
0.937896  283
0.937914  324
0.938095  246
0.938108  123
0.938227  313
0.938254  321
0.938268  333
0.938414  318
0.938473  342
0.938529  311
0.938574  365
0.938695  366
0.938777  109
0.93887  113
0.939035  378
0.939061  399
0.939145  76
0.939271  335
0.939469  331
0.939545  65
0.939649  186
0.939671  39
0.939676  305
0.939697  361
0.939737  129
0.939738  369
0.939747  298
0.939821  243
0.939901  7
0.939932  66
0.939976  196
0.940016  314
0.940089  211
0.94021  376
0.940399  257
0.940409  201
0.940415  216
0.940478  300
0.940542  337
0.940644  383
0.940669  172
0.940686  136
0.940737  387
0.940792  350
0.940839  1
0.941099  30
0.941222  228
0.941266  301
0.941354  329
0.94149  397
0.941569  154
0.941612  358
0.941625  98
0.941652  230
0.941753  267
0.941782  96
0.94182  169
0.942034  388
0.94205  38
0.942095  375
0.942172  247
0.942213  355
0.94226  45
0.942349  389
0.942476  73
0.942548  90
0.942715  356
0.942717  371
0.943032  140
0.943229  100
0.943263  304
0.943332  374
0.943485  224
0.943533  367
0.943643  80
0.943658  385
0.943849  368
0.944164  29
0.944304  296
0.944422  235
0.945009  112
0.945036  302
0.945092  177
0.945394  384
0.945464  46
0.945595  394
0.945602  56
0.945776  61
0.945833  382
0.946001  264
0.946017  289
0.946153  395
0.946587  309
0.946788  68
0.947292  272
0.947457  353
0.94795  284
0.948067  360
0.948088  398
0.948094  199
0.948218  370
0.948374  99
0.948573  106
0.948577  317
0.948847  14
0.949059  332
0.949068  155
0.949106  156
0.94929  338
0.949725  51
0.949963  41
0.950303  364
0.950948  334
0.951422  344
0.951627  363
0.951741  150
0.951824  9
0.952209  148
0.952786  315
0.952888  223
0.952981  95
0.953379  219
0.953624  352
0.953788  340
0.954518  326
0.955387  303
0.955898  5
0.955902  163
0.95667  396
0.956874  207
0.957933  347
0.959238  308
0.95931  184
0.959566  306
0.960109  242
0.960311  279
0.960687  349
0.96072  220
0.96083  190
0.961375  323
0.962805  93
0.963266  145
0.963429  372
0.963599  351
0.964157  345
0.964889  214
0.965811  83
0.966149  254
0.967002  44
0.967176  139
0.96746  4
0.968447  245
0.968859  307
0.969163  391
0.969597  248
0.969743  319
0.969814  327
0.96997  142
0.970047  209
0.970178  71
0.971475  164
0.971585  91
0.971913  160
0.972029  193
0.972179  348
0.972476  185
0.972933  287
0.972947  94
0.972964  311
0.973451  152
0.973526  261
0.973548  322
0.973575  354
0.973695  380
0.973699  105
0.973779  310
0.973867  379
0.974022  13
0.97408  2
0.974447  341
0.974607  10
0.974729  34
0.974897  114
0.975054  362
0.975113  194
0.975351  16
0.975446  263
0.975558  252
0.975799  316
0.975888  366
0.975943  48
0.97606  339
0.976424  386
0.976683  330
0.976852  293
0.976853  165
0.97711  304
0.977233  79
0.97726  336
0.977286  251
0.977368  393
0.97738  53
0.977416  357
0.977719  60
0.977799  305
0.977864  27
0.977872  274
0.978372  368
0.978385  67
0.978525  108
0.978631  205
0.97867  215
0.979574  381
0.979656  130
0.979777  359
0.979877  337
0.97994  378
0.980099  346
0.9801  373
0.980319  253
0.980378  197
0.980621  343
0.980748  281
0.980856  188
0.980959  17
0.981175  180
0.981654  342
0.981851  250
0.981984  249
0.982008  333
0.982083  314
0.982431  38
0.982466  392
0.982587  64
0.982659  239
0.982671  350
0.982944  390
0.983005  385
0.983337  69
0.983631  270
0.983692  178
0.983965  269
0.984053  361
0.984069  173
0.984086  286
0.984184  355
0.984288  358
0.984414  28
0.984488  353
0.984638  236
0.984747  365
0.984927  369
0.985092  383
0.985097  388
0.98556  398
0.985647  187
0.985682  399
0.985945  301
0.986002  397
0.986008  325
0.986655  92
0.986695  258
0.986771  331
0.987339  345
0.987472  324
0.987475  395
0.988558  282
0.98893  394
0.989271  246
0.989993  141
0.990328  291
0.990511  182
0.990868  294
0.99132  312
0.991529  376
0.992104  127
0.99216  371
0.992238  335
0.992439  318
0.993329  135
0.993685  42
0.993988  212
0.994209  356
0.994904  309
0.995317  377
0.99585  84
0.996402  360
0.996537  278
0.99658  367
0.996792  11
0.997247  328
0.997923  87
0.998127  384
0.999055  370
0.999279  372
0.999292  389
0.999515  202
0.999704  272
0.999802  59
