4.10757e-06  168
8.70532e-06  127
1.18427e-05  173
1.27065e-05  179
1.6959e-05  95
1.77258e-05  111
1.93685e-05  221
2.52346e-05  104
2.91239e-05  165
3.29677e-05  59
3.35467e-05  205
3.4079e-05  103
3.46668e-05  128
3.48727e-05  216
4.49102e-05  100
4.72974e-05  228
5.20918e-05  41
5.30961e-05  67
5.95339e-05  256
6.92378e-05  117
7.06024e-05  51
7.11891e-05  45
7.30092e-05  257
7.66854e-05  25
7.77312e-05  120
8.0307e-05  71
8.29204e-05  27
9.08751e-05  81
9.58504e-05  113
9.66514e-05  180
9.76441e-05  125
0.000102419  175
0.000102451  137
0.000102552  24
0.000104451  9
0.000105735  227
0.000107809  64
0.000111669  207
0.000116514  164
0.000116778  188
0.000131656  220
0.000133163  232
0.000142053  83
0.000142781  129
0.000144132  224
0.000146959  91
0.000148678  139
0.000148703  144
0.000158176  65
0.000158559  115
0.000168546  136
0.000172294  132
0.000175538  76
0.000178017  63
0.000181458  133
0.000185663  147
0.000185849  185
0.000194576  151
0.00019786  123
0.000197865  195
0.000197918  61
0.000200985  196
0.000201722  191
0.000206397  96
0.000215687  176
0.000222688  85
0.000224225  89
0.000229281  69
0.00023182  187
0.000231946  68
0.000232159  93
0.000232419  157
0.000240382  124
0.00024048  181
0.000250043  53
0.000250193  57
0.000259224  112
0.000270884  143
0.000273285  161
0.000276299  177
0.000277588  108
0.000278877  219
0.000282664  28
0.000284198  49
0.000287439  101
0.000291587  119
0.000296497  141
0.000298722  72
0.000301355  259
0.000302447  148
0.000304809  149
0.000306853  229
0.000313378  204
0.000316106  171
0.000317302  140
0.00031938  73
0.000319755  217
0.000322408  231
0.000322775  56
0.00033948  87
0.000344604  225
0.000349607  192
0.000351842  109
0.000362409  184
0.000363734  116
0.000368663  145
0.000375842  52
0.000385285  99
0.000389805  84
0.00039159  193
0.000391723  233
0.000397179  105
0.000404161  92
0.000405168  2
0.000411322  29
0.000413765  131
0.000417492  163
0.000424762  77
0.000430813  235
0.000442826  189
0.000443694  97
0.00045431  197
0.000460289  75
0.000461415  79
0.00046597  159
0.000466633  160
0.000477262  88
0.000485355  11
0.000490869  48
0.000495256  80
0.000512645  167
0.00051622  8
0.00052276  60
0.000566225  183
0.000568675  47
0.000576502  40
0.000586906  31
0.000601502  172
0.000653004  43
0.000722256  199
0.000729478  223
0.000741504  135
0.000772373  6
0.000774298  44
0.000784289  121
0.00078613  156
0.000846297  107
0.00097217  169
0.0011561  55
0.00254686  372
0.00327341  384
0.00336972  250
0.00349838  337
0.00371459  347
0.00373412  245
0.00375704  379
0.00380593  291
0.00384093  378
0.00385211  334
0.00386934  305
0.00387548  392
0.00387876  323
0.00389338  358
0.00391823  353
0.0039621  303
0.00396679  315
0.00397469  394
0.00399637  343
0.00402258  374
0.00414387  325
0.0041753  319
0.00424584  330
0.00425721  389
0.00426212  329
0.0042632  14
0.00427323  324
0.00428871  364
0.00431838  340
0.00432848  356
0.00433082  326
0.00434627  306
0.00438341  373
0.00440416  328
0.00443616  275
0.00445798  321
0.00446329  342
0.00446984  363
0.00449385  349
0.00449772  371
0.0045422  311
0.00456129  336
0.00467059  283
0.00467676  307
0.00471226  365
0.00473756  312
0.00480217  352
0.00480812  355
0.004809  370
0.0048461  381
0.0049318  335
0.00493694  346
0.00495347  309
0.00496881  391
0.00496959  310
0.00497389  314
0.00500039  331
0.00508152  354
0.00509737  300
0.00510586  316
0.00510699  36
0.00511995  377
0.00516801  327
0.0052025  359
0.00520542  341
0.0052118  396
0.00527793  366
0.00531376  386
0.0053319  22
0.00535159  21
0.00545228  313
0.00546569  288
0.00548947  368
0.00551223  367
0.00560386  302
0.00566038  339
0.0056813  243
0.00573381  387
0.00582618  369
0.00584775  397
0.00589142  338
0.00592484  317
0.00594844  285
0.00596701  200
0.00602287  361
0.00606726  345
0.00617946  333
0.00627048  322
0.00628726  33
0.00629705  393
0.00636642  332
0.00639355  348
0.00640346  115
0.00645372  13
0.00647319  362
0.00647464  395
0.00652704  350
0.00664536  318
0.00665652  360
0.00671241  382
0.00673047  380
0.00674107  398
0.00683813  301
0.00686933  159
0.00709667  3
0.00719393  388
0.00727151  299
0.00733453  153
0.00742497  7
0.00744554  351
0.00748118  357
0.0076697  284
0.00795995  212
0.00845357  344
0.00867869  383
0.00873578  239
0.00875172  280
0.00888342  385
0.00927714  308
0.00983691  12
0.0099799  201
0.0100161  304
0.0100932  375
0.0101202  277
0.0106506  390
0.0117703  320
0.0126874  399
0.0206528  282
0.0359225  323
0.0374041  326
0.0376998  79
0.0384269  389
0.038984  376
0.0393459  237
0.040271  342
0.0405092  340
0.0410731  156
0.0435916  43
0.0442513  303
0.0448313  343
0.0449281  336
0.0464899  388
0.047277  199
0.0477966  291
0.048658  325
0.0487069  319
0.0487118  4
0.0487172  185
0.0497045  358
0.0497399  255
0.0497622  335
0.0497866  286
0.0502936  378
0.0506729  305
0.0509534  145
0.0509685  314
0.0516716  51
0.0519969  271
0.0520888  112
0.0522228  356
0.0522415  260
0.0523239  298
0.052733  364
0.0536165  163
0.053831  88
0.0540116  263
0.0544343  77
0.0548239  246
0.0548472  252
0.0551239  337
0.0552023  394
0.0553636  55
0.0554407  264
0.0558766  254
0.0559422  361
0.056108  225
0.0563019  315
0.0564216  306
0.0566664  345
0.056684  287
0.0567107  47
0.0569986  329
0.0570743  371
0.0574536  202
0.0575265  253
0.0575856  346
0.0576428  347
0.0576875  38
0.0577929  321
0.0578539  233
0.058026  120
0.0582935  374
0.058343  311
0.0585307  131
0.0585703  309
0.0585943  245
0.0587589  23
0.0587639  224
0.058828  377
0.0588889  302
0.0590811  373
0.0592487  391
0.0593904  40
0.0594422  307
0.0594518  341
0.0595148  372
0.0595732  368
0.0597319  366
0.059843  266
0.0598804  338
0.0599466  351
0.0600375  11
0.0600526  8
0.0600966  296
0.060191  2
0.0611848  295
0.0614631  155
0.0615231  382
0.0615597  69
0.0616527  350
0.0619993  161
0.0620277  183
0.062119  107
0.0627191  353
0.0632062  354
0.0632565  294
0.063348  168
0.0635625  15
0.0636233  209
0.0637777  320
0.0639001  250
0.0640807  349
0.0642664  359
0.0644141  384
0.0645074  279
0.064512  316
0.0646137  334
0.0655042  300
0.0656691  381
0.0657066  165
0.0659475  357
0.0659627  215
0.0659899  100
0.0659996  330
0.0660396  87
0.0661291  363
0.0664782  236
0.0665858  370
0.066597  331
0.0671898  365
0.0674307  34
0.0677237  12
0.0680276  362
0.068252  355
0.0683482  396
0.068843  398
0.0689285  379
0.0690368  48
0.0690729  352
0.0691489  383
0.0695429  262
0.0695742  154
0.0697958  173
0.0699626  19
0.0700773  14
0.0701276  308
0.0702062  369
0.0702298  268
0.070355  387
0.0705208  385
0.0706071  281
0.0707328  292
0.071001  153
0.0713362  327
0.0713418  393
0.0715937  304
0.0717611  317
0.0721829  380
0.0722376  367
0.0723311  392
0.0728604  20
0.0736392  390
0.074241  324
0.0746334  313
0.0760812  261
0.077122  213
0.0779138  297
0.0781003  333
0.0789204  269
0.0793645  35
0.0808319  312
0.0813319  375
0.0819697  328
0.0830726  240
0.0848649  386
0.0857965  191
0.0879742  229
0.0889601  397
0.0897609  125
0.0904459  332
0.0916216  152
0.0916803  249
0.0919375  105
0.092163  235
0.0923099  303
0.0924085  16
0.0931657  247
0.0935039  376
0.0941226  339
0.0942226  147
0.0945094  326
0.0946229  205
0.0953394  310
0.0953944  135
0.0966498  395
0.0970347  195
0.0975489  336
0.0981011  318
0.0983221  0
0.0983976  148
0.098492  73
0.0985795  323
0.0987864  270
0.0988259  344
0.0989974  39
0.0993097  197
0.0994644  348
0.0995138  18
0.0997178  371
0.100253  112
0.100719  24
0.100873  389
0.101229  140
0.101446  36
0.10156  382
0.101586  358
0.101759  238
0.101946  221
0.102036  342
0.102154  273
0.10234  289
0.10248  360
0.102644  65
0.102875  335
0.103003  175
0.103116  6
0.103171  44
0.103307  33
0.10332  119
0.103583  243
0.103697  216
0.103924  280
0.104007  296
0.104848  177
0.105121  17
0.105232  377
0.10532  364
0.105458  306
0.105469  31
0.10553  267
0.10567  340
0.105724  97
0.105752  343
0.106484  70
0.106486  361
0.106517  355
0.106532  388
0.106562  399
0.107315  274
0.10732  301
0.107399  394
0.107418  116
0.10752  391
0.107679  373
0.1077  32
0.108127  241
0.108187  357
0.108241  196
0.108374  169
0.108408  64
0.108588  293
0.109054  291
0.109094  211
0.109094  290
0.1091  307
0.109319  57
0.109436  278
0.109505  315
0.109641  353
0.109755  365
0.110063  350
0.110249  347
0.11043  329
0.11084  338
0.11098  22
0.111024  305
0.111089  345
0.111416  309
0.111538  368
0.11155  144
0.111665  300
0.111671  331
0.112195  60
0.112236  341
0.112488  330
0.113453  369
0.113596  379
0.113634  322
0.114104  59
0.114405  190
0.114427  398
0.115042  251
0.115366  370
0.115531  265
0.115598  334
0.115746  242
0.115883  390
0.116045  319
0.116245  362
0.116621  91
0.1172  284
0.118044  384
0.118458  302
0.118494  366
0.118912  317
0.119738  13
0.120868  311
0.120948  367
0.121595  324
0.122443  50
0.122577  308
0.124014  41
0.124828  321
0.125163  304
0.125574  356
0.127598  333
0.127973  174
0.128414  200
0.12857  283
0.129543  314
0.130217  349
0.130407  372
0.130939  109
0.130996  392
0.131111  259
0.131182  312
0.131501  101
0.132406  351
0.132503  288
0.132524  346
0.13497  387
0.136006  115
0.136212  86
0.136385  375
0.136512  313
0.137174  51
0.13817  143
0.138179  81
0.138264  310
0.138272  320
0.138578  133
0.13871  139
0.138787  337
0.140251  208
0.140614  340
0.140638  325
0.141451  194
0.141843  168
0.141871  316
0.142341  276
0.142411  100
0.142446  85
0.142551  385
0.142722  95
0.143017  120
0.143306  386
0.143655  88
0.143709  354
0.14385  74
0.144032  327
0.144242  83
0.144713  159
0.144893  156
0.145001  1
0.145012  137
0.14519  275
0.145653  393
0.145919  108
0.145937  381
0.14613  151
0.14614  136
0.146318  234
0.146497  363
0.146566  378
0.14659  279
0.146659  383
0.146947  359
0.147189  131
0.147445  352
0.14754  68
0.148511  214
0.148587  180
0.148769  380
0.148879  397
0.149269  58
0.149379  326
0.14943  225
0.149441  185
0.150013  9
0.150115  132
0.150207  303
0.150296  254
0.150324  164
0.150371  227
0.150557  395
0.150702  339
0.150765  92
0.150938  21
0.151103  371
0.151137  272
0.15118  261
0.151338  248
0.151389  94
0.151537  55
0.151557  77
0.151576  89
0.151607  212
0.151609  179
0.151654  215
0.151773  183
0.151926  255
0.15194  228
0.152022  199
0.152099  102
0.152219  335
0.152261  47
0.152268  260
0.152432  328
0.15259  145
0.152906  257
0.152943  236
0.152982  357
0.153192  294
0.153272  336
0.15331  8
0.153341  374
0.153673  342
0.153744  80
0.153759  73
0.153793  128
0.153812  391
0.153883  150
0.153923  399
0.153926  93
0.154047  263
0.154124  250
0.154151  323
0.154461  3
0.15457  54
0.154634  306
0.154674  396
0.154718  38
0.154865  99
0.154869  106
0.154878  181
0.154895  149
0.154925  40
0.154972  37
0.154993  104
0.155072  358
0.155141  84
0.155184  49
0.155208  160
0.155269  364
0.155313  240
0.155317  217
0.155389  165
0.155421  266
0.155459  277
0.155526  172
0.155532  300
0.155582  29
0.155644  360
0.155721  271
0.155727  12
0.155732  353
0.155771  307
0.155783  221
0.155841  376
0.155848  61
0.155852  390
0.155895  4
0.156046  246
0.156047  351
0.156052  350
0.156078  163
0.15622  123
0.156236  318
0.15625  121
0.15626  235
0.156308  269
0.156381  178
0.156411  30
0.156445  90
0.156472  345
0.156597  96
0.156636  171
0.156718  341
0.15675  153
0.156764  334
0.156785  244
0.156791  117
0.156809  384
0.156865  39
0.156939  147
0.156985  282
0.157028  344
0.157035  304
0.15709  348
0.157189  388
0.157194  333
0.157295  315
0.157367  158
0.157369  141
0.157389  154
0.157404  355
0.157416  332
0.157455  330
0.157483  302
0.157491  138
0.157562  362
0.157564  249
0.157609  284
0.157683  18
0.157729  394
0.157791  71
0.157808  285
0.157827  321
0.157878  206
0.157887  176
0.157889  366
0.158063  389
0.158201  361
0.158289  63
0.158343  373
0.158399  135
0.158408  56
0.158448  113
0.158601  309
0.158651  5
0.158725  372
0.158744  368
0.158786  338
0.158859  324
0.158887  301
0.158988  87
0.159019  192
0.159109  79
0.159124  262
0.159161  173
0.159174  329
0.159182  305
0.159185  60
0.159192  382
0.159241  52
0.159246  207
0.159291  365
0.159473  387
0.159474  204
0.159526  25
0.159646  48
0.159655  129
0.159667  322
0.15968  112
0.159745  308
0.159809  370
0.15987  146
0.159939  377
0.159943  286
0.159967  85
0.160128  167
0.160151  379
0.16025  177
0.160328  375
0.160338  331
0.160342  312
0.160369  222
0.160445  319
0.160555  343
0.160702  367
0.160753  13
0.160909  209
0.160968  316
0.160977  127
0.161149  327
0.161208  392
0.161213  378
0.161371  311
0.161568  70
0.161583  278
0.161666  398
0.162027  356
0.162054  317
0.162548  157
0.162636  140
0.162692  310
0.162758  2
0.162778  218
0.162936  148
0.163095  314
0.16336  20
0.163458  166
0.16356  111
0.164609  347
0.164635  325
0.16497  125
0.165129  161
0.165531  131
0.165676  28
0.165715  383
0.166343  31
0.166888  340
0.166903  219
0.166934  363
0.166973  337
0.167239  313
0.167716  346
0.167725  386
0.168287  124
0.168531  105
0.168737  98
0.169152  349
0.169658  359
0.170277  369
0.170834  268
0.171774  320
0.173916  201
0.17453  193
0.174904  385
0.177051  126
0.178543  245
0.18199  251
0.183519  32
0.18476  326
0.185072  247
0.188097  380
0.189548  35
0.189867  354
0.191051  205
0.191111  395
0.192043  397
0.192081  256
0.192595  345
0.19268  304
0.192962  258
0.192971  352
0.194241  17
0.194301  333
0.194376  203
0.19461  298
0.194839  394
0.195006  24
0.195084  270
0.195367  43
0.195475  200
0.195804  242
0.195839  23
0.195893  46
0.1959  253
0.196044  11
0.196187  34
0.196322  101
0.196483  107
0.196945  381
0.197025  342
0.197194  229
0.197278  335
0.19728  265
0.197495  341
0.19764  360
0.19767  169
0.19771  336
0.197935  57
0.198353  78
0.198468  133
0.198678  75
0.198696  376
0.198705  238
0.198736  372
0.198763  144
0.198821  371
0.198933  259
0.198967  6
0.199014  355
0.199039  77
0.199204  71
0.199207  210
0.199327  224
0.199332  317
0.199356  191
0.199548  76
0.199562  348
0.199579  312
0.199579  188
0.199743  393
0.200099  318
0.200146  213
0.200263  187
0.200326  109
0.200368  357
0.200617  351
0.200635  344
0.200839  301
0.200853  339
0.201149  134
0.20145  216
0.20149  15
0.201948  21
0.202009  184
0.202341  179
0.202541  290
0.20255  88
0.202572  362
0.202906  115
0.202942  361
0.202944  257
0.203035  143
0.203041  223
0.203115  353
0.20332  162
0.203357  45
0.203358  100
0.203366  237
0.203403  300
0.203472  331
0.203816  391
0.20383  390
0.203851  189
0.203955  41
0.204001  62
0.204263  305
0.204281  72
0.204356  374
0.204362  366
0.204425  384
0.204581  358
0.204686  383
0.204982  324
0.204997  239
0.205004  311
0.20515  120
0.205198  226
0.205215  122
0.205362  310
0.205656  273
0.205689  373
0.205737  287
0.205852  382
0.205935  328
0.205946  334
0.206167  329
0.20628  293
0.206551  396
0.206646  288
0.206742  18
0.2068  231
0.206803  154
0.206885  197
0.207426  375
0.207455  136
0.207711  92
0.207729  183
0.207734  233
0.207754  322
0.207773  28
0.207939  308
0.207979  332
0.208123  94
0.208392  261
0.208397  217
0.20848  129
0.208693  379
0.20873  96
0.20885  347
0.208859  12
0.208873  85
0.208912  51
0.208918  377
0.208925  388
0.208983  172
0.209106  211
0.209266  3
0.20928  303
0.20928  22
0.209617  252
0.209689  68
0.209728  392
0.20979  302
0.209853  182
0.209889  192
0.210001  103
0.210161  316
0.210264  234
0.210376  330
0.210378  87
0.210415  314
0.210437  363
0.21049  198
0.210503  338
0.210559  315
0.210591  346
0.210662  61
0.210791  349
0.210834  399
0.210854  321
0.210977  307
0.211269  367
0.211386  323
0.211563  82
0.211684  243
0.211755  108
0.211885  389
0.212327  327
0.212702  306
0.21321  319
0.213221  29
0.213337  128
0.213387  110
0.213605  309
0.213853  325
0.214062  119
0.214454  26
0.214776  340
0.214803  152
0.215056  74
0.215108  364
0.215172  397
0.215724  158
0.216002  208
0.216315  132
0.216345  343
0.21661  225
0.216634  280
0.216822  16
0.217059  58
0.217347  9
0.217554  365
0.217748  378
0.218208  117
0.218209  368
0.21842  350
0.219462  93
0.220399  60
0.220872  250
0.220938  292
0.220988  56
0.221068  294
0.221349  0
0.221502  221
0.221621  337
0.221907  170
0.22216  279
0.222193  159
0.222291  83
0.222626  141
0.22323  320
0.223644  297
0.224335  113
0.224342  118
0.224396  296
0.224606  369
0.225073  33
0.225271  171
0.225604  264
0.226154  386
0.226251  102
0.22678  341
0.226937  387
0.227024  123
0.227131  371
0.227854  255
0.227856  398
0.227912  354
0.228194  276
0.228397  53
0.22853  7
0.228705  299
0.228765  37
0.22919  342
0.229219  105
0.22937  98
0.229482  185
0.229501  359
0.229699  149
0.230303  64
0.230556  97
0.230557  42
0.230774  348
0.231  116
0.231295  228
0.231295  313
0.231628  370
0.231785  130
0.231787  300
0.231843  376
0.232069  190
0.232175  36
0.232219  44
0.232222  147
0.232249  65
0.232546  360
0.232808  304
0.23285  39
0.233169  383
0.23328  144
0.233364  5
0.233374  355
0.233593  13
0.233621  339
0.233703  186
0.233808  301
0.234145  49
0.234313  210
0.234358  374
0.234431  139
0.234604  331
0.234734  236
0.234816  30
0.234891  366
0.234913  160
0.235066  381
0.235177  283
0.235242  345
0.235274  390
0.235363  91
0.235445  335
0.235667  336
0.23576  317
0.235887  240
0.235898  372
0.235948  106
0.236134  142
0.236195  137
0.236333  356
0.236344  73
0.236403  380
0.236594  178
0.236607  81
0.236859  204
0.236924  333
0.237086  266
0.23727  176
0.238188  267
0.238231  59
0.238359  269
0.238423  395
0.238455  163
0.238464  155
0.238977  361
0.239045  196
0.239468  357
0.239569  127
0.239749  79
0.239776  133
0.239872  353
0.239939  248
0.240057  362
0.240177  191
0.240229  352
0.240278  168
0.240283  330
0.240617  384
0.240632  177
0.240663  332
0.240666  396
0.240731  328
0.240884  254
0.240956  262
0.240969  334
0.241051  261
0.241072  222
0.241317  305
0.241548  318
0.24155  67
0.241575  230
0.242062  70
0.242108  310
0.242169  291
0.242314  338
0.242452  312
0.242793  89
0.242957  66
0.243049  77
0.243102  46
0.243234  389
0.243263  249
0.243417  27
0.243486  274
0.243799  394
0.243897  271
0.24411  326
0.244234  329
0.244279  358
0.244308  275
0.244456  399
0.244722  285
0.245246  302
0.2453  367
0.245423  347
0.24552  388
0.246254  4
0.246349  314
0.246376  257
0.246669  195
0.24678  232
0.246828  378
0.247175  175
0.247288  99
0.247583  340
0.247628  123
0.247843  303
0.248305  392
0.248306  364
0.248456  244
0.248493  10
0.248673  104
0.248675  315
0.248754  385
0.248909  393
0.249047  161
0.249258  344
0.249516  212
0.250193  71
0.250881  307
0.251588  110
0.252049  199
0.252233  2
0.252703  379
0.253472  17
0.253644  311
0.253814  322
0.255115  391
0.256288  72
0.25671  52
0.257264  319
0.257482  369
0.257757  251
0.25776  398
0.257853  206
0.25824  351
0.258294  321
0.258548  100
0.259004  363
0.259166  316
0.259377  327
0.260226  308
0.26041  18
0.260658  368
0.261172  145
0.261654  373
0.26167  397
0.261675  377
0.261997  88
0.262457  253
0.26302  103
0.263042  189
0.26445  143
0.265137  121
0.265747  382
0.26609  365
0.266357  182
0.266542  309
0.267154  349
0.267288  84
0.267307  181
0.267736  48
0.267764  78
0.267848  209
0.268038  122
0.268177  21
0.2696  114
0.269715  320
0.269749  68
0.269956  346
0.270001  166
0.270307  306
0.270327  337
0.270343  301
0.271016  339
0.271378  169
0.27142  213
0.272383  238
0.272475  387
0.27282  324
0.272826  58
0.273667  31
0.273837  95
0.274972  138
0.274979  173
0.275328  343
0.275531  281
0.275882  220
0.276021  201
0.276863  386
0.27697  172
0.277526  259
0.277596  111
0.277646  375
0.278228  63
0.278258  325
0.278326  341
0.278407  350
0.278892  23
0.279244  179
0.279248  135
0.279495  171
0.279629  142
0.279676  359
0.279707  140
0.279712  146
0.279867  277
0.279873  345
0.280236  28
0.280552  115
0.280732  356
0.280915  200
0.281029  395
0.281108  260
0.281202  282
0.281274  57
0.281338  229
0.281608  202
0.281697  54
0.281879  157
0.281979  86
0.282161  80
0.282271  354
0.282288  396
0.282367  317
0.282633  126
0.282692  256
0.282714  366
0.282728  258
0.282806  167
0.282829  360
0.282947  335
0.283217  370
0.283329  134
0.28335  242
0.283502  223
0.283598  361
0.283686  323
0.28372  82
0.283758  348
0.283783  385
0.283839  355
0.283917  331
0.283995  353
0.284175  286
0.284283  29
0.284415  26
0.284588  154
0.284874  284
0.284984  372
0.285043  153
0.285248  188
0.285258  217
0.28534  55
0.285362  6
0.285435  156
0.285496  211
0.285505  235
0.285563  180
0.285671  227
0.285789  344
0.285966  246
0.286035  218
0.286059  117
0.286108  326
0.28622  221
0.286262  131
0.286284  334
0.286335  205
0.286397  272
0.286433  336
0.286563  222
0.286629  311
0.286669  185
0.286685  62
0.286729  224
0.286741  376
0.286776  183
0.286786  330
0.2868  383
0.287163  177
0.28721  347
0.287283  150
0.287393  130
0.287424  304
0.287453  208
0.287605  263
0.287749  74
0.287764  302
0.287769  379
0.287801  79
0.287819  352
0.287822  32
0.287906  340
0.28801  66
0.28805  60
0.288055  333
0.288095  34
0.288119  312
0.288258  389
0.288348  270
0.28839  216
0.288391  98
0.288406  388
0.28849  313
0.288494  234
0.288509  374
0.288576  93
0.288778  192
0.288795  381
0.288816  289
0.288938  105
0.28897  214
0.289043  101
0.289052  219
0.289229  392
0.289288  342
0.289336  378
0.289357  322
0.289391  151
0.289423  8
0.289561  399
0.289619  380
0.289644  90
0.289721  51
0.28974  298
0.289803  390
0.289828  338
0.289881  1
0.290111  394
0.29016  190
0.290289  89
0.290361  19
0.29042  38
0.290529  316
0.290582  70
0.290588  300
0.29066  268
0.2907  287
0.290789  314
0.290805  120
0.290888  319
0.290946  384
0.291036  9
0.291053  102
0.291056  358
0.291082  233
0.291105  112
0.291294  14
0.29143  225
0.291559  295
0.291589  310
0.291655  0
0.291678  373
0.291766  363
0.291771  332
0.291822  391
0.291858  368
0.291963  369
0.292048  44
0.292062  279
0.292122  327
0.292208  116
0.292363  305
0.292845  351
0.292848  20
0.29285  45
0.292898  76
0.292931  61
0.293035  47
0.293167  43
0.293489  285
0.293561  147
0.293608  382
0.293719  125
0.293958  15
0.294013  306
0.294066  318
0.294233  398
0.294364  265
0.294604  365
0.294633  103
0.29468  149
0.294753  367
0.294798  210
0.294994  254
0.29504  141
0.295126  362
0.295184  387
0.295528  299
0.295565  303
0.29574  84
0.295977  371
0.296026  320
0.296209  328
0.296365  377
0.2965  393
0.296502  198
0.296883  13
0.297096  65
0.297148  164
0.297179  239
0.297242  16
0.297303  257
0.297992  72
0.298063  203
0.298264  329
0.298338  241
0.298464  119
0.298661  309
0.298915  321
0.298965  4
0.299191  139
0.299558  158
0.299586  199
0.299659  324
0.299679  339
0.299706  397
0.300195  49
0.300435  174
0.300521  108
0.30072  212
0.300927  194
0.301088  296
0.301313  237
0.301413  315
0.301741  77
0.301807  364
0.30204  331
0.302072  278
0.302789  109
0.302973  307
0.303719  375
0.303801  107
0.304044  231
0.304163  168
0.304207  308
0.304319  236
0.304361  41
0.304548  325
0.304622  350
0.304638  36
0.304687  349
0.304957  259
0.305211  357
0.305358  113
0.305455  293
0.306225  94
0.306549  195
0.306731  251
0.306789  37
0.306881  346
0.307592  73
0.307994  383
0.308333  273
0.308492  366
0.308766  53
0.309432  247
0.31059  353
0.310607  395
0.311191  27
0.3114  291
0.311552  348
0.311981  376
0.312673  337
0.313702  280
0.313732  75
0.313796  111
0.313934  317
0.314181  341
0.314287  354
0.314382  52
0.315138  22
0.315201  322
0.31597  245
0.316927  359
0.317515  71
0.31762  344
0.317976  48
0.318564  24
0.318684  137
0.31888  356
0.319032  122
0.319651  227
0.319755  244
0.31996  31
0.320192  335
0.320211  301
0.320246  18
0.320821  92
0.321477  110
0.321518  381
0.321848  81
0.321919  86
0.322049  85
0.322709  186
0.3228  330
0.322938  283
0.322986  345
0.32304  243
0.323082  226
0.323336  165
0.32346  191
0.323514  396
0.323633  171
0.32376  196
0.323771  302
0.323781  347
0.324113  338
0.324119  360
0.325109  394
0.325208  306
0.325266  384
0.325692  132
0.325733  334
0.325802  90
0.32585  154
0.325872  145
0.325951  148
0.325984  161
0.326202  7
0.326205  388
0.326411  379
0.326533  392
0.326897  297
0.327045  250
0.327571  343
0.327737  96
0.327936  310
0.327962  311
0.327992  378
0.328273  59
0.32867  248
0.328715  319
0.328947  316
0.328966  138
0.328997  340
0.329369  374
0.329405  17
0.329443  333
0.329535  342
0.329689  35
0.329728  326
0.330126  393
0.33019  365
0.331278  14
0.331716  318
0.331789  187
0.331847  304
0.332097  370
0.333207  42
0.333456  373
0.333713  312
0.33503  382
0.335456  399
0.335723  362
0.33573  46
0.335789  272
0.335949  323
0.336537  363
0.337463  372
0.338399  11
0.339576  391
0.341257  6
0.34215  390
0.342979  25
0.343354  124
0.344141  314
0.344169  380
0.344557  249
0.34484  361
0.3452  389
0.34599  288
0.346304  240
0.346446  142
0.346458  339
0.346727  129
0.347396  173
0.349018  358
0.349335  385
0.349402  69
0.349548  377
0.349803  355
0.350204  277
0.350585  305
0.350695  331
0.350797  386
0.350944  350
0.351257  184
0.351397  10
0.352254  398
0.352537  395
0.352545  364
0.35285  12
0.353015  328
0.353092  327
0.354965  307
0.355123  351
0.355272  371
0.355274  313
0.355701  264
0.355758  368
0.356131  64
0.356894  252
0.359117  232
0.359313  300
0.359413  40
0.359534  21
0.360442  82
0.360916  276
0.361257  336
0.361422  200
0.361706  322
0.361749  320
0.362323  369
0.363177  246
0.364312  387
0.364655  352
0.364686  79
0.364896  349
0.365764  317
0.366103  303
0.367261  215
0.367297  285
0.368161  262
0.368278  105
0.368312  301
0.36853  206
0.368576  212
0.368963  172
0.370087  266
0.371298  104
0.371387  146
0.371408  133
0.371816  394
0.372059  102
0.3722  238
0.372292  308
0.372326  56
0.372718  347
0.372781  274
0.372896  341
0.373136  177
0.373259  57
0.373504  157
0.373586  162
0.373819  188
0.373867  20
0.373869  326
0.373923  251
0.374072  367
0.374157  152
0.374247  125
0.374248  242
0.374374  397
0.374479  222
0.374515  294
0.374516  50
0.374589  150
0.374603  319
0.374749  332
0.374894  2
0.374929  34
0.374983  164
0.375497  337
0.375538  325
0.375623  83
0.375627  218
0.375787  335
0.376  199
0.376  329
0.376088  309
0.376246  101
0.376272  136
0.376303  47
0.376363  205
0.376393  379
0.376419  91
0.376425  88
0.37643  356
0.376486  23
0.376577  359
0.376651  38
0.37673  330
0.376897  338
0.37697  68
0.376979  343
0.377023  321
0.377052  160
0.377065  360
0.377378  170
0.377395  234
0.377406  353
0.377479  306
0.37753  324
0.377568  77
0.377573  316
0.377723  257
0.377855  165
0.377901  140
0.377997  36
0.378217  314
0.378253  346
0.378286  127
0.378312  202
0.378501  98
0.378636  54
0.378839  179
0.378901  315
0.378924  221
0.379027  169
0.37915  30
0.379252  224
0.379311  201
0.37942  66
0.379455  348
0.37947  220
0.379481  228
0.379561  304
0.37962  354
0.379698  219
0.379911  261
0.379919  381
0.379991  271
0.380147  282
0.380205  340
0.380435  388
0.380588  383
0.380638  168
0.380785  358
0.380833  26
0.380878  32
0.380913  70
0.380949  139
0.381115  331
0.381192  370
0.381389  106
0.381839  213
0.381865  292
0.381943  74
0.381944  121
0.382079  144
0.382085  384
0.382102  345
0.382154  175
0.382208  122
0.382213  176
0.382268  29
0.382309  229
0.382319  333
0.382445  263
0.382518  183
0.382524  209
0.382752  203
0.382763  86
0.382955  156
0.38312  214
0.383132  364
0.383139  334
0.383214  310
0.38327  355
0.383363  366
0.383365  386
0.383373  376
0.383395  375
0.383444  155
0.383551  230
0.383664  398
0.383757  18
0.383903  135
0.383919  93
0.38395  43
0.384088  283
0.384241  270
0.384245  8
0.384314  392
0.384341  39
0.384386  323
0.384443  302
0.384479  298
0.384579  260
0.384667  373
0.384713  255
0.38478  312
0.38479  87
0.384829  357
0.384882  41
0.384884  178
0.384895  363
0.38491  272
0.385054  396
0.385078  109
0.385194  130
0.385213  336
0.385353  278
0.385457  65
0.385484  339
0.385589  25
0.385661  124
0.385682  342
0.385693  313
0.385777  126
0.385783  97
0.38583  180
0.386055  328
0.38617  387
0.386173  390
0.386196  58
0.386222  114
0.386238  118
0.386239  210
0.386261  95
0.38629  13
0.386306  240
0.386333  138
0.386454  116
0.386635  391
0.386672  78
0.386715  16
0.386787  389
0.38684  134
0.386845  378
0.386982  148
0.386984  377
0.386996  207
0.387034  182
0.387074  372
0.387128  42
0.38714  374
0.387218  194
0.387339  305
0.387452  115
0.387635  143
0.387689  128
0.387723  145
0.387751  73
0.387832  361
0.387863  300
0.38792  233
0.387926  284
0.387927  269
0.387983  51
0.388116  247
0.388172  350
0.388294  80
0.388337  267
0.388353  365
0.388411  256
0.388814  394
0.388872  174
0.388917  399
0.388971  108
0.388984  27
0.389138  92
0.389189  63
0.389223  192
0.389363  362
0.389443  5
0.38951  351
0.389532  385
0.389584  327
0.38981  226
0.389885  99
0.390008  380
0.390086  33
0.390114  317
0.390225  119
0.390364  368
0.390428  322
0.390451  151
0.390475  204
0.390495  110
0.390725  120
0.39077  329
0.390824  393
0.39089  311
0.39106  91
0.391081  356
0.391081  301
0.391141  349
0.391303  49
0.391323  371
0.391334  293
0.391481  216
0.391574  72
0.391777  223
0.391781  159
0.391941  11
0.391944  163
0.391953  314
0.392023  193
0.392065  79
0.392438  235
0.392477  3
0.392605  382
0.392677  149
0.392838  367
0.39289  59
0.393097  94
0.393178  395
0.393273  289
0.393321  147
0.393462  295
0.393526  208
0.393526  189
0.393529  318
0.39374  211
0.39377  344
0.393832  131
0.393873  167
0.39401  347
0.394073  19
0.394169  343
0.394241  254
0.394369  321
0.394568  215
0.394622  288
0.394662  268
0.394713  252
0.394718  45
0.394747  4
0.394874  44
0.39492  352
0.395377  85
0.395401  185
0.395448  308
0.39559  341
0.395767  217
0.395844  335
0.395878  332
0.396113  369
0.396175  62
0.39621  360
0.39624  303
0.396329  52
0.39635  1
0.39648  245
0.396696  320
0.396769  117
0.396814  55
0.396843  397
0.396877  107
0.397002  379
0.397155  359
0.397174  173
0.397484  248
0.397643  67
0.397826  171
0.397965  195
0.398011  96
0.398055  265
0.398072  291
0.398129  330
0.3982  307
0.398542  227
0.398585  262
0.399021  146
0.399487  299
0.399507  249
0.399508  101
0.400027  355
0.400354  319
0.400431  69
0.400496  61
0.400741  142
0.400849  17
0.401737  297
0.401784  348
0.4023  129
0.402837  196
0.402904  312
0.403105  48
0.403529  81
0.403637  186
0.403645  324
0.403652  384
0.403979  64
0.404441  280
0.404536  100
0.4048  150
0.404954  353
0.405029  326
0.40503  375
0.405693  315
0.405779  338
0.405926  316
0.406283  250
0.406286  141
0.406291  333
0.406333  273
0.406536  57
0.40659  28
0.406905  279
0.40705  373
0.407179  225
0.407568  340
0.408896  35
0.409217  396
0.410062  366
0.410262  60
0.412189  362
0.412357  220
0.412373  392
0.412705  377
0.412735  327
0.412843  22
0.413492  2
0.413618  198
0.414116  342
0.414326  391
0.41439  364
0.414753  241
0.414971  388
0.415133  398
0.415847  345
0.416525  113
0.416774  224
0.416809  309
0.417036  201
0.417404  264
0.417794  331
0.417944  281
0.418079  370
0.418346  102
0.418518  89
0.418591  90
0.418745  237
0.418829  337
0.418912  334
0.418915  313
0.420177  351
0.420287  378
0.420751  310
0.420903  37
0.421813  32
0.422242  357
0.422507  162
0.4226  365
0.423139  169
0.424071  350
0.42456  358
0.425862  153
0.426133  228
0.427058  354
0.427201  325
0.427732  244
0.427815  187
0.428737  374
0.430004  383
0.430118  317
0.430722  232
0.430792  335
0.430959  53
0.430967  305
0.43108  219
0.431484  332
0.431608  161
0.431734  386
0.4318  158
0.432015  68
0.432146  98
0.432157  390
0.432369  323
0.432437  346
0.432971  116
0.43336  387
0.43386  170
0.43441  371
0.434431  336
0.434835  349
0.435674  318
0.436056  77
0.436248  344
0.437216  304
0.437416  381
0.437962  160
0.438097  363
0.438222  376
0.438888  190
0.438932  302
0.440186  285
0.440296  276
0.440303  50
0.44034  76
0.44039  184
0.440533  314
0.440754  372
0.441139  339
0.441324  341
0.4419  389
0.442147  329
0.442166  328
0.442375  301
0.442708  152
0.445121  166
0.445731  127
0.44619  300
0.446414  191
0.446887  360
0.446961  369
0.449153  385
0.449655  133
0.450058  132
0.450067  139
0.450418  180
0.450472  33
0.450974  112
0.451157  287
0.451643  164
0.451857  167
0.452549  11
0.452631  182
0.452732  83
0.453162  6
0.453265  258
0.453289  82
0.45385  26
0.453879  70
0.45396  311
0.453966  56
0.454135  380
0.454209  47
0.454422  34
0.454713  395
0.454714  84
0.45485  157
0.454858  356
0.455149  216
0.455299  243
0.455316  136
0.455387  353
0.455545  242
0.455642  321
0.455732  393
0.455757  308
0.456013  230
0.456077  333
0.456078  212
0.456178  322
0.456195  176
0.456281  359
0.456369  207
0.456585  277
0.456687  111
0.457295  355
0.457435  74
0.457441  382
0.457449  268
0.457596  172
0.457652  197
0.457691  28
0.458063  306
0.458091  352
0.458164  283
0.458297  397
0.458376  125
0.458437  290
0.458597  319
0.458707  296
0.45876  144
0.458788  97
0.458939  327
0.458983  261
0.459202  275
0.459356  272
0.45958  315
0.45981  101
0.459893  271
0.460018  120
0.460061  106
0.460185  312
0.460315  368
0.46037  367
0.46044  102
0.460566  156
0.460575  59
0.46062  324
0.460687  377
0.460702  123
0.460729  286
0.460922  361
0.461009  326
0.461045  379
0.46127  348
0.461379  202
0.461466  208
0.461521  181
0.461543  183
0.461589  14
0.461612  320
0.461768  220
0.461827  391
0.461917  81
0.462087  347
0.462246  331
0.462363  75
0.46238  15
0.462823  121
0.462915  399
0.462968  394
0.463096  354
0.46324  384
0.463344  323
0.463421  52
0.463422  374
0.463795  316
0.463826  38
0.464015  269
0.464044  118
0.464063  168
0.464293  307
0.464321  342
0.464586  364
0.464753  24
0.464825  239
0.464983  298
0.465041  155
0.465085  236
0.465085  42
0.465118  18
0.465193  343
0.465198  299
0.465268  85
0.465288  263
0.46536  309
0.46537  314
0.465484  46
0.465528  375
0.465608  233
0.465741  313
0.465855  88
0.465926  4
0.46594  179
0.465954  284
0.465987  226
0.466075  91
0.466097  325
0.466116  175
0.466174  383
0.466239  8
0.46634  351
0.466406  21
0.466445  238
0.466467  392
0.466581  390
0.466638  338
0.466698  373
0.466772  99
0.466788  346
0.467027  53
0.467104  396
0.467136  370
0.467145  23
0.467304  215
0.46737  378
0.467631  0
0.467662  30
0.467769  334
0.468205  366
0.468278  398
0.468473  363
0.468517  318
0.468528  51
0.468607  337
0.468728  231
0.468805  117
0.468962  247
0.469068  350
0.469168  165
0.469521  10
0.469663  229
0.469864  303
0.470033  345
0.470047  302
0.470146  65
0.470214  310
0.470225  219
0.470315  340
0.470317  200
0.470347  335
0.470501  330
0.470686  41
0.470721  358
0.471085  244
0.471397  357
0.471445  329
0.471654  362
0.4717  259
0.472297  293
0.47234  255
0.472549  372
0.472813  304
0.473061  110
0.473432  148
0.473793  388
0.474265  137
0.474369  365
0.474388  369
0.474649  328
0.476076  360
0.477049  246
0.478608  267
0.478718  32
0.47916  119
0.479291  12
0.479806  339
0.480109  344
0.480421  20
0.480885  381
0.481239  31
0.481455  349
0.482194  317
0.482432  274
0.483685  376
0.483867  336
0.484418  385
0.484518  311
0.485039  386
0.486814  278
0.488177  380
0.488896  305
0.493722  387
0.496369  306
0.497213  131
0.498332  186
0.498708  301
0.499469  355
0.499568  291
0.499573  79
0.501219  128
0.501563  22
0.502949  147
0.503309  114
0.503614  341
0.503806  265
0.50385  205
0.50387  63
0.50414  154
0.504249  359
0.504401  389
0.504558  214
0.505304  170
0.50555  173
0.505694  394
0.505718  353
0.505785  50
0.505843  198
0.506165  157
0.506439  352
0.506766  104
0.506818  40
0.507097  251
0.507181  3
0.507448  319
0.507528  189
0.507749  395
0.508041  44
0.508164  185
0.508317  252
0.508425  206
0.508434  39
0.508581  295
0.508668  166
0.508693  383
0.508777  332
0.508841  164
0.508924  371
0.509014  151
0.509041  9
0.509125  177
0.509178  297
0.509262  282
0.50942  368
0.509432  146
0.509513  199
0.50958  300
0.509679  308
0.509682  80
0.509749  89
0.509756  245
0.509768  270
0.50979  343
0.509817  66
0.50985  322
0.509859  98
0.509903  103
0.509979  142
0.510108  292
0.510202  54
0.510206  35
0.510209  327
0.510322  373
0.510368  174
0.510379  397
0.510381  113
0.510385  132
0.510395  314
0.510424  375
0.510543  29
0.510732  370
0.510786  218
0.511045  127
0.51111  48
0.511168  321
0.511179  213
0.511196  367
0.5114  351
0.511402  140
0.511582  378
0.511834  348
0.511846  17
0.511871  399
0.511876  188
0.512001  37
0.512016  342
0.512084  232
0.512155  361
0.512423  67
0.512471  264
0.512543  356
0.512656  325
0.512666  382
0.512674  377
0.512679  320
0.512786  92
0.512807  315
0.512834  392
0.512921  257
0.51294  122
0.512958  312
0.512974  109
0.513106  178
0.513228  130
0.513275  138
0.513338  223
0.513387  1
0.513388  83
0.513498  143
0.513592  237
0.51362  187
0.513655  323
0.513723  384
0.513736  95
0.513747  204
0.513749  217
0.513876  260
0.513945  313
0.514085  227
0.514169  289
0.514192  360
0.514203  324
0.514246  209
0.514271  153
0.514279  362
0.514318  159
0.514376  273
0.514389  70
0.514406  307
0.514432  365
0.514476  193
0.51451  347
0.514585  398
0.514623  33
0.514661  234
0.514712  338
0.514886  318
0.514939  316
0.514966  271
0.515033  224
0.515068  116
0.515113  93
0.515221  393
0.515336  254
0.515349  309
0.51543  391
0.51546  211
0.515471  333
0.515496  64
0.515524  181
0.515619  303
0.515627  390
0.515695  16
0.515721  149
0.515763  61
0.515806  222
0.515821  369
0.515939  326
0.51597  235
0.516053  192
0.516131  317
0.516145  13
0.516192  304
0.516339  364
0.516414  202
0.51654  284
0.516578  221
0.516684  256
0.516816  358
0.516843  350
0.516894  334
0.516921  57
0.517148  194
0.517293  216
0.517302  60
0.517419  396
0.517522  336
0.517526  248
0.517643  380
0.517664  86
0.5177  387
0.517786  345
0.518028  261
0.518216  220
0.518246  276
0.51854  233
0.518753  219
0.518794  49
0.518919  302
0.519075  346
0.519075  68
0.519162  30
0.519225  176
0.519299  201
0.519863  337
0.519875  129
0.5199  111
0.519964  45
0.520025  363
0.520054  36
0.52018  2
0.520206  141
0.520226  357
0.52023  372
0.520308  161
0.520491  171
0.520549  354
0.520765  340
0.520886  305
0.520986  88
0.521053  388
0.521294  162
0.521326  374
0.52134  355
0.521569  331
0.521707  134
0.521787  311
0.52198  359
0.522039  91
0.52217  329
0.522312  266
0.522371  25
0.5224  208
0.522464  249
0.522572  182
0.522782  279
0.522867  330
0.522944  379
0.523109  124
0.523298  56
0.523302  310
0.523398  272
0.523519  389
0.523549  262
0.523569  145
0.523827  290
0.523903  0
0.524414  376
0.52446  15
0.524522  82
0.524827  168
0.524847  385
0.52512  240
0.525357  335
0.525453  120
0.525471  100
0.525521  250
0.525685  349
0.526302  158
0.526386  301
0.526479  366
0.526977  344
0.527137  108
0.527197  136
0.52721  52
0.527785  175
0.528138  383
0.528297  123
0.528492  394
0.528667  72
0.528894  19
0.528935  381
0.52923  167
0.529283  386
0.529532  283
0.529578  41
0.53002  165
0.530828  300
0.531025  322
0.531129  353
0.531501  243
0.531539  34
0.531902  375
0.532198  212
0.532335  5
0.532503  341
0.533006  7
0.533303  268
0.533757  6
0.533791  230
0.533858  328
0.533984  135
0.534232  59
0.534456  361
0.5349  62
0.535259  367
0.535277  312
0.535518  133
0.536815  368
0.537087  119
0.537141  77
0.537616  71
0.538057  278
0.538099  321
0.538119  307
0.539231  150
0.540029  395
0.540104  392
0.541605  352
0.541613  397
0.542566  343
0.543106  342
0.543472  339
0.54379  259
0.544266  369
0.544707  294
0.544915  112
0.54494  239
0.545019  319
0.545597  274
0.545757  58
0.545948  378
0.546657  258
0.546686  101
0.546819  384
0.546997  373
0.54702  94
0.547782  117
0.548301  75
0.54907  255
0.549863  327
0.550252  348
0.551244  370
0.551282  303
0.552795  217
0.553073  347
0.553696  396
0.553722  304
0.553726  356
0.554738  241
0.555102  326
0.555457  198
0.555872  399
0.556117  324
0.556614  226
0.556914  325
0.557008  306
0.55738  121
0.557751  314
0.558184  84
0.558721  137
0.558794  173
0.559336  14
0.559619  179
0.559931  332
0.560556  97
0.560623  315
0.560702  190
0.561307  170
0.561578  27
0.561594  329
0.561688  236
0.562046  377
0.562195  316
0.562432  362
0.562555  393
0.56258  398
0.562974  390
0.563146  184
0.563735  331
0.564844  211
0.56487  320
0.565011  186
0.565067  131
0.565129  187
0.565471  73
0.565607  90
0.565715  270
0.565802  313
0.56598  247
0.56645  203
0.566693  23
0.566929  171
0.566946  12
0.567181  330
0.567472  51
0.567597  126
0.567628  298
0.567672  333
0.568282  355
0.568663  340
0.568712  132
0.569781  317
0.569782  334
0.569821  106
0.570048  346
0.570089  288
0.570201  76
0.570226  376
0.57025  105
0.570459  118
0.570751  196
0.570945  309
0.571063  244
0.571785  360
0.571996  231
0.572057  359
0.572407  96
0.572673  152
0.5727  318
0.572798  109
0.572958  297
0.573018  65
0.573028  275
0.573105  357
0.573167  245
0.573231  267
0.573387  358
0.573666  380
0.573777  308
0.573932  155
0.573984  156
0.573991  301
0.57401  147
0.574028  180
0.574185  310
0.574259  253
0.574329  38
0.574441  183
0.574589  99
0.574679  31
0.574719  374
0.574771  382
0.574841  60
0.574961  311
0.575069  312
0.575143  160
0.575146  141
0.575303  104
0.575339  344
0.575423  336
0.575505  388
0.575511  18
0.575546  154
0.575772  63
0.575808  372
0.575945  371
0.576125  350
0.576282  349
0.576406  354
0.576417  264
0.576497  383
0.576622  122
0.576702  364
0.576721  392
0.576785  213
0.576842  238
0.576949  214
0.576983  172
0.57731  323
0.577608  22
0.577719  209
0.577809  386
0.577959  379
0.57815  257
0.578208  9
0.578325  335
0.57845  98
0.578459  328
0.578489  55
0.579122  103
0.579304  225
0.579516  338
0.579524  42
0.579772  166
0.579962  195
0.580084  277
0.580101  351
0.580231  321
0.580419  80
0.580975  289
0.58098  381
0.581104  367
0.58114  365
0.581289  87
0.581449  337
0.581673  205
0.582344  305
0.582393  385
0.582502  322
0.583004  188
0.583119  291
0.583387  199
0.583462  206
0.583552  370
0.583687  3
0.583961  387
0.584003  29
0.584035  57
0.584263  115
0.584331  347
0.58469  10
0.58478  125
0.584801  47
0.584821  169
0.585019  79
0.585127  159
0.585215  40
0.585298  302
0.585407  229
0.585554  246
0.585656  66
0.586347  362
0.586553  345
0.586673  21
0.586685  353
0.586726  164
0.586979  319
0.58713  81
0.587691  324
0.58773  191
0.587868  325
0.588012  36
0.588096  163
0.588112  78
0.588321  375
0.588375  200
0.588412  1
0.58859  361
0.588659  300
0.588717  64
0.588735  363
0.588832  216
0.588951  53
0.589132  391
0.589182  395
0.589363  54
0.589547  116
0.589665  197
0.589815  368
0.589998  228
0.59006  394
0.590105  128
0.590245  26
0.590272  393
0.590292  293
0.590854  356
0.590868  332
0.59134  119
0.591353  43
0.591374  181
0.591385  17
0.591423  341
0.591714  242
0.592066  378
0.592154  369
0.592236  37
0.592372  384
0.592394  262
0.592571  102
0.592642  280
0.592708  330
0.592863  30
0.593352  82
0.593554  342
0.593763  343
0.594044  307
0.594253  292
0.594555  135
0.594993  299
0.595031  95
0.595247  129
0.595597  366
0.595807  41
0.595838  304
0.595971  227
0.59622  326
0.596383  287
0.596509  210
0.59652  399
0.596877  357
0.597114  348
0.597157  388
0.59729  344
0.597923  218
0.598062  204
0.59813  91
0.598461  315
0.598482  314
0.598597  174
0.598617  142
0.598655  202
0.599084  373
0.599261  272
0.599266  121
0.599482  5
0.599832  224
0.599932  352
0.600038  269
0.600243  327
0.600368  306
0.600453  303
0.600642  175
0.60065  201
0.600859  143
0.60091  250
0.601213  312
0.601325  110
0.601627  271
0.601959  24
0.602063  301
0.602192  252
0.602384  35
0.602509  364
0.602716  39
0.602733  331
0.602821  316
0.603116  6
0.603601  49
0.603729  139
0.603788  346
0.603818  389
0.603989  144
0.604148  258
0.604273  295
0.604292  11
0.604615  114
0.605146  67
0.605549  182
0.605696  127
0.605702  397
0.605917  230
0.605977  140
0.606206  390
0.60669  367
0.606782  329
0.607536  377
0.60769  111
0.607904  153
0.607924  398
0.608838  339
0.609085  167
0.609139  19
0.609353  334
0.609427  309
0.609496  120
0.609535  237
0.610017  311
0.610281  396
0.610562  48
0.610886  308
0.610896  59
0.611437  176
0.611669  294
0.611766  313
0.612091  14
0.612215  248
0.612596  220
0.61265  349
0.612944  27
0.612997  335
0.61339  74
0.613465  347
0.613758  322
0.613983  65
0.614304  336
0.614817  34
0.614924  44
0.61513  333
0.615258  386
0.615409  217
0.616437  20
0.616536  138
0.616782  359
0.616879  268
0.617096  317
0.617693  184
0.617753  219
0.617778  363
0.617782  338
0.61802  33
0.618649  72
0.618983  320
0.618986  382
0.619108  190
0.619258  345
0.619517  238
0.619532  358
0.619601  374
0.620039  370
0.620236  380
0.620395  318
0.62046  340
0.620602  337
0.620878  383
0.621184  354
0.621306  187
0.621656  323
0.622261  376
0.622352  8
0.622564  350
0.623667  107
0.623732  365
0.624408  305
0.624496  157
0.624814  371
0.625552  4
0.626139  328
0.626488  158
0.626907  279
0.627836  282
0.628054  385
0.62862  136
0.628683  68
0.628861  372
0.629216  281
0.629441  276
0.629691  2
0.629898  50
0.630078  170
0.630295  356
0.630641  61
0.630864  69
0.631008  208
0.631248  178
0.631273  324
0.631449  321
0.631571  381
0.632237  310
0.632777  307
0.634497  387
0.635126  319
0.635269  13
0.636531  392
0.637116  235
0.637493  71
0.637857  146
0.639109  223
0.639306  16
0.639311  342
0.63944  51
0.63988  232
0.640287  341
0.641799  254
0.642206  302
0.642288  399
0.642351  7
0.642613  360
0.642761  355
0.643178  261
0.643341  234
0.643465  325
0.643892  221
0.643931  86
0.644022  394
0.644322  113
0.644364  389
0.644523  315
0.64512  46
0.645247  18
0.64536  87
0.645491  332
0.645648  263
0.645728  117
0.645766  259
0.645847  260
0.645882  366
0.645919  361
0.646273  256
0.646326  9
0.64635  118
0.646453  168
0.646791  351
0.646895  393
0.646915  85
0.647035  93
0.647248  368
0.647439  159
0.647478  5
0.647549  149
0.647695  285
0.647709  251
0.647793  28
0.647867  192
0.64845  273
0.648482  225
0.648482  211
0.648487  378
0.648751  326
0.64902  169
0.649075  304
0.649129  52
0.649151  343
0.649305  152
0.649486  388
0.64949  183
0.649502  316
0.649576  64
0.649589  277
0.649643  1
0.649717  379
0.649899  375
0.649955  161
0.650079  397
0.650392  329
0.650622  0
0.650658  330
0.650777  83
0.650778  391
0.650821  369
0.650833  296
0.650847  179
0.650868  334
0.650882  70
0.651032  346
0.651055  245
0.651198  367
0.65134  148
0.651485  163
0.651618  373
0.651804  395
0.651874  314
0.651902  364
0.652085  353
0.652314  189
0.652724  181
0.652848  203
0.652869  297
0.652937  222
0.653147  312
0.653185  306
0.653354  126
0.653361  300
0.653474  94
0.653508  233
0.65355  130
0.653714  311
0.653748  165
0.653764  32
0.653996  384
0.654298  382
0.654323  133
0.654409  264
0.654526  124
0.654707  309
0.654937  301
0.655023  76
0.655064  339
0.655208  96
0.655208  352
0.65574  331
0.655796  129
0.656077  131
0.656145  290
0.656209  358
0.656269  104
0.656307  164
0.656352  243
0.656413  30
0.656736  265
0.656817  396
0.657284  196
0.65734  336
0.657355  236
0.657439  357
0.657512  38
0.657686  390
0.657978  354
0.658121  253
0.658311  377
0.658324  303
0.658387  308
0.658418  145
0.658771  31
0.659065  385
0.65912  288
0.659623  244
0.65978  370
0.659896  270
0.660566  398
0.660744  188
0.66112  365
0.661364  305
0.661423  215
0.661481  137
0.661527  291
0.661925  372
0.661998  322
0.662034  60
0.662145  112
0.6622  380
0.662216  123
0.662276  255
0.662653  344
0.662851  132
0.663052  383
0.66318  151
0.664117  362
0.664235  376
0.664393  337
0.665809  386
0.666351  79
0.666399  333
0.666563  345
0.666975  381
0.667608  108
0.66772  62
0.667806  313
0.670066  252
0.670425  359
0.670445  348
0.670675  363
0.671834  371
0.671936  136
0.671945  15
0.673067  92
0.673176  335
0.673506  214
0.673653  319
0.675226  341
0.675974  249
0.676351  207
0.677096  54
0.678579  14
0.679314  238
0.679436  220
0.679576  22
0.679766  231
0.680216  204
0.680334  327
0.680424  67
0.680477  293
0.681131  328
0.681704  324
0.681972  155
0.682348  307
0.682647  266
0.682746  340
0.683097  323
0.683109  361
0.683206  42
0.683588  90
0.683728  349
0.683892  23
0.684095  186
0.684154  347
0.684563  318
0.684837  39
0.684842  89
0.684877  302
0.685012  193
0.685344  66
0.685443  110
0.685455  111
0.685509  317
0.685976  156
0.686101  399
0.686251  11
0.686322  387
0.686424  257
0.686574  224
0.686598  65
0.686619  342
0.686724  360
0.687071  63
0.687117  374
0.687211  355
0.687567  219
0.687644  247
0.687664  320
0.687722  162
0.688016  109
0.688097  368
0.688374  314
0.688612  218
0.688623  321
0.688854  173
0.688883  122
0.688933  185
0.688954  166
0.689003  216
0.68928  356
0.689919  326
0.690064  69
0.690518  389
0.690711  141
0.69085  267
0.690933  338
0.691247  350
0.69132  139
0.691333  58
0.691359  135
0.691987  82
0.692163  269
0.692211  47
0.692281  278
0.692571  394
0.692891  310
0.692951  332
0.692962  325
0.693011  292
0.69318  153
0.693671  3
0.694014  165
0.694056  295
0.694086  393
0.694245  74
0.694527  329
0.694703  134
0.694776  98
0.694811  357
0.694973  237
0.695437  384
0.69568  143
0.695713  171
0.695722  240
0.695877  80
0.695903  78
0.695969  373
0.696001  68
0.696145  294
0.696212  312
0.696364  343
0.696369  304
0.696401  48
0.696402  246
0.69649  150
0.69651  334
0.69666  330
0.696743  226
0.696839  101
0.696854  180
0.69696  184
0.697094  107
0.697131  177
0.697193  362
0.697243  311
0.697249  16
0.697258  364
0.697367  45
0.697412  298
0.697441  366
0.697453  315
0.697476  377
0.697515  81
0.6977  284
0.697711  176
0.697805  160
0.697989  306
0.698108  370
0.698207  41
0.698801  229
0.698933  19
0.698942  354
0.699032  261
0.699033  21
0.699124  268
0.699188  398
0.699191  77
0.699237  363
0.699468  221
0.699586  378
0.699594  179
0.699626  275
0.699654  289
0.699766  280
0.699781  395
0.699825  305
0.699901  336
0.699998  391
0.70005  376
0.700107  187
0.700148  346
0.700174  352
0.700189  222
0.700285  345
0.700373  206
0.700422  308
0.700456  210
0.700548  127
0.700586  4
0.700604  365
0.700696  372
0.700981  115
0.701347  397
0.701567  36
0.701602  392
0.701827  331
0.702119  199
0.702415  56
0.702507  242
0.702536  396
0.702649  388
0.702658  351
0.702941  73
0.70302  386
0.703145  37
0.703172  299
0.703813  358
0.704064  339
0.704068  322
0.704116  271
0.704274  380
0.704314  161
0.704376  381
0.704414  208
0.704436  385
0.704691  91
0.705009  390
0.705052  333
0.70516  301
0.705221  300
0.705288  359
0.70548  337
0.706416  188
0.706748  79
0.706996  84
0.707252  379
0.707312  10
0.708848  369
0.709912  147
0.710516  25
0.710631  201
0.713547  348
0.713622  174
0.715098  178
0.715124  367
0.71519  274
0.71542  383
0.715849  316
0.716391  215
0.716891  371
0.717352  256
0.717774  120
0.718348  191
0.718436  353
0.71946  335
0.720094  253
0.720269  95
0.720403  283
0.720415  239
0.721002  382
0.72101  86
0.721222  72
0.722101  303
0.722359  341
0.722422  342
0.722469  100
0.722604  375
0.722905  317
0.723183  273
0.723927  0
0.724123  313
0.724297  167
0.724904  259
0.724924  307
0.725482  318
0.725722  324
0.72605  394
0.727027  53
0.728391  49
0.728504  347
0.729476  277
0.729951  205
0.730353  31
0.730734  251
0.731539  105
0.73161  374
0.732055  71
0.732165  254
0.732389  93
0.732777  387
0.73282  182
0.732925  83
0.73335  329
0.733571  61
0.733644  124
0.733961  99
0.733996  272
0.734317  357
0.734393  248
0.734541  344
0.734849  121
0.734881  117
0.734899  232
0.734953  32
0.735003  286
0.735003  389
0.735106  137
0.735206  361
0.735261  128
0.735419  258
0.73545  175
0.735475  314
0.735566  356
0.735685  183
0.735769  24
0.735822  7
0.735859  368
0.735865  350
0.736064  200
0.736158  63
0.736232  20
0.736305  29
0.736413  288
0.736491  364
0.736519  217
0.736551  170
0.736636  276
0.73669  146
0.736801  349
0.736918  399
0.736981  281
0.736991  198
0.737066  5
0.737142  11
0.737185  319
0.73726  285
0.737292  384
0.737438  23
0.737445  366
0.737463  336
0.737746  351
0.737836  328
0.737895  114
0.737963  323
0.737997  46
0.738009  76
0.738103  334
0.738107  42
0.738133  214
0.738148  279
0.738268  131
0.73833  231
0.73835  308
0.738373  153
0.738471  362
0.738649  340
0.738705  309
0.738975  202
0.739161  306
0.739201  332
0.739407  360
0.739551  142
0.739617  94
0.739634  35
0.739663  154
0.739783  125
0.73986  162
0.74013  327
0.740154  164
0.740201  161
0.740202  320
0.740213  45
0.740216  75
0.740271  189
0.740515  264
0.740564  266
0.740645  113
0.740716  305
0.740741  59
0.740855  312
0.740884  225
0.740973  269
0.74104  64
0.741041  250
0.741043  126
0.741083  343
0.741089  315
0.741139  393
0.741257  290
0.74139  212
0.741416  2
0.741422  156
0.741526  159
0.741543  104
0.741571  339
0.741633  355
0.741686  44
0.741741  270
0.741883  133
0.741961  65
0.742061  326
0.742074  249
0.742096  263
0.742368  116
0.742401  304
0.742431  144
0.742452  219
0.742494  238
0.742532  352
0.742651  90
0.742712  302
0.742868  132
0.742915  397
0.742924  28
0.743109  19
0.743127  395
0.743129  30
0.743182  373
0.74321  378
0.743213  310
0.743352  316
0.743364  325
0.743455  209
0.743536  1
0.743538  213
0.743577  58
0.743781  396
0.743811  14
0.743812  260
0.743825  43
0.74383  204
0.743949  398
0.744013  392
0.744098  148
0.744272  13
0.744283  359
0.744294  363
0.744531  297
0.744661  369
0.744682  138
0.744771  322
0.744812  26
0.744972  386
0.744987  172
0.745008  365
0.745068  377
0.745379  136
0.745389  119
0.745432  216
0.745469  345
0.745586  391
0.745656  385
0.745746  17
0.745759  301
0.74578  303
0.745812  390
0.745871  79
0.745943  375
0.745973  88
0.746  195
0.746039  192
0.746057  380
0.746087  346
0.746111  321
0.746124  143
0.746241  151
0.746295  120
0.746334  370
0.746443  388
0.746474  262
0.746553  10
0.746611  68
0.746744  383
0.746882  96
0.747033  311
0.747261  74
0.747531  141
0.747539  342
0.747801  376
0.74782  354
0.747825  247
0.747831  330
0.74787  338
0.74808  178
0.74809  36
0.748339  300
0.748345  38
0.748365  265
0.748445  112
0.748476  367
0.748915  296
0.748992  80
0.749004  348
0.749231  353
0.749702  229
0.749733  337
0.749804  78
0.749825  180
0.749969  381
0.750496  358
0.751284  268
0.751361  230
0.752184  91
0.752333  324
0.752483  379
0.752809  382
0.752919  333
0.753086  234
0.753164  8
0.75318  33
0.753221  190
0.753494  349
0.75421  34
0.754282  317
0.755313  341
0.755924  307
0.756032  40
0.756118  318
0.756662  313
0.758009  115
0.758052  331
0.758506  335
0.758783  319
0.758812  280
0.759203  89
0.759591  224
0.76009  102
0.761079  176
0.761604  106
0.762193  295
0.762228  287
0.762261  168
0.763569  366
0.763755  207
0.764148  181
0.764837  158
0.765378  241
0.766237  196
0.766277  187
0.767023  368
0.767635  197
0.76848  174
0.768535  364
0.768568  124
0.768836  253
0.769139  387
0.769689  56
0.770037  372
0.770175  362
0.7707  291
0.7718  25
0.77188  328
0.772243  356
0.772513  227
0.772648  394
0.772743  173
0.772746  84
0.773234  278
0.773279  347
0.774167  108
0.774444  127
0.774581  72
0.774736  389
0.77483  257
0.774884  87
0.774922  282
0.775151  200
0.775358  48
0.775419  308
0.775531  360
0.775682  332
0.775848  339
0.775895  130
0.776088  153
0.776217  344
0.776247  163
0.776295  267
0.776421  304
0.776448  323
0.776961  371
0.777408  53
0.777472  3
0.777792  57
0.777904  391
0.777914  374
0.777948  248
0.778589  185
0.778639  194
0.779037  233
0.779432  60
0.779675  182
0.780148  215
0.780208  135
0.780473  155
0.78064  271
0.780762  235
0.780791  228
0.780809  152
0.780891  20
0.780943  140
0.781122  92
0.781143  289
0.781623  52
0.781785  62
0.781824  336
0.781884  81
0.781994  340
0.782117  46
0.78237  12
0.782386  384
0.782413  111
0.78242  393
0.782429  399
0.78255  299
0.782615  147
0.782811  114
0.782936  27
0.782953  305
0.782974  109
0.783054  370
0.783092  334
0.783164  97
0.783208  244
0.783387  390
0.7835  288
0.783505  329
0.783758  199
0.783831  103
0.783934  266
0.783953  77
0.783957  350
0.783993  55
0.784009  21
0.784037  386
0.784042  50
0.78424  110
0.784266  157
0.784306  270
0.784313  314
0.784405  283
0.784417  193
0.784472  134
0.784476  352
0.784506  346
0.78454  105
0.78463  191
0.78463  126
0.784741  338
0.784776  351
0.784782  322
0.78481  231
0.784948  222
0.78498  361
0.785021  397
0.785026  189
0.785063  357
0.785122  306
0.785184  395
0.785248  169
0.785363  342
0.785383  320
0.78545  381
0.785619  139
0.785634  285
0.785644  125
0.785691  382
0.785729  61
0.785804  261
0.78583  325
0.7859  83
0.785906  154
0.785916  378
0.785925  380
0.785955  16
0.785985  186
0.786051  118
0.786063  208
0.786094  67
0.78633  310
0.786371  292
0.78639  107
0.786411  179
0.786599  363
0.786727  29
0.786791  221
0.786843  149
0.786891  101
0.787009  385
0.787015  349
0.787016  398
0.787048  333
0.787137  376
0.787302  148
0.787341  252
0.787362  388
0.787376  95
0.78766  315
0.787678  348
0.78779  309
0.787811  365
0.78789  396
0.787894  37
0.787914  369
0.787932  354
0.787969  331
0.787994  301
0.788029  302
0.788031  69
0.788033  49
0.78808  321
0.788116  343
0.788128  300
0.788176  240
0.788226  11
0.788238  51
0.788258  226
0.788384  353
0.788602  377
0.789087  258
0.789161  198
0.78917  160
0.789172  121
0.78927  234
0.789331  392
0.789522  206
0.789822  379
0.789879  15
0.790127  307
0.790291  375
0.790295  367
0.790485  347
0.790493  214
0.790568  335
0.791148  298
0.791157  383
0.791308  345
0.791408  326
0.791545  366
0.791605  373
0.791696  327
0.791754  355
0.792112  311
0.792134  246
0.792187  243
0.792339  324
0.792621  260
0.792816  223
0.793267  303
0.793525  316
0.794489  32
0.794643  24
0.795033  54
0.795334  312
0.79627  181
0.797238  387
0.79787  337
0.797971  389
0.79824  177
0.800656  372
0.801154  165
0.802794  319
0.803526  280
0.803909  47
0.804029  328
0.804452  90
0.808833  359
0.810689  273
0.810736  210
0.812995  74
0.813429  317
0.813436  330
0.814567  318
0.8147  175
0.815023  211
0.81507  358
0.816178  66
0.816581  180
0.816633  362
0.817552  313
0.818357  22
0.818538  236
0.818544  374
0.819585  364
0.819672  297
0.819785  59
0.820115  156
0.820282  256
0.820624  308
0.820648  356
0.820726  172
0.821396  144
0.822476  245
0.822609  132
0.822656  393
0.823024  339
0.823706  64
0.823832  96
0.82514  360
0.826235  293
0.826461  386
0.82703  88
0.827086  117
0.827131  145
0.827218  254
0.827614  9
0.827652  218
0.827851  85
0.8281  304
0.828248  137
0.828269  207
0.828355  56
0.828375  344
0.828518  212
0.828883  109
0.82902  98
0.829106  166
0.829379  4
0.829622  371
0.829871  378
0.82998  146
0.830068  187
0.830173  310
0.830286  384
0.830375  30
0.830569  391
0.830603  159
0.830664  398
0.830868  65
0.831096  268
0.831103  394
0.831218  333
0.83129  275
0.831366  251
0.831604  39
0.831646  340
0.831799  123
0.831949  26
0.832032  302
0.83207  277
0.832083  296
0.832105  352
0.832107  390
0.83213  281
0.832184  346
0.832223  78
0.832257  217
0.832527  14
0.832544  205
0.832559  225
0.832788  289
0.832797  276
0.832839  365
0.832863  370
0.832894  220
0.832956  89
0.832969  286
0.832984  265
0.833076  6
0.833077  354
0.833084  295
0.833255  33
0.833293  45
0.833377  93
0.833388  58
0.833393  244
0.833411  322
0.833423  368
0.833429  314
0.833576  111
0.833593  259
0.833624  323
0.833675  48
0.833704  80
0.833738  325
0.833738  363
0.83374  162
0.833777  113
0.833864  119
0.833926  350
0.833931  336
0.833936  385
0.834057  102
0.834063  395
0.834225  44
0.834455  291
0.834461  320
0.834476  5
0.834492  71
0.834512  201
0.83458  151
0.834601  305
0.834735  306
0.834769  300
0.834889  38
0.835168  399
0.835283  397
0.835284  249
0.835352  311
0.835371  375
0.835409  355
0.835427  269
0.835595  317
0.835664  106
0.835666  357
0.835699  294
0.835747  108
0.83575  278
0.835915  97
0.836027  176
0.836073  369
0.836116  143
0.836125  235
0.836259  366
0.836314  334
0.836323  348
0.8364  347
0.83643  373
0.836467  380
0.836519  150
0.836543  301
0.836571  326
0.836619  309
0.836627  42
0.836655  182
0.836704  138
0.836774  29
0.836785  178
0.836817  49
0.836848  381
0.836885  343
0.836938  136
0.837053  255
0.837056  274
0.837368  197
0.837508  351
0.837717  233
0.837718  379
0.837806  382
0.837858  376
0.837896  238
0.838035  92
0.838039  164
0.838116  341
0.838379  377
0.838399  335
0.838406  324
0.838415  338
0.838443  361
0.83846  68
0.838479  202
0.838551  114
0.83862  349
0.838624  367
0.838672  216
0.838699  332
0.838753  396
0.838878  387
0.839057  353
0.839156  330
0.839223  41
0.839397  328
0.839459  285
0.839581  72
0.839717  316
0.839729  81
0.839828  95
0.840157  188
0.840158  112
0.840212  261
0.840335  124
0.84034  345
0.840599  215
0.840611  342
0.840887  327
0.840914  128
0.840926  50
0.841016  190
0.84115  184
0.841208  86
0.841342  131
0.841391  280
0.841462  321
0.841587  389
0.84162  318
0.841744  337
0.84191  359
0.84195  135
0.842032  0
0.842161  307
0.84234  82
0.84257  163
0.842776  393
0.842879  383
0.842913  193
0.843103  61
0.843126  237
0.843143  7
0.843143  79
0.843205  284
0.84352  122
0.843571  73
0.84371  189
0.843812  242
0.843946  329
0.844401  392
0.84444  224
0.844483  219
0.844618  290
0.844848  303
0.844879  40
0.845023  34
0.845032  315
0.845091  319
0.845354  267
0.845614  372
0.846149  196
0.846511  362
0.846562  156
0.846671  104
0.847318  313
0.848063  388
0.8481  37
0.849307  87
0.849711  110
0.850678  344
0.851256  171
0.851322  199
0.851746  10
0.851982  304
0.852286  118
0.852905  384
0.853354  27
0.853627  358
0.8538  153
0.855053  20
0.855927  1
0.855979  152
0.859297  18
0.85951  310
0.860094  38
0.860174  260
0.861237  198
0.861964  181
0.862131  312
0.862404  323
0.862447  149
0.863119  91
0.863128  262
0.863361  325
0.86342  99
0.863423  348
0.8635  161
0.863593  341
0.863969  243
0.86409  378
0.86453  386
0.864665  308
0.864855  363
0.865094  174
0.865148  229
0.865288  298
0.865334  333
0.865393  195
0.866555  21
0.866912  350
0.866936  371
0.866961  74
0.866998  23
0.867067  334
0.867281  126
0.867426  25
0.867812  142
0.868057  331
0.868084  374
0.868266  397
0.868573  36
0.868595  168
0.868636  364
0.868637  347
0.868764  283
0.868973  46
0.869776  148
0.869851  390
0.87014  130
0.870167  3
0.871332  90
0.871379  141
0.871532  356
0.871564  380
0.871729  151
0.871935  346
0.872383  200
0.872401  299
0.87248  394
0.87249  268
0.872631  368
0.872836  376
0.872922  287
0.873057  140
0.873331  98
0.873385  370
0.873733  60
0.873807  246
0.873836  232
0.874314  191
0.874339  311
0.874354  351
0.874734  270
0.874812  172
0.874871  373
0.874946  336
0.875018  144
0.875172  343
0.875197  398
0.875257  355
0.875314  319
0.875335  213
0.875419  52
0.875519  365
0.875663  43
0.875868  354
0.876006  245
0.876078  360
0.876103  396
0.876331  185
0.87656  320
0.876604  147
0.876862  134
0.876944  54
0.877235  197
0.877342  158
0.877348  186
0.877572  382
0.877651  17
0.877728  170
0.877995  223
0.878264  352
0.878604  116
0.87867  395
0.878746  292
0.878908  240
0.87913  381
0.879354  265
0.879597  314
0.879672  391
0.879754  300
0.879975  180
0.880078  349
0.880187  322
0.880209  338
0.880309  301
0.88044  166
0.880508  313
0.880657  366
0.880849  329
0.880882  379
0.88134  369
0.881599  359
0.882078  155
0.882503  8
0.882556  67
0.882637  105
0.882692  327
0.882844  328
0.883195  250
0.883266  306
0.883298  201
0.883455  340
0.883832  11
0.883904  100
0.884441  175
0.884533  214
0.884661  302
0.884917  339
0.885256  345
0.885307  35
0.885609  326
0.885626  210
0.885657  139
0.885761  227
0.8865  399
0.886541  103
0.886668  273
0.887355  157
0.887979  259
0.888405  69
0.888669  337
0.88878  357
0.889023  332
0.889228  330
0.889269  247
0.889729  73
0.891013  309
0.891046  392
0.891175  361
0.891333  194
0.891505  317
0.891604  285
0.892477  304
0.894625  115
0.894971  385
0.895147  2
0.895468  241
0.895695  344
0.895924  316
0.896048  264
0.896093  377
0.896226  331
0.896648  372
0.89677  367
0.898052  160
0.898429  308
0.898883  383
0.898894  203
0.899052  226
0.899807  389
0.899861  93
0.900435  146
0.901156  305
0.901493  312
0.902391  388
0.902438  324
0.902517  315
0.903602  335
0.903782  318
0.906978  51
0.90867  133
0.908758  358
0.909055  257
0.909312  279
0.91042  71
0.910449  362
0.9106  342
0.910646  204
0.911236  48
0.911237  63
0.911725  29
0.912217  75
0.91242  165
0.913091  375
0.913134  230
0.913233  57
0.913357  15
0.913575  393
0.91373  310
0.913753  353
0.913808  384
0.914163  307
0.914604  6
0.91472  169
0.915086  208
0.915099  256
0.915157  374
0.91531  258
0.915721  323
0.915785  84
0.915997  252
0.916341  209
0.91646  173
0.91655  136
0.916607  376
0.916974  371
0.917341  47
0.917408  120
0.917621  303
0.917659  278
0.917773  387
0.917884  378
0.91801  397
0.918321  13
0.918649  231
0.918871  386
0.919319  245
0.919371  325
0.919888  263
0.919893  31
0.920071  94
0.920337  350
0.921303  296
0.921336  62
0.921426  238
0.921444  286
0.921501  261
0.921556  352
0.921568  225
0.921654  110
0.921787  218
0.921824  288
0.922009  233
0.922057  53
0.922057  341
0.922143  0
0.92235  137
0.922749  64
0.922795  222
0.922939  98
0.923001  289
0.923168  275
0.92321  395
0.923348  373
0.923361  12
0.923486  348
0.923572  121
0.923577  87
0.923905  356
0.923979  363
0.924067  334
0.924098  202
0.924168  249
0.924187  284
0.924324  95
0.92449  37
0.924811  16
0.924993  153
0.925051  216
0.925168  184
0.925321  22
0.92551  336
0.925591  317
0.925651  301
0.92569  221
0.925724  320
0.925817  328
0.925837  333
0.925841  187
0.925887  394
0.926021  199
0.926074  391
0.926228  319
0.926259  271
0.926514  321
0.926574  346
0.926762  85
0.926768  382
0.92681  83
0.927069  311
0.927159  219
0.927168  330
0.927292  290
0.927431  277
0.927454  354
0.927524  180
0.92764  396
0.927662  177
0.927742  183
0.927812  131
0.927833  314
0.927997  327
0.928193  360
0.928257  347
0.928361  291
0.928446  45
0.928461  343
0.928473  390
0.928528  236
0.928581  97
0.928732  355
0.928793  207
0.928947  50
0.929023  9
0.929397  161
0.92942  106
0.92959  302
0.929685  114
0.929699  28
0.929912  300
0.929962  377
0.929972  128
0.929994  364
0.930017  179
0.930066  119
0.930124  338
0.930125  381
0.930327  26
0.930352  142
0.930413  379
0.930429  163
0.930455  220
0.93048  306
0.930536  125
0.930608  399
0.930764  344
0.930773  79
0.930796  339
0.930866  101
0.930974  351
0.930975  5
0.931012  332
0.931064  385
0.931196  370
0.931227  313
0.931415  322
0.931657  340
0.932049  365
0.932777  269
0.932815  282
0.932931  167
0.932941  188
0.932975  201
0.933071  145
0.933098  239
0.933378  266
0.933397  309
0.933461  40
0.933492  122
0.933506  372
0.933618  369
0.933725  24
0.933841  345
0.934097  366
0.934558  235
0.934694  58
0.93474  329
0.93549  349
0.935499  92
0.935591  357
0.936723  240
0.937747  127
0.93797  380
0.938154  147
0.938647  312
0.938674  308
0.938906  176
0.939504  359
0.939526  27
0.939581  316
0.939637  56
0.939653  192
0.939935  388
0.940105  326
0.940376  44
0.940772  65
0.940934  305
0.941683  250
0.94179  158
0.941857  304
0.942529  367
0.942669  361
0.942976  68
0.943269  152
0.944762  103
0.945024  203
0.945703  353
0.947387  212
0.947494  234
0.948056  318
0.948709  162
0.949051  246
0.94908  299
0.949306  331
0.949332  55
0.949624  228
0.949912  33
0.950158  143
0.950621  324
0.950935  241
0.950991  392
0.951305  382
0.951659  196
0.951711  18
0.951769  259
0.95189  224
0.951931  274
0.951978  108
0.952056  362
0.952167  398
0.953158  320
0.953506  159
0.95372  383
0.953899  4
0.953949  160
0.954053  337
0.95414  116
0.954179  178
0.954326  1
0.954408  242
0.954456  157
0.954569  260
0.954585  387
0.954885  310
0.955251  384
0.955295  32
0.955791  126
0.956094  391
0.956173  154
0.956331  138
0.956371  134
0.956382  315
0.95643  70
0.956468  193
0.956475  368
0.95649  389
0.956644  112
0.956657  141
0.956671  386
0.956699  174
0.956726  130
0.956751  251
0.957025  171
0.957358  133
0.957394  181
0.957533  115
0.957674  358
0.957763  25
0.957827  341
0.957857  123
0.957961  113
0.958221  255
0.958259  102
0.958376  356
0.958561  393
0.958602  342
0.958991  124
0.959082  61
0.959147  363
0.959261  118
0.959325  23
0.95936  6
0.95956  307
0.959573  144
0.959678  397
0.95978  213
0.959808  156
0.959829  111
0.959876  66
0.960194  42
0.96048  292
0.960511  217
0.961157  129
0.961159  90
0.961198  335
0.961219  325
0.96163  244
0.961645  276
0.961796  279
0.961862  355
0.962168  89
0.962183  323
0.962264  339
0.962305  35
0.962314  371
0.962474  381
0.962479  172
0.962586  19
0.962804  378
0.96285  395
0.962978  375
0.963021  155
0.963042  338
0.963519  46
0.963563  75
0.963588  294
0.96426  49
0.964376  77
0.96445  344
0.964765  311
0.964847  104
0.964952  59
0.965012  86
0.965022  306
0.965032  150
0.965059  364
0.965327  350
0.965368  319
0.96545  333
0.965598  43
0.965609  100
0.965642  336
0.965808  343
0.965854  229
0.965886  394
0.966007  284
0.966062  330
0.966114  374
0.966148  370
0.966231  84
0.966327  230
0.966363  60
0.966448  11
0.96651  332
0.966652  197
0.966758  379
0.966874  390
0.967083  185
0.9671  14
0.967151  314
0.967278  352
0.9673  369
0.967454  283
0.967548  85
0.967646  328
0.967761  47
0.967788  220
0.967952  22
0.968028  396
0.968095  206
0.968126  300
0.968435  327
0.96844  373
0.96859  317
0.968659  376
0.968811  287
0.968831  243
0.969052  347
0.969078  359
0.969128  38
0.969138  345
0.969192  267
0.96946  365
0.969466  109
0.969478  168
0.96959  309
0.970065  176
0.970305  326
0.970367  63
0.970379  301
0.970921  254
0.971087  140
0.971633  87
0.971735  215
0.971774  340
0.971845  117
0.972246  367
0.972535  321
0.972641  329
0.972771  177
0.973039  354
0.973215  273
0.97322  377
0.973311  3
0.973396  312
0.973612  252
0.973803  295
0.974149  372
0.974357  223
0.975185  348
0.976158  277
0.97665  302
0.977226  257
0.9783  149
0.978864  385
0.978952  91
0.979348  384
0.979389  48
0.980166  200
0.98046  313
0.980629  305
0.980999  270
0.981411  316
0.983556  351
0.983883  41
0.98404  0
0.98441  288
0.984435  388
0.984808  166
0.985105  361
0.985304  78
0.986106  209
0.986205  392
0.986363  256
0.987139  318
0.987702  366
0.988823  386
0.989054  191
0.989125  131
0.990187  265
0.990354  399
0.990563  360
0.990728  349
0.992714  142
0.992831  308
0.993628  18
0.993944  290
0.99404  98
0.994899  93
0.995128  398
0.995132  66
0.995709  307
0.995836  165
0.99606  119
0.996175  184
0.996721  227
0.996895  17
0.996905  310
0.997225  268
0.997411  105
0.997626  346
0.997869  262
0.9986  190
0.998695  322
0.998773  331
0.99904  82
0.999117  334
0.999154  219
0.999978  285
