2.69665e-06  159
7.52083e-06  65
9.30204e-06  220
1.00725e-05  129
1.22166e-05  188
2.04571e-05  63
2.56362e-05  184
3.06129e-05  148
3.29351e-05  61
4.55948e-05  105
4.96364e-05  256
5.03048e-05  193
5.12072e-05  133
5.18957e-05  68
5.2063e-05  191
5.39289e-05  161
5.69161e-05  197
5.81318e-05  224
5.85838e-05  119
6.46901e-05  219
6.50441e-05  235
7.06139e-05  79
7.19455e-05  75
7.35223e-05  84
7.39823e-05  231
7.92265e-05  87
8.13196e-05  51
8.52131e-05  81
8.65895e-05  169
8.66801e-05  41
8.71453e-05  100
8.77287e-05  77
9.08812e-05  72
9.25208e-05  107
9.47903e-05  120
9.56795e-05  101
0.000100861  53
0.000103102  109
0.000109994  156
0.000124727  80
0.000125737  157
0.000126499  99
0.000127584  187
0.000128194  127
0.0001289  49
0.00012893  229
0.000129686  147
0.000136986  93
0.000142626  91
0.000143037  164
0.000144422  43
0.000148502  167
0.00014964  195
0.0001498  199
0.000152091  172
0.000157461  111
0.00016071  55
0.000161275  131
0.000163084  217
0.000169501  85
0.000171282  25
0.00017499  83
0.000176702  192
0.000178162  48
0.000184165  168
0.000186085  145
0.000186844  257
0.00018834  56
0.000190406  227
0.000193229  141
0.000195357  103
0.000196281  44
0.000200892  165
0.000201796  163
0.000202212  123
0.000205712  28
0.000209845  9
0.000210802  88
0.000211904  171
0.000213487  11
0.000213906  151
0.000216224  177
0.000219099  52
0.000224371  149
0.000224674  140
0.00022567  228
0.000226424  60
0.000229113  121
0.000229752  125
0.000231124  128
0.000231234  116
0.000241327  112
0.000246313  183
0.000246477  144
0.000248702  96
0.000249539  173
0.000249737  143
0.000249955  31
0.000250881  176
0.000254019  64
0.000258955  136
0.000279368  8
0.000282358  69
0.000288745  89
0.00029281  29
0.000296133  115
0.0002981  76
0.00029814  160
0.000300949  189
0.000303161  196
0.000308651  216
0.000310023  221
0.000319762  124
0.000325186  27
0.000336099  233
0.000341889  104
0.000343065  47
0.000351556  59
0.000351615  180
0.00036092  232
0.000364882  259
0.000369188  204
0.000386553  92
0.000390037  117
0.000393688  45
0.000402491  24
0.000406219  179
0.000439029  71
0.00044717  139
0.00045313  132
0.000454982  207
0.000459441  205
0.000463343  108
0.000481781  97
0.000482035  223
0.000494341  137
0.000515551  95
0.000527048  181
0.000551416  40
0.000558979  175
0.000563524  185
0.000663413  57
0.000680504  73
0.000729647  225
0.000810671  135
0.00083688  67
0.00111601  113
0.00309566  304
0.00320393  19
0.00328172  373
0.00346338  331
0.00346344  357
0.00358725  376
0.00364472  346
0.00366611  353
0.00379898  329
0.00384487  347
0.00387682  322
0.00390529  286
0.00391686  362
0.0039468  316
0.00398254  277
0.0039841  368
0.00399454  310
0.00399755  354
0.00399845  383
0.00403747  312
0.00408153  324
0.00409689  393
0.00412897  392
0.00414289  313
0.00418455  344
0.00427434  328
0.00432402  377
0.0043371  374
0.00435551  343
0.00436756  355
0.00437639  323
0.00437881  398
0.00440571  308
0.00443496  303
0.00444147  387
0.00449533  395
0.00449685  366
0.0046074  6
0.00464643  314
0.00464941  358
0.00468389  351
0.00470987  302
0.00474333  325
0.00474601  309
0.00480118  240
0.00480189  307
0.00480789  317
0.00482289  381
0.00486279  315
0.00487716  311
0.00488565  397
0.00488864  300
0.00492363  282
0.00495794  4
0.00497128  306
0.00499541  356
0.00502295  16
0.00502489  370
0.0050438  327
0.00505297  305
0.00508397  345
0.00509168  372
0.0051209  319
0.00513168  390
0.00515596  14
0.00517106  301
0.00518685  273
0.00521181  359
0.00521964  215
0.0052226  369
0.00524488  246
0.0052551  334
0.00529936  385
0.00533544  34
0.0053479  332
0.00546286  361
0.00550124  2
0.00551431  399
0.00555569  384
0.00560252  330
0.0056727  367
0.00568961  210
0.00569223  225
0.00571367  335
0.00572171  382
0.00578819  396
0.00579617  242
0.00590558  340
0.00592867  391
0.00594308  326
0.005976  275
0.00599109  321
0.00600589  336
0.00606132  348
0.00606626  212
0.00614446  264
0.00620287  1
0.00620418  380
0.00622557  378
0.00624588  349
0.00631572  371
0.00635206  23
0.00645875  320
0.00651037  261
0.00653338  375
0.0066207  337
0.0066371  236
0.00670042  245
0.00671865  32
0.00691512  318
0.00701971  394
0.00720713  364
0.00725933  339
0.00737215  3
0.00740562  333
0.00741591  341
0.00753243  365
0.00759942  388
0.00764187  363
0.00832873  266
0.00843634  200
0.00865081  338
0.00895527  139
0.00896134  294
0.00904182  220
0.00910713  0
0.00914547  360
0.00942824  36
0.00998967  299
0.0100908  39
0.0104697  386
0.0110118  201
0.0112183  350
0.0112796  38
0.0115948  254
0.0126524  342
0.0127505  389
0.0130246  260
0.0138915  379
0.0142807  279
0.0149233  35
0.0197178  209
0.0225656  293
0.0243601  352
0.0297087  354
0.030471  152
0.034901  73
0.0355419  383
0.0358282  316
0.0364103  21
0.0378445  304
0.0389604  398
0.0400086  301
0.0402204  45
0.0407059  252
0.0411973  329
0.0416666  376
0.0423166  309
0.0424654  307
0.0428235  244
0.0431448  390
0.0433963  392
0.0440914  291
0.0442723  280
0.0445881  323
0.045627  92
0.0456999  308
0.0457123  286
0.0460144  387
0.0463904  362
0.0466046  310
0.0467227  313
0.0469208  270
0.0471654  214
0.0481144  283
0.0481197  303
0.0484914  153
0.0485937  149
0.0487568  331
0.0489035  180
0.0489692  347
0.049214  263
0.0493808  357
0.0495398  33
0.049917  272
0.0499242  148
0.0500057  287
0.05009  271
0.0503964  52
0.0504062  332
0.0504203  325
0.0504385  269
0.0505444  314
0.050631  145
0.0506388  7
0.0509508  328
0.0509712  324
0.0511939  373
0.0513465  204
0.0514121  132
0.0517539  369
0.0517683  355
0.0518917  343
0.0519111  216
0.0519724  8
0.0522744  385
0.0523353  368
0.052958  346
0.0531758  12
0.0534437  300
0.0534458  289
0.053746  208
0.0539865  322
0.054011  205
0.054066  393
0.0545502  29
0.0545684  372
0.0549342  317
0.0549566  37
0.0551345  20
0.0555516  305
0.0555981  203
0.0559052  377
0.0560112  237
0.0563004  338
0.0563881  177
0.0563933  359
0.0565836  128
0.0567427  345
0.0573538  344
0.0574547  363
0.0579469  16
0.058224  81
0.0589998  334
0.0591735  281
0.0595057  351
0.0605809  370
0.0606887  353
0.0611791  243
0.0618865  397
0.06197  192
0.0620286  366
0.0621766  381
0.0623901  89
0.0624558  399
0.0625454  395
0.0637038  391
0.0641656  327
0.0648845  375
0.0651793  47
0.0651914  311
0.0652358  112
0.0683131  384
0.070232  388
0.0715734  336
0.0722145  22
0.0730073  59
0.0732464  165
0.0733831  189
0.0735917  290
0.0736653  319
0.07394  333
0.0744857  374
0.0752517  318
0.0756294  17
0.0765088  219
0.077517  350
0.0777452  337
0.078211  361
0.0786281  120
0.0788714  364
0.0791128  302
0.0807433  48
0.0807572  5
0.0809115  215
0.0815308  116
0.081546  185
0.0816002  306
0.0820278  57
0.0821151  9
0.0821447  38
0.0823223  367
0.0823236  213
0.0825999  340
0.0826939  163
0.0829047  382
0.0833286  188
0.0835369  199
0.0837876  221
0.0840271  232
0.0843231  210
0.0843995  358
0.0844097  127
0.0844301  90
0.0844509  85
0.0844591  117
0.0849205  55
0.0851675  109
0.085237  378
0.08529  31
0.085345  4
0.0855827  25
0.0857242  356
0.0859129  181
0.0860278  308
0.0862059  396
0.0862148  292
0.0863904  276
0.0864021  394
0.0865365  341
0.0865663  312
0.0865703  113
0.0866695  330
0.0866885  315
0.0867273  352
0.0867989  295
0.0868205  380
0.0869087  249
0.0869855  111
0.0870108  329
0.0874213  160
0.0877248  383
0.0879984  56
0.0881151  360
0.0881743  76
0.0882206  307
0.0882407  331
0.0883008  247
0.0884637  379
0.0885599  95
0.0886161  169
0.0887874  389
0.0888708  301
0.0888735  310
0.0889225  277
0.0890047  386
0.0893588  155
0.0894488  342
0.0895893  371
0.0898638  159
0.0899223  97
0.0900525  252
0.0901539  368
0.0903693  265
0.0903753  304
0.0904355  88
0.0905732  34
0.0906644  309
0.0908261  298
0.0908603  253
0.091005  316
0.0910337  123
0.0914646  141
0.0915217  349
0.091565  173
0.091688  75
0.0916905  354
0.0918109  326
0.092656  239
0.092783  335
0.092851  339
0.0928677  19
0.0929576  278
0.0929748  357
0.0939983  260
0.0940852  13
0.0942505  143
0.0944236  172
0.0944922  387
0.0947147  67
0.0949003  14
0.0950249  201
0.0951445  69
0.0952733  398
0.0954657  60
0.0960802  325
0.0961635  41
0.0966887  300
0.096869  322
0.0973208  385
0.097599  207
0.0976713  390
0.0979033  212
0.0982531  392
0.0983689  282
0.0986087  103
0.0986456  1
0.0987331  369
0.0988416  320
0.0988565  376
0.100621  262
0.100977  348
0.101042  338
0.101363  238
0.101398  202
0.101474  373
0.101622  157
0.101773  261
0.101988  366
0.102048  65
0.10258  332
0.10265  321
0.103465  323
0.104125  64
0.104243  363
0.104328  334
0.104839  347
0.105066  374
0.105149  89
0.105518  251
0.106439  200
0.107504  351
0.107562  255
0.10763  370
0.107901  164
0.10842  365
0.10848  217
0.108533  343
0.108545  135
0.108647  311
0.10892  248
0.109532  121
0.1104  372
0.110426  100
0.110559  77
0.110658  297
0.111097  381
0.111105  115
0.111108  18
0.111206  274
0.111262  61
0.111463  254
0.111659  395
0.111771  359
0.11221  328
0.112255  303
0.112446  250
0.113095  317
0.113241  281
0.113284  355
0.113476  275
0.113616  36
0.113657  246
0.113694  393
0.114  280
0.114012  337
0.114324  183
0.114686  110
0.11489  350
0.11558  346
0.115632  286
0.115715  362
0.115988  15
0.116022  340
0.116228  327
0.116474  313
0.116555  43
0.116691  308
0.116867  294
0.116975  353
0.117003  293
0.117512  224
0.117738  2
0.118051  377
0.118458  324
0.119449  329
0.119868  345
0.120939  287
0.12096  333
0.12138  388
0.121518  171
0.121732  391
0.121962  196
0.122106  21
0.122197  91
0.122719  397
0.122982  104
0.123225  227
0.123427  40
0.123796  389
0.123937  151
0.124221  152
0.124449  358
0.12461  285
0.124618  364
0.125113  396
0.125273  344
0.126363  301
0.126862  399
0.127212  305
0.127358  264
0.127981  314
0.128081  336
0.12832  318
0.128632  197
0.129021  176
0.129741  63
0.129924  175
0.1304  382
0.131214  304
0.131659  384
0.131683  149
0.132643  383
0.132649  6
0.132654  148
0.133654  154
0.13434  360
0.135417  73
0.135737  378
0.136524  132
0.136978  375
0.138684  225
0.138973  386
0.139661  130
0.139736  367
0.139821  209
0.140347  179
0.140753  145
0.141563  296
0.142048  167
0.142188  37
0.142439  361
0.142599  33
0.142656  356
0.143021  319
0.143063  330
0.143389  283
0.143497  284
0.143567  168
0.143937  302
0.143999  182
0.14417  368
0.144656  315
0.144816  156
0.144935  83
0.144977  335
0.145028  221
0.145266  102
0.145453  108
0.146128  136
0.146149  8
0.146188  193
0.146264  306
0.146298  325
0.146446  39
0.146533  216
0.146538  194
0.146929  166
0.147009  307
0.147022  371
0.147349  275
0.147416  366
0.147511  169
0.147536  321
0.147563  331
0.148019  95
0.148097  394
0.148202  54
0.148276  322
0.148295  398
0.148411  309
0.148744  363
0.148834  354
0.149191  376
0.149496  268
0.149823  316
0.149851  348
0.150094  347
0.150261  270
0.150499  349
0.151077  50
0.15111  323
0.151174  106
0.151349  260
0.151377  32
0.15143  341
0.151886  160
0.152017  339
0.152131  25
0.152587  351
0.152785  385
0.152825  365
0.153307  352
0.153417  123
0.153992  326
0.154475  150
0.154877  206
0.155584  353
0.155606  342
0.156017  133
0.156195  387
0.156293  191
0.157184  392
0.157783  380
0.158774  241
0.15881  124
0.1589  99
0.158943  256
0.160185  379
0.160218  369
0.160474  332
0.160658  27
0.161658  372
0.16218  311
0.162676  320
0.1627  79
0.164333  153
0.164708  390
0.164889  300
0.165074  78
0.165674  395
0.167573  163
0.167812  109
0.168415  223
0.168583  338
0.168584  313
0.169184  31
0.169587  35
0.170606  271
0.170726  334
0.171099  24
0.171167  310
0.171948  359
0.172162  317
0.172772  301
0.172832  357
0.173974  203
0.17434  312
0.175322  373
0.175347  238
0.175842  346
0.176502  318
0.176528  262
0.176819  215
0.176922  329
0.177496  131
0.177602  139
0.177899  343
0.178059  350
0.17834  381
0.17838  289
0.178395  244
0.178546  304
0.178617  214
0.178714  327
0.178815  355
0.178875  340
0.178981  66
0.179087  211
0.179275  57
0.179316  399
0.17936  374
0.179479  3
0.179481  345
0.179502  308
0.179942  17
0.180373  324
0.180456  370
0.180551  266
0.180574  189
0.18064  69
0.180906  157
0.181091  263
0.181223  51
0.18163  233
0.182016  384
0.182104  7
0.1823  134
0.182375  276
0.182974  292
0.183036  42
0.183076  377
0.183241  23
0.183308  303
0.183633  87
0.183936  20
0.184034  267
0.184341  218
0.184344  71
0.184353  144
0.184535  344
0.184643  56
0.18472  328
0.1849  277
0.184988  305
0.185108  254
0.18516  84
0.185404  397
0.186205  285
0.186306  159
0.186309  210
0.186324  161
0.186333  337
0.18646  281
0.186623  382
0.186867  217
0.187174  86
0.187275  358
0.187348  116
0.1875  46
0.187508  74
0.187647  199
0.187918  249
0.188131  107
0.188151  319
0.18819  49
0.188213  234
0.188223  362
0.188284  36
0.188284  288
0.18829  181
0.188484  375
0.188486  122
0.188603  364
0.188772  93
0.188925  96
0.189165  219
0.189219  396
0.18923  347
0.189275  242
0.189316  236
0.18943  220
0.189529  314
0.18957  393
0.189688  208
0.189789  389
0.189819  129
0.189866  229
0.189895  92
0.189925  137
0.189946  142
0.189946  333
0.189976  127
0.190027  367
0.190033  45
0.190187  391
0.190277  170
0.190311  248
0.190339  212
0.190412  247
0.190446  213
0.190468  101
0.190509  227
0.190595  146
0.190659  60
0.190704  368
0.190713  383
0.190807  30
0.190838  113
0.190849  158
0.19087  202
0.190871  331
0.190884  269
0.190912  18
0.191022  0
0.1911  354
0.191134  70
0.191178  259
0.191201  40
0.19122  90
0.191248  360
0.191249  112
0.191276  240
0.191385  180
0.191409  103
0.191592  330
0.191959  309
0.192015  80
0.192022  325
0.192064  176
0.192101  295
0.192108  315
0.192117  105
0.192169  388
0.192171  15
0.192184  286
0.192191  352
0.192285  372
0.192315  351
0.192335  366
0.192377  59
0.192538  114
0.192571  336
0.192579  307
0.192767  121
0.192783  356
0.192879  138
0.192982  335
0.192998  237
0.193038  4
0.193082  258
0.193147  205
0.193301  342
0.193318  323
0.19334  361
0.193449  19
0.193482  273
0.193581  284
0.193597  207
0.193691  140
0.193709  228
0.193803  278
0.193925  349
0.193935  261
0.193982  386
0.194031  53
0.194201  148
0.194209  394
0.194306  104
0.194397  190
0.194434  14
0.19447  141
0.19447  326
0.194494  67
0.194553  272
0.194578  398
0.194585  231
0.194636  88
0.194639  376
0.194655  58
0.194657  1
0.194679  216
0.194687  44
0.194718  132
0.194782  353
0.19489  94
0.194952  321
0.194954  68
0.195034  306
0.195088  392
0.195114  47
0.195125  363
0.195187  110
0.19526  298
0.195363  378
0.195371  318
0.195449  255
0.195451  357
0.195495  282
0.195515  174
0.195522  120
0.195551  128
0.19559  54
0.195595  359
0.195651  291
0.195743  111
0.195841  178
0.195861  184
0.196017  166
0.196036  76
0.196078  252
0.196104  83
0.196214  327
0.196324  21
0.196366  13
0.196381  85
0.196407  338
0.196434  287
0.196445  380
0.196452  125
0.196524  290
0.196602  387
0.196717  156
0.196745  257
0.196762  118
0.196763  191
0.196786  43
0.196817  302
0.196997  297
0.197004  339
0.197087  385
0.197168  155
0.197241  95
0.197362  268
0.197395  301
0.197435  369
0.197535  345
0.197602  381
0.19764  365
0.197665  245
0.197697  188
0.197719  10
0.197783  313
0.197825  183
0.197909  193
0.197913  87
0.198059  311
0.198059  317
0.198141  260
0.198174  390
0.198496  304
0.19857  274
0.198578  187
0.198612  224
0.19868  55
0.198683  204
0.198702  150
0.198745  119
0.198771  28
0.198777  11
0.198786  149
0.198867  371
0.198951  373
0.199013  37
0.19911  165
0.199167  322
0.199184  65
0.199267  222
0.199273  6
0.199321  173
0.199337  9
0.199422  299
0.199451  348
0.199553  126
0.1996  250
0.199708  332
0.19972  395
0.199839  99
0.199899  379
0.199901  316
0.199952  186
0.200107  136
0.200134  384
0.200263  355
0.200283  239
0.200357  341
0.200414  26
0.200577  223
0.200699  334
0.200746  62
0.200834  340
0.200916  308
0.201004  331
0.20102  253
0.201231  52
0.201273  189
0.201382  300
0.201684  344
0.201731  243
0.201756  314
0.20176  374
0.201778  133
0.202068  200
0.202108  192
0.202189  368
0.202191  320
0.20232  177
0.202484  350
0.202493  147
0.202604  289
0.202888  81
0.203278  194
0.203281  279
0.203289  29
0.203342  179
0.203352  399
0.203455  283
0.203476  337
0.203507  305
0.203518  151
0.203541  329
0.203821  360
0.203896  246
0.203919  303
0.2044  198
0.204474  312
0.204701  293
0.204787  218
0.204868  102
0.205048  230
0.205141  294
0.205309  73
0.205381  275
0.205435  238
0.205466  22
0.205528  346
0.205659  310
0.205826  196
0.205882  324
0.206122  347
0.206302  352
0.206362  319
0.206452  27
0.20657  130
0.20667  168
0.206864  351
0.207204  358
0.207465  8
0.207513  211
0.207678  323
0.207707  75
0.207877  145
0.208028  271
0.208216  383
0.208276  377
0.208453  66
0.209113  370
0.209186  164
0.209951  175
0.209964  357
0.210094  343
0.21064  217
0.210755  397
0.212006  366
0.212385  171
0.213218  39
0.213339  199
0.214124  330
0.214226  304
0.214499  106
0.21487  333
0.215431  392
0.216651  117
0.217454  328
0.217563  280
0.218046  302
0.221553  393
0.221815  42
0.222211  57
0.222425  371
0.223386  58
0.224136  396
0.226781  35
0.227002  388
0.227595  64
0.228739  235
0.229157  362
0.229315  78
0.229699  367
0.22987  232
0.23064  376
0.230926  364
0.230927  265
0.231277  20
0.231409  98
0.231821  391
0.231934  356
0.232676  221
0.232842  395
0.233322  266
0.233378  48
0.233682  359
0.233723  361
0.233866  258
0.234276  89
0.234472  131
0.234482  115
0.234539  213
0.234728  264
0.234907  169
0.235083  2
0.235578  31
0.235689  16
0.236355  72
0.236475  197
0.23694  100
0.236944  193
0.236952  398
0.237126  311
0.237508  374
0.237519  108
0.237682  336
0.237772  228
0.238395  318
0.238732  379
0.239212  363
0.239478  353
0.239509  332
0.239535  331
0.239542  91
0.239769  342
0.23981  384
0.240479  209
0.240495  202
0.24051  84
0.241004  201
0.241614  389
0.241957  378
0.242143  173
0.242147  387
0.242189  334
0.242437  339
0.24256  226
0.242618  71
0.242784  365
0.242889  309
0.243066  292
0.243278  154
0.243314  375
0.243419  61
0.243447  369
0.243652  386
0.244117  51
0.244212  390
0.244381  341
0.244725  349
0.24519  327
0.24541  372
0.245426  214
0.24554  325
0.245747  241
0.247136  41
0.248326  320
0.248645  158
0.249319  381
0.24953  134
0.249554  312
0.249656  315
0.249861  63
0.250623  287
0.250661  380
0.25099  385
0.251114  215
0.251256  23
0.251343  114
0.251765  15
0.251933  19
0.254236  137
0.25427  317
0.25481  296
0.254822  277
0.255088  316
0.255338  394
0.255351  142
0.25547  337
0.255534  307
0.255673  122
0.25606  323
0.256114  288
0.256244  338
0.256391  36
0.256392  326
0.256605  139
0.256701  180
0.256739  346
0.256772  90
0.256786  50
0.256797  119
0.257162  348
0.257174  306
0.257226  313
0.257263  69
0.257475  383
0.257497  330
0.258181  38
0.258207  340
0.258493  322
0.258612  167
0.258623  146
0.25864  159
0.258999  111
0.259015  25
0.259175  148
0.26003  354
0.260268  382
0.260755  80
0.260846  276
0.260872  56
0.260931  333
0.260951  77
0.261051  172
0.261212  219
0.261235  34
0.261285  216
0.261746  396
0.261774  335
0.261834  109
0.261875  12
0.261917  250
0.261965  162
0.261972  301
0.262129  393
0.262244  163
0.262446  143
0.262551  366
0.262579  68
0.262963  328
0.262972  344
0.263015  308
0.26325  259
0.263269  399
0.263324  284
0.263463  220
0.263698  282
0.263889  181
0.263923  357
0.263945  397
0.264026  129
0.264348  329
0.264407  74
0.264552  256
0.26467  368
0.264686  285
0.264887  377
0.264909  300
0.265028  275
0.265033  310
0.265038  343
0.265077  351
0.265334  185
0.265794  124
0.265884  280
0.266181  231
0.266328  244
0.266473  33
0.266531  352
0.266728  182
0.266769  206
0.266872  305
0.266892  112
0.267103  263
0.267281  177
0.267711  120
0.267763  40
0.267832  229
0.267879  0
0.268107  345
0.268509  203
0.268515  303
0.268567  138
0.268823  123
0.268942  151
0.268948  44
0.268993  267
0.269034  54
0.269041  371
0.269233  347
0.269278  358
0.269441  82
0.269543  350
0.269556  370
0.269676  152
0.269728  321
0.269757  62
0.269772  355
0.270664  160
0.270758  319
0.270804  117
0.270873  237
0.270984  3
0.271254  324
0.271286  223
0.271324  165
0.271519  359
0.271621  97
0.271918  372
0.27216  186
0.272189  103
0.272232  126
0.272297  360
0.273107  55
0.273213  144
0.273373  261
0.273393  379
0.273549  392
0.27371  395
0.274145  367
0.274309  196
0.274965  8
0.275174  391
0.2752  227
0.275297  70
0.275477  364
0.275859  384
0.276128  133
0.27613  75
0.276572  356
0.276921  121
0.277089  361
0.277153  317
0.277169  388
0.277357  184
0.27742  238
0.27748  247
0.27785  76
0.27786  311
0.277907  339
0.278414  362
0.278726  24
0.278884  30
0.279074  271
0.279968  88
0.279972  318
0.280112  373
0.280727  27
0.28083  107
0.281768  369
0.28206  268
0.282534  67
0.282724  334
0.282907  363
0.282907  222
0.28299  314
0.283056  153
0.283127  4
0.283719  187
0.283893  57
0.28397  398
0.284182  45
0.28454  297
0.285154  156
0.285196  212
0.285371  304
0.285449  342
0.285467  302
0.285506  204
0.285744  330
0.285783  255
0.285806  327
0.28589  87
0.285942  281
0.286002  336
0.286015  386
0.286043  376
0.286518  189
0.286623  240
0.286629  106
0.286973  262
0.28743  5
0.287457  283
0.287528  309
0.287811  331
0.288084  274
0.288097  191
0.288144  337
0.288205  341
0.288233  11
0.288337  365
0.288388  213
0.288688  374
0.289062  100
0.289141  118
0.289356  235
0.289777  241
0.290137  266
0.290509  325
0.290913  176
0.291301  387
0.291356  301
0.291485  349
0.291754  228
0.292233  243
0.292277  273
0.292388  135
0.292531  32
0.292569  139
0.292797  258
0.293206  269
0.293233  313
0.293424  390
0.293491  315
0.293827  53
0.293991  353
0.294148  307
0.29427  381
0.294483  303
0.294762  260
0.294768  375
0.294984  13
0.295006  132
0.295511  264
0.295606  225
0.295625  385
0.295865  389
0.296012  290
0.296145  104
0.296225  26
0.296433  332
0.296477  380
0.296855  217
0.296924  306
0.297314  394
0.297574  366
0.298054  42
0.298263  119
0.298411  164
0.298602  66
0.298704  84
0.298935  146
0.29904  396
0.299041  272
0.299211  96
0.29943  208
0.299464  236
0.300048  113
0.300251  329
0.30042  345
0.300572  344
0.300584  312
0.300616  116
0.300645  108
0.300793  351
0.300986  169
0.301068  101
0.301083  92
0.301388  322
0.301441  378
0.301479  320
0.301496  129
0.30158  131
0.301657  59
0.302051  1
0.302071  125
0.30209  383
0.302178  155
0.302293  277
0.302333  340
0.302721  190
0.302842  199
0.303128  179
0.303325  371
0.303475  323
0.303628  58
0.303643  48
0.303915  333
0.303987  293
0.304003  399
0.304178  335
0.304575  39
0.304843  391
0.30569  346
0.306414  193
0.306515  382
0.30672  25
0.307121  316
0.307135  71
0.307216  372
0.30741  94
0.307706  347
0.308014  128
0.308073  352
0.308749  254
0.309526  370
0.309542  37
0.310175  358
0.311238  354
0.311335  377
0.312046  319
0.312334  257
0.312792  392
0.313414  198
0.313584  395
0.313903  205
0.314373  356
0.314378  384
0.31475  188
0.315914  245
0.316688  151
0.316792  22
0.316842  368
0.316995  300
0.317105  339
0.317177  364
0.317413  295
0.317453  192
0.318512  142
0.31882  86
0.319159  249
0.31941  308
0.319775  348
0.32032  141
0.321369  317
0.321444  134
0.321541  29
0.321893  209
0.322284  357
0.322332  298
0.322364  393
0.322367  63
0.322375  38
0.322902  251
0.323117  318
0.323369  338
0.323438  51
0.323475  166
0.323661  102
0.323785  28
0.323819  369
0.323826  328
0.323924  314
0.323943  343
0.324255  363
0.324512  230
0.324513  150
0.324715  310
0.32544  292
0.325689  21
0.325802  350
0.325899  305
0.325974  397
0.326482  195
0.326766  326
0.32686  50
0.327067  355
0.327139  18
0.327159  342
0.327557  54
0.327578  279
0.327686  321
0.327725  180
0.327779  361
0.328069  349
0.328094  331
0.328144  275
0.328206  286
0.328407  302
0.32919  376
0.329217  362
0.329387  239
0.329501  375
0.329747  215
0.330471  379
0.330519  175
0.330655  367
0.330738  85
0.331389  49
0.331598  145
0.331795  248
0.332646  83
0.332781  233
0.332792  388
0.333358  173
0.333481  380
0.333592  77
0.333713  394
0.333743  137
0.33383  68
0.334184  309
0.334193  311
0.334409  214
0.334512  194
0.334665  360
0.335225  334
0.335288  246
0.335339  373
0.335546  103
0.335966  325
0.335977  341
0.336071  107
0.336367  197
0.336531  336
0.336691  143
0.336909  386
0.337423  327
0.338015  148
0.338205  307
0.33913  396
0.33925  43
0.339586  315
0.339851  74
0.340054  111
0.34028  12
0.34048  387
0.340511  121
0.340853  263
0.341177  306
0.341229  24
0.341299  152
0.341368  34
0.341743  183
0.342038  91
0.342405  271
0.342505  287
0.342605  223
0.342855  365
0.343052  211
0.343213  296
0.343341  138
0.343464  374
0.343489  163
0.343602  366
0.343692  221
0.344176  359
0.34418  340
0.344565  2
0.34457  333
0.344598  31
0.344607  132
0.344819  61
0.345067  353
0.345418  89
0.345625  351
0.345776  266
0.346078  289
0.346245  72
0.346412  174
0.346414  114
0.346439  304
0.346609  385
0.346763  202
0.346959  378
0.347057  335
0.347422  169
0.347453  79
0.347596  210
0.347801  99
0.347845  320
0.348047  15
0.34816  324
0.348264  332
0.34869  219
0.348795  9
0.348843  339
0.34897  347
0.349218  127
0.349228  200
0.34926  372
0.349366  123
0.349374  398
0.349613  337
0.349739  312
0.349818  168
0.349965  7
0.350031  157
0.350164  330
0.350381  291
0.350447  182
0.350694  105
0.351011  381
0.351225  322
0.35144  14
0.351706  237
0.351862  8
0.351872  181
0.352141  122
0.352287  162
0.352403  136
0.35256  265
0.352611  90
0.352673  213
0.35272  161
0.352863  20
0.352889  389
0.35317  313
0.353474  75
0.353515  203
0.353525  371
0.353526  147
0.35359  345
0.353594  10
0.353658  186
0.353705  308
0.353775  399
0.353916  226
0.354058  390
0.354085  344
0.354114  303
0.354159  86
0.354186  218
0.354299  170
0.354333  301
0.354378  69
0.354388  98
0.354542  206
0.354719  356
0.354801  224
0.354929  177
0.354965  0
0.35523  323
0.355397  133
0.355477  383
0.356168  191
0.356379  278
0.356453  354
0.356586  60
0.356676  369
0.356691  172
0.357042  329
0.357237  120
0.357316  352
0.357445  25
0.35784  343
0.358153  284
0.358288  319
0.358298  115
0.358488  384
0.358583  379
0.358773  36
0.358873  100
0.35891  229
0.358915  30
0.358938  268
0.358964  165
0.359498  11
0.359507  258
0.359593  358
0.359676  146
0.35986  33
0.359925  311
0.360006  382
0.360102  55
0.360102  346
0.360219  262
0.360247  377
0.360263  310
0.360303  118
0.360368  150
0.360437  342
0.360506  300
0.36052  73
0.360558  316
0.36057  264
0.360584  307
0.36105  388
0.361208  16
0.361294  386
0.36152  367
0.361564  207
0.3616  318
0.362016  238
0.362079  160
0.362166  154
0.362297  59
0.362497  204
0.362827  272
0.362931  395
0.363015  273
0.363079  131
0.363128  93
0.363177  6
0.363251  336
0.363264  142
0.363296  359
0.363316  216
0.363327  28
0.363431  70
0.363436  88
0.363644  294
0.363868  125
0.363876  393
0.363887  338
0.363928  87
0.363959  350
0.364002  364
0.364118  108
0.36425  45
0.364273  260
0.364294  285
0.364345  368
0.364392  62
0.36454  112
0.364593  391
0.36465  259
0.364832  321
0.365535  348
0.365649  302
0.365657  361
0.365853  331
0.365881  357
0.365903  64
0.365979  326
0.366221  363
0.366301  159
0.366662  375
0.366887  130
0.366906  40
0.366925  376
0.367071  380
0.367247  349
0.368356  109
0.368502  314
0.368578  394
0.368607  193
0.368687  334
0.368929  360
0.369067  110
0.369614  212
0.370172  327
0.370642  397
0.370811  396
0.371458  387
0.371501  365
0.371503  362
0.371849  189
0.372312  355
0.372587  151
0.372692  385
0.373277  208
0.373373  76
0.373602  324
0.375157  27
0.375513  116
0.375531  176
0.375766  242
0.377474  317
0.378245  320
0.378588  340
0.37859  227
0.378881  315
0.38107  325
0.381205  241
0.381397  328
0.382242  370
0.383763  246
0.385257  57
0.385958  305
0.388562  381
0.388599  309
0.390085  295
0.390748  49
0.390803  313
0.39247  371
0.392691  197
0.393321  222
0.393384  94
0.393601  5
0.394257  392
0.394693  126
0.395007  323
0.397106  366
0.397174  332
0.397219  351
0.397408  374
0.397431  178
0.397515  104
0.397834  3
0.398007  245
0.398104  89
0.399397  166
0.399464  243
0.399639  240
0.39976  378
0.399902  377
0.400095  298
0.400519  171
0.400593  276
0.400671  341
0.400893  373
0.401441  37
0.401502  22
0.401649  35
0.401673  17
0.401919  82
0.401981  54
0.40202  306
0.402035  232
0.402043  280
0.402136  67
0.402221  4
0.402629  399
0.403012  65
0.40303  56
0.403177  297
0.403191  344
0.403268  220
0.403311  156
0.403321  71
0.403333  304
0.403539  301
0.403627  398
0.404106  350
0.404537  330
0.404563  96
0.404709  68
0.404762  256
0.404872  253
0.404901  346
0.405241  390
0.405318  119
0.405383  192
0.405531  139
0.405587  303
0.405623  274
0.40565  184
0.405673  187
0.405762  288
0.405775  376
0.405849  190
0.405898  329
0.405959  353
0.406011  103
0.406035  333
0.406104  312
0.406244  252
0.406247  389
0.406519  215
0.40678  233
0.406919  34
0.406927  211
0.406945  111
0.407095  343
0.407305  352
0.407454  307
0.407489  395
0.407493  153
0.407675  155
0.407711  13
0.407719  356
0.407741  289
0.40777  101
0.407974  285
0.408081  318
0.408108  2
0.408167  225
0.408211  308
0.408332  345
0.408386  180
0.408453  50
0.408507  128
0.408529  293
0.408632  158
0.408666  194
0.408764  335
0.408916  149
0.408935  80
0.408963  102
0.409038  31
0.409309  391
0.409356  198
0.409427  310
0.409471  217
0.409596  32
0.409622  302
0.409628  135
0.409694  81
0.409714  250
0.409789  205
0.409805  259
0.409841  336
0.40987  201
0.409879  52
0.409914  319
0.409932  368
0.410041  339
0.410048  360
0.410049  334
0.410172  384
0.41018  46
0.410189  186
0.410192  247
0.410228  144
0.410291  314
0.410356  196
0.41036  251
0.410419  236
0.410457  25
0.410597  337
0.410614  48
0.410667  354
0.410683  328
0.410715  207
0.410723  383
0.410775  237
0.410804  283
0.410813  347
0.410846  364
0.410938  322
0.41094  394
0.411148  261
0.411251  372
0.411388  369
0.41158  349
0.411616  326
0.411626  279
0.411803  380
0.411819  29
0.411835  78
0.41209  340
0.412099  315
0.4122  375
0.412233  338
0.412412  331
0.412417  362
0.412563  263
0.412632  299
0.412655  342
0.412684  254
0.412718  58
0.412893  105
0.41291  209
0.412998  388
0.413292  138
0.413358  270
0.413399  183
0.413416  359
0.413423  177
0.413521  262
0.413581  161
0.413587  309
0.413613  355
0.413738  223
0.413795  162
0.413908  379
0.414402  72
0.414414  292
0.414531  106
0.414668  311
0.414823  397
0.414879  396
0.414972  117
0.415035  393
0.415078  43
0.415313  83
0.415318  213
0.415665  143
0.415669  374
0.415955  148
0.415973  275
0.415974  361
0.416034  386
0.416091  325
0.416115  313
0.41652  7
0.416595  228
0.41673  382
0.416838  245
0.416948  221
0.416995  358
0.417258  385
0.417278  24
0.417315  266
0.417657  320
0.418039  92
0.418046  367
0.418171  202
0.418299  82
0.418316  169
0.418405  122
0.418695  387
0.418821  214
0.418943  316
0.418954  129
0.419203  87
0.419652  366
0.420421  365
0.42043  363
0.420982  381
0.421054  267
0.42106  392
0.421121  341
0.421246  185
0.421449  370
0.421702  130
0.421798  163
0.421865  300
0.422076  281
0.422413  357
0.42304  167
0.423478  182
0.425606  323
0.425644  324
0.425848  305
0.427722  348
0.427895  317
0.429442  286
0.430381  246
0.430563  19
0.432988  321
0.433847  234
0.434546  47
0.434598  191
0.435269  333
0.435769  330
0.437081  60
0.437188  351
0.437623  53
0.438407  41
0.43843  332
0.439802  373
0.44117  172
0.442107  51
0.442577  334
0.442757  231
0.443287  399
0.443523  327
0.444228  235
0.444321  16
0.444528  353
0.446887  127
0.448501  271
0.448601  134
0.448982  345
0.449221  227
0.449811  273
0.449959  56
0.449978  75
0.45003  120
0.450122  152
0.450204  344
0.450337  230
0.450491  306
0.45057  173
0.450624  343
0.45119  63
0.451816  42
0.452096  310
0.452408  137
0.45258  397
0.452623  66
0.452742  76
0.452789  70
0.452965  112
0.452996  99
0.453169  296
0.453249  206
0.453444  371
0.453474  394
0.453636  164
0.453654  338
0.45367  248
0.45369  157
0.453871  226
0.453958  229
0.453965  18
0.453989  384
0.454  1
0.454151  264
0.454219  376
0.454249  368
0.45425  301
0.454327  188
0.454345  378
0.454345  379
0.454574  391
0.454613  269
0.454709  239
0.454823  304
0.455035  26
0.455169  350
0.455216  319
0.45522  268
0.45524  393
0.455241  347
0.455418  252
0.455486  329
0.455688  113
0.455695  15
0.455726  62
0.45573  390
0.45576  95
0.455794  212
0.456024  160
0.456139  131
0.456216  294
0.456316  383
0.456467  377
0.456531  159
0.456534  308
0.456609  340
0.456815  79
0.457398  222
0.457536  389
0.457779  349
0.457813  242
0.457995  140
0.458462  303
0.458483  263
0.458496  69
0.458591  322
0.458671  278
0.458709  291
0.458734  133
0.458748  335
0.458781  244
0.45879  307
0.458799  336
0.458821  98
0.458984  339
0.459042  346
0.459212  388
0.459375  382
0.459417  21
0.459541  398
0.459637  136
0.459721  57
0.459725  107
0.459753  195
0.459768  28
0.459808  270
0.459971  342
0.459984  352
0.460118  14
0.460136  381
0.460165  326
0.460191  64
0.460228  145
0.460306  141
0.460378  325
0.46046  314
0.460762  337
0.461236  103
0.461372  211
0.461448  250
0.461488  364
0.461524  59
0.46154  184
0.461566  114
0.461654  341
0.461686  356
0.46177  125
0.461873  181
0.461905  85
0.461998  316
0.462077  31
0.462146  357
0.462151  233
0.462212  359
0.462306  203
0.462473  315
0.462662  313
0.462667  260
0.462702  358
0.462902  328
0.462955  380
0.462994  372
0.463041  144
0.46312  153
0.463259  151
0.463303  224
0.463584  386
0.463716  396
0.463723  387
0.463754  30
0.463866  395
0.464257  363
0.464312  255
0.464362  284
0.464826  324
0.465424  238
0.465489  362
0.46561  361
0.465634  200
0.465936  317
0.466213  374
0.466549  44
0.467413  50
0.467895  87
0.467923  39
0.468102  399
0.46818  20
0.468437  104
0.468454  3
0.468652  370
0.469628  219
0.469639  253
0.46964  288
0.469736  331
0.469994  365
0.471186  302
0.471232  375
0.472368  61
0.472818  354
0.47306  287
0.473369  232
0.473527  333
0.47413  9
0.474285  321
0.474339  241
0.474399  93
0.474421  366
0.474533  330
0.47481  189
0.474985  385
0.475062  300
0.475293  193
0.477011  289
0.477089  97
0.477128  254
0.477613  348
0.478087  311
0.478855  23
0.479004  318
0.479643  118
0.47968  223
0.479781  272
0.480503  148
0.480506  109
0.480598  392
0.48061  367
0.480811  204
0.481433  373
0.481633  351
0.48201  119
0.482576  2
0.482919  4
0.48328  266
0.48351  101
0.483644  320
0.483968  299
0.484094  174
0.484276  49
0.484445  344
0.484513  355
0.484811  178
0.485325  274
0.485636  353
0.485725  384
0.486262  121
0.486553  108
0.48722  332
0.487462  323
0.487584  312
0.4878  11
0.487981  369
0.488209  310
0.48832  89
0.489032  115
0.489205  257
0.489282  309
0.48966  251
0.489842  126
0.490281  27
0.490432  77
0.490437  43
0.490776  38
0.490934  234
0.49216  187
0.492186  67
0.492224  335
0.492442  46
0.492715  68
0.492746  368
0.492756  6
0.492888  360
0.492955  327
0.493103  143
0.493148  60
0.493295  166
0.493349  334
0.49354  8
0.493709  154
0.493878  350
0.494446  319
0.494467  378
0.494706  86
0.494886  197
0.49539  341
0.495413  359
0.49547  149
0.495619  304
0.496463  339
0.496853  325
0.49692  105
0.497025  267
0.497145  282
0.497164  356
0.497176  107
0.497178  196
0.497613  123
0.497753  84
0.497761  17
0.49782  393
0.497935  290
0.498321  186
0.498482  343
0.498752  129
0.498777  47
0.498856  376
0.498976  117
0.49903  221
0.499048  199
0.499057  0
0.49918  155
0.499311  371
0.499659  303
0.499698  345
0.499771  16
0.499773  249
0.499817  29
0.499906  397
0.499929  12
0.499996  124
0.500063  65
0.500205  280
0.500303  394
0.500304  305
0.500321  377
0.500336  144
0.500426  338
0.500432  396
0.500502  308
0.500779  346
0.500909  342
0.501374  163
0.50139  383
0.501421  88
0.501637  366
0.50172  388
0.501758  25
0.50197  329
0.501986  292
0.502055  243
0.502138  361
0.502533  357
0.502639  352
0.502812  382
0.502817  171
0.502879  315
0.503022  184
0.503132  116
0.503265  45
0.503614  307
0.503673  331
0.503909  242
0.504107  96
0.504345  337
0.504363  5
0.504432  94
0.504447  275
0.50465  100
0.504876  236
0.504978  330
0.505008  142
0.505037  213
0.505146  374
0.505202  336
0.505337  347
0.505611  387
0.506046  191
0.506057  306
0.506337  326
0.506742  391
0.506824  113
0.506871  220
0.50723  381
0.507472  301
0.507655  256
0.507682  146
0.508066  111
0.508088  175
0.508211  74
0.508452  42
0.508771  28
0.50882  173
0.50888  295
0.508908  170
0.509008  122
0.509371  240
0.509418  349
0.509481  52
0.509753  395
0.509822  194
0.509922  372
0.509971  271
0.510092  389
0.51026  214
0.510267  294
0.510349  237
0.510541  365
0.510542  324
0.510784  14
0.511215  231
0.511318  167
0.511495  314
0.511577  279
0.511695  375
0.511832  81
0.512142  399
0.512185  71
0.51227  281
0.512689  1
0.512869  317
0.513032  386
0.513131  277
0.513144  316
0.513307  358
0.513341  92
0.51341  364
0.513631  273
0.513648  102
0.513718  225
0.513803  24
0.513937  379
0.514359  362
0.514411  41
0.514482  58
0.514517  106
0.514757  206
0.51554  205
0.51559  132
0.515644  34
0.515881  233
0.515977  363
0.516007  351
0.516193  340
0.516218  333
0.516401  33
0.516497  201
0.516545  133
0.51663  398
0.51744  40
0.517487  239
0.517662  380
0.518137  312
0.518201  392
0.518393  252
0.518835  176
0.518879  159
0.518882  322
0.518994  62
0.519139  83
0.51929  19
0.519295  321
0.519328  276
0.519377  18
0.519725  297
0.519998  390
0.520109  127
0.520509  179
0.52052  370
0.520547  318
0.520789  141
0.52195  258
0.521999  369
0.522202  378
0.522298  264
0.522359  355
0.522378  354
0.522419  168
0.522859  302
0.522933  11
0.523346  320
0.52341  350
0.524144  348
0.524247  339
0.524325  32
0.524666  7
0.524774  328
0.52491  268
0.525105  229
0.52567  356
0.52607  48
0.526433  153
0.526805  73
0.526808  212
0.526846  235
0.526907  344
0.527048  125
0.527488  384
0.527742  63
0.527908  210
0.528007  285
0.52803  46
0.528255  393
0.528585  199
0.528855  327
0.529013  98
0.529026  241
0.529131  359
0.529696  373
0.530243  319
0.530409  2
0.530464  87
0.530481  305
0.5305  377
0.530509  202
0.530552  198
0.531049  164
0.531339  368
0.531657  155
0.531736  135
0.531753  309
0.531804  103
0.531833  296
0.531873  338
0.531911  335
0.532124  385
0.53216  334
0.532281  341
0.532719  306
0.532955  323
0.533379  352
0.53372  109
0.533843  308
0.533996  190
0.534089  310
0.534242  165
0.534272  311
0.534892  218
0.535402  223
0.53541  156
0.535668  300
0.535671  37
0.535988  345
0.536054  227
0.536716  188
0.536742  59
0.53716  367
0.53724  291
0.537775  136
0.538015  303
0.538139  64
0.538158  382
0.538446  283
0.538514  293
0.538553  181
0.539022  162
0.539597  313
0.539708  304
0.539803  193
0.539829  397
0.539933  82
0.540021  371
0.540216  360
0.540516  263
0.540547  383
0.541238  172
0.541493  161
0.541583  201
0.54184  39
0.541879  247
0.542122  180
0.542722  44
0.542742  69
0.542789  387
0.54284  13
0.543293  140
0.54371  286
0.543737  232
0.544047  55
0.544418  301
0.544727  353
0.544743  329
0.545349  272
0.545397  376
0.545581  23
0.545644  121
0.545749  337
0.545832  299
0.545899  336
0.546015  396
0.546076  349
0.546211  4
0.546356  208
0.54643  298
0.546435  381
0.546491  389
0.547442  54
0.547665  110
0.547777  342
0.547805  379
0.548117  248
0.548407  101
0.548742  314
0.549403  169
0.550059  366
0.550267  372
0.550415  357
0.550509  131
0.551064  250
0.55156  331
0.551824  388
0.551879  399
0.552373  95
0.552921  307
0.553239  332
0.553408  143
0.553745  347
0.553843  361
0.553966  325
0.55431  315
0.554654  93
0.555091  346
0.555107  200
0.555109  324
0.555737  394
0.556189  57
0.556537  151
0.557694  365
0.557908  343
0.559154  262
0.559712  195
0.559897  339
0.560815  269
0.561478  374
0.561606  222
0.562369  26
0.562676  391
0.563036  340
0.564123  318
0.564188  100
0.56474  132
0.564784  390
0.565014  251
0.565014  356
0.565043  380
0.566216  322
0.566244  375
0.566363  351
0.567389  363
0.567597  326
0.568259  354
0.571285  10
0.572141  238
0.572716  91
0.573181  77
0.57503  359
0.575221  395
0.57538  51
0.576019  302
0.576358  207
0.576729  80
0.57773  330
0.577734  12
0.577844  0
0.578116  86
0.57884  392
0.578868  316
0.578886  369
0.578927  35
0.57921  320
0.579214  370
0.579636  178
0.580321  350
0.580471  166
0.580543  355
0.580558  56
0.580968  327
0.58168  28
0.581803  295
0.582499  211
0.582505  281
0.582529  228
0.582535  333
0.582579  362
0.58268  94
0.582875  255
0.583129  137
0.583405  79
0.583406  122
0.583663  197
0.583666  319
0.583777  309
0.583788  328
0.583795  386
0.583813  286
0.583856  226
0.583951  305
0.583979  290
0.584125  321
0.584163  112
0.584406  312
0.584542  234
0.584821  289
0.58485  245
0.584875  317
0.584996  150
0.585021  85
0.585059  311
0.585366  90
0.585497  270
0.585697  70
0.585711  67
0.585931  384
0.5861  102
0.586128  358
0.586169  240
0.586235  11
0.586288  30
0.58634  96
0.586419  52
0.586529  252
0.586693  335
0.586883  134
0.587008  118
0.587036  364
0.587047  182
0.587137  194
0.587175  163
0.587208  288
0.587326  304
0.587376  83
0.587396  378
0.587442  203
0.587464  185
0.587568  224
0.587621  213
0.587624  373
0.587694  123
0.587724  149
0.587903  53
0.588274  29
0.588343  99
0.588356  75
0.588499  61
0.588621  345
0.588742  352
0.588769  377
0.588821  284
0.588852  334
0.588879  233
0.588882  115
0.588901  271
0.588932  323
0.588984  223
0.589045  383
0.589051  49
0.589054  396
0.589126  130
0.589143  3
0.589243  76
0.58929  120
0.589319  379
0.589386  36
0.589395  398
0.589435  81
0.589476  368
0.589651  210
0.589691  348
0.589717  138
0.589741  393
0.589756  344
0.589794  186
0.589819  276
0.590007  152
0.590121  230
0.590146  116
0.590146  253
0.590184  124
0.590264  338
0.590287  371
0.590357  212
0.590362  266
0.590478  227
0.590484  385
0.590504  174
0.590519  189
0.590526  184
0.590529  63
0.590763  272
0.590801  308
0.590958  259
0.590973  215
0.590992  87
0.591049  108
0.591056  313
0.591105  92
0.591113  2
0.591121  310
0.591143  366
0.591159  303
0.59125  105
0.591305  244
0.591325  119
0.59133  196
0.591339  391
0.591386  376
0.59139  101
0.591514  381
0.591531  357
0.591551  306
0.591698  72
0.591761  139
0.591859  154
0.591962  107
0.591972  267
0.591988  279
0.591999  300
0.592088  387
0.592111  148
0.592113  38
0.592124  256
0.592127  225
0.592132  206
0.592151  367
0.592346  382
0.592357  397
0.592554  388
0.592568  200
0.592615  1
0.592717  165
0.592736  62
0.592758  236
0.592782  104
0.592848  237
0.592888  48
0.592941  188
0.592972  73
0.59299  161
0.593038  21
0.593099  336
0.593272  301
0.593409  361
0.593472  103
0.593552  314
0.59361  325
0.593631  353
0.593652  198
0.593658  14
0.593766  59
0.593782  155
0.593793  342
0.593835  74
0.593847  84
0.59391  18
0.593932  324
0.594011  5
0.594101  172
0.594109  346
0.594127  341
0.594164  204
0.594326  282
0.594432  135
0.594438  45
0.5945  340
0.594525  216
0.594537  280
0.594633  265
0.594708  9
0.594837  399
0.594879  293
0.595001  106
0.595028  394
0.595065  131
0.595154  235
0.595193  4
0.595271  20
0.595277  193
0.595333  141
0.595386  315
0.595418  147
0.595421  375
0.595558  187
0.59556  356
0.595577  190
0.595602  8
0.595641  350
0.595663  307
0.595676  392
0.595716  82
0.595717  219
0.595752  359
0.595761  360
0.59582  145
0.595838  331
0.595875  89
0.595899  177
0.595911  221
0.595912  326
0.595944  275
0.596022  153
0.596112  337
0.596142  291
0.596167  372
0.596177  160
0.596185  129
0.596187  39
0.596254  351
0.596326  220
0.59635  329
0.596359  10
0.596471  389
0.596544  332
0.596556  142
0.596618  242
0.596629  132
0.596629  33
0.596761  349
0.596833  354
0.596879  173
0.596886  114
0.597108  19
0.597392  246
0.597397  208
0.597402  363
0.597438  23
0.597448  214
0.597468  16
0.597508  126
0.597515  24
0.597533  380
0.597727  322
0.597753  111
0.597773  318
0.597835  343
0.597873  168
0.597906  278
0.59791  347
0.597943  369
0.598029  254
0.598143  32
0.598174  144
0.598259  71
0.598313  146
0.598358  205
0.598362  217
0.598388  133
0.598428  181
0.598447  309
0.598526  292
0.598574  390
0.598585  26
0.598594  34
0.598695  395
0.598709  170
0.598805  40
0.598867  321
0.598878  328
0.598933  80
0.599018  27
0.599229  25
0.59924  192
0.599495  339
0.599685  251
0.599704  365
0.599792  175
0.599871  316
0.600023  88
0.600044  159
0.600072  374
0.600099  268
0.600204  327
0.600251  140
0.600315  183
0.600363  317
0.600411  364
0.600467  43
0.600481  201
0.60081  174
0.600926  93
0.601074  128
0.601076  302
0.601159  17
0.601249  158
0.601318  57
0.601448  335
0.601529  264
0.601577  44
0.601776  320
0.601854  370
0.601866  15
0.601988  257
0.60203  358
0.602071  122
0.602195  65
0.602297  209
0.602328  97
0.602335  362
0.602412  330
0.602426  234
0.602609  157
0.60279  396
0.602855  333
0.603153  274
0.603165  98
0.603373  385
0.603474  47
0.603874  312
0.603878  266
0.604076  319
0.604267  51
0.604357  377
0.604376  398
0.604916  248
0.60544  56
0.605473  176
0.605564  55
0.605705  60
0.605879  308
0.606082  243
0.606494  78
0.606531  375
0.606689  348
0.60703  334
0.607222  86
0.607231  250
0.60731  66
0.60747  125
0.607534  271
0.607618  69
0.608136  285
0.608276  199
0.608365  329
0.608388  249
0.608509  378
0.608524  361
0.608537  121
0.608807  179
0.608809  356
0.608949  151
0.60902  195
0.609128  305
0.609419  310
0.609521  311
0.609624  304
0.609794  342
0.609921  341
0.609962  393
0.610365  232
0.610728  384
0.611041  373
0.612478  314
0.61292  313
0.614516  46
0.614727  306
0.615327  218
0.61616  273
0.61708  239
0.617358  303
0.618188  231
0.61875  346
0.619028  37
0.620273  368
0.621889  326
0.623048  382
0.624566  383
0.625656  149
0.625908  152
0.62628  381
0.627642  372
0.627662  215
0.627848  366
0.62848  371
0.628612  127
0.629032  340
0.629218  386
0.630062  353
0.630556  388
0.630683  315
0.63089  207
0.633415  328
0.636377  238
0.637224  169
0.637699  367
0.640153  399
0.641215  73
0.64159  241
0.641798  134
0.641942  324
0.641963  359
0.642375  13
0.642862  345
0.643074  237
0.643227  354
0.643263  191
0.643533  296
0.643931  162
0.645295  301
0.645328  387
0.645351  58
0.645359  298
0.645707  357
0.645793  300
0.645841  392
0.645871  337
0.645881  325
0.646203  323
0.646656  307
0.64711  206
0.647235  318
0.647443  102
0.647466  5
0.647771  143
0.647885  194
0.647961  182
0.647973  123
0.648005  355
0.64839  67
0.648487  138
0.648505  117
0.649092  14
0.649173  165
0.649623  50
0.64965  166
0.649766  287
0.649788  344
0.649858  136
0.649988  235
0.650034  139
0.650037  365
0.650104  130
0.650112  352
0.650608  336
0.650776  351
0.650862  29
0.650964  7
0.651069  394
0.651173  269
0.65168  255
0.651765  87
0.651927  396
0.65219  297
0.65221  92
0.652322  11
0.652336  64
0.652745  211
0.65282  79
0.652887  109
0.653123  379
0.653655  202
0.653792  389
0.653888  68
0.65408  364
0.654183  0
0.654429  289
0.65445  302
0.654479  167
0.654577  316
0.654622  397
0.654649  247
0.654781  263
0.654882  305
0.655091  72
0.655156  156
0.655195  369
0.655267  30
0.655316  100
0.655345  96
0.655407  349
0.655537  101
0.655569  309
0.655608  331
0.655626  137
0.655803  70
0.65582  376
0.655898  258
0.655965  339
0.655972  395
0.656096  343
0.656109  77
0.656164  374
0.656219  76
0.656316  360
0.656581  15
0.656659  74
0.656659  311
0.656722  203
0.656836  294
0.656928  3
0.65701  245
0.657043  378
0.657156  234
0.657187  228
0.657403  320
0.657776  317
0.657955  224
0.657977  279
0.658046  327
0.6581  346
0.65817  348
0.658281  176
0.658314  197
0.658628  380
0.65864  91
0.65885  342
0.658962  154
0.659049  361
0.659088  157
0.659146  350
0.65917  375
0.659244  110
0.659314  308
0.65937  31
0.659465  240
0.65979  391
0.659808  335
0.659827  219
0.659857  338
0.65999  252
0.660235  332
0.660269  313
0.660309  93
0.660383  291
0.6607  322
0.66072  390
0.660761  187
0.660768  99
0.660794  196
0.66104  142
0.661125  356
0.661161  47
0.66122  341
0.661303  28
0.66138  107
0.661535  105
0.661596  256
0.661688  290
0.661934  312
0.662296  95
0.662359  116
0.662639  377
0.662936  135
0.663405  118
0.663459  358
0.663608  293
0.663616  371
0.663975  368
0.664298  209
0.664522  315
0.664557  319
0.664602  321
0.664738  51
0.664943  385
0.665164  25
0.665182  347
0.665261  274
0.665631  71
0.665721  328
0.665781  393
0.666127  306
0.666304  124
0.666343  367
0.666445  330
0.666457  272
0.666473  204
0.666504  242
0.666609  115
0.66678  329
0.666998  384
0.667102  382
0.667155  304
0.667265  334
0.667593  49
0.667632  340
0.667801  288
0.667823  386
0.667898  303
0.668097  277
0.668215  22
0.669377  284
0.669495  128
0.669616  392
0.670394  366
0.670418  261
0.6714  363
0.671456  253
0.672432  185
0.67286  388
0.673356  333
0.673574  175
0.67382  324
0.673872  373
0.674072  163
0.674522  337
0.675379  172
0.675771  326
0.676305  399
0.676321  345
0.677234  398
0.677246  372
0.677424  19
0.678778  381
0.679469  75
0.679827  236
0.681951  63
0.682417  383
0.683009  160
0.684145  310
0.684646  362
0.685609  379
0.686345  213
0.686809  60
0.687247  145
0.688363  316
0.68882  243
0.689108  59
0.689403  344
0.68974  353
0.690315  181
0.690386  357
0.69056  387
0.69138  301
0.691461  352
0.69219  114
0.692232  365
0.693177  2
0.694341  265
0.694864  48
0.694974  370
0.695668  20
0.697124  53
0.697198  125
0.697324  35
0.697347  342
0.69753  351
0.697531  281
0.698323  108
0.698644  268
0.698974  354
0.700488  318
0.700863  141
0.701067  162
0.701696  307
0.701852  65
0.702331  6
0.702446  188
0.702733  127
0.702761  323
0.702915  295
0.703285  233
0.703328  222
0.703431  218
0.703548  325
0.703608  62
0.703691  360
0.7037  45
0.703718  150
0.703774  90
0.704128  21
0.704185  300
0.704186  178
0.704412  121
0.704803  267
0.704833  192
0.704976  16
0.705239  38
0.705466  133
0.705473  226
0.705495  389
0.705507  374
0.705537  278
0.705581  32
0.705746  246
0.705814  147
0.706075  129
0.706151  18
0.706382  58
0.706477  61
0.706569  186
0.706685  56
0.706754  239
0.706796  82
0.706849  170
0.706916  270
0.706927  285
0.706993  36
0.707008  104
0.707026  111
0.707033  183
0.707124  338
0.707221  335
0.707276  361
0.707284  74
0.707366  207
0.707374  286
0.707397  217
0.707477  314
0.70749  120
0.707503  359
0.707526  358
0.707545  262
0.707643  302
0.707697  346
0.707733  122
0.707735  54
0.707754  296
0.707784  80
0.707795  55
0.707805  311
0.707975  336
0.707987  156
0.708021  349
0.708063  308
0.708112  17
0.708118  201
0.708123  348
0.708142  52
0.708159  264
0.708225  140
0.708248  12
0.708282  180
0.708286  190
0.708385  395
0.708544  132
0.708591  10
0.708688  283
0.708782  347
0.708784  164
0.708911  327
0.708933  174
0.708966  343
0.708974  309
0.709029  368
0.709066  276
0.709122  390
0.70914  119
0.709214  205
0.709301  396
0.709327  284
0.709338  151
0.709341  397
0.709357  102
0.709408  355
0.709414  148
0.709574  225
0.709626  71
0.709672  393
0.709681  94
0.709701  313
0.709701  305
0.709706  385
0.709761  84
0.709771  377
0.709776  398
0.709844  394
0.709874  275
0.709971  367
0.709971  210
0.710012  249
0.710019  271
0.710103  134
0.710175  329
0.710234  372
0.710238  328
0.710254  85
0.710271  340
0.71029  244
0.710331  169
0.710344  363
0.710386  95
0.710394  376
0.710428  337
0.710482  106
0.710582  161
0.710604  315
0.71082  366
0.710919  229
0.710931  320
0.710973  321
0.710985  83
0.71106  279
0.711123  1
0.711269  373
0.711315  115
0.711444  371
0.711448  254
0.711456  378
0.711486  317
0.711677  72
0.711757  227
0.711811  375
0.711812  64
0.711827  195
0.711845  330
0.71186  312
0.712038  299
0.712053  81
0.712082  89
0.712182  350
0.712241  362
0.712288  319
0.71229  184
0.712343  381
0.712357  41
0.712393  331
0.712474  216
0.712555  152
0.71256  399
0.712613  356
0.712637  250
0.712654  189
0.712688  301
0.712688  341
0.712701  332
0.712745  289
0.712894  392
0.71297  57
0.712974  158
0.713024  369
0.713134  364
0.713232  303
0.713244  159
0.713356  215
0.713425  173
0.713479  282
0.713524  322
0.713527  391
0.713535  167
0.713658  139
0.713774  144
0.713968  383
0.713972  257
0.714032  324
0.714159  11
0.714165  98
0.714215  334
0.714366  351
0.714894  208
0.715084  206
0.715122  66
0.715148  238
0.715355  266
0.715428  357
0.71556  333
0.71561  109
0.715642  248
0.71565  307
0.715698  138
0.715716  380
0.715785  14
0.715804  388
0.715956  386
0.715987  382
0.716111  326
0.716175  316
0.716224  370
0.716477  33
0.716488  175
0.716594  42
0.716671  273
0.716857  126
0.716885  354
0.716975  292
0.717116  352
0.71735  339
0.717486  149
0.717768  251
0.717805  304
0.717835  245
0.71818  40
0.718408  131
0.718573  310
0.718597  51
0.718857  75
0.71886  136
0.719334  230
0.719337  86
0.719676  219
0.719829  107
0.71991  232
0.719947  287
0.720772  384
0.720868  306
0.720934  147
0.721283  353
0.721358  387
0.721607  153
0.722388  185
0.724618  145
0.725121  389
0.726185  209
0.726324  24
0.726766  344
0.727208  37
0.727261  22
0.727371  59
0.727437  379
0.72763  196
0.727721  345
0.728213  221
0.728496  313
0.731501  73
0.731524  91
0.731832  23
0.732383  68
0.734616  397
0.735073  297
0.737585  13
0.737927  155
0.73844  0
0.738542  202
0.739208  193
0.739277  120
0.739288  212
0.740833  92
0.741301  331
0.741456  311
0.741586  328
0.741774  198
0.742006  360
0.742138  348
0.742423  342
0.742597  314
0.742936  105
0.743153  302
0.743311  16
0.743388  197
0.743487  137
0.743639  281
0.743649  213
0.743711  203
0.743868  366
0.743958  190
0.743972  358
0.744046  315
0.744049  394
0.744135  162
0.744246  143
0.744443  103
0.744581  118
0.744721  398
0.744871  290
0.744964  231
0.745011  325
0.745068  31
0.745255  375
0.74549  192
0.745536  101
0.74556  363
0.745778  200
0.745783  374
0.745927  30
0.746138  111
0.746167  294
0.746187  8
0.746232  393
0.746262  69
0.74627  309
0.74637  60
0.746446  365
0.746458  323
0.746495  242
0.746501  305
0.746575  258
0.746801  97
0.746994  338
0.747128  308
0.74718  110
0.747351  93
0.74768  385
0.747753  368
0.747882  77
0.747882  182
0.748233  347
0.748308  112
0.748467  49
0.748489  71
0.748499  349
0.748543  300
0.748608  172
0.748713  335
0.748864  166
0.749032  179
0.749055  168
0.749267  79
0.749278  170
0.749323  7
0.749374  247
0.749515  171
0.749551  113
0.74976  346
0.749821  236
0.749903  355
0.749955  20
0.750047  321
0.750105  108
0.750237  183
0.750425  154
0.750442  87
0.750479  352
0.750483  359
0.750649  46
0.75078  318
0.750781  396
0.750902  127
0.75112  340
0.751129  199
0.751147  395
0.751151  124
0.751296  28
0.751475  387
0.751529  99
0.751982  361
0.75208  291
0.752091  271
0.7521  383
0.752161  337
0.752204  381
0.752262  191
0.752492  341
0.752508  240
0.752641  295
0.752815  353
0.752887  43
0.753033  369
0.753236  324
0.753239  293
0.753244  376
0.753397  254
0.75357  123
0.753574  367
0.753641  36
0.753793  301
0.753832  263
0.754007  379
0.754031  284
0.754065  390
0.754336  370
0.754378  322
0.754482  357
0.754578  362
0.754611  306
0.754739  377
0.754849  239
0.755262  256
0.755351  117
0.755447  386
0.755804  132
0.755818  235
0.756064  277
0.756534  319
0.756721  307
0.756765  384
0.757728  156
0.757745  122
0.757883  317
0.758037  176
0.75849  364
0.759148  329
0.759457  244
0.759665  336
0.760043  380
0.760105  260
0.760292  332
0.760548  34
0.760799  96
0.760808  228
0.760961  303
0.761012  372
0.761287  114
0.761513  312
0.762699  339
0.763185  327
0.763211  304
0.76361  107
0.764639  373
0.766095  76
0.766363  345
0.766564  125
0.767366  354
0.767972  371
0.768074  389
0.768261  391
0.770869  187
0.771977  104
0.772105  378
0.774851  45
0.77765  6
0.77908  310
0.779324  356
0.77983  38
0.780471  255
0.780837  285
0.780965  81
0.782323  217
0.783177  250
0.783179  350
0.784059  50
0.784125  351
0.784389  39
0.784402  333
0.784651  331
0.785228  44
0.785248  129
0.785557  35
0.786084  62
0.786287  119
0.786298  226
0.786416  330
0.786658  157
0.786666  90
0.786754  135
0.786777  224
0.786881  88
0.786933  194
0.786944  47
0.787077  253
0.787121  392
0.787166  222
0.787238  110
0.787299  314
0.787348  311
0.787895  10
0.788147  78
0.788218  214
0.788343  4
0.7884  305
0.788457  94
0.788475  323
0.7886  249
0.788637  326
0.788844  18
0.78888  313
0.78905  3
0.789093  55
0.789117  57
0.789238  274
0.789243  382
0.789244  344
0.789271  186
0.78938  216
0.789527  89
0.789528  283
0.78965  227
0.789705  75
0.789905  272
0.789926  342
0.790154  15
0.790201  298
0.790367  56
0.790411  106
0.79051  142
0.790596  355
0.790633  399
0.790655  325
0.790717  195
0.79079  343
0.790854  394
0.791058  95
0.791105  334
0.791117  169
0.791117  211
0.791196  320
0.791252  201
0.791316  315
0.791328  5
0.791422  360
0.791463  395
0.791503  160
0.791511  141
0.791692  335
0.791721  328
0.791821  349
0.791837  19
0.791895  140
0.7919  177
0.791911  374
0.791953  259
0.792063  61
0.792223  361
0.79223  27
0.792274  388
0.792432  383
0.79258  282
0.792981  393
0.793128  116
0.793163  268
0.79317  390
0.793275  363
0.793392  58
0.793553  121
0.793573  234
0.793674  174
0.793741  83
0.793781  196
0.793841  218
0.79388  146
0.793939  147
0.793967  101
0.79401  185
0.794052  306
0.794071  37
0.79419  265
0.794318  33
0.794351  145
0.794362  358
0.794417  180
0.794487  41
0.794518  366
0.794545  381
0.794692  208
0.794721  133
0.794783  367
0.794835  380
0.794843  368
0.794862  236
0.795063  178
0.79507  59
0.7951  246
0.795132  398
0.795139  204
0.795165  348
0.79521  302
0.795305  397
0.795327  8
0.795359  370
0.795399  241
0.79548  377
0.795488  212
0.795494  359
0.795518  52
0.795617  379
0.79564  181
0.79574  149
0.795743  371
0.795766  362
0.795826  252
0.795829  279
0.795855  48
0.795912  296
0.795917  300
0.796008  53
0.796047  340
0.796084  28
0.796208  308
0.796258  150
0.796271  307
0.796282  245
0.796315  301
0.796342  100
0.796434  54
0.796722  365
0.796741  309
0.796812  66
0.796877  188
0.796971  67
0.797049  17
0.797061  51
0.797079  25
0.797218  144
0.797371  369
0.797393  346
0.797462  327
0.797469  138
0.797495  277
0.797646  264
0.797758  387
0.797769  163
0.797774  347
0.797851  375
0.797864  317
0.797927  318
0.797944  239
0.797954  299
0.798016  228
0.798082  322
0.798088  189
0.798112  341
0.798131  319
0.798238  273
0.798277  21
0.798323  70
0.798339  152
0.79835  386
0.798361  26
0.798414  352
0.798446  376
0.798605  126
0.798687  270
0.7987  243
0.798731  85
0.798733  269
0.798733  294
0.798798  321
0.798907  354
0.798943  310
0.799229  122
0.799294  304
0.799362  276
0.799371  337
0.799423  292
0.799536  103
0.799615  353
0.800113  184
0.800157  324
0.800172  345
0.800365  233
0.800377  24
0.800514  220
0.800576  29
0.800611  288
0.800745  329
0.800775  364
0.800796  115
0.8008  316
0.801054  72
0.801078  43
0.801244  240
0.801392  271
0.801658  356
0.801679  131
0.801684  378
0.801874  199
0.801983  332
0.802104  331
0.802154  165
0.802198  2
0.802261  68
0.802362  313
0.802388  350
0.802581  266
0.802805  285
0.802925  172
0.803011  357
0.803076  84
0.803116  303
0.803178  389
0.803377  136
0.803803  372
0.80398  391
0.803999  396
0.804153  384
0.804444  339
0.804611  237
0.80472  256
0.805595  336
0.805747  338
0.80577  74
0.806157  63
0.806243  205
0.806328  385
0.806779  120
0.806918  312
0.807055  102
0.80714  225
0.809276  176
0.809431  81
0.810377  97
0.812193  80
0.813091  164
0.813175  289
0.813243  187
0.815525  134
0.815672  397
0.816495  156
0.817043  203
0.817054  221
0.817693  325
0.817793  9
0.817984  392
0.818311  390
0.818613  215
0.821049  130
0.82149  82
0.82273  399
0.822782  314
0.822798  170
0.823007  148
0.823182  56
0.823275  251
0.823501  65
0.823514  320
0.823815  143
0.823898  315
0.824456  328
0.824558  198
0.824711  250
0.824851  363
0.824854  124
0.825433  286
0.826022  1
0.826077  309
0.826171  305
0.826338  255
0.826798  342
0.827668  351
0.827779  60
0.828342  308
0.828344  46
0.828774  11
0.828791  248
0.829027  335
0.829083  30
0.829163  76
0.829244  382
0.829362  373
0.829729  238
0.829808  64
0.829896  398
0.830517  369
0.830524  125
0.830547  330
0.830896  62
0.83109  361
0.831306  395
0.831413  213
0.831496  229
0.831949  374
0.832477  86
0.832603  117
0.832834  347
0.833768  389
0.834135  355
0.834241  311
0.834313  258
0.834414  254
0.834776  278
0.834803  393
0.835036  368
0.835143  93
0.835176  370
0.835477  326
0.835536  383
0.835679  302
0.835691  92
0.83687  55
0.837669  275
0.837705  209
0.837793  69
0.837842  112
0.838103  358
0.838325  94
0.838985  385
0.839152  111
0.839162  394
0.839194  323
0.839302  200
0.839689  306
0.839871  360
0.839949  366
0.840319  337
0.840362  388
0.840571  341
0.840775  321
0.841402  381
0.841496  140
0.841879  118
0.84194  352
0.84199  344
0.842671  139
0.842672  127
0.842784  356
0.842977  327
0.843019  182
0.8431  333
0.843407  263
0.843738  78
0.843847  349
0.844243  376
0.844488  371
0.844767  293
0.844854  174
0.845112  57
0.846275  384
0.846478  104
0.846806  49
0.847041  338
0.84709  155
0.847269  316
0.847309  343
0.847574  301
0.848869  331
0.849088  387
0.849269  350
0.84941  50
0.849572  334
0.849592  262
0.84963  372
0.850235  16
0.850473  348
0.850521  52
0.85071  318
0.8508  362
0.851514  322
0.851957  340
0.853529  377
0.854341  151
0.854789  396
0.855563  99
0.855766  329
0.856008  287
0.856296  109
0.856398  379
0.857238  353
0.85736  107
0.858168  354
0.858406  89
0.858682  324
0.858691  310
0.858938  23
0.859555  28
0.859917  386
0.861154  291
0.861292  345
0.861559  110
0.861993  226
0.862471  300
0.862615  108
0.862627  212
0.863121  359
0.864099  0
0.864418  304
0.864868  179
0.864969  309
0.865309  303
0.865681  137
0.865761  18
0.866049  22
0.866204  159
0.866335  367
0.867206  128
0.867259  391
0.867544  162
0.867696  247
0.867766  365
0.867895  40
0.868074  281
0.868152  129
0.868294  266
0.868748  230
0.869127  380
0.869178  319
0.869178  297
0.86939  357
0.869508  392
0.86966  101
0.86987  317
0.870266  375
0.870292  264
0.870592  146
0.870822  59
0.871032  204
0.871085  54
0.871199  96
0.871445  346
0.87156  280
0.871572  14
0.871662  364
0.872141  105
0.87238  201
0.872649  15
0.872753  17
0.872999  235
0.873023  84
0.873304  320
0.873454  197
0.873754  42
0.87377  31
0.873863  142
0.874045  12
0.87405  284
0.874131  32
0.874176  242
0.874226  237
0.874286  79
0.874359  325
0.874461  161
0.874725  307
0.87498  234
0.875053  240
0.875381  389
0.875385  339
0.875443  208
0.875463  259
0.875669  332
0.875817  246
0.875839  312
0.875988  378
0.876223  34
0.876414  141
0.876415  296
0.87659  218
0.876824  336
0.876841  397
0.876872  269
0.87694  35
0.877027  77
0.877182  335
0.877183  374
0.877265  115
0.877378  158
0.877467  37
0.877833  131
0.877966  150
0.877992  315
0.878046  311
0.878135  393
0.878169  370
0.878247  25
0.878341  330
0.878505  313
0.878538  351
0.878629  390
0.878703  186
0.878794  2
0.878798  192
0.87883  256
0.878934  399
0.879054  133
0.879058  328
0.879078  398
0.879308  338
0.879385  294
0.879393  358
0.879438  214
0.879735  98
0.879764  251
0.879901  149
0.879991  19
0.88003  21
0.880146  194
0.880346  295
0.880767  135
0.880791  136
0.880856  195
0.880894  116
0.881161  299
0.881266  288
0.881539  355
0.881808  239
0.881898  232
0.882043  331
0.882134  342
0.882136  268
0.882206  363
0.882266  382
0.882365  144
0.8825  344
0.882523  171
0.882661  385
0.882686  172
0.882725  305
0.882753  362
0.882773  283
0.88288  85
0.882913  373
0.883004  24
0.883225  217
0.883241  165
0.883256  231
0.883303  138
0.883445  70
0.883523  29
0.883569  90
0.883575  369
0.883591  220
0.883619  249
0.8838  236
0.883815  183
0.883898  279
0.884082  180
0.884151  327
0.884165  316
0.884306  5
0.884344  394
0.884359  13
0.884361  371
0.884383  318
0.884476  175
0.884585  350
0.884599  97
0.884671  51
0.884758  245
0.884801  326
0.884858  376
0.884891  361
0.884923  100
0.884931  333
0.884998  372
0.885015  207
0.885134  222
0.885141  193
0.885355  81
0.885363  308
0.88548  224
0.885542  302
0.885569  354
0.885703  45
0.885755  122
0.885833  260
0.885996  379
0.885997  323
0.886001  356
0.88604  261
0.886066  324
0.886112  153
0.886126  321
0.886227  387
0.886233  243
0.886405  210
0.886408  329
0.886659  126
0.886678  395
0.886805  360
0.886939  80
0.887044  177
0.887053  124
0.887124  337
0.887133  314
0.887236  202
0.887339  109
0.887339  290
0.887344  152
0.887387  334
0.887489  298
0.887506  111
0.887534  343
0.887557  301
0.887621  388
0.887701  69
0.887752  347
0.887867  348
0.887884  366
0.887994  178
0.888047  160
0.888136  248
0.888163  151
0.888192  257
0.888218  306
0.888235  227
0.88852  340
0.88874  304
0.888744  89
0.888783  46
0.888987  352
0.888989  219
0.889208  226
0.88924  359
0.889286  225
0.889678  300
0.889685  377
0.889786  173
0.889943  341
0.889956  187
0.890004  169
0.890089  8
0.890319  383
0.890333  392
0.890337  322
0.890374  384
0.890381  396
0.891283  181
0.89154  106
0.892707  391
0.892896  353
0.89296  206
0.893165  190
0.89325  94
0.893278  255
0.893334  22
0.893916  386
0.894273  67
0.894435  349
0.894627  40
0.894821  368
0.896302  95
0.896879  357
0.89811  339
0.898853  43
0.899708  143
0.899719  23
0.900086  307
0.900432  320
0.900548  367
0.901247  389
0.902643  335
0.903262  319
0.903453  380
0.908048  310
0.908148  41
0.908632  317
0.910124  233
0.910625  154
0.910758  309
0.91134  159
0.912522  26
0.913194  132
0.913552  63
0.914191  345
0.914323  208
0.915157  244
0.915373  10
0.915502  112
0.915753  286
0.915901  96
0.915933  365
0.916693  164
0.917292  397
0.91765  272
0.918519  216
0.919832  358
0.920065  273
0.92007  156
0.920195  311
0.920576  333
0.920752  364
0.920804  303
0.921141  99
0.921428  312
0.921687  325
0.921757  103
0.921946  57
0.922076  20
0.922255  276
0.922786  6
0.923036  355
0.923118  271
0.923497  375
0.923707  62
0.923724  189
0.923757  399
0.924331  381
0.924576  328
0.924627  393
0.924684  83
0.924989  203
0.925025  327
0.925659  3
0.9259  378
0.926027  102
0.926077  229
0.926221  179
0.926303  86
0.926344  238
0.926493  200
0.926709  74
0.926733  198
0.926786  1
0.927054  167
0.927215  308
0.927265  382
0.92752  114
0.927647  91
0.927711  372
0.927984  387
0.928171  19
0.928245  55
0.928407  127
0.928531  376
0.92859  274
0.928971  223
0.929212  259
0.929286  16
0.929697  390
0.929724  150
0.929874  277
0.929885  338
0.929994  119
0.930207  252
0.930211  285
0.930301  253
0.930365  147
0.930431  49
0.930562  110
0.930604  30
0.930662  398
0.930688  87
0.930733  48
0.930751  321
0.930788  175
0.93081  282
0.930818  130
0.93092  316
0.931095  140
0.931105  370
0.931142  359
0.931229  123
0.931446  374
0.93149  65
0.931602  157
0.931642  33
0.93174  314
0.93179  188
0.931855  350
0.932053  138
0.932085  323
0.932126  9
0.932184  392
0.932219  32
0.932304  289
0.932339  185
0.932367  137
0.932375  39
0.932425  346
0.93244  168
0.932508  360
0.932587  105
0.932667  267
0.932672  368
0.932687  85
0.932753  344
0.932762  237
0.93284  176
0.932931  93
0.932981  14
0.933063  315
0.933151  58
0.933196  351
0.933238  115
0.933347  53
0.933408  367
0.933511  332
0.933515  354
0.93368  386
0.933745  313
0.933865  352
0.933873  353
0.933946  302
0.933972  66
0.933973  125
0.933988  199
0.933995  383
0.934071  180
0.934181  329
0.934291  320
0.934328  395
0.934332  331
0.934415  260
0.934415  379
0.934477  228
0.934492  268
0.93462  70
0.934645  335
0.934781  347
0.934865  184
0.934904  215
0.934949  68
0.93496  142
0.935026  270
0.93505  28
0.935196  334
0.935211  297
0.935227  363
0.935247  306
0.935311  342
0.935378  212
0.935414  343
0.935495  101
0.935541  163
0.935562  310
0.935623  73
0.935678  307
0.935789  384
0.935856  265
0.9359  336
0.935922  349
0.935988  51
0.936008  4
0.936059  61
0.936075  174
0.936116  250
0.936138  81
0.936144  134
0.936185  348
0.936276  241
0.936324  47
0.936409  356
0.936473  305
0.936533  394
0.936648  72
0.936724  71
0.936831  369
0.936863  362
0.936976  330
0.937115  192
0.937275  357
0.937341  296
0.937443  373
0.93745  299
0.937454  129
0.93755  0
0.937584  31
0.937764  205
0.937815  235
0.937916  361
0.937918  17
0.938025  42
0.938083  139
0.93811  300
0.938119  385
0.938236  364
0.93858  136
0.938646  254
0.93884  337
0.939123  371
0.939128  396
0.939386  7
0.939442  46
0.939456  113
0.939617  281
0.939651  158
0.939779  196
0.939817  213
0.939875  366
0.939983  340
0.94002  64
0.940157  240
0.940194  341
0.940415  389
0.940498  22
0.940601  169
0.940628  309
0.940698  301
0.9407  391
0.94076  116
0.940887  177
0.940994  311
0.941075  318
0.941138  256
0.941369  181
0.941566  44
0.941854  339
0.942146  377
0.942771  380
0.942914  319
0.943073  217
0.943259  104
0.944941  80
0.945514  345
0.946333  124
0.946424  264
0.946533  303
0.946747  29
0.946914  304
0.946993  183
0.947245  35
0.947579  231
0.947583  326
0.947709  143
0.947721  239
0.947928  312
0.948666  387
0.948965  121
0.949056  171
0.949509  112
0.950785  60
0.951923  397
0.952083  399
0.952118  126
0.952163  293
0.952202  322
0.952656  324
0.953593  388
0.953626  365
0.953932  173
0.954228  152
0.954616  77
0.955263  275
0.956396  251
0.956953  209
0.957517  313
0.958634  291
0.958642  358
0.958913  160
0.959046  378
0.959079  20
0.959179  36
0.960037  279
0.961094  375
0.961197  336
0.961762  381
0.961767  278
0.961856  287
0.962034  325
0.962439  214
0.962513  193
0.963029  328
0.963213  202
0.964207  88
0.965098  308
0.965457  34
0.966042  170
0.966048  317
0.966081  374
0.966096  300
0.966224  189
0.966247  227
0.966386  43
0.967666  78
0.968323  376
0.968766  144
0.968936  117
0.969095  350
0.969188  186
0.96927  266
0.969609  74
0.969745  94
0.970056  37
0.970068  45
0.970328  24
0.970372  372
0.970373  69
0.970414  226
0.970702  161
0.971021  302
0.971151  257
0.97126  320
0.971647  18
0.971806  155
0.971908  338
0.971932  38
0.972013  360
0.972196  335
0.972201  333
0.972296  392
0.972354  386
0.972556  118
0.97261  359
0.972846  329
0.972878  393
0.972976  56
0.972992  258
0.973129  346
0.973314  347
0.97332  210
0.973645  128
0.973691  321
0.973745  162
0.973804  367
0.973983  100
0.974183  96
0.975119  92
0.975558  255
0.975714  315
0.975784  382
0.976492  344
0.976498  327
0.976656  314
0.976686  368
0.976806  323
0.976818  224
0.976906  191
0.976909  379
0.977232  145
0.977483  289
0.977708  301
0.977934  383
0.978242  50
0.978256  83
0.978265  131
0.978478  370
0.979194  341
0.979718  343
0.979887  331
0.980005  288
0.980617  221
0.980801  316
0.980818  337
0.980947  362
0.98112  57
0.981137  21
0.981428  175
0.981956  233
0.981964  385
0.982296  306
0.982677  303
0.982693  305
0.982757  141
0.983156  234
0.983514  349
0.98456  179
0.985141  366
0.985304  248
0.985547  222
0.986083  84
0.986193  357
0.98706  207
0.987767  395
0.988011  59
0.988179  99
0.988419  146
0.988799  398
0.989108  390
0.989273  310
0.989655  52
0.989974  396
0.990189  361
0.990682  332
0.991761  345
0.991991  130
0.992098  261
0.992343  371
0.992356  330
0.99265  369
0.992753  353
0.993189  105
0.993333  218
0.994266  334
0.995024  363
0.995322  351
0.996394  340
0.997519  203
0.998097  95
0.999365  154
0.999406  150
0.999407  387
