0.000000000000000000e+00 0.000000000000000000e+00 0.000000000000000000e+00 0.000000000000000000e+00 0.000000000000000000e+00 0.000000000000000000e+00 3.129519999999999857e+00 4.466339999999999755e+00 -1.851010000000000044e+00 -1.527789999999999981e+00
0.000000000000000000e+00 0.000000000000000000e+00 0.000000000000000000e+00 0.000000000000000000e+00 0.000000000000000000e+00 0.000000000000000000e+00 3.615619999999999834e+00 2.663139999999999841e+00 -2.804689999999999905e+00 -3.881860000000000088e+00
0.000000000000000000e+00 0.000000000000000000e+00 0.000000000000000000e+00 0.000000000000000000e+00 0.000000000000000000e+00 0.000000000000000000e+00 5.000379999999999825e+00 3.591149999999999842e+00 -1.223079999999999945e+00 -3.538590000000000124e+00
0.000000000000000000e+00 0.000000000000000000e+00 0.000000000000000000e+00 0.000000000000000000e+00 0.000000000000000000e+00 0.000000000000000000e+00 5.974140000000000228e+00 3.584130000000000038e+00 -2.913180000000000103e+00 -1.815679999999999961e+00
0.000000000000000000e+00 0.000000000000000000e+00 0.000000000000000000e+00 0.000000000000000000e+00 0.000000000000000000e+00 0.000000000000000000e+00 5.207040000000000113e+00 4.600859999999999950e+00 -3.246100000000000207e+00 -4.966009999999999813e+00
0.000000000000000000e+00 0.000000000000000000e+00 0.000000000000000000e+00 0.000000000000000000e+00 0.000000000000000000e+00 0.000000000000000000e+00 4.556280000000000108e+00 5.224579999999999558e+00 -4.757799999999999585e+00 -1.574249999999999927e+00
0.000000000000000000e+00 0.000000000000000000e+00 0.000000000000000000e+00 0.000000000000000000e+00 0.000000000000000000e+00 0.000000000000000000e+00 3.962330000000000130e+00 4.431329999999999991e+00 -2.820809999999999818e+00 -3.259399999999999853e+00
0.000000000000000000e+00 0.000000000000000000e+00 0.000000000000000000e+00 0.000000000000000000e+00 0.000000000000000000e+00 0.000000000000000000e+00 4.270900000000000141e+00 4.262640000000000207e+00 -4.085740000000000371e+00 -2.479760000000000186e+00
0.000000000000000000e+00 0.000000000000000000e+00 0.000000000000000000e+00 0.000000000000000000e+00 0.000000000000000000e+00 0.000000000000000000e+00 4.120759999999999756e+00 3.416720000000000201e+00 -2.212349999999999817e+00 -4.273920000000000385e+00
0.000000000000000000e+00 0.000000000000000000e+00 0.000000000000000000e+00 0.000000000000000000e+00 0.000000000000000000e+00 0.000000000000000000e+00 4.616590000000000416e+00 2.361110000000000042e+00 -4.234670000000000378e+00 -4.909620000000000317e+00
0.000000000000000000e+00 0.000000000000000000e+00 0.000000000000000000e+00 0.000000000000000000e+00 0.000000000000000000e+00 0.000000000000000000e+00 2.708509999999999973e+00 5.878499999999999837e+00 -4.228460000000000107e+00 -4.462150000000000283e+00
0.000000000000000000e+00 0.000000000000000000e+00 0.000000000000000000e+00 0.000000000000000000e+00 0.000000000000000000e+00 0.000000000000000000e+00 3.765289999999999804e+00 4.824169999999999625e+00 -2.824530000000000207e+00 -3.991350000000000176e+00
0.000000000000000000e+00 0.000000000000000000e+00 0.000000000000000000e+00 0.000000000000000000e+00 0.000000000000000000e+00 0.000000000000000000e+00 5.045370000000000132e+00 4.367980000000000196e+00 -4.170989999999999753e+00 -2.266220000000000123e+00
0.000000000000000000e+00 0.000000000000000000e+00 0.000000000000000000e+00 0.000000000000000000e+00 0.000000000000000000e+00 0.000000000000000000e+00 2.453489999999999949e+00 5.991189999999999571e+00 -1.347990000000000022e+00 -2.079079999999999817e+00
0.000000000000000000e+00 0.000000000000000000e+00 0.000000000000000000e+00 0.000000000000000000e+00 0.000000000000000000e+00 0.000000000000000000e+00 2.185410000000000075e+00 3.273880000000000123e+00 -3.610759999999999970e+00 -3.118399999999999839e+00
0.000000000000000000e+00 0.000000000000000000e+00 0.000000000000000000e+00 0.000000000000000000e+00 0.000000000000000000e+00 0.000000000000000000e+00 4.864049999999999763e+00 2.901749999999999829e+00 -4.927529999999999966e+00 -1.756839999999999957e+00
0.000000000000000000e+00 0.000000000000000000e+00 0.000000000000000000e+00 0.000000000000000000e+00 0.000000000000000000e+00 0.000000000000000000e+00 3.098339999999999872e+00 2.323710000000000164e+00 -4.084859999999999935e+00 -1.509789999999999965e+00
0.000000000000000000e+00 0.000000000000000000e+00 0.000000000000000000e+00 0.000000000000000000e+00 0.000000000000000000e+00 0.000000000000000000e+00 3.209979999999999833e+00 4.627699999999999925e+00 -2.048900000000000166e+00 -4.563909999999999911e+00
0.000000000000000000e+00 0.000000000000000000e+00 0.000000000000000000e+00 0.000000000000000000e+00 0.000000000000000000e+00 0.000000000000000000e+00 2.739650000000000141e+00 3.706630000000000091e+00 -3.530120000000000147e+00 -2.732169999999999987e+00
0.000000000000000000e+00 0.000000000000000000e+00 0.000000000000000000e+00 0.000000000000000000e+00 0.000000000000000000e+00 0.000000000000000000e+00 5.783350000000000435e+00 5.974759999999999849e+00 -4.849440000000000417e+00 -1.814459999999999962e+00
0.000000000000000000e+00 0.000000000000000000e+00 0.000000000000000000e+00 0.000000000000000000e+00 0.000000000000000000e+00 0.000000000000000000e+00 4.658830000000000027e+00 3.515760000000000218e+00 -1.848230000000000040e+00 -3.074009999999999909e+00
0.000000000000000000e+00 0.000000000000000000e+00 0.000000000000000000e+00 0.000000000000000000e+00 0.000000000000000000e+00 0.000000000000000000e+00 2.315329999999999888e+00 2.659380000000000077e+00 -4.397850000000000037e+00 -2.872939999999999827e+00
0.000000000000000000e+00 0.000000000000000000e+00 0.000000000000000000e+00 0.000000000000000000e+00 0.000000000000000000e+00 0.000000000000000000e+00 4.059700000000000308e+00 4.419940000000000424e+00 -1.439889999999999892e+00 -4.393620000000000303e+00
0.000000000000000000e+00 0.000000000000000000e+00 0.000000000000000000e+00 0.000000000000000000e+00 0.000000000000000000e+00 0.000000000000000000e+00 4.775780000000000136e+00 4.047959999999999781e+00 -2.485310000000000130e+00 -1.459170000000000078e+00
0.000000000000000000e+00 0.000000000000000000e+00 0.000000000000000000e+00 0.000000000000000000e+00 0.000000000000000000e+00 0.000000000000000000e+00 5.821530000000000094e+00 5.106569999999999609e+00 -1.884589999999999987e+00 -2.185789999999999900e+00
0.000000000000000000e+00 0.000000000000000000e+00 0.000000000000000000e+00 0.000000000000000000e+00 0.000000000000000000e+00 0.000000000000000000e+00 3.544049999999999923e+00 2.861359999999999904e+00 -2.608699999999999797e+00 -1.504310000000000036e+00
0.000000000000000000e+00 0.000000000000000000e+00 0.000000000000000000e+00 0.000000000000000000e+00 0.000000000000000000e+00 0.000000000000000000e+00 4.136400000000000077e+00 3.891000000000000014e+00 -3.274970000000000159e+00 -2.880990000000000162e+00
0.000000000000000000e+00 0.000000000000000000e+00 0.000000000000000000e+00 0.000000000000000000e+00 0.000000000000000000e+00 0.000000000000000000e+00 5.755040000000000155e+00 2.405409999999999826e+00 -1.323520000000000030e+00 -1.520389999999999908e+00
0.000000000000000000e+00 0.000000000000000000e+00 0.000000000000000000e+00 0.000000000000000000e+00 0.000000000000000000e+00 0.000000000000000000e+00 5.968169999999999753e+00 5.752360000000000362e+00 -4.146219999999999573e+00 -2.694519999999999804e+00
0.000000000000000000e+00 0.000000000000000000e+00 0.000000000000000000e+00 0.000000000000000000e+00 0.000000000000000000e+00 0.000000000000000000e+00 4.200680000000000192e+00 2.163969999999999949e+00 -4.559319999999999595e+00 -1.207699999999999996e+00
0.000000000000000000e+00 0.000000000000000000e+00 0.000000000000000000e+00 0.000000000000000000e+00 0.000000000000000000e+00 0.000000000000000000e+00 2.186599999999999877e+00 4.844599999999999795e+00 -2.814239999999999853e+00 -1.758240000000000025e+00
0.000000000000000000e+00 0.000000000000000000e+00 0.000000000000000000e+00 0.000000000000000000e+00 0.000000000000000000e+00 0.000000000000000000e+00 5.477809999999999846e+00 5.329509999999999970e+00 -1.818009999999999904e+00 -3.450009999999999799e+00
0.000000000000000000e+00 0.000000000000000000e+00 0.000000000000000000e+00 0.000000000000000000e+00 0.000000000000000000e+00 0.000000000000000000e+00 5.208849999999999980e+00 3.561249999999999805e+00 -2.264180000000000081e+00 -4.552830000000000155e+00
0.000000000000000000e+00 0.000000000000000000e+00 0.000000000000000000e+00 0.000000000000000000e+00 0.000000000000000000e+00 0.000000000000000000e+00 2.244949999999999779e+00 2.707390000000000185e+00 -3.282329999999999970e+00 -3.434270000000000156e+00
0.000000000000000000e+00 0.000000000000000000e+00 0.000000000000000000e+00 0.000000000000000000e+00 0.000000000000000000e+00 0.000000000000000000e+00 5.405579999999999607e+00 2.048350000000000115e+00 -1.778960000000000097e+00 -4.374460000000000015e+00
0.000000000000000000e+00 0.000000000000000000e+00 0.000000000000000000e+00 0.000000000000000000e+00 0.000000000000000000e+00 0.000000000000000000e+00 4.673980000000000246e+00 3.649220000000000130e+00 -4.583269999999999733e+00 -3.956329999999999902e+00
0.000000000000000000e+00 0.000000000000000000e+00 0.000000000000000000e+00 0.000000000000000000e+00 0.000000000000000000e+00 0.000000000000000000e+00 3.912220000000000031e+00 2.923049999999999926e+00 -2.850989999999999913e+00 -4.167080000000000339e+00
0.000000000000000000e+00 0.000000000000000000e+00 0.000000000000000000e+00 0.000000000000000000e+00 0.000000000000000000e+00 0.000000000000000000e+00 5.089360000000000106e+00 4.373660000000000103e+00 -1.906749999999999945e+00 -4.097170000000000201e+00
0.000000000000000000e+00 0.000000000000000000e+00 0.000000000000000000e+00 0.000000000000000000e+00 0.000000000000000000e+00 0.000000000000000000e+00 5.643889999999999851e+00 2.910629999999999828e+00 -1.213740000000000041e+00 -3.306299999999999795e+00
0.000000000000000000e+00 0.000000000000000000e+00 0.000000000000000000e+00 0.000000000000000000e+00 0.000000000000000000e+00 0.000000000000000000e+00 5.696579999999999977e+00 4.936790000000000234e+00 -2.207520000000000149e+00 -2.092719999999999914e+00
0.000000000000000000e+00 0.000000000000000000e+00 0.000000000000000000e+00 0.000000000000000000e+00 0.000000000000000000e+00 0.000000000000000000e+00 3.044900000000000162e+00 3.619429999999999925e+00 -2.289719999999999978e+00 -4.366430000000000256e+00
0.000000000000000000e+00 0.000000000000000000e+00 0.000000000000000000e+00 0.000000000000000000e+00 0.000000000000000000e+00 0.000000000000000000e+00 4.479659999999999975e+00 2.136969999999999814e+00 -1.582789999999999919e+00 -2.088729999999999976e+00
0.000000000000000000e+00 0.000000000000000000e+00 0.000000000000000000e+00 0.000000000000000000e+00 0.000000000000000000e+00 0.000000000000000000e+00 2.259580000000000144e+00 3.092670000000000030e+00 -1.128740000000000077e+00 -1.907399999999999984e+00
0.000000000000000000e+00 0.000000000000000000e+00 0.000000000000000000e+00 0.000000000000000000e+00 0.000000000000000000e+00 0.000000000000000000e+00 3.843970000000000109e+00 5.802459999999999951e+00 -1.652300000000000102e+00 -4.780509999999999593e+00
0.000000000000000000e+00 0.000000000000000000e+00 0.000000000000000000e+00 0.000000000000000000e+00 0.000000000000000000e+00 0.000000000000000000e+00 5.772429999999999950e+00 2.414019999999999833e+00 -3.907369999999999788e+00 -4.577939999999999898e+00
0.000000000000000000e+00 0.000000000000000000e+00 0.000000000000000000e+00 0.000000000000000000e+00 0.000000000000000000e+00 0.000000000000000000e+00 5.789900000000000269e+00 5.101300000000000168e+00 -4.216389999999999638e+00 -3.933759999999999923e+00
0.000000000000000000e+00 0.000000000000000000e+00 0.000000000000000000e+00 0.000000000000000000e+00 0.000000000000000000e+00 0.000000000000000000e+00 5.504859999999999864e+00 5.305830000000000268e+00 -2.535200000000000120e+00 -4.630300000000000082e+00
0.000000000000000000e+00 0.000000000000000000e+00 0.000000000000000000e+00 0.000000000000000000e+00 0.000000000000000000e+00 0.000000000000000000e+00 5.301899999999999835e+00 2.789130000000000109e+00 -3.916700000000000070e+00 -2.739650000000000141e+00
0.000000000000000000e+00 0.000000000000000000e+00 0.000000000000000000e+00 0.000000000000000000e+00 0.000000000000000000e+00 0.000000000000000000e+00 3.373759999999999870e+00 4.264960000000000306e+00 -1.822759999999999936e+00 -1.612400000000000055e+00
0.000000000000000000e+00 0.000000000000000000e+00 0.000000000000000000e+00 0.000000000000000000e+00 0.000000000000000000e+00 0.000000000000000000e+00 3.746239999999999792e+00 5.964290000000000092e+00 -3.708520000000000039e+00 -3.139819999999999833e+00
0.000000000000000000e+00 0.000000000000000000e+00 0.000000000000000000e+00 0.000000000000000000e+00 0.000000000000000000e+00 0.000000000000000000e+00 4.499509999999999899e+00 3.076960000000000139e+00 -2.114059999999999828e+00 -1.896130000000000093e+00
0.000000000000000000e+00 0.000000000000000000e+00 0.000000000000000000e+00 0.000000000000000000e+00 0.000000000000000000e+00 0.000000000000000000e+00 5.381310000000000038e+00 3.860419999999999963e+00 -2.383329999999999949e+00 -2.292580000000000062e+00
0.000000000000000000e+00 0.000000000000000000e+00 0.000000000000000000e+00 0.000000000000000000e+00 0.000000000000000000e+00 0.000000000000000000e+00 4.036520000000000330e+00 2.049249999999999794e+00 -2.912879999999999914e+00 -4.714819999999999567e+00
0.000000000000000000e+00 0.000000000000000000e+00 0.000000000000000000e+00 0.000000000000000000e+00 0.000000000000000000e+00 0.000000000000000000e+00 5.181790000000000340e+00 4.083039999999999559e+00 -1.003880000000000106e+00 -1.258879999999999999e+00
0.000000000000000000e+00 0.000000000000000000e+00 0.000000000000000000e+00 0.000000000000000000e+00 0.000000000000000000e+00 0.000000000000000000e+00 5.370359999999999800e+00 2.398579999999999934e+00 -3.900479999999999947e+00 -2.774700000000000166e+00
0.000000000000000000e+00 0.000000000000000000e+00 0.000000000000000000e+00 0.000000000000000000e+00 0.000000000000000000e+00 0.000000000000000000e+00 3.174929999999999808e+00 2.537959999999999994e+00 -1.666150000000000020e+00 -3.562359999999999971e+00
0.000000000000000000e+00 0.000000000000000000e+00 0.000000000000000000e+00 0.000000000000000000e+00 0.000000000000000000e+00 0.000000000000000000e+00 4.605260000000000353e+00 3.758859999999999868e+00 -3.502439999999999998e+00 -2.712720000000000020e+00
0.000000000000000000e+00 0.000000000000000000e+00 0.000000000000000000e+00 0.000000000000000000e+00 0.000000000000000000e+00 0.000000000000000000e+00 3.297039999999999971e+00 3.619610000000000216e+00 -2.811630000000000074e+00 -4.025459999999999816e+00
0.000000000000000000e+00 0.000000000000000000e+00 0.000000000000000000e+00 0.000000000000000000e+00 0.000000000000000000e+00 0.000000000000000000e+00 2.123959999999999848e+00 2.681259999999999977e+00 -4.672489999999999810e+00 -2.530530000000000168e+00
0.000000000000000000e+00 0.000000000000000000e+00 0.000000000000000000e+00 0.000000000000000000e+00 0.000000000000000000e+00 0.000000000000000000e+00 5.956459999999999866e+00 2.654290000000000038e+00 -1.290990000000000082e+00 -2.752520000000000078e+00
0.000000000000000000e+00 0.000000000000000000e+00 0.000000000000000000e+00 0.000000000000000000e+00 0.000000000000000000e+00 0.000000000000000000e+00 2.617449999999999832e+00 5.967539999999999623e+00 -4.778019999999999712e+00 -2.098300000000000054e+00
0.000000000000000000e+00 0.000000000000000000e+00 0.000000000000000000e+00 0.000000000000000000e+00 0.000000000000000000e+00 0.000000000000000000e+00 2.371760000000000090e+00 4.972940000000000360e+00 -2.664839999999999876e+00 -2.042019999999999946e+00
0.000000000000000000e+00 0.000000000000000000e+00 0.000000000000000000e+00 0.000000000000000000e+00 0.000000000000000000e+00 0.000000000000000000e+00 3.707539999999999836e+00 4.774700000000000166e+00 -1.611669999999999936e+00 -1.673859999999999904e+00
0.000000000000000000e+00 0.000000000000000000e+00 0.000000000000000000e+00 0.000000000000000000e+00 0.000000000000000000e+00 0.000000000000000000e+00 3.274119999999999919e+00 4.849370000000000402e+00 -2.682110000000000216e+00 -4.588009999999999700e+00
0.000000000000000000e+00 0.000000000000000000e+00 0.000000000000000000e+00 0.000000000000000000e+00 0.000000000000000000e+00 0.000000000000000000e+00 5.495589999999999975e+00 3.653649999999999842e+00 -3.098590000000000177e+00 -2.708730000000000082e+00
0.000000000000000000e+00 0.000000000000000000e+00 0.000000000000000000e+00 0.000000000000000000e+00 0.000000000000000000e+00 0.000000000000000000e+00 2.130380000000000162e+00 5.580910000000000259e+00 -4.891799999999999926e+00 -2.577640000000000153e+00
0.000000000000000000e+00 0.000000000000000000e+00 0.000000000000000000e+00 0.000000000000000000e+00 0.000000000000000000e+00 0.000000000000000000e+00 2.086440000000000072e+00 5.898710000000000342e+00 -4.753169999999999895e+00 -3.286439999999999806e+00
0.000000000000000000e+00 0.000000000000000000e+00 0.000000000000000000e+00 0.000000000000000000e+00 0.000000000000000000e+00 0.000000000000000000e+00 3.255329999999999835e+00 5.893970000000000375e+00 -3.373149999999999871e+00 -4.893769999999999953e+00
0.000000000000000000e+00 0.000000000000000000e+00 0.000000000000000000e+00 0.000000000000000000e+00 0.000000000000000000e+00 0.000000000000000000e+00 4.487659999999999982e+00 4.563039999999999985e+00 -2.575849999999999973e+00 -4.866270000000000095e+00
0.000000000000000000e+00 0.000000000000000000e+00 0.000000000000000000e+00 0.000000000000000000e+00 0.000000000000000000e+00 0.000000000000000000e+00 3.817390000000000061e+00 5.444029999999999703e+00 -4.834859999999999935e+00 -1.987200000000000077e+00
0.000000000000000000e+00 0.000000000000000000e+00 0.000000000000000000e+00 0.000000000000000000e+00 0.000000000000000000e+00 0.000000000000000000e+00 3.857790000000000052e+00 4.123829999999999885e+00 -1.222010000000000041e+00 -3.813480000000000203e+00
0.000000000000000000e+00 0.000000000000000000e+00 0.000000000000000000e+00 0.000000000000000000e+00 0.000000000000000000e+00 0.000000000000000000e+00 3.379389999999999894e+00 5.930069999999999730e+00 -1.683570000000000011e+00 -2.358119999999999994e+00
0.000000000000000000e+00 0.000000000000000000e+00 0.000000000000000000e+00 0.000000000000000000e+00 0.000000000000000000e+00 0.000000000000000000e+00 3.304600000000000204e+00 5.941760000000000375e+00 -4.685480000000000089e+00 -1.068810000000000038e+00
0.000000000000000000e+00 0.000000000000000000e+00 0.000000000000000000e+00 0.000000000000000000e+00 0.000000000000000000e+00 0.000000000000000000e+00 5.750930000000000319e+00 2.681550000000000100e+00 -1.790929999999999911e+00 -2.801499999999999879e+00
0.000000000000000000e+00 0.000000000000000000e+00 0.000000000000000000e+00 0.000000000000000000e+00 0.000000000000000000e+00 0.000000000000000000e+00 3.030289999999999928e+00 3.785089999999999844e+00 -4.275489999999999569e+00 -1.244429999999999925e+00
0.000000000000000000e+00 0.000000000000000000e+00 0.000000000000000000e+00 0.000000000000000000e+00 0.000000000000000000e+00 0.000000000000000000e+00 4.606220000000000425e+00 2.123240000000000016e+00 -3.701909999999999812e+00 -1.689300000000000024e+00
0.000000000000000000e+00 0.000000000000000000e+00 0.000000000000000000e+00 0.000000000000000000e+00 0.000000000000000000e+00 0.000000000000000000e+00 3.220650000000000013e+00 2.728499999999999925e+00 -1.108030000000000070e+00 -4.195149999999999935e+00
0.000000000000000000e+00 0.000000000000000000e+00 0.000000000000000000e+00 0.000000000000000000e+00 0.000000000000000000e+00 0.000000000000000000e+00 3.246729999999999894e+00 4.339590000000000281e+00 -3.708429999999999893e+00 -1.630509999999999904e+00
0.000000000000000000e+00 0.000000000000000000e+00 0.000000000000000000e+00 0.000000000000000000e+00 0.000000000000000000e+00 0.000000000000000000e+00 3.197820000000000107e+00 5.541299999999999670e+00 -3.605109999999999815e+00 -3.737140000000000128e+00
0.000000000000000000e+00 0.000000000000000000e+00 0.000000000000000000e+00 0.000000000000000000e+00 0.000000000000000000e+00 0.000000000000000000e+00 5.236250000000000071e+00 2.020529999999999937e+00 -3.234249999999999847e+00 -2.463540000000000063e+00
0.000000000000000000e+00 0.000000000000000000e+00 0.000000000000000000e+00 0.000000000000000000e+00 0.000000000000000000e+00 0.000000000000000000e+00 4.387739999999999974e+00 4.409430000000000405e+00 -2.405749999999999833e+00 -4.880849999999999689e+00
0.000000000000000000e+00 0.000000000000000000e+00 0.000000000000000000e+00 0.000000000000000000e+00 0.000000000000000000e+00 0.000000000000000000e+00 5.009619999999999962e+00 4.698310000000000208e+00 -4.301800000000000068e+00 -3.957250000000000156e+00
0.000000000000000000e+00 0.000000000000000000e+00 0.000000000000000000e+00 0.000000000000000000e+00 0.000000000000000000e+00 0.000000000000000000e+00 5.222439999999999749e+00 3.264609999999999790e+00 -3.065819999999999990e+00 -1.453610000000000069e+00
0.000000000000000000e+00 0.000000000000000000e+00 0.000000000000000000e+00 0.000000000000000000e+00 0.000000000000000000e+00 0.000000000000000000e+00 5.748840000000000394e+00 4.404499999999999638e+00 -1.121899999999999897e+00 -3.296060000000000212e+00
0.000000000000000000e+00 0.000000000000000000e+00 0.000000000000000000e+00 0.000000000000000000e+00 0.000000000000000000e+00 0.000000000000000000e+00 2.895630000000000148e+00 5.741559999999999775e+00 -1.222699999999999898e+00 -4.380950000000000344e+00
0.000000000000000000e+00 0.000000000000000000e+00 0.000000000000000000e+00 0.000000000000000000e+00 0.000000000000000000e+00 0.000000000000000000e+00 3.845209999999999795e+00 3.504259999999999931e+00 -4.778109999999999857e+00 -2.419620000000000104e+00
0.000000000000000000e+00 0.000000000000000000e+00 0.000000000000000000e+00 0.000000000000000000e+00 0.000000000000000000e+00 0.000000000000000000e+00 2.230319999999999858e+00 2.413100000000000023e+00 -4.242700000000000138e+00 -3.766399999999999970e+00
0.000000000000000000e+00 0.000000000000000000e+00 0.000000000000000000e+00 0.000000000000000000e+00 0.000000000000000000e+00 0.000000000000000000e+00 4.228880000000000194e+00 5.516000000000000014e+00 -3.393689999999999873e+00 -2.614970000000000017e+00
0.000000000000000000e+00 0.000000000000000000e+00 0.000000000000000000e+00 0.000000000000000000e+00 0.000000000000000000e+00 0.000000000000000000e+00 2.352020000000000000e+00 5.368509999999999671e+00 -3.543330000000000091e+00 -4.589150000000000063e+00
0.000000000000000000e+00 0.000000000000000000e+00 0.000000000000000000e+00 0.000000000000000000e+00 0.000000000000000000e+00 0.000000000000000000e+00 3.142609999999999904e+00 5.902199999999999669e+00 -2.392279999999999962e+00 -4.323699999999999655e+00
0.000000000000000000e+00 0.000000000000000000e+00 0.000000000000000000e+00 0.000000000000000000e+00 0.000000000000000000e+00 0.000000000000000000e+00 5.367379999999999818e+00 5.865940000000000154e+00 -1.166469999999999896e+00 -1.758469999999999978e+00
0.000000000000000000e+00 0.000000000000000000e+00 0.000000000000000000e+00 0.000000000000000000e+00 0.000000000000000000e+00 0.000000000000000000e+00 3.791160000000000085e+00 3.330099999999999838e+00 -3.771269999999999900e+00 -4.774420000000000108e+00
0.000000000000000000e+00 0.000000000000000000e+00 0.000000000000000000e+00 0.000000000000000000e+00 0.000000000000000000e+00 0.000000000000000000e+00 5.655170000000000030e+00 2.390449999999999964e+00 -3.310449999999999893e+00 -4.394350000000000200e+00
0.000000000000000000e+00 0.000000000000000000e+00 0.000000000000000000e+00 0.000000000000000000e+00 0.000000000000000000e+00 0.000000000000000000e+00 2.635409999999999808e+00 3.010029999999999983e+00 -3.169049999999999923e+00 -1.272620000000000084e+00
0.000000000000000000e+00 0.000000000000000000e+00 0.000000000000000000e+00 0.000000000000000000e+00 0.000000000000000000e+00 0.000000000000000000e+00 3.410620000000000207e+00 4.516630000000000145e+00 -1.310230000000000006e+00 -2.431750000000000078e+00
0.000000000000000000e+00 0.000000000000000000e+00 0.000000000000000000e+00 0.000000000000000000e+00 0.000000000000000000e+00 0.000000000000000000e+00 4.351750000000000007e+00 3.995049999999999990e+00 -2.037189999999999834e+00 -4.837340000000000195e+00
0.000000000000000000e+00 0.000000000000000000e+00 0.000000000000000000e+00 0.000000000000000000e+00 0.000000000000000000e+00 0.000000000000000000e+00 2.651110000000000078e+00 4.882159999999999833e+00 -3.329260000000000108e+00 -4.129109999999999836e+00
0.000000000000000000e+00 0.000000000000000000e+00 0.000000000000000000e+00 0.000000000000000000e+00 0.000000000000000000e+00 0.000000000000000000e+00 2.341600000000000126e+00 3.242420000000000080e+00 -4.448450000000000237e+00 -4.551440000000000374e+00
0.000000000000000000e+00 0.000000000000000000e+00 0.000000000000000000e+00 0.000000000000000000e+00 0.000000000000000000e+00 0.000000000000000000e+00 2.147370000000000001e+00 2.456749999999999989e+00 -1.028909999999999991e+00 -4.497569999999999624e+00
0.000000000000000000e+00 0.000000000000000000e+00 0.000000000000000000e+00 0.000000000000000000e+00 0.000000000000000000e+00 0.000000000000000000e+00 5.724680000000000213e+00 4.216920000000000002e+00 -3.735930000000000195e+00 -2.107419999999999849e+00
0.000000000000000000e+00 0.000000000000000000e+00 0.000000000000000000e+00 0.000000000000000000e+00 0.000000000000000000e+00 0.000000000000000000e+00 4.924859999999999793e+00 3.196800000000000086e+00 -4.303200000000000358e+00 -4.790359999999999729e+00
0.000000000000000000e+00 0.000000000000000000e+00 0.000000000000000000e+00 0.000000000000000000e+00 0.000000000000000000e+00 0.000000000000000000e+00 4.128610000000000113e+00 2.106489999999999974e+00 -2.928929999999999811e+00 -2.479319999999999968e+00
0.000000000000000000e+00 0.000000000000000000e+00 0.000000000000000000e+00 0.000000000000000000e+00 0.000000000000000000e+00 0.000000000000000000e+00 5.596960000000000157e+00 5.593009999999999593e+00 -4.537090000000000067e+00 -1.745179999999999954e+00
0.000000000000000000e+00 0.000000000000000000e+00 0.000000000000000000e+00 0.000000000000000000e+00 0.000000000000000000e+00 0.000000000000000000e+00 4.520050000000000345e+00 3.940440000000000165e+00 -4.402009999999999756e+00 -3.462149999999999839e+00
0.000000000000000000e+00 0.000000000000000000e+00 0.000000000000000000e+00 0.000000000000000000e+00 0.000000000000000000e+00 0.000000000000000000e+00 2.691710000000000047e+00 4.407549999999999635e+00 -4.000390000000000335e+00 -4.057470000000000354e+00
0.000000000000000000e+00 0.000000000000000000e+00 0.000000000000000000e+00 0.000000000000000000e+00 0.000000000000000000e+00 0.000000000000000000e+00 4.765839999999999854e+00 5.235999999999999766e+00 -2.758879999999999999e+00 -1.165929999999999911e+00
0.000000000000000000e+00 0.000000000000000000e+00 0.000000000000000000e+00 0.000000000000000000e+00 0.000000000000000000e+00 0.000000000000000000e+00 2.300819999999999865e+00 5.253320000000000434e+00 -4.996570000000000178e+00 -4.835259999999999891e+00
0.000000000000000000e+00 0.000000000000000000e+00 0.000000000000000000e+00 0.000000000000000000e+00 0.000000000000000000e+00 0.000000000000000000e+00 2.536270000000000024e+00 4.102949999999999875e+00 -4.922920000000000407e+00 -4.239180000000000170e+00
0.000000000000000000e+00 0.000000000000000000e+00 0.000000000000000000e+00 0.000000000000000000e+00 0.000000000000000000e+00 0.000000000000000000e+00 2.876149999999999984e+00 5.205110000000000348e+00 -2.687260000000000204e+00 -3.508710000000000218e+00
0.000000000000000000e+00 0.000000000000000000e+00 0.000000000000000000e+00 0.000000000000000000e+00 0.000000000000000000e+00 0.000000000000000000e+00 3.458120000000000083e+00 4.155990000000000073e+00 -2.272019999999999929e+00 -4.696100000000000385e+00
0.000000000000000000e+00 0.000000000000000000e+00 0.000000000000000000e+00 0.000000000000000000e+00 0.000000000000000000e+00 0.000000000000000000e+00 3.830950000000000077e+00 5.450129999999999697e+00 -1.390619999999999967e+00 -1.550669999999999993e+00
0.000000000000000000e+00 0.000000000000000000e+00 0.000000000000000000e+00 0.000000000000000000e+00 0.000000000000000000e+00 0.000000000000000000e+00 5.361919999999999575e+00 3.133729999999999905e+00 -1.093069999999999986e+00 -3.960189999999999877e+00
0.000000000000000000e+00 0.000000000000000000e+00 0.000000000000000000e+00 0.000000000000000000e+00 0.000000000000000000e+00 0.000000000000000000e+00 3.695879999999999832e+00 5.535260000000000069e+00 -4.841459999999999653e+00 -2.053010000000000002e+00
0.000000000000000000e+00 0.000000000000000000e+00 0.000000000000000000e+00 0.000000000000000000e+00 0.000000000000000000e+00 0.000000000000000000e+00 2.788559999999999928e+00 3.001189999999999802e+00 -1.599290000000000100e+00 -1.263700000000000045e+00
0.000000000000000000e+00 0.000000000000000000e+00 0.000000000000000000e+00 0.000000000000000000e+00 0.000000000000000000e+00 0.000000000000000000e+00 5.647579999999999600e+00 2.636870000000000047e+00 -4.243070000000000341e+00 -1.293509999999999938e+00
0.000000000000000000e+00 0.000000000000000000e+00 0.000000000000000000e+00 0.000000000000000000e+00 0.000000000000000000e+00 0.000000000000000000e+00 3.248499999999999943e+00 5.054490000000000371e+00 -3.645999999999999908e+00 -2.626650000000000151e+00
0.000000000000000000e+00 0.000000000000000000e+00 0.000000000000000000e+00 0.000000000000000000e+00 0.000000000000000000e+00 0.000000000000000000e+00 4.291039999999999743e+00 5.524670000000000414e+00 -4.854330000000000034e+00 -3.572430000000000216e+00
0.000000000000000000e+00 0.000000000000000000e+00 0.000000000000000000e+00 0.000000000000000000e+00 0.000000000000000000e+00 0.000000000000000000e+00 3.592480000000000118e+00 4.593829999999999636e+00 -1.817970000000000086e+00 -4.184669999999999668e+00
0.000000000000000000e+00 0.000000000000000000e+00 0.000000000000000000e+00 0.000000000000000000e+00 0.000000000000000000e+00 0.000000000000000000e+00 4.566779999999999617e+00 4.192289999999999850e+00 -4.204670000000000130e+00 -4.843420000000000059e+00
0.000000000000000000e+00 0.000000000000000000e+00 0.000000000000000000e+00 0.000000000000000000e+00 0.000000000000000000e+00 0.000000000000000000e+00 3.548680000000000057e+00 4.562450000000000117e+00 -3.516980000000000217e+00 -4.664039999999999964e+00
0.000000000000000000e+00 0.000000000000000000e+00 0.000000000000000000e+00 0.000000000000000000e+00 0.000000000000000000e+00 0.000000000000000000e+00 5.330390000000000406e+00 2.025510000000000144e+00 -3.289330000000000087e+00 -4.521589999999999776e+00
0.000000000000000000e+00 0.000000000000000000e+00 0.000000000000000000e+00 0.000000000000000000e+00 0.000000000000000000e+00 0.000000000000000000e+00 3.748959999999999848e+00 4.701529999999999987e+00 -4.454819999999999780e+00 -1.298969999999999958e+00
0.000000000000000000e+00 0.000000000000000000e+00 0.000000000000000000e+00 0.000000000000000000e+00 0.000000000000000000e+00 0.000000000000000000e+00 4.226009999999999600e+00 4.638700000000000045e+00 -1.311150000000000038e+00 -1.307450000000000001e+00
0.000000000000000000e+00 0.000000000000000000e+00 0.000000000000000000e+00 0.000000000000000000e+00 0.000000000000000000e+00 0.000000000000000000e+00 3.258739999999999970e+00 5.056809999999999583e+00 -4.956640000000000157e+00 -4.248579999999999579e+00
0.000000000000000000e+00 0.000000000000000000e+00 0.000000000000000000e+00 0.000000000000000000e+00 0.000000000000000000e+00 0.000000000000000000e+00 5.183919999999999639e+00 3.728149999999999853e+00 -2.054359999999999964e+00 -1.277079999999999993e+00
0.000000000000000000e+00 0.000000000000000000e+00 0.000000000000000000e+00 0.000000000000000000e+00 0.000000000000000000e+00 0.000000000000000000e+00 4.331730000000000302e+00 2.704209999999999781e+00 -4.020109999999999850e+00 -1.822349999999999914e+00
0.000000000000000000e+00 0.000000000000000000e+00 0.000000000000000000e+00 0.000000000000000000e+00 0.000000000000000000e+00 0.000000000000000000e+00 5.427200000000000024e+00 5.741010000000000169e+00 -4.275929999999999787e+00 -1.585550000000000015e+00
0.000000000000000000e+00 0.000000000000000000e+00 0.000000000000000000e+00 0.000000000000000000e+00 0.000000000000000000e+00 0.000000000000000000e+00 3.523960000000000203e+00 2.428609999999999935e+00 -3.559309999999999974e+00 -4.900850000000000151e+00
0.000000000000000000e+00 0.000000000000000000e+00 0.000000000000000000e+00 0.000000000000000000e+00 0.000000000000000000e+00 0.000000000000000000e+00 2.267170000000000130e+00 5.206439999999999735e+00 -2.594190000000000218e+00 -2.986709999999999976e+00
0.000000000000000000e+00 0.000000000000000000e+00 0.000000000000000000e+00 0.000000000000000000e+00 0.000000000000000000e+00 0.000000000000000000e+00 2.550250000000000128e+00 2.689150000000000151e+00 -2.030839999999999979e+00 -4.641189999999999927e+00
0.000000000000000000e+00 0.000000000000000000e+00 0.000000000000000000e+00 0.000000000000000000e+00 0.000000000000000000e+00 0.000000000000000000e+00 5.477859999999999729e+00 4.466709999999999958e+00 -1.156959999999999988e+00 -1.344079999999999941e+00
0.000000000000000000e+00 0.000000000000000000e+00 0.000000000000000000e+00 0.000000000000000000e+00 0.000000000000000000e+00 0.000000000000000000e+00 3.220040000000000013e+00 2.697869999999999990e+00 -1.560119999999999951e+00 -1.310729999999999951e+00
0.000000000000000000e+00 0.000000000000000000e+00 0.000000000000000000e+00 0.000000000000000000e+00 0.000000000000000000e+00 0.000000000000000000e+00 3.415129999999999999e+00 5.061919999999999753e+00 -3.243149999999999977e+00 -4.564400000000000013e+00
0.000000000000000000e+00 0.000000000000000000e+00 0.000000000000000000e+00 0.000000000000000000e+00 0.000000000000000000e+00 0.000000000000000000e+00 4.540090000000000181e+00 2.191149999999999931e+00 -3.693989999999999885e+00 -1.762559999999999905e+00
0.000000000000000000e+00 0.000000000000000000e+00 0.000000000000000000e+00 0.000000000000000000e+00 0.000000000000000000e+00 0.000000000000000000e+00 4.303989999999999760e+00 3.306369999999999809e+00 -3.187660000000000160e+00 -4.857630000000000337e+00
0.000000000000000000e+00 0.000000000000000000e+00 0.000000000000000000e+00 0.000000000000000000e+00 0.000000000000000000e+00 0.000000000000000000e+00 3.224130000000000162e+00 5.092769999999999797e+00 -4.511260000000000048e+00 -2.006320000000000103e+00
0.000000000000000000e+00 0.000000000000000000e+00 0.000000000000000000e+00 0.000000000000000000e+00 0.000000000000000000e+00 0.000000000000000000e+00 4.151169999999999582e+00 5.229099999999999859e+00 -4.888989999999999725e+00 -3.165610000000000035e+00
0.000000000000000000e+00 0.000000000000000000e+00 0.000000000000000000e+00 0.000000000000000000e+00 0.000000000000000000e+00 0.000000000000000000e+00 5.061420000000000030e+00 4.806560000000000166e+00 -3.596509999999999874e+00 -4.816449999999999676e+00
0.000000000000000000e+00 0.000000000000000000e+00 0.000000000000000000e+00 0.000000000000000000e+00 0.000000000000000000e+00 0.000000000000000000e+00 4.955219999999999736e+00 2.362150000000000194e+00 -4.982359999999999900e+00 -2.492109999999999825e+00
0.000000000000000000e+00 0.000000000000000000e+00 0.000000000000000000e+00 0.000000000000000000e+00 0.000000000000000000e+00 0.000000000000000000e+00 2.685709999999999820e+00 2.976399999999999935e+00 -1.791760000000000019e+00 -1.300130000000000008e+00
0.000000000000000000e+00 0.000000000000000000e+00 0.000000000000000000e+00 0.000000000000000000e+00 0.000000000000000000e+00 0.000000000000000000e+00 5.637400000000000411e+00 5.593350000000000044e+00 -4.334789999999999921e+00 -2.313569999999999904e+00
0.000000000000000000e+00 0.000000000000000000e+00 0.000000000000000000e+00 0.000000000000000000e+00 0.000000000000000000e+00 0.000000000000000000e+00 2.077360000000000095e+00 3.652369999999999894e+00 -2.143050000000000122e+00 -2.258869999999999933e+00
0.000000000000000000e+00 0.000000000000000000e+00 0.000000000000000000e+00 0.000000000000000000e+00 0.000000000000000000e+00 0.000000000000000000e+00 3.066790000000000127e+00 4.530949999999999811e+00 -4.733719999999999928e+00 -2.169700000000000184e+00
0.000000000000000000e+00 0.000000000000000000e+00 0.000000000000000000e+00 0.000000000000000000e+00 0.000000000000000000e+00 0.000000000000000000e+00 2.544890000000000096e+00 2.062600000000000211e+00 -1.070840000000000014e+00 -2.558580000000000076e+00
0.000000000000000000e+00 0.000000000000000000e+00 0.000000000000000000e+00 0.000000000000000000e+00 0.000000000000000000e+00 0.000000000000000000e+00 3.374120000000000008e+00 4.734160000000000146e+00 -3.442089999999999872e+00 -1.435060000000000002e+00
0.000000000000000000e+00 0.000000000000000000e+00 0.000000000000000000e+00 0.000000000000000000e+00 0.000000000000000000e+00 0.000000000000000000e+00 4.925880000000000258e+00 4.978720000000000034e+00 -2.314799999999999969e+00 -1.950509999999999966e+00
0.000000000000000000e+00 0.000000000000000000e+00 0.000000000000000000e+00 0.000000000000000000e+00 0.000000000000000000e+00 0.000000000000000000e+00 2.548760000000000137e+00 2.535740000000000105e+00 -2.663600000000000190e+00 -1.048159999999999981e+00
0.000000000000000000e+00 0.000000000000000000e+00 0.000000000000000000e+00 0.000000000000000000e+00 0.000000000000000000e+00 0.000000000000000000e+00 5.779189999999999827e+00 5.931650000000000311e+00 -2.717950000000000088e+00 -1.636749999999999927e+00
0.000000000000000000e+00 0.000000000000000000e+00 0.000000000000000000e+00 0.000000000000000000e+00 0.000000000000000000e+00 0.000000000000000000e+00 5.888889999999999958e+00 5.576649999999999885e+00 -1.972299999999999942e+00 -4.901550000000000296e+00
0.000000000000000000e+00 0.000000000000000000e+00 0.000000000000000000e+00 0.000000000000000000e+00 0.000000000000000000e+00 0.000000000000000000e+00 4.896600000000000286e+00 5.930740000000000123e+00 -2.617949999999999999e+00 -1.362950000000000106e+00
0.000000000000000000e+00 0.000000000000000000e+00 0.000000000000000000e+00 0.000000000000000000e+00 0.000000000000000000e+00 0.000000000000000000e+00 2.686850000000000183e+00 2.895340000000000025e+00 -3.286540000000000017e+00 -2.331430000000000113e+00
0.000000000000000000e+00 0.000000000000000000e+00 0.000000000000000000e+00 0.000000000000000000e+00 0.000000000000000000e+00 0.000000000000000000e+00 3.130910000000000082e+00 4.035859999999999559e+00 -2.379539999999999988e+00 -3.611169999999999991e+00
0.000000000000000000e+00 0.000000000000000000e+00 0.000000000000000000e+00 0.000000000000000000e+00 0.000000000000000000e+00 0.000000000000000000e+00 5.165060000000000429e+00 5.546899999999999942e+00 -2.340240000000000098e+00 -4.928279999999999994e+00
0.000000000000000000e+00 0.000000000000000000e+00 0.000000000000000000e+00 0.000000000000000000e+00 0.000000000000000000e+00 0.000000000000000000e+00 2.903859999999999886e+00 3.733569999999999833e+00 -3.928749999999999964e+00 -2.801210000000000200e+00
0.000000000000000000e+00 0.000000000000000000e+00 0.000000000000000000e+00 0.000000000000000000e+00 0.000000000000000000e+00 0.000000000000000000e+00 5.037090000000000067e+00 3.049440000000000150e+00 -3.290039999999999853e+00 -3.218949999999999978e+00
0.000000000000000000e+00 0.000000000000000000e+00 0.000000000000000000e+00 0.000000000000000000e+00 0.000000000000000000e+00 0.000000000000000000e+00 3.481230000000000047e+00 3.280149999999999899e+00 -1.622719999999999940e+00 -1.809630000000000072e+00
0.000000000000000000e+00 0.000000000000000000e+00 0.000000000000000000e+00 0.000000000000000000e+00 0.000000000000000000e+00 0.000000000000000000e+00 3.463459999999999983e+00 4.512179999999999858e+00 -1.375070000000000014e+00 -2.956809999999999938e+00
0.000000000000000000e+00 0.000000000000000000e+00 0.000000000000000000e+00 0.000000000000000000e+00 0.000000000000000000e+00 0.000000000000000000e+00 3.893790000000000084e+00 5.194490000000000052e+00 -4.963219999999999743e+00 -1.841860000000000053e+00
0.000000000000000000e+00 0.000000000000000000e+00 0.000000000000000000e+00 0.000000000000000000e+00 0.000000000000000000e+00 0.000000000000000000e+00 5.233869999999999578e+00 5.657289999999999708e+00 -2.506099999999999994e+00 -3.326430000000000220e+00
0.000000000000000000e+00 0.000000000000000000e+00 0.000000000000000000e+00 0.000000000000000000e+00 0.000000000000000000e+00 0.000000000000000000e+00 4.352179999999999715e+00 3.228689999999999838e+00 -1.735530000000000017e+00 -3.084600000000000009e+00
0.000000000000000000e+00 0.000000000000000000e+00 0.000000000000000000e+00 0.000000000000000000e+00 0.000000000000000000e+00 0.000000000000000000e+00 2.070899999999999963e+00 4.478240000000000443e+00 -4.672509999999999941e+00 -3.885170000000000012e+00
0.000000000000000000e+00 0.000000000000000000e+00 0.000000000000000000e+00 0.000000000000000000e+00 0.000000000000000000e+00 0.000000000000000000e+00 5.615330000000000155e+00 4.450999999999999623e+00 -1.312699999999999978e+00 -4.257039999999999935e+00
0.000000000000000000e+00 0.000000000000000000e+00 0.000000000000000000e+00 0.000000000000000000e+00 0.000000000000000000e+00 0.000000000000000000e+00 2.151250000000000107e+00 2.579600000000000115e+00 -2.560849999999999849e+00 -4.652499999999999858e+00
0.000000000000000000e+00 0.000000000000000000e+00 0.000000000000000000e+00 0.000000000000000000e+00 0.000000000000000000e+00 0.000000000000000000e+00 3.883760000000000101e+00 4.415160000000000196e+00 -1.203619999999999912e+00 -2.594920000000000115e+00
0.000000000000000000e+00 0.000000000000000000e+00 0.000000000000000000e+00 0.000000000000000000e+00 0.000000000000000000e+00 0.000000000000000000e+00 3.663209999999999855e+00 3.449850000000000083e+00 -2.661119999999999930e+00 -2.750910000000000188e+00
0.000000000000000000e+00 0.000000000000000000e+00 0.000000000000000000e+00 0.000000000000000000e+00 0.000000000000000000e+00 0.000000000000000000e+00 2.310020000000000184e+00 3.180050000000000043e+00 -1.790519999999999889e+00 -4.404160000000000075e+00
0.000000000000000000e+00 0.000000000000000000e+00 0.000000000000000000e+00 0.000000000000000000e+00 0.000000000000000000e+00 0.000000000000000000e+00 5.501490000000000435e+00 4.634979999999999656e+00 -2.633680000000000021e+00 -2.873610000000000220e+00
0.000000000000000000e+00 0.000000000000000000e+00 0.000000000000000000e+00 0.000000000000000000e+00 0.000000000000000000e+00 0.000000000000000000e+00 2.952789999999999804e+00 4.047450000000000436e+00 -2.293159999999999865e+00 -2.585830000000000073e+00
0.000000000000000000e+00 0.000000000000000000e+00 0.000000000000000000e+00 0.000000000000000000e+00 0.000000000000000000e+00 0.000000000000000000e+00 3.602939999999999809e+00 2.690249999999999808e+00 -3.833000000000000185e+00 -2.847980000000000178e+00
0.000000000000000000e+00 0.000000000000000000e+00 0.000000000000000000e+00 0.000000000000000000e+00 0.000000000000000000e+00 0.000000000000000000e+00 5.001900000000000013e+00 5.749789999999999957e+00 -3.613999999999999879e+00 -3.359799999999999898e+00
0.000000000000000000e+00 0.000000000000000000e+00 0.000000000000000000e+00 0.000000000000000000e+00 0.000000000000000000e+00 0.000000000000000000e+00 5.781900000000000261e+00 2.616569999999999840e+00 -2.029630000000000045e+00 -2.174760000000000026e+00
0.000000000000000000e+00 0.000000000000000000e+00 0.000000000000000000e+00 0.000000000000000000e+00 0.000000000000000000e+00 0.000000000000000000e+00 4.347199999999999953e+00 2.311360000000000081e+00 -2.787669999999999870e+00 -2.749629999999999797e+00
0.000000000000000000e+00 0.000000000000000000e+00 0.000000000000000000e+00 0.000000000000000000e+00 0.000000000000000000e+00 0.000000000000000000e+00 3.675429999999999975e+00 3.163209999999999855e+00 -4.763550000000000395e+00 -2.256089999999999929e+00
0.000000000000000000e+00 0.000000000000000000e+00 0.000000000000000000e+00 0.000000000000000000e+00 0.000000000000000000e+00 0.000000000000000000e+00 4.711430000000000007e+00 3.700110000000000010e+00 -4.081800000000000317e+00 -1.245049999999999990e+00
0.000000000000000000e+00 0.000000000000000000e+00 0.000000000000000000e+00 0.000000000000000000e+00 0.000000000000000000e+00 0.000000000000000000e+00 5.269110000000000404e+00 5.813410000000000188e+00 -2.868240000000000123e+00 -4.852490000000000414e+00
0.000000000000000000e+00 0.000000000000000000e+00 0.000000000000000000e+00 0.000000000000000000e+00 0.000000000000000000e+00 0.000000000000000000e+00 5.081680000000000419e+00 4.551840000000000330e+00 -1.847239999999999993e+00 -2.781289999999999818e+00
0.000000000000000000e+00 0.000000000000000000e+00 0.000000000000000000e+00 0.000000000000000000e+00 0.000000000000000000e+00 0.000000000000000000e+00 2.894050000000000011e+00 2.030499999999999972e+00 -4.453199999999999825e+00 -4.771370000000000111e+00
0.000000000000000000e+00 0.000000000000000000e+00 0.000000000000000000e+00 0.000000000000000000e+00 0.000000000000000000e+00 0.000000000000000000e+00 2.761989999999999945e+00 4.187890000000000335e+00 -2.505230000000000068e+00 -1.416909999999999892e+00
0.000000000000000000e+00 0.000000000000000000e+00 0.000000000000000000e+00 0.000000000000000000e+00 0.000000000000000000e+00 0.000000000000000000e+00 2.377689999999999859e+00 2.484589999999999854e+00 -3.843539999999999957e+00 -4.591499999999999915e+00
0.000000000000000000e+00 0.000000000000000000e+00 0.000000000000000000e+00 0.000000000000000000e+00 0.000000000000000000e+00 0.000000000000000000e+00 2.376739999999999853e+00 3.193140000000000089e+00 -4.650970000000000049e+00 -3.905839999999999979e+00
0.000000000000000000e+00 0.000000000000000000e+00 0.000000000000000000e+00 0.000000000000000000e+00 0.000000000000000000e+00 0.000000000000000000e+00 5.420560000000000045e+00 2.415939999999999976e+00 -3.567450000000000010e+00 -2.666840000000000099e+00
0.000000000000000000e+00 0.000000000000000000e+00 0.000000000000000000e+00 0.000000000000000000e+00 0.000000000000000000e+00 0.000000000000000000e+00 5.906670000000000087e+00 5.794990000000000308e+00 -1.939170000000000060e+00 -4.089730000000000310e+00
0.000000000000000000e+00 0.000000000000000000e+00 0.000000000000000000e+00 0.000000000000000000e+00 0.000000000000000000e+00 0.000000000000000000e+00 3.528150000000000119e+00 2.380329999999999835e+00 -3.101329999999999920e+00 -1.761980000000000102e+00
0.000000000000000000e+00 0.000000000000000000e+00 0.000000000000000000e+00 0.000000000000000000e+00 0.000000000000000000e+00 0.000000000000000000e+00 3.480109999999999815e+00 5.997150000000000425e+00 -3.245519999999999960e+00 -4.540860000000000340e+00
0.000000000000000000e+00 0.000000000000000000e+00 0.000000000000000000e+00 0.000000000000000000e+00 0.000000000000000000e+00 0.000000000000000000e+00 2.909940000000000193e+00 2.432669999999999888e+00 -4.037440000000000140e+00 -4.041920000000000179e+00
0.000000000000000000e+00 0.000000000000000000e+00 0.000000000000000000e+00 0.000000000000000000e+00 0.000000000000000000e+00 0.000000000000000000e+00 4.380139999999999922e+00 5.533890000000000420e+00 -4.881289999999999907e+00 -2.477559999999999985e+00
0.000000000000000000e+00 0.000000000000000000e+00 0.000000000000000000e+00 0.000000000000000000e+00 0.000000000000000000e+00 0.000000000000000000e+00 5.710779999999999745e+00 3.979290000000000216e+00 -1.815639999999999921e+00 -3.787090000000000067e+00
0.000000000000000000e+00 0.000000000000000000e+00 0.000000000000000000e+00 0.000000000000000000e+00 0.000000000000000000e+00 0.000000000000000000e+00 3.538559999999999928e+00 4.782659999999999911e+00 -2.057160000000000100e+00 -2.608260000000000023e+00
0.000000000000000000e+00 0.000000000000000000e+00 0.000000000000000000e+00 0.000000000000000000e+00 0.000000000000000000e+00 0.000000000000000000e+00 5.403439999999999799e+00 3.957910000000000039e+00 -1.354899999999999993e+00 -3.932080000000000020e+00
0.000000000000000000e+00 0.000000000000000000e+00 0.000000000000000000e+00 0.000000000000000000e+00 0.000000000000000000e+00 0.000000000000000000e+00 4.281889999999999752e+00 3.546320000000000139e+00 -4.186700000000000088e+00 -4.654390000000000249e+00
0.000000000000000000e+00 0.000000000000000000e+00 0.000000000000000000e+00 0.000000000000000000e+00 0.000000000000000000e+00 0.000000000000000000e+00 4.076130000000000031e+00 3.341000000000000192e+00 -1.507260000000000044e+00 -3.030009999999999870e+00
0.000000000000000000e+00 0.000000000000000000e+00 0.000000000000000000e+00 0.000000000000000000e+00 0.000000000000000000e+00 0.000000000000000000e+00 5.733340000000000103e+00 5.721949999999999648e+00 -4.907040000000000290e+00 -3.358420000000000183e+00
0.000000000000000000e+00 0.000000000000000000e+00 0.000000000000000000e+00 0.000000000000000000e+00 0.000000000000000000e+00 0.000000000000000000e+00 2.307319999999999816e+00 2.789559999999999818e+00 -2.265670000000000073e+00 -3.252549999999999830e+00
0.000000000000000000e+00 0.000000000000000000e+00 0.000000000000000000e+00 0.000000000000000000e+00 0.000000000000000000e+00 0.000000000000000000e+00 2.099899999999999878e+00 2.461359999999999992e+00 -4.190680000000000405e+00 -4.959010000000000140e+00
0.000000000000000000e+00 0.000000000000000000e+00 0.000000000000000000e+00 0.000000000000000000e+00 0.000000000000000000e+00 0.000000000000000000e+00 3.361810000000000187e+00 3.892469999999999875e+00 -1.865480000000000027e+00 -2.760679999999999801e+00
0.000000000000000000e+00 0.000000000000000000e+00 0.000000000000000000e+00 0.000000000000000000e+00 0.000000000000000000e+00 0.000000000000000000e+00 2.525809999999999889e+00 4.948089999999999655e+00 -4.919909999999999783e+00 -3.880180000000000184e+00
0.000000000000000000e+00 0.000000000000000000e+00 0.000000000000000000e+00 0.000000000000000000e+00 0.000000000000000000e+00 0.000000000000000000e+00 4.761940000000000062e+00 3.412889999999999979e+00 -1.112900000000000000e+00 -1.500920000000000032e+00
0.000000000000000000e+00 0.000000000000000000e+00 0.000000000000000000e+00 0.000000000000000000e+00 0.000000000000000000e+00 0.000000000000000000e+00 2.877709999999999990e+00 4.929529999999999745e+00 -1.159359999999999946e+00 -2.714780000000000193e+00
