1.600000000000000033e-01 5.769999999999999574e+00 1.780000000000000027e+00 1.531000000000000050e+01 4.318999999999999773e+01 1.057500000000000000e+02 3.626609999999999889e+00 5.417629999999999946e+00 -3.526269999999999794e+00 -2.118609999999999882e+00
5.366670000000000051e-01 5.080000000000000071e+00 2.338329999999999842e+01 6.659999999999999432e+01 1.733329999999999871e-01 2.530999999999999872e+01 5.994469999999999743e+00 3.907589999999999897e+00 -4.246679999999999566e+00 -3.974019999999999886e+00
6.493330000000000268e+00 2.123000000000000043e+01 2.333330000000000126e-02 1.541999999999999993e+01 1.098730000000000047e+02 1.126099999999999994e+02 3.435259999999999980e+00 5.090740000000000265e+00 -1.211610000000000076e+00 -4.211210000000000342e+00
6.666670000000000408e-03 5.250000000000000000e+00 8.029670000000000130e+01 8.240999999999999659e+01 2.666670000000000151e-02 2.989999999999999858e+01 4.458020000000000316e+00 2.913720000000000088e+00 -4.692980000000000373e+00 -2.265179999999999971e+00
3.169330000000000069e+01 3.238000000000000256e+01 2.000000000000000042e-02 1.842000000000000171e+01 8.800000000000000044e-01 2.307999999999999829e+01 5.283529999999999838e+00 2.031379999999999963e+00 -1.017430000000000057e+00 -2.659440000000000026e+00
0.000000000000000000e+00 6.410000000000000142e+00 3.400000000000000244e-01 1.361999999999999922e+01 4.873330000000000162e+00 4.068999999999999773e+01 3.862960000000000171e+00 4.457060000000000244e+00 -4.910929999999999573e+00 -1.366640000000000077e+00
2.000000000000000111e-01 4.759999999999999787e+00 2.686669999999999892e+00 2.476999999999999957e+01 8.666669999999999874e+00 4.660999999999999943e+01 3.014920000000000044e+00 3.827269999999999950e+00 -4.446349999999999802e+00 -3.266550000000000065e+00
7.033329999999999860e-01 7.900000000000000355e+00 4.629999999999999893e+00 2.707000000000000028e+01 3.910000000000000142e+00 4.346999999999999886e+01 3.573449999999999793e+00 4.523369999999999891e+00 -2.562930000000000152e+00 -2.105239999999999778e+00
1.363329999999999931e+00 8.710000000000000853e+00 1.673329999999999984e+00 2.546999999999999886e+01 5.333330000000000015e-02 2.839999999999999858e+01 5.831369999999999720e+00 5.786500000000000199e+00 -2.761200000000000099e+00 -3.642450000000000188e+00
5.000000000000000000e-01 8.660000000000000142e+00 1.666669999999999957e-02 1.757000000000000028e+01 1.231329999999999991e+01 3.125000000000000000e+01 4.256730000000000125e+00 3.914489999999999803e+00 -2.469120000000000203e+00 -1.127520000000000078e+00
1.233329999999999982e-01 6.230000000000000426e+00 6.959999999999999964e+00 1.869000000000000128e+01 2.779999999999999805e+00 2.767000000000000171e+01 3.909839999999999982e+00 4.577230000000000132e+00 -4.451590000000000380e+00 -1.636430000000000051e+00
2.196670000000000122e+00 6.059999999999999609e+00 1.703330000000000011e+00 1.696999999999999886e+01 9.084999999999999432e+01 1.217999999999999972e+02 2.310169999999999835e+00 2.285149999999999793e+00 -3.221709999999999852e+00 -4.558970000000000411e+00
5.799999999999999600e-01 5.730000000000000426e+00 5.954330000000000211e+01 8.664000000000000057e+01 9.954000000000000625e+01 1.157099999999999937e+02 4.478139999999999787e+00 3.429930000000000145e+00 -3.789709999999999912e+00 -3.059959999999999791e+00
1.933999999999999986e+01 3.296999999999999886e+01 7.520999999999999375e+01 9.254999999999999716e+01 8.426669999999999661e+00 3.807000000000000028e+01 5.719680000000000319e+00 3.036439999999999806e+00 -1.383180000000000076e+00 -1.327649999999999997e+00
3.550330000000000297e+01 4.636999999999999744e+01 4.740000000000000213e+00 2.287000000000000099e+01 1.318999999999999950e+01 4.217999999999999972e+01 5.808180000000000121e+00 2.567730000000000068e+00 -1.719670000000000032e+00 -2.693200000000000038e+00
1.483330000000000037e+00 7.650000000000000355e+00 7.440000000000000391e+00 2.551000000000000156e+01 7.169670000000000698e+01 9.737999999999999545e+01 2.090520000000000156e+00 3.292320000000000135e+00 -2.600060000000000038e+00 -3.086959999999999926e+00
2.213330000000000020e+00 8.380000000000000782e+00 5.096329999999999671e+01 7.320000000000000284e+01 2.433329999999999937e-01 2.162999999999999901e+01 3.975099999999999856e+00 2.857029999999999959e+00 -2.811360000000000081e+00 -3.283539999999999903e+00
1.808670000000000044e+01 2.941000000000000014e+01 1.066669999999999979e-01 1.316999999999999993e+01 3.020000000000000018e+00 3.347999999999999687e+01 4.420670000000000321e+00 2.616979999999999862e+00 -1.753220000000000001e+00 -4.018169999999999575e+00
5.666670000000000040e-02 4.480000000000000426e+00 2.076670000000000016e+00 2.092000000000000171e+01 1.290000000000000036e+00 2.167999999999999972e+01 4.761669999999999625e+00 4.032440000000000246e+00 -4.886919999999999931e+00 -3.281039999999999957e+00
3.833329999999999793e-01 6.620000000000000107e+00 8.233329999999999815e-01 1.321000000000000085e+01 7.206669999999999909e+00 5.052000000000000313e+01 4.891810000000000436e+00 2.858449999999999935e+00 -3.174850000000000172e+00 -1.817919999999999980e+00
1.199999999999999956e-01 4.059999999999999609e+00 3.766669999999999963e+00 2.935000000000000142e+01 2.333330000000000126e-02 3.157000000000000028e+01 2.710170000000000190e+00 5.569829999999999615e+00 -4.671280000000000321e+00 -4.305729999999999613e+00
9.966669999999999696e-01 9.390000000000000568e+00 1.233329999999999982e-01 1.957999999999999829e+01 6.929999999999999716e+01 1.216800000000000068e+02 5.391070000000000029e+00 5.311849999999999739e+00 -2.404710000000000125e+00 -2.200210000000000221e+00
3.333329999999999800e-03 6.700000000000000178e+00 4.046329999999999671e+01 9.450000000000000000e+01 3.298669999999999902e+01 7.420999999999999375e+01 5.040239999999999831e+00 2.230309999999999793e+00 -4.912810000000000343e+00 -1.134349999999999969e+00
7.966669999999999696e+00 2.607000000000000028e+01 1.586999999999999922e+01 4.306000000000000227e+01 1.066670000000000007e+00 2.701999999999999957e+01 4.906450000000000422e+00 4.234300000000000175e+00 -1.474769999999999914e+00 -2.954520000000000035e+00
3.903329999999999966e+00 1.298000000000000043e+01 4.899999999999999911e-01 1.625000000000000000e+01 2.519669999999999987e+01 6.434999999999999432e+01 4.013560000000000016e+00 2.092260000000000009e+00 -1.987100000000000088e+00 -1.626460000000000017e+00
1.799999999999999933e-01 5.610000000000000320e+00 1.203999999999999915e+01 3.631000000000000227e+01 1.002330000000000076e+01 5.640999999999999659e+01 4.374089999999999812e+00 3.857400000000000162e+00 -3.824149999999999938e+00 -2.383610000000000007e+00
3.123330000000000162e+00 1.119999999999999929e+01 4.236670000000000158e+00 3.148000000000000043e+01 2.113329999999999931e+00 2.162000000000000099e+01 4.595749999999999780e+00 2.544220000000000148e+00 -2.337029999999999941e+00 -2.308089999999999975e+00
1.013330000000000064e+00 9.869999999999999218e+00 1.286669999999999980e+00 1.313000000000000078e+01 8.706000000000000227e+01 1.051299999999999955e+02 4.895579999999999821e+00 3.349629999999999885e+00 -2.241929999999999978e+00 -1.205109999999999904e+00
3.300000000000000155e-01 4.190000000000000391e+00 6.406669999999999732e+01 8.284999999999999432e+01 8.233329999999999815e-01 2.469000000000000128e+01 5.215010000000000367e+00 4.854809999999999626e+00 -4.962369999999999948e+00 -4.927240000000000286e+00
3.040330000000000155e+01 4.277000000000000313e+01 5.500000000000000444e-01 1.519999999999999929e+01 6.666669999999999541e-02 2.782000000000000028e+01 5.154139999999999944e+00 2.223829999999999973e+00 -1.896800000000000042e+00 -2.932920000000000194e+00
1.133330000000000032e-01 4.910000000000000142e+00 2.333330000000000126e-02 1.714000000000000057e+01 2.000000000000000042e-02 3.215999999999999659e+01 5.467539999999999623e+00 5.303130000000000344e+00 -4.187940000000000218e+00 -3.033459999999999823e+00
2.666670000000000151e-02 5.759999999999999787e+00 9.333329999999999405e-02 2.012999999999999901e+01 2.116670000000000051e+00 3.568999999999999773e+01 4.162729999999999819e+00 4.759290000000000020e+00 -4.912889999999999979e+00 -1.775069999999999926e+00
1.000000000000000021e-02 6.959999999999999964e+00 1.219999999999999973e+00 2.182999999999999829e+01 2.970000000000000195e+00 4.000999999999999801e+01 4.391860000000000319e+00 3.232680000000000220e+00 -3.272250000000000103e+00 -1.083869999999999889e+00
2.899999999999999800e-01 7.160000000000000142e+00 1.436669999999999892e+00 2.394999999999999929e+01 7.406669999999999732e+01 1.189599999999999937e+02 5.800139999999999851e+00 3.911399999999999988e+00 -2.968220000000000081e+00 -1.498199999999999976e+00
2.666669999999999874e-01 7.259999999999999787e+00 4.114330000000000354e+01 8.321999999999999886e+01 2.287999999999999901e+01 8.146999999999999886e+01 2.435630000000000184e+00 5.674610000000000376e+00 -2.540389999999999926e+00 -1.654360000000000053e+00
8.210000000000000853e+00 2.278000000000000114e+01 1.070669999999999966e+01 4.692000000000000171e+01 7.403330000000000410e+00 3.139999999999999858e+01 5.700980000000000381e+00 3.769909999999999872e+00 -1.959219999999999962e+00 -3.378649999999999931e+00
3.273330000000000073e+00 1.612000000000000099e+01 4.023329999999999629e+00 1.873999999999999844e+01 2.203329999999999789e+00 2.821999999999999886e+01 2.871340000000000003e+00 4.427220000000000155e+00 -1.355769999999999920e+00 -2.250059999999999949e+00
1.350000000000000089e+00 6.320000000000000284e+00 1.300000000000000044e+00 1.712000000000000099e+01 5.836669999999999803e+00 3.148999999999999844e+01 2.515769999999999840e+00 2.647629999999999928e+00 -3.251279999999999948e+00 -3.513329999999999842e+00
3.533330000000000082e-01 5.500000000000000000e+00 3.193330000000000002e+00 1.869000000000000128e+01 9.233329999999999593e-01 2.846999999999999886e+01 5.343700000000000117e+00 4.630679999999999907e+00 -3.791619999999999990e+00 -3.009409999999999918e+00
1.063330000000000108e+00 6.269999999999999574e+00 2.533329999999999749e-01 1.660000000000000142e+01 1.619000000000000128e+01 5.717000000000000171e+01 3.938590000000000035e+00 4.685410000000000075e+00 -3.477759999999999962e+00 -4.348200000000000287e+00
1.366670000000000107e-01 5.589999999999999858e+00 8.883330000000000837e+00 3.456000000000000227e+01 2.999999999999999889e-02 2.982000000000000028e+01 3.791249999999999787e+00 4.773810000000000109e+00 -3.636629999999999807e+00 -2.150399999999999867e+00
2.383329999999999949e+00 1.039000000000000057e+01 1.666669999999999957e-02 1.851000000000000156e+01 2.235999999999999943e+01 9.279999999999999716e+01 2.244149999999999867e+00 4.642649999999999721e+00 -1.732699999999999907e+00 -3.764400000000000190e+00
4.000000000000000083e-02 6.230000000000000426e+00 1.021330000000000027e+01 5.525000000000000000e+01 7.816670000000000584e+01 8.670999999999999375e+01 5.065809999999999924e+00 2.848360000000000003e+00 -3.924570000000000114e+00 -1.349439999999999973e+00
2.646669999999999856e+00 1.710000000000000142e+01 5.977000000000000313e+01 6.695999999999999375e+01 1.419330000000000069e+01 4.915999999999999659e+01 3.209389999999999965e+00 5.699939999999999785e+00 -1.246869999999999923e+00 -2.037770000000000081e+00
2.960000000000000142e+01 3.397999999999999687e+01 6.646670000000000300e+00 2.853999999999999915e+01 8.333329999999999904e-02 3.214999999999999858e+01 3.786459999999999937e+00 2.287609999999999921e+00 -1.337579999999999991e+00 -4.960619999999999585e+00
2.303329999999999878e+00 9.919999999999999929e+00 5.666670000000000040e-02 2.003999999999999915e+01 1.585330000000000084e+01 7.073999999999999488e+01 2.289660000000000029e+00 2.088189999999999991e+00 -2.041490000000000027e+00 -1.656630000000000047e+00
3.666670000000000346e-02 6.969999999999999751e+00 7.903330000000000410e+00 4.200999999999999801e+01 2.487000000000000099e+01 4.942999999999999972e+01 5.295580000000000176e+00 2.284440000000000026e+00 -3.805039999999999978e+00 -1.063879999999999937e+00
2.509999999999999787e+00 1.438000000000000078e+01 1.456000000000000050e+01 3.017999999999999972e+01 8.238670000000000471e+01 1.178599999999999994e+02 2.638570000000000082e+00 3.530009999999999870e+00 -1.488650000000000029e+00 -1.201740000000000030e+00
4.593329999999999913e+00 1.001999999999999957e+01 5.535329999999999728e+01 8.493999999999999773e+01 1.141329999999999956e+01 6.521999999999999886e+01 3.742109999999999825e+00 2.867659999999999876e+00 -2.577749999999999986e+00 -4.838809999999999611e+00
1.855669999999999931e+01 3.870000000000000284e+01 5.873330000000000162e+00 3.932000000000000028e+01 1.372000000000000064e+01 8.395000000000000284e+01 5.015679999999999694e+00 2.927280000000000104e+00 -1.611129999999999951e+00 -2.761480000000000157e+00
1.629999999999999893e+00 1.267999999999999972e+01 6.243330000000000268e+00 4.884000000000000341e+01 3.216329999999999956e+01 6.050000000000000000e+01 2.260149999999999881e+00 4.758549999999999613e+00 -1.527449999999999974e+00 -1.578349999999999920e+00
1.626670000000000060e+00 1.549000000000000021e+01 1.889000000000000057e+01 3.767999999999999972e+01 8.942000000000000171e+01 1.252000000000000028e+02 3.079720000000000013e+00 5.726630000000000109e+00 -1.316159999999999997e+00 -1.085129999999999928e+00
6.059999999999999609e+00 1.275000000000000000e+01 6.282670000000000243e+01 9.037999999999999545e+01 1.021370000000000005e+02 1.120300000000000011e+02 3.268609999999999793e+00 2.993720000000000159e+00 -1.999649999999999928e+00 -4.660239999999999938e+00
2.660670000000000002e+01 4.375999999999999801e+01 7.239669999999999561e+01 7.853000000000000114e+01 3.427329999999999899e+01 6.703000000000000114e+01 5.824950000000000294e+00 4.027140000000000164e+00 -1.569800000000000084e+00 -3.505710000000000104e+00
3.011329999999999885e+01 3.296999999999999886e+01 1.982999999999999829e+01 4.124000000000000199e+01 1.461999999999999922e+01 7.143999999999999773e+01 4.906119999999999592e+00 2.295350000000000001e+00 -1.051989999999999981e+00 -3.110840000000000050e+00
5.913330000000000197e+00 1.341999999999999993e+01 6.833330000000000126e+00 4.150000000000000000e+01 5.000000000000000278e-02 3.155000000000000071e+01 3.473209999999999908e+00 3.288060000000000205e+00 -1.915119999999999933e+00 -4.716890000000000249e+00
1.806669999999999998e+00 1.355000000000000071e+01 6.033330000000000082e-01 2.035999999999999943e+01 2.203000000000000114e+01 5.814000000000000057e+01 3.278329999999999966e+00 3.667860000000000120e+00 -1.607620000000000049e+00 -1.028939999999999966e+00
2.999999999999999889e-02 6.559999999999999609e+00 1.131670000000000087e+01 3.290999999999999659e+01 1.631330000000000169e+01 8.112000000000000455e+01 5.569040000000000212e+00 4.639389999999999681e+00 -3.651759999999999895e+00 -1.181370000000000031e+00
2.803329999999999878e+00 9.599999999999999645e+00 7.980000000000000426e+00 4.924000000000000199e+01 6.120000000000000107e+00 5.128000000000000114e+01 4.664329999999999643e+00 3.538930000000000131e+00 -2.514400000000000190e+00 -3.903509999999999813e+00
2.220000000000000195e+00 1.635000000000000142e+01 2.893330000000000179e+00 3.041000000000000014e+01 3.486999999999999744e+01 5.834000000000000341e+01 2.298659999999999926e+00 5.117449999999999832e+00 -1.230290000000000106e+00 -1.455410000000000093e+00
8.599999999999999867e-01 1.000999999999999979e+01 2.019000000000000128e+01 3.599000000000000199e+01 3.827000000000000313e+01 6.509999999999999432e+01 3.152849999999999930e+00 4.615669999999999717e+00 -2.071800000000000086e+00 -1.292319999999999913e+00
6.683329999999999771e+00 1.231000000000000050e+01 2.207999999999999829e+01 4.110000000000000142e+01 1.633330000000000060e-01 2.576000000000000156e+01 3.736390000000000100e+00 2.717999999999999972e+00 -2.345050000000000079e+00 -4.940920000000000201e+00
7.196670000000000122e+00 1.434999999999999964e+01 2.666670000000000151e-02 1.544999999999999929e+01 4.160000000000000142e+01 1.152600000000000051e+02 2.549650000000000194e+00 2.030600000000000183e+00 -1.502340000000000009e+00 -2.891220000000000123e+00
8.999999999999999667e-02 5.540000000000000036e+00 1.297000000000000064e+01 5.834000000000000341e+01 2.586669999999999803e+00 2.205999999999999872e+01 3.941289999999999960e+00 2.822880000000000056e+00 -4.166979999999999684e+00 -2.169729999999999936e+00
3.346670000000000034e+00 1.823000000000000043e+01 1.590000000000000080e+00 1.340000000000000036e+01 8.407999999999999829e+01 1.186800000000000068e+02 4.806960000000000122e+00 5.022039999999999615e+00 -1.533009999999999984e+00 -2.084099999999999842e+00
5.166669999999999874e-01 4.559999999999999609e+00 5.718999999999999773e+01 9.256000000000000227e+01 3.613329999999999931e+00 3.813000000000000256e+01 5.113819999999999588e+00 3.723780000000000090e+00 -4.857940000000000147e+00 -4.622359999999999580e+00
1.600000000000000000e+01 2.989000000000000057e+01 1.929999999999999938e+00 2.289999999999999858e+01 1.104669999999999952e+01 4.934000000000000341e+01 4.758720000000000283e+00 2.859179999999999833e+00 -1.380959999999999965e+00 -2.125389999999999890e+00
5.866670000000000496e-01 7.639999999999999680e+00 5.583330000000000126e+00 2.882000000000000028e+01 1.709999999999999964e+00 3.831000000000000227e+01 2.080480000000000107e+00 5.785929999999999573e+00 -2.622770000000000046e+00 -2.356959999999999944e+00
1.196669999999999900e+00 8.410000000000000142e+00 7.766669999999999963e-01 2.298000000000000043e+01 3.046000000000000085e+01 8.134999999999999432e+01 4.145170000000000243e+00 3.191640000000000033e+00 -2.422109999999999985e+00 -2.073010000000000019e+00
6.333329999999999516e-02 7.110000000000000320e+00 1.691000000000000014e+01 5.025999999999999801e+01 3.950000000000000178e+00 2.980000000000000071e+01 4.674959999999999560e+00 4.470509999999999984e+00 -2.742119999999999891e+00 -1.072340000000000071e+00
5.333330000000000126e+00 1.710999999999999943e+01 2.129999999999999893e+00 1.755000000000000071e+01 1.923329999999999984e+01 5.242000000000000171e+01 2.443299999999999805e+00 5.010720000000000063e+00 -1.209789999999999921e+00 -4.605620000000000047e+00
7.299999999999999822e-01 5.990000000000000213e+00 1.086999999999999922e+01 3.158999999999999986e+01 7.273669999999999902e+01 1.119599999999999937e+02 5.476849999999999774e+00 5.844759999999999955e+00 -3.774799999999999933e+00 -4.266409999999999592e+00
2.953329999999999789e+00 9.730000000000000426e+00 4.866669999999999874e+01 8.423999999999999488e+01 9.499999999999999556e-01 3.032999999999999829e+01 2.718999999999999861e+00 3.398350000000000204e+00 -2.029529999999999834e+00 -3.869610000000000216e+00
1.632329999999999970e+01 3.203000000000000114e+01 3.499999999999999778e-01 1.766000000000000014e+01 1.316670000000000051e+01 3.432999999999999829e+01 4.711090000000000444e+00 3.677700000000000191e+00 -1.659720000000000084e+00 -4.791739999999999888e+00
1.966670000000000085e-01 6.320000000000000284e+00 6.076670000000000016e+00 1.901000000000000156e+01 6.343329999999999913e+00 4.342000000000000171e+01 5.985129999999999839e+00 5.810719999999999885e+00 -3.466650000000000009e+00 -2.001180000000000181e+00
1.933329999999999993e+00 6.190000000000000391e+00 3.256670000000000176e+00 2.562000000000000099e+01 5.833329999999999904e-01 2.619000000000000128e+01 5.329509999999999970e+00 2.148530000000000051e+00 -3.991540000000000088e+00 -3.826789999999999914e+00
9.733330000000000037e-01 8.369999999999999218e+00 3.300000000000000155e-01 1.612000000000000099e+01 6.266669999999999741e-01 2.710000000000000142e+01 3.314239999999999853e+00 3.674020000000000064e+00 -2.437120000000000175e+00 -1.880779999999999896e+00
8.999999999999999667e-02 5.259999999999999787e+00 3.233329999999999815e-01 1.628000000000000114e+01 8.100000000000000533e-01 2.251000000000000156e+01 3.224619999999999820e+00 3.771799999999999820e+00 -3.916230000000000100e+00 -2.287399999999999878e+00
1.300000000000000044e-01 5.370000000000000107e+00 3.566670000000000118e-01 1.328999999999999915e+01 3.799999999999999822e+00 3.032999999999999829e+01 3.448890000000000011e+00 3.250269999999999992e+00 -3.839550000000000018e+00 -2.172159999999999869e+00
9.666669999999999430e-02 4.440000000000000391e+00 2.146669999999999856e+00 1.821999999999999886e+01 9.333329999999999405e-02 2.494999999999999929e+01 3.390530000000000044e+00 4.565240000000000187e+00 -4.609200000000000408e+00 -3.477460000000000218e+00
6.866670000000000273e-01 6.120000000000000107e+00 4.333329999999999821e-02 1.523000000000000043e+01 2.666670000000000151e-02 3.085000000000000142e+01 2.894800000000000040e+00 3.704639999999999933e+00 -3.379449999999999843e+00 -3.089920000000000222e+00
2.999999999999999889e-02 5.000000000000000000e+00 2.666670000000000151e-02 1.953000000000000114e+01 2.473329999999999806e+00 2.135999999999999943e+01 2.681999999999999940e+00 2.102489999999999970e+00 -4.416089999999999627e+00 -2.302280000000000104e+00
0.000000000000000000e+00 6.660000000000000142e+00 1.506669999999999954e+00 1.299000000000000021e+01 2.003330000000000055e+00 2.103999999999999915e+01 3.552569999999999784e+00 5.165860000000000340e+00 -3.555550000000000210e+00 -1.195689999999999920e+00
7.066670000000000451e-01 4.660000000000000142e+00 1.126670000000000060e+00 1.256000000000000050e+01 1.320000000000000062e+00 3.000000000000000000e+01 5.040709999999999802e+00 3.495800000000000018e+00 -4.984379999999999811e+00 -4.698459999999999859e+00
4.299999999999999933e-01 4.309999999999999609e+00 6.400000000000000133e-01 1.776000000000000156e+01 1.404669999999999952e+01 8.098000000000000398e+01 2.447340000000000071e+00 3.457889999999999908e+00 -4.828149999999999942e+00 -4.513969999999999594e+00
2.033330000000000137e-01 5.849999999999999645e+00 6.713330000000000020e+00 4.735000000000000142e+01 4.666669999999999846e-02 2.264000000000000057e+01 5.435679999999999623e+00 5.661299999999999777e+00 -3.515680000000000138e+00 -2.292009999999999881e+00
1.816670000000000007e+00 1.517999999999999972e+01 0.000000000000000000e+00 1.364000000000000057e+01 2.180669999999999931e+01 7.590999999999999659e+01 3.226949999999999985e+00 5.702359999999999651e+00 -1.377950000000000008e+00 -1.435289999999999955e+00
4.333329999999999821e-02 4.839999999999999858e+00 9.496669999999999945e+00 4.042000000000000171e+01 4.533330000000000304e+00 4.250000000000000000e+01 5.110570000000000057e+00 5.979759999999999742e+00 -4.861860000000000070e+00 -2.884799999999999809e+00
2.326670000000000016e+00 1.188000000000000078e+01 2.470000000000000195e+00 2.553999999999999915e+01 3.243329999999999824e+00 2.628000000000000114e+01 5.148150000000000226e+00 4.241030000000000300e+00 -2.056109999999999882e+00 -2.551200000000000134e+00
6.999999999999999556e-01 8.460000000000000853e+00 1.813330000000000108e+00 1.582000000000000028e+01 8.599999999999999867e-01 2.326000000000000156e+01 5.058769999999999989e+00 5.724890000000000256e+00 -2.616629999999999789e+00 -2.199990000000000112e+00
5.300000000000000266e-01 5.110000000000000320e+00 4.633329999999999949e-01 1.381000000000000050e+01 5.421670000000000300e+01 1.206400000000000006e+02 5.284580000000000055e+00 5.977829999999999977e+00 -4.152350000000000207e+00 -4.730310000000000237e+00
2.066669999999999896e-01 4.839999999999999858e+00 2.046330000000000027e+01 6.668000000000000682e+01 8.186669999999999447e+00 2.535999999999999943e+01 4.299450000000000216e+00 5.223609999999999864e+00 -4.462640000000000384e+00 -3.404879999999999907e+00
5.179999999999999716e+00 1.992999999999999972e+01 4.723329999999999806e+00 1.511999999999999922e+01 7.080329999999999302e+01 1.290900000000000034e+02 4.932800000000000296e+00 5.940549999999999997e+00 -1.583890000000000020e+00 -4.305690000000000239e+00
1.393329999999999957e+00 4.790000000000000036e+00 3.935669999999999646e+01 9.604999999999999716e+01 1.056670000000000087e+01 6.129999999999999716e+01 4.168309999999999960e+00 2.044810000000000016e+00 -4.529080000000000439e+00 -4.702060000000000350e+00
7.823330000000000339e+00 2.728000000000000114e+01 5.643329999999999735e+00 3.639000000000000057e+01 2.173329999999999984e+01 5.678000000000000114e+01 4.280230000000000423e+00 4.198559999999999626e+00 -1.164900000000000047e+00 -2.098599999999999799e+00
1.510000000000000009e+00 1.150999999999999979e+01 1.254669999999999952e+01 3.428999999999999915e+01 9.966670000000000584e+00 6.451999999999999602e+01 4.475970000000000226e+00 5.345419999999999838e+00 -1.971659999999999968e+00 -2.147359999999999935e+00
3.270000000000000018e+00 1.022000000000000064e+01 4.553329999999999878e+00 3.642999999999999972e+01 7.493330000000000268e+00 2.983999999999999986e+01 2.973970000000000002e+00 4.032580000000000275e+00 -1.969929999999999959e+00 -4.788039999999999630e+00
1.176670000000000105e+00 1.139000000000000057e+01 4.303329999999999878e+00 1.776999999999999957e+01 5.855669999999999931e+01 1.206200000000000045e+02 4.684479999999999755e+00 5.715580000000000105e+00 -1.905939999999999968e+00 -1.759670000000000067e+00
1.113329999999999931e+00 5.480000000000000426e+00 1.811670000000000158e+01 6.214999999999999858e+01 8.443329999999999558e+00 3.653999999999999915e+01 3.975179999999999936e+00 3.482540000000000191e+00 -3.753420000000000201e+00 -4.733410000000000117e+00
4.419999999999999929e+00 1.814999999999999858e+01 5.259999999999999787e+00 2.246999999999999886e+01 7.873330000000000162e+00 4.009000000000000341e+01 5.933340000000000281e+00 5.608859999999999957e+00 -1.906689999999999996e+00 -3.801330000000000098e+00
1.600000000000000089e+00 7.389999999999999680e+00 3.953329999999999789e+00 2.330999999999999872e+01 4.978329999999999700e+01 9.229999999999999716e+01 2.574990000000000112e+00 4.704340000000000188e+00 -2.798799999999999955e+00 -4.676160000000000316e+00
1.139999999999999902e+00 7.570000000000000284e+00 2.707329999999999970e+01 6.028999999999999915e+01 1.166670000000000068e-01 2.816000000000000014e+01 3.885879999999999779e+00 3.450340000000000185e+00 -2.796879999999999811e+00 -2.711599999999999788e+00
7.616670000000000051e+00 2.019000000000000128e+01 0.000000000000000000e+00 1.728999999999999915e+01 1.735670000000000002e+01 4.457000000000000028e+01 3.353520000000000056e+00 2.270570000000000199e+00 -1.345250000000000057e+00 -1.705389999999999961e+00
0.000000000000000000e+00 5.910000000000000142e+00 9.839999999999999858e+00 2.655999999999999872e+01 1.101670000000000016e+01 5.417000000000000171e+01 2.084049999999999958e+00 3.499629999999999797e+00 -4.336289999999999978e+00 -1.711500000000000021e+00
2.993329999999999824e+00 8.689999999999999503e+00 5.996669999999999945e+00 3.243999999999999773e+01 2.353330000000000144e+00 2.832999999999999829e+01 3.953079999999999927e+00 3.395890000000000075e+00 -2.790500000000000203e+00 -4.756260000000000154e+00
1.840000000000000080e+00 1.077999999999999936e+01 1.143329999999999957e+00 1.657000000000000028e+01 1.866669999999999996e-01 2.928999999999999915e+01 2.021739999999999871e+00 4.699889999999999901e+00 -1.813010000000000010e+00 -2.700299999999999923e+00
4.299999999999999933e-01 5.780000000000000249e+00 1.000000000000000021e-02 1.782000000000000028e+01 2.149999999999999911e+00 2.426999999999999957e+01 2.306929999999999925e+00 5.402210000000000178e+00 -3.582120000000000193e+00 -3.297959999999999781e+00
1.333329999999999932e-02 6.200000000000000178e+00 1.139999999999999902e+00 1.457000000000000028e+01 4.903000000000000114e+01 1.043599999999999994e+02 3.844419999999999948e+00 3.731660000000000199e+00 -4.965489999999999959e+00 -1.534410000000000052e+00
4.733330000000000037e-01 4.990000000000000213e+00 2.410330000000000084e+01 6.377000000000000313e+01 2.033329999999999860e+00 2.571999999999999886e+01 2.424479999999999968e+00 2.536840000000000206e+00 -4.131910000000000416e+00 -3.253270000000000106e+00
5.879999999999999893e+00 1.828999999999999915e+01 1.100000000000000089e+00 1.526999999999999957e+01 7.343329999999999913e+00 5.243999999999999773e+01 4.183539999999999814e+00 4.338289999999999758e+00 -1.529060000000000086e+00 -3.828399999999999803e+00
3.900000000000000133e-01 5.259999999999999787e+00 3.569999999999999840e+00 3.121000000000000085e+01 7.683669999999999334e+01 1.321800000000000068e+02 3.163800000000000168e+00 4.794310000000000294e+00 -4.003070000000000128e+00 -3.516000000000000014e+00
9.799999999999999822e-01 1.013000000000000078e+01 5.011670000000000158e+01 1.068599999999999994e+02 9.339999999999999858e+00 4.342999999999999972e+01 2.575839999999999907e+00 4.138230000000000075e+00 -1.954939999999999900e+00 -1.319660000000000055e+00
1.379330000000000034e+01 4.114000000000000057e+01 5.106670000000000265e+00 2.573999999999999844e+01 2.069999999999999840e+00 2.935999999999999943e+01 4.119449999999999612e+00 5.482599999999999696e+00 -1.002539999999999987e+00 -4.436700000000000088e+00
1.563330000000000108e+00 8.349999999999999645e+00 9.300000000000000488e-01 1.773000000000000043e+01 3.310000000000000053e+00 2.694000000000000128e+01 3.360310000000000130e+00 5.869259999999999700e+00 -2.524199999999999999e+00 -4.555749999999999744e+00
1.666670000000000096e-01 5.750000000000000000e+00 1.780000000000000027e+00 1.585999999999999943e+01 3.431329999999999814e+01 7.273999999999999488e+01 2.254929999999999879e+00 2.197680000000000078e+00 -3.408310000000000173e+00 -2.022639999999999993e+00
5.600000000000000533e-01 5.299999999999999822e+00 1.971669999999999945e+01 4.678999999999999915e+01 1.666670000000000096e+00 2.960000000000000142e+01 4.794699999999999740e+00 5.124780000000000335e+00 -4.003790000000000404e+00 -4.230879999999999974e+00
5.946670000000000122e+00 1.610000000000000142e+01 7.633330000000000393e-01 1.753000000000000114e+01 1.226329999999999920e+01 5.335000000000000142e+01 2.015480000000000160e+00 2.259269999999999889e+00 -1.141610000000000014e+00 -1.967000000000000082e+00
2.466669999999999974e-01 6.080000000000000071e+00 6.313329999999999664e+00 3.139999999999999858e+01 1.229999999999999982e+00 2.880999999999999872e+01 3.851900000000000102e+00 3.341359999999999886e+00 -3.501829999999999998e+00 -2.130910000000000082e+00
1.883329999999999949e+00 1.044999999999999929e+01 5.933329999999999993e-01 1.739000000000000057e+01 2.333330000000000126e-02 2.912999999999999901e+01 4.136930000000000440e+00 3.877289999999999903e+00 -2.232850000000000001e+00 -2.428510000000000169e+00
1.533329999999999971e-01 5.769999999999999574e+00 3.333329999999999800e-03 1.801999999999999957e+01 2.520000000000000018e+00 3.528999999999999915e+01 3.222370000000000179e+00 5.056739999999999569e+00 -3.570689999999999920e+00 -2.306900000000000173e+00
0.000000000000000000e+00 6.139999999999999680e+00 1.486669999999999936e+00 2.171999999999999886e+01 9.150000000000000355e+00 5.774000000000000199e+01 2.013539999999999885e+00 5.290250000000000341e+00 -4.851709999999999745e+00 -1.509030000000000094e+00
3.833329999999999793e-01 7.049999999999999822e+00 4.459999999999999964e+00 3.438000000000000256e+01 5.333330000000000126e+00 2.803000000000000114e+01 3.109750000000000014e+00 5.353480000000000238e+00 -2.845250000000000057e+00 -2.092189999999999994e+00
9.499999999999999556e-01 1.015000000000000036e+01 3.233330000000000037e+00 1.700000000000000000e+01 2.217670000000000030e+01 7.898999999999999488e+01 2.770739999999999981e+00 4.133000000000000007e+00 -1.816019999999999968e+00 -1.286680000000000046e+00
1.016669999999999963e+00 5.690000000000000391e+00 8.423329999999999984e+00 4.182999999999999829e+01 1.996000000000000085e+01 8.404999999999999716e+01 3.237260000000000026e+00 2.749800000000000022e+00 -3.695759999999999934e+00 -3.701210000000000111e+00
2.416669999999999874e+00 1.343999999999999950e+01 9.193329999999999558e+00 4.846000000000000085e+01 1.007000000000000028e+01 4.722999999999999687e+01 4.420320000000000249e+00 3.043680000000000163e+00 -1.835939999999999905e+00 -1.062300000000000022e+00
2.363329999999999931e+00 1.524000000000000021e+01 5.426669999999999661e+00 2.769999999999999929e+01 4.310669999999999646e+01 7.143999999999999773e+01 3.661049999999999915e+00 4.610909999999999620e+00 -1.477100000000000080e+00 -1.603480000000000016e+00
1.429999999999999938e+00 8.630000000000000782e+00 2.728330000000000055e+01 4.735999999999999943e+01 3.163330000000000197e+00 3.945000000000000284e+01 5.880589999999999762e+00 4.106160000000000032e+00 -2.817800000000000082e+00 -2.887199999999999989e+00
8.976670000000000371e+00 1.662999999999999901e+01 1.443330000000000002e+00 2.333999999999999986e+01 1.164000000000000057e+01 5.884000000000000341e+01 2.029980000000000118e+00 2.590650000000000119e+00 -1.029279999999999973e+00 -4.040239999999999831e+00
4.899999999999999911e-01 7.950000000000000178e+00 5.616670000000000051e+00 3.368999999999999773e+01 9.196999999999999886e+01 9.970000000000000284e+01 3.180550000000000210e+00 4.483539999999999637e+00 -2.626020000000000021e+00 -1.522729999999999917e+00
1.610000000000000098e+00 1.110999999999999943e+01 7.290000000000000568e+01 7.920999999999999375e+01 4.000000000000000083e-02 2.819999999999999929e+01 4.557540000000000369e+00 4.157300000000000217e+00 -2.133599999999999941e+00 -1.906349999999999989e+00
3.498669999999999902e+01 3.909000000000000341e+01 2.333330000000000126e-02 1.757000000000000028e+01 3.655669999999999931e+01 7.250000000000000000e+01 5.865070000000000228e+00 2.322360000000000202e+00 -2.503490000000000215e+00 -4.519700000000000273e+00
6.666670000000000408e-03 5.990000000000000213e+00 2.130330000000000013e+01 4.497999999999999687e+01 9.986670000000000158e+00 5.178999999999999915e+01 4.009730000000000238e+00 5.542489999999999917e+00 -4.583440000000000403e+00 -1.624319999999999986e+00
5.796669999999999767e+00 1.351999999999999957e+01 5.343329999999999913e+00 3.051000000000000156e+01 1.320330000000000048e+01 5.110999999999999943e+01 3.437050000000000161e+00 3.524550000000000072e+00 -1.770769999999999955e+00 -4.854420000000000179e+00
1.313330000000000108e+00 9.080000000000000071e+00 6.776670000000000194e+00 2.935999999999999943e+01 4.641669999999999874e+01 1.001299999999999955e+02 4.192529999999999646e+00 4.582230000000000025e+00 -2.260390000000000121e+00 -2.553770000000000095e+00
2.259999999999999787e+00 1.007000000000000028e+01 1.289000000000000057e+01 4.621999999999999886e+01 1.520000000000000018e+00 2.616000000000000014e+01 3.310309999999999864e+00 4.445520000000000138e+00 -2.208050000000000068e+00 -3.578040000000000109e+00
2.470000000000000195e+00 1.181000000000000050e+01 7.199999999999999734e-01 1.538000000000000078e+01 6.399329999999999785e+01 9.807999999999999829e+01 5.792099999999999582e+00 3.579530000000000101e+00 -2.197620000000000129e+00 -2.242220000000000102e+00
2.933330000000000104e-01 5.360000000000000320e+00 3.907000000000000028e+01 7.156999999999999318e+01 1.343329999999999913e+00 2.769999999999999929e+01 5.796649999999999636e+00 5.222389999999999866e+00 -4.076150000000000162e+00 -3.220819999999999794e+00
1.186669999999999980e+01 2.510000000000000142e+01 6.199999999999999956e-01 1.646999999999999886e+01 0.000000000000000000e+00 2.898000000000000043e+01 4.035219999999999807e+00 2.228089999999999904e+00 -1.492809999999999970e+00 -2.084970000000000212e+00
2.466669999999999974e-01 5.719999999999999751e+00 2.000000000000000042e-02 1.773000000000000043e+01 7.466669999999999696e-01 2.498999999999999844e+01 4.666290000000000049e+00 5.762389999999999901e+00 -3.770430000000000170e+00 -2.746199999999999974e+00
0.000000000000000000e+00 6.150000000000000355e+00 5.100000000000000089e-01 1.508999999999999986e+01 4.500000000000000111e-01 2.582999999999999829e+01 4.303600000000000314e+00 4.676359999999999850e+00 -4.591569999999999929e+00 -1.527449999999999974e+00
1.900000000000000022e-01 5.209999999999999964e+00 1.400000000000000133e-01 1.556000000000000050e+01 1.998000000000000043e+01 4.777000000000000313e+01 4.326509999999999856e+00 2.583099999999999952e+00 -4.167169999999999597e+00 -2.607920000000000016e+00
1.166670000000000068e-01 5.400000000000000355e+00 1.066670000000000051e+01 2.808999999999999986e+01 8.269999999999999574e+00 5.604999999999999716e+01 5.651640000000000441e+00 2.802880000000000038e+00 -4.114539999999999864e+00 -2.270690000000000097e+00
3.350000000000000089e+00 9.369999999999999218e+00 4.200000000000000178e+00 3.314999999999999858e+01 2.806669999999999998e+00 2.441000000000000014e+01 3.828860000000000152e+00 2.411649999999999849e+00 -2.661500000000000199e+00 -3.301880000000000148e+00
1.100000000000000089e+00 1.041000000000000014e+01 1.526669999999999972e+00 1.461999999999999922e+01 7.276000000000000512e+01 1.026299999999999955e+02 3.296159999999999979e+00 5.576430000000000220e+00 -1.936620000000000008e+00 -1.995260000000000034e+00
5.533329999999999638e-01 4.969999999999999751e+00 5.082330000000000325e+01 7.787999999999999545e+01 4.666669999999999846e-02 2.841000000000000014e+01 2.745849999999999902e+00 2.693049999999999944e+00 -4.179280000000000328e+00 -3.594660000000000188e+00
1.779670000000000130e+01 3.332000000000000028e+01 2.999999999999999889e-02 1.730000000000000071e+01 4.370329999999999870e+01 1.107699999999999960e+02 3.561830000000000052e+00 2.105329999999999924e+00 -1.110889999999999933e+00 -2.032970000000000166e+00
4.666669999999999846e-02 5.929999999999999716e+00 2.050000000000000000e+01 6.484000000000000341e+01 8.329330000000000211e+01 1.052099999999999937e+02 2.279770000000000074e+00 4.055690000000000239e+00 -4.959800000000000431e+00 -1.628290000000000015e+00
6.033330000000000304e+00 2.189000000000000057e+01 5.995329999999999870e+01 8.314000000000000057e+01 1.585670000000000002e+01 5.677000000000000313e+01 3.945399999999999796e+00 5.743769999999999598e+00 -1.327839999999999909e+00 -4.319440000000000168e+00
1.921330000000000027e+01 3.309000000000000341e+01 8.503330000000000055e+00 3.318999999999999773e+01 2.446670000000000122e+00 2.242999999999999972e+01 5.229870000000000019e+00 2.166770000000000085e+00 -1.990809999999999969e+00 -2.400450000000000195e+00
2.733330000000000037e+00 1.126999999999999957e+01 1.276669999999999972e+00 1.317999999999999972e+01 4.693329999999999558e+00 2.421000000000000085e+01 4.445630000000000415e+00 5.714430000000000121e+00 -2.262880000000000003e+00 -4.846580000000000332e+00
5.133330000000000393e-01 4.490000000000000213e+00 2.696670000000000122e+00 1.455000000000000071e+01 5.692329999999999757e+01 1.001400000000000006e+02 4.444420000000000037e+00 3.881270000000000220e+00 -4.664390000000000036e+00 -4.515119999999999578e+00
8.833330000000000348e-01 4.750000000000000000e+00 3.247670000000000101e+01 6.568999999999999773e+01 6.071670000000000300e+01 1.273199999999999932e+02 4.830809999999999604e+00 3.062390000000000168e+00 -4.555880000000000152e+00 -4.690669999999999895e+00
9.866669999999999163e+00 2.166000000000000014e+01 2.871000000000000085e+01 8.187000000000000455e+01 8.943329999999999558e+00 4.009000000000000341e+01 4.165429999999999744e+00 3.957269999999999843e+00 -1.610460000000000003e+00 -4.958079999999999821e+00
7.236670000000000158e+00 2.535999999999999943e+01 5.163330000000000197e+00 2.407000000000000028e+01 2.988329999999999842e+01 5.063000000000000256e+01 4.476329999999999920e+00 5.253650000000000375e+00 -1.345369999999999955e+00 -3.799960000000000004e+00
1.483330000000000037e+00 7.790000000000000036e+00 1.755669999999999931e+01 3.108999999999999986e+01 1.601000000000000156e+01 7.381999999999999318e+01 2.731209999999999916e+00 3.905780000000000030e+00 -2.604950000000000099e+00 -3.464830000000000076e+00
4.966669999999999696e+00 9.669999999999999929e+00 7.443329999999999558e+00 4.286999999999999744e+01 1.166670000000000068e-01 3.222999999999999687e+01 2.781320000000000014e+00 2.549650000000000194e+00 -2.137239999999999807e+00 -4.975179999999999936e+00
1.943330000000000002e+00 1.349000000000000021e+01 3.333330000000000320e-02 2.007999999999999829e+01 6.053329999999999878e+00 2.655000000000000071e+01 3.175180000000000113e+00 3.586619999999999919e+00 -1.550699999999999967e+00 -1.048519999999999897e+00
2.333330000000000126e-02 7.019999999999999574e+00 3.160000000000000142e+00 1.550000000000000000e+01 2.509999999999999787e+00 2.603999999999999915e+01 2.845829999999999860e+00 5.012979999999999769e+00 -3.266709999999999781e+00 -1.041390000000000038e+00
9.799999999999999822e-01 5.209999999999999964e+00 1.523330000000000073e+00 1.571000000000000085e+01 1.663329999999999975e+00 3.338000000000000256e+01 3.785229999999999873e+00 2.195930000000000160e+00 -4.088499999999999801e+00 -3.860660000000000203e+00
4.433329999999999771e-01 5.269999999999999574e+00 8.299999999999999600e-01 1.991000000000000014e+01 9.913330000000000197e+00 4.200999999999999801e+01 5.465250000000000163e+00 4.478349999999999831e+00 -4.160230000000000317e+00 -3.756600000000000161e+00
2.866670000000000051e-01 6.870000000000000107e+00 5.666669999999999874e+00 2.512000000000000099e+01 1.006669999999999954e+00 2.382000000000000028e+01 2.956259999999999888e+00 5.531189999999999607e+00 -3.057049999999999823e+00 -1.931040000000000090e+00
1.796669999999999989e+00 8.380000000000000782e+00 4.199999999999999845e-01 1.416999999999999993e+01 3.992329999999999757e+01 8.275000000000000000e+01 2.616270000000000095e+00 5.558980000000000032e+00 -2.461889999999999912e+00 -4.925849999999999618e+00
1.433329999999999882e-01 4.799999999999999822e+00 1.983670000000000044e+01 4.724000000000000199e+01 9.076670000000000016e+00 4.715999999999999659e+01 4.753980000000000317e+00 3.369089999999999918e+00 -4.406220000000000248e+00 -3.065939999999999888e+00
5.709999999999999964e+00 1.509999999999999964e+01 4.363330000000000375e+00 2.725000000000000000e+01 1.241999999999999993e+01 4.972999999999999687e+01 5.074840000000000018e+00 3.709470000000000045e+00 -2.274550000000000072e+00 -4.249469999999999636e+00
1.033330000000000082e+00 8.210000000000000853e+00 6.793330000000000091e+00 2.933999999999999986e+01 1.433329999999999882e-01 2.621000000000000085e+01 4.884619999999999962e+00 3.161509999999999820e+00 -2.602669999999999817e+00 -1.845129999999999937e+00
2.080000000000000071e+00 9.689999999999999503e+00 2.333330000000000126e-02 1.591999999999999993e+01 8.399999999999999689e-01 2.182000000000000028e+01 4.614200000000000301e+00 4.973359999999999559e+00 -2.545259999999999856e+00 -4.071449999999999569e+00
9.333329999999999405e-02 5.599999999999999645e+00 2.366669999999999885e-01 1.277999999999999936e+01 1.996669999999999945e+00 2.196000000000000085e+01 5.208499999999999908e+00 2.744740000000000180e+00 -4.024140000000000050e+00 -2.102739999999999831e+00
1.433329999999999882e-01 4.459999999999999964e+00 1.503330000000000055e+00 1.390000000000000036e+01 9.742669999999999675e+01 1.354099999999999966e+02 5.646620000000000417e+00 3.511969999999999814e+00 -4.843930000000000291e+00 -3.531489999999999796e+00
3.566670000000000118e-01 4.480000000000000426e+00 6.508669999999999334e+01 9.612000000000000455e+01 4.045000000000000284e+01 1.012000000000000028e+02 2.588719999999999910e+00 3.858519999999999950e+00 -4.631700000000000372e+00 -4.317040000000000433e+00
2.571000000000000085e+01 4.178000000000000114e+01 2.082329999999999970e+01 6.178999999999999915e+01 2.069999999999999840e+00 2.316000000000000014e+01 5.978259999999999685e+00 5.534430000000000405e+00 -1.137180000000000080e+00 -3.678310000000000191e+00
6.323330000000000339e+00 2.071999999999999886e+01 1.613329999999999931e+00 1.465000000000000036e+01 6.333330000000000348e-01 2.857999999999999829e+01 3.766039999999999832e+00 5.219839999999999591e+00 -1.387410000000000032e+00 -4.430699999999999861e+00
4.266670000000000185e-01 4.700000000000000178e+00 2.933330000000000104e-01 1.710000000000000142e+01 2.390000000000000124e+00 3.014000000000000057e+01 2.268689999999999873e+00 5.981320000000000192e+00 -4.398039999999999949e+00 -4.764260000000000161e+00
1.333330000000000071e-01 5.990000000000000213e+00 1.283330000000000082e+00 1.819000000000000128e+01 2.408999999999999986e+01 7.685999999999999943e+01 5.100229999999999819e+00 5.444670000000000343e+00 -3.623120000000000118e+00 -2.094739999999999824e+00
3.300000000000000155e-01 5.860000000000000320e+00 1.140329999999999977e+01 4.338000000000000256e+01 9.060000000000000497e+00 4.013000000000000256e+01 2.032560000000000144e+00 5.483469999999999622e+00 -3.324419999999999931e+00 -2.916529999999999845e+00
3.023330000000000073e+00 1.308000000000000007e+01 5.059999999999999609e+00 2.371000000000000085e+01 6.534000000000000341e+01 1.309900000000000091e+02 4.511180000000000412e+00 4.746269999999999989e+00 -1.903550000000000075e+00 -3.383849999999999802e+00
1.633329999999999949e+00 7.980000000000000426e+00 3.562669999999999959e+01 1.055600000000000023e+02 3.333330000000000320e-02 2.767999999999999972e+01 3.170319999999999805e+00 5.026600000000000179e+00 -2.691230000000000011e+00 -4.430640000000000356e+00
5.463330000000000020e+00 2.642000000000000171e+01 0.000000000000000000e+00 1.710000000000000142e+01 4.066670000000000007e-01 2.330999999999999872e+01 4.528419999999999668e+00 5.730739999999999945e+00 -1.106840000000000046e+00 -2.428770000000000095e+00
0.000000000000000000e+00 5.870000000000000107e+00 2.899999999999999800e-01 1.421000000000000085e+01 4.966669999999999696e+00 4.384000000000000341e+01 4.823140000000000427e+00 5.296240000000000059e+00 -4.732649999999999579e+00 -1.743279999999999941e+00
0.000000000000000000e+00 4.570000000000000284e+00 2.720000000000000195e+00 2.676999999999999957e+01 4.899999999999999911e-01 2.132999999999999829e+01 5.464529999999999887e+00 3.905600000000000183e+00 -4.539950000000000152e+00 -2.899340000000000028e+00
7.933329999999999549e-01 8.910000000000000142e+00 5.000000000000000278e-02 1.274000000000000021e+01 5.563329999999999664e+00 3.482999999999999829e+01 3.377759999999999874e+00 3.689389999999999947e+00 -2.368320000000000203e+00 -1.371609999999999996e+00
1.733329999999999871e-01 4.440000000000000391e+00 2.959999999999999964e+00 2.067000000000000171e+01 2.493329999999999824e+00 2.414999999999999858e+01 3.130900000000000016e+00 2.308549999999999880e+00 -4.898670000000000080e+00 -3.353239999999999998e+00
9.066670000000000007e-01 6.830000000000000071e+00 1.343329999999999913e+00 1.436999999999999922e+01 5.733329999999999815e-01 3.028000000000000114e+01 4.950350000000000250e+00 5.023659999999999570e+00 -3.274300000000000210e+00 -3.665519999999999889e+00
4.266670000000000185e-01 4.870000000000000107e+00 7.333330000000000404e-02 1.803000000000000114e+01 4.903330000000000410e+00 3.293999999999999773e+01 3.164810000000000123e+00 3.132379999999999942e+00 -4.259470000000000312e+00 -3.654510000000000147e+00
6.666670000000000408e-03 6.190000000000000391e+00 2.379999999999999893e+00 1.971999999999999886e+01 5.876669999999999838e+00 2.994999999999999929e+01 5.794880000000000031e+00 4.128070000000000128e+00 -3.418689999999999785e+00 -1.551420000000000021e+00
6.899999999999999467e-01 6.469999999999999751e+00 2.919999999999999929e+00 1.723000000000000043e+01 8.390000000000000568e+00 3.317000000000000171e+01 3.051849999999999952e+00 2.224279999999999813e+00 -3.150279999999999969e+00 -2.145070000000000032e+00
1.050000000000000044e+00 5.950000000000000178e+00 4.623330000000000162e+00 1.969999999999999929e+01 4.839330000000000354e+01 8.670999999999999375e+01 3.296120000000000161e+00 3.073739999999999917e+00 -3.547169999999999934e+00 -3.609579999999999789e+00
1.403329999999999966e+00 6.389999999999999680e+00 2.487330000000000041e+01 5.177000000000000313e+01 2.817999999999999972e+01 8.393000000000000682e+01 2.392269999999999897e+00 3.073890000000000011e+00 -3.059680000000000177e+00 -3.838360000000000216e+00
7.473329999999999806e+00 1.696999999999999886e+01 1.208000000000000007e+01 4.400000000000000000e+01 1.989999999999999991e+00 3.457000000000000028e+01 4.912279999999999980e+00 2.920780000000000154e+00 -2.221690000000000165e+00 -3.593080000000000052e+00
3.283329999999999860e+00 1.346000000000000085e+01 9.466670000000000362e-01 2.064000000000000057e+01 2.993329999999999824e+00 2.810000000000000142e+01 5.808650000000000091e+00 4.828960000000000363e+00 -2.222859999999999836e+00 -3.556680000000000064e+00
3.099999999999999978e-01 7.080000000000000071e+00 1.729999999999999982e+00 1.685000000000000142e+01 1.114329999999999998e+01 4.295000000000000284e+01 4.175489999999999924e+00 5.112449999999999939e+00 -3.019229999999999858e+00 -1.809909999999999908e+00
5.300000000000000266e-01 5.620000000000000107e+00 6.160000000000000142e+00 2.542000000000000171e+01 5.833329999999999904e-01 3.334000000000000341e+01 5.109659999999999869e+00 5.343069999999999986e+00 -3.863500000000000156e+00 -3.837769999999999904e+00
1.846670000000000034e+00 8.199999999999999289e+00 2.233330000000000037e-01 2.039000000000000057e+01 2.193330000000000002e+00 3.564000000000000057e+01 3.987519999999999953e+00 4.968899999999999650e+00 -2.747520000000000184e+00 -4.730080000000000062e+00
6.666669999999999541e-02 7.080000000000000071e+00 1.083329999999999904e+00 2.137000000000000099e+01 1.286669999999999980e+01 3.452000000000000313e+01 2.713630000000000209e+00 5.349599999999999689e+00 -3.068099999999999827e+00 -1.177419999999999911e+00
1.900000000000000022e-01 6.450000000000000178e+00 6.589999999999999858e+00 2.000000000000000000e+01 1.463330000000000020e+00 3.536999999999999744e+01 5.177769999999999762e+00 5.747790000000000177e+00 -2.984100000000000197e+00 -1.874770000000000048e+00
2.180000000000000160e+00 6.769999999999999574e+00 5.233330000000000481e-01 2.101999999999999957e+01 4.996669999999999945e+00 3.393999999999999773e+01 3.870849999999999902e+00 2.224569999999999936e+00 -3.432449999999999779e+00 -3.827500000000000124e+00
1.666670000000000096e-01 7.309999999999999609e+00 2.523330000000000073e+00 1.982000000000000028e+01 1.333329999999999932e-02 2.946000000000000085e+01 3.509409999999999918e+00 3.757859999999999978e+00 -2.906789999999999985e+00 -1.168220000000000036e+00
8.199999999999999512e-01 6.809999999999999609e+00 9.333329999999999405e-02 1.848999999999999844e+01 2.842000000000000171e+01 7.381000000000000227e+01 2.508270000000000000e+00 3.655670000000000197e+00 -2.979070000000000107e+00 -2.793489999999999807e+00
6.666670000000000408e-03 6.280000000000000249e+00 1.451329999999999920e+01 4.278999999999999915e+01 2.000000000000000042e-02 2.960999999999999943e+01 4.988590000000000302e+00 3.233789999999999942e+00 -4.645710000000000228e+00 -1.394400000000000084e+00
