4.666669999999999985e-01 3.919999999999999929e+00 9.266670000000000185e-01 1.115000000000000036e+01 5.599999999999999645e+00 2.285999999999999943e+01 3.287300000000000111e+00 4.055270000000000152e+00 -5.062999999999999723e+00 -5.407919999999999838e+00
3.099999999999999978e-01 3.649999999999999911e+00 2.870000000000000107e+00 1.334999999999999964e+01 9.233329999999999593e-01 1.951000000000000156e+01 2.299469999999999903e+00 4.275900000000000034e+00 -5.493640000000000079e+00 -5.522310000000000052e+00
1.076670000000000016e+00 4.500000000000000000e+00 5.233330000000000481e-01 1.163000000000000078e+01 3.120000000000000107e+00 2.005000000000000071e+01 6.538120000000000154e+00 2.437889999999999890e+00 -5.339870000000000339e+00 -5.028330000000000410e+00
1.700000000000000122e-01 3.910000000000000142e+00 2.156670000000000087e+00 1.256000000000000050e+01 1.219999999999999973e+00 1.964000000000000057e+01 2.414200000000000124e+00 7.914240000000000386e+00 -5.264809999999999768e+00 -5.239309999999999690e+00
5.166669999999999874e-01 3.890000000000000124e+00 6.966670000000000362e-01 1.183000000000000007e+01 1.132670000000000066e+01 2.626999999999999957e+01 6.993570000000000064e+00 3.434210000000000207e+00 -5.706129999999999924e+00 -5.635979999999999990e+00
2.266670000000000074e-01 3.930000000000000160e+00 5.873330000000000162e+00 1.508000000000000007e+01 7.896670000000000300e+00 2.342999999999999972e+01 3.823929999999999829e+00 7.648830000000000240e+00 -5.264079999999999870e+00 -5.489749999999999908e+00
1.260000000000000009e+00 4.379999999999999893e+00 4.966669999999999696e+00 1.432000000000000028e+01 1.000000000000000000e+00 1.844000000000000128e+01 6.805640000000000356e+00 2.277690000000000214e+00 -5.608109999999999928e+00 -5.702869999999999884e+00
7.066670000000000451e-01 3.919999999999999929e+00 5.233330000000000481e-01 1.102999999999999936e+01 1.556669999999999998e+00 1.846000000000000085e+01 7.759979999999999656e+00 2.045430000000000081e+00 -5.939589999999999925e+00 -5.299920000000000186e+00
2.000000000000000111e-01 3.680000000000000160e+00 8.966669999999999918e-01 1.107000000000000028e+01 8.299999999999999600e-01 1.737999999999999901e+01 4.791089999999999627e+00 5.030669999999999753e+00 -5.695339999999999847e+00 -5.121400000000000396e+00
3.733330000000000259e-01 3.660000000000000142e+00 5.333329999999999460e-01 1.060999999999999943e+01 1.790000000000000036e+00 1.810999999999999943e+01 5.561469999999999914e+00 3.666640000000000121e+00 -5.753049999999999997e+00 -5.356910000000000061e+00
2.033330000000000137e-01 3.490000000000000213e+00 1.096670000000000034e+00 1.088000000000000078e+01 9.066670000000000007e-01 1.926000000000000156e+01 4.027960000000000207e+00 7.093479999999999563e+00 -5.946150000000000269e+00 -5.888829999999999565e+00
4.233330000000000148e-01 3.640000000000000124e+00 5.400000000000000355e-01 1.141999999999999993e+01 8.900000000000000133e-01 1.787999999999999901e+01 6.293140000000000178e+00 3.294890000000000096e+00 -5.990199999999999747e+00 -5.596300000000000274e+00
1.866669999999999996e-01 3.799999999999999822e+00 5.033330000000000304e-01 1.078999999999999915e+01 9.566670000000000451e-01 1.732000000000000028e+01 4.274309999999999832e+00 6.904519999999999769e+00 -5.416030000000000122e+00 -5.093759999999999621e+00
1.733329999999999871e-01 3.629999999999999893e+00 5.266669999999999963e-01 1.040000000000000036e+01 1.066670000000000007e+00 1.901999999999999957e+01 4.407790000000000319e+00 4.829150000000000276e+00 -5.825660000000000061e+00 -5.283079999999999998e+00
1.866669999999999996e-01 3.459999999999999964e+00 5.833329999999999904e-01 1.126999999999999957e+01 1.313330000000000108e+00 1.871999999999999886e+01 3.371999999999999886e+00 6.227640000000000065e+00 -5.947359999999999758e+00 -5.899770000000000181e+00
1.900000000000000022e-01 3.750000000000000000e+00 8.233329999999999815e-01 1.136999999999999922e+01 5.540000000000000036e+00 2.417999999999999972e+01 7.886149999999999771e+00 6.216689999999999827e+00 -5.697460000000000413e+00 -5.298770000000000202e+00
3.066670000000000229e-01 3.759999999999999787e+00 2.919999999999999929e+00 1.398000000000000043e+01 1.236669999999999936e+00 1.975000000000000000e+01 5.281850000000000378e+00 5.365610000000000213e+00 -5.592660000000000409e+00 -5.503529999999999589e+00
1.086670000000000025e+00 4.799999999999999822e+00 7.566669999999999785e-01 1.196000000000000085e+01 1.219999999999999973e+00 1.953999999999999915e+01 7.387609999999999566e+00 3.927799999999999958e+00 -5.254769999999999719e+00 -5.885259999999999714e+00
