Data generated at Sun Jun  2 11:26:19 2019


3.12952 4.46634 -1.85101 -1.52779 1000 1000 0 0 0 0
3.61562 2.66314 -2.80469 -3.88186 1000 1000 0 0 0 0
5.00038 3.59115 -1.22308 -3.53859 1000 1000 0 0 0 0
5.97414 3.58413 -2.91318 -1.81568 1000 1000 0 0 0 0
5.20704 4.60086 -3.2461 -4.96601 1000 1000 0 0 0 0
4.55628 5.22458 -4.7578 -1.57425 1000 1000 0 0 0 0
3.96233 4.43133 -2.82081 -3.2594 1000 1000 0 0 0 0
4.2709 4.26264 -4.08574 -2.47976 1000 1000 0 0 0 0
4.12076 3.41672 -2.21235 -4.27392 1000 1000 0 0 0 0
4.61659 2.36111 -4.23467 -4.90962 1000 1000 0 0 0 0
2.70851 5.8785 -4.22846 -4.46215 1000 1000 0 0 0 0
3.76529 4.82417 -2.82453 -3.99135 1000 1000 0 0 0 0
5.04537 4.36798 -4.17099 -2.26622 1000 1000 0 0 0 0
2.45349 5.99119 -1.34799 -2.07908 1000 1000 0 0 0 0
2.18541 3.27388 -3.61076 -3.1184 1000 1000 0 0 0 0
4.86405 2.90175 -4.92753 -1.75684 1000 1000 0 0 0 0
3.09834 2.32371 -4.08486 -1.50979 1000 1000 0 0 0 0
3.20998 4.6277 -2.0489 -4.56391 1000 1000 0 0 0 0
2.73965 3.70663 -3.53012 -2.73217 1000 1000 0 0 0 0
5.78335 5.97476 -4.84944 -1.81446 1000 1000 0 0 0 0
4.65883 3.51576 -1.84823 -3.07401 1000 1000 0 0 0 0
2.31533 2.65938 -4.39785 -2.87294 1000 1000 0 0 0 0
4.0597 4.41994 -1.43989 -4.39362 1000 1000 0 0 0 0
4.77578 4.04796 -2.48531 -1.45917 1000 1000 0 0 0 0
5.82153 5.10657 -1.88459 -2.18579 1000 1000 0 0 0 0
3.54405 2.86136 -2.6087 -1.50431 1000 1000 0 0 0 0
4.1364 3.891 -3.27497 -2.88099 1000 1000 0 0 0 0
5.75504 2.40541 -1.32352 -1.52039 1000 1000 0 0 0 0
5.96817 5.75236 -4.14622 -2.69452 1000 1000 0 0 0 0
4.20068 2.16397 -4.55932 -1.2077 1000 1000 0 0 0 0
2.1866 4.8446 -2.81424 -1.75824 1000 1000 0 0 0 0
5.47781 5.32951 -1.81801 -3.45001 1000 1000 0 0 0 0
5.20885 3.56125 -2.26418 -4.55283 1000 1000 0 0 0 0
2.24495 2.70739 -3.28233 -3.43427 1000 1000 0 0 0 0
5.40558 2.04835 -1.77896 -4.37446 1000 1000 0 0 0 0
4.67398 3.64922 -4.58327 -3.95633 1000 1000 0 0 0 0
3.91222 2.92305 -2.85099 -4.16708 1000 1000 0 0 0 0
5.08936 4.37366 -1.90675 -4.09717 1000 1000 0 0 0 0
5.64389 2.91063 -1.21374 -3.3063 1000 1000 0 0 0 0
5.69658 4.93679 -2.20752 -2.09272 1000 1000 0 0 0 0
3.0449 3.61943 -2.28972 -4.36643 1000 1000 0 0 0 0
4.47966 2.13697 -1.58279 -2.08873 1000 1000 0 0 0 0
2.25958 3.09267 -1.12874 -1.9074 1000 1000 0 0 0 0
3.84397 5.80246 -1.6523 -4.78051 1000 1000 0 0 0 0
5.77243 2.41402 -3.90737 -4.57794 1000 1000 0 0 0 0
5.7899 5.1013 -4.21639 -3.93376 1000 1000 0 0 0 0
5.50486 5.30583 -2.5352 -4.6303 1000 1000 0 0 0 0
5.3019 2.78913 -3.9167 -2.73965 1000 1000 0 0 0 0
3.37376 4.26496 -1.82276 -1.6124 1000 1000 0 0 0 0
3.74624 5.96429 -3.70852 -3.13982 1000 1000 0 0 0 0
4.49951 3.07696 -2.11406 -1.89613 1000 1000 0 0 0 0
5.38131 3.86042 -2.38333 -2.29258 1000 1000 0 0 0 0
4.03652 2.04925 -2.91288 -4.71482 1000 1000 0 0 0 0
5.18179 4.08304 -1.00388 -1.25888 1000 1000 0 0 0 0
5.37036 2.39858 -3.90048 -2.7747 1000 1000 0 0 0 0
3.17493 2.53796 -1.66615 -3.56236 1000 1000 0 0 0 0
4.60526 3.75886 -3.50244 -2.71272 1000 1000 0 0 0 0
3.29704 3.61961 -2.81163 -4.02546 1000 1000 0 0 0 0
2.12396 2.68126 -4.67249 -2.53053 1000 1000 0 0 0 0
5.95646 2.65429 -1.29099 -2.75252 1000 1000 0 0 0 0
2.61745 5.96754 -4.77802 -2.0983 1000 1000 0 0 0 0
2.37176 4.97294 -2.66484 -2.04202 1000 1000 0 0 0 0
3.70754 4.7747 -1.61167 -1.67386 1000 1000 0 0 0 0
3.27412 4.84937 -2.68211 -4.58801 1000 1000 0 0 0 0
5.49559 3.65365 -3.09859 -2.70873 1000 1000 0 0 0 0
2.13038 5.58091 -4.8918 -2.57764 1000 1000 0 0 0 0
2.08644 5.89871 -4.75317 -3.28644 1000 1000 0 0 0 0
3.25533 5.89397 -3.37315 -4.89377 1000 1000 0 0 0 0
4.48766 4.56304 -2.57585 -4.86627 1000 1000 0 0 0 0
3.81739 5.44403 -4.83486 -1.9872 1000 1000 0 0 0 0
3.85779 4.12383 -1.22201 -3.81348 1000 1000 0 0 0 0
3.37939 5.93007 -1.68357 -2.35812 1000 1000 0 0 0 0
3.3046 5.94176 -4.68548 -1.06881 1000 1000 0 0 0 0
5.75093 2.68155 -1.79093 -2.8015 1000 1000 0 0 0 0
3.03029 3.78509 -4.27549 -1.24443 1000 1000 0 0 0 0
4.60622 2.12324 -3.70191 -1.6893 1000 1000 0 0 0 0
3.22065 2.7285 -1.10803 -4.19515 1000 1000 0 0 0 0
3.24673 4.33959 -3.70843 -1.63051 1000 1000 0 0 0 0
3.19782 5.5413 -3.60511 -3.73714 1000 1000 0 0 0 0
5.23625 2.02053 -3.23425 -2.46354 1000 1000 0 0 0 0
4.38774 4.40943 -2.40575 -4.88085 1000 1000 0 0 0 0
5.00962 4.69831 -4.3018 -3.95725 1000 1000 0 0 0 0
5.22244 3.26461 -3.06582 -1.45361 1000 1000 0 0 0 0
5.74884 4.4045 -1.1219 -3.29606 1000 1000 0 0 0 0
2.89563 5.74156 -1.2227 -4.38095 1000 1000 0 0 0 0
3.84521 3.50426 -4.77811 -2.41962 1000 1000 0 0 0 0
2.23032 2.4131 -4.2427 -3.7664 1000 1000 0 0 0 0
4.22888 5.516 -3.39369 -2.61497 1000 1000 0 0 0 0
2.35202 5.36851 -3.54333 -4.58915 1000 1000 0 0 0 0
3.14261 5.9022 -2.39228 -4.3237 1000 1000 0 0 0 0
5.36738 5.86594 -1.16647 -1.75847 1000 1000 0 0 0 0
3.79116 3.3301 -3.77127 -4.77442 1000 1000 0 0 0 0
5.65517 2.39045 -3.31045 -4.39435 1000 1000 0 0 0 0
2.63541 3.01003 -3.16905 -1.27262 1000 1000 0 0 0 0
3.41062 4.51663 -1.31023 -2.43175 1000 1000 0 0 0 0
4.35175 3.99505 -2.03719 -4.83734 1000 1000 0 0 0 0
2.65111 4.88216 -3.32926 -4.12911 1000 1000 0 0 0 0
2.3416 3.24242 -4.44845 -4.55144 1000 1000 0 0 0 0
2.14737 2.45675 -1.02891 -4.49757 1000 1000 0 0 0 0
5.72468 4.21692 -3.73593 -2.10742 1000 1000 0 0 0 0
4.92486 3.1968 -4.3032 -4.79036 1000 1000 0 0 0 0
4.12861 2.10649 -2.92893 -2.47932 1000 1000 0 0 0 0
5.59696 5.59301 -4.53709 -1.74518 1000 1000 0 0 0 0
4.52005 3.94044 -4.40201 -3.46215 1000 1000 0 0 0 0
2.69171 4.40755 -4.00039 -4.05747 1000 1000 0 0 0 0
4.76584 5.236 -2.75888 -1.16593 1000 1000 0 0 0 0
2.30082 5.25332 -4.99657 -4.83526 1000 1000 0 0 0 0
2.53627 4.10295 -4.92292 -4.23918 1000 1000 0 0 0 0
2.87615 5.20511 -2.68726 -3.50871 1000 1000 0 0 0 0
3.45812 4.15599 -2.27202 -4.6961 1000 1000 0 0 0 0
3.83095 5.45013 -1.39062 -1.55067 1000 1000 0 0 0 0
5.36192 3.13373 -1.09307 -3.96019 1000 1000 0 0 0 0
3.69588 5.53526 -4.84146 -2.05301 1000 1000 0 0 0 0
2.78856 3.00119 -1.59929 -1.2637 1000 1000 0 0 0 0
5.64758 2.63687 -4.24307 -1.29351 1000 1000 0 0 0 0
3.2485 5.05449 -3.646 -2.62665 1000 1000 0 0 0 0
4.29104 5.52467 -4.85433 -3.57243 1000 1000 0 0 0 0
3.59248 4.59383 -1.81797 -4.18467 1000 1000 0 0 0 0
4.56678 4.19229 -4.20467 -4.84342 1000 1000 0 0 0 0
3.54868 4.56245 -3.51698 -4.66404 1000 1000 0 0 0 0
5.33039 2.02551 -3.28933 -4.52159 1000 1000 0 0 0 0
3.74896 4.70153 -4.45482 -1.29897 1000 1000 0 0 0 0
4.22601 4.6387 -1.31115 -1.30745 1000 1000 0 0 0 0
3.25874 5.05681 -4.95664 -4.24858 1000 1000 0 0 0 0
5.18392 3.72815 -2.05436 -1.27708 1000 1000 0 0 0 0
4.33173 2.70421 -4.02011 -1.82235 1000 1000 0 0 0 0
5.4272 5.74101 -4.27593 -1.58555 1000 1000 0 0 0 0
3.52396 2.42861 -3.55931 -4.90085 1000 1000 0 0 0 0
2.26717 5.20644 -2.59419 -2.98671 1000 1000 0 0 0 0
2.55025 2.68915 -2.03084 -4.64119 1000 1000 0 0 0 0
5.47786 4.46671 -1.15696 -1.34408 1000 1000 0 0 0 0
3.22004 2.69787 -1.56012 -1.31073 1000 1000 0 0 0 0
3.41513 5.06192 -3.24315 -4.5644 1000 1000 0 0 0 0
4.54009 2.19115 -3.69399 -1.76256 1000 1000 0 0 0 0
4.30399 3.30637 -3.18766 -4.85763 1000 1000 0 0 0 0
3.22413 5.09277 -4.51126 -2.00632 1000 1000 0 0 0 0
4.15117 5.2291 -4.88899 -3.16561 1000 1000 0 0 0 0
5.06142 4.80656 -3.59651 -4.81645 1000 1000 0 0 0 0
4.95522 2.36215 -4.98236 -2.49211 1000 1000 0 0 0 0
2.68571 2.9764 -1.79176 -1.30013 1000 1000 0 0 0 0
5.6374 5.59335 -4.33479 -2.31357 1000 1000 0 0 0 0
2.07736 3.65237 -2.14305 -2.25887 1000 1000 0 0 0 0
3.06679 4.53095 -4.73372 -2.1697 1000 1000 0 0 0 0
2.54489 2.0626 -1.07084 -2.55858 1000 1000 0 0 0 0
3.37412 4.73416 -3.44209 -1.43506 1000 1000 0 0 0 0
4.92588 4.97872 -2.3148 -1.95051 1000 1000 0 0 0 0
2.54876 2.53574 -2.6636 -1.04816 1000 1000 0 0 0 0
5.77919 5.93165 -2.71795 -1.63675 1000 1000 0 0 0 0
5.88889 5.57665 -1.9723 -4.90155 1000 1000 0 0 0 0
4.8966 5.93074 -2.61795 -1.36295 1000 1000 0 0 0 0
2.68685 2.89534 -3.28654 -2.33143 1000 1000 0 0 0 0
3.13091 4.03586 -2.37954 -3.61117 1000 1000 0 0 0 0
5.16506 5.5469 -2.34024 -4.92828 1000 1000 0 0 0 0
2.90386 3.73357 -3.92875 -2.80121 1000 1000 0 0 0 0
5.03709 3.04944 -3.29004 -3.21895 1000 1000 0 0 0 0
3.48123 3.28015 -1.62272 -1.80963 1000 1000 0 0 0 0
3.46346 4.51218 -1.37507 -2.95681 1000 1000 0 0 0 0
3.89379 5.19449 -4.96322 -1.84186 1000 1000 0 0 0 0
5.23387 5.65729 -2.5061 -3.32643 1000 1000 0 0 0 0
4.35218 3.22869 -1.73553 -3.0846 1000 1000 0 0 0 0
2.0709 4.47824 -4.67251 -3.88517 1000 1000 0 0 0 0
5.61533 4.451 -1.3127 -4.25704 1000 1000 0 0 0 0
2.15125 2.5796 -2.56085 -4.6525 1000 1000 0 0 0 0
3.88376 4.41516 -1.20362 -2.59492 1000 1000 0 0 0 0
3.66321 3.44985 -2.66112 -2.75091 1000 1000 0 0 0 0
2.31002 3.18005 -1.79052 -4.40416 1000 1000 0 0 0 0
5.50149 4.63498 -2.63368 -2.87361 1000 1000 0 0 0 0
2.95279 4.04745 -2.29316 -2.58583 1000 1000 0 0 0 0
3.60294 2.69025 -3.833 -2.84798 1000 1000 0 0 0 0
5.0019 5.74979 -3.614 -3.3598 1000 1000 0 0 0 0
5.7819 2.61657 -2.02963 -2.17476 1000 1000 0 0 0 0
4.3472 2.31136 -2.78767 -2.74963 1000 1000 0 0 0 0
3.67543 3.16321 -4.76355 -2.25609 1000 1000 0 0 0 0
4.71143 3.70011 -4.0818 -1.24505 1000 1000 0 0 0 0
5.26911 5.81341 -2.86824 -4.85249 1000 1000 0 0 0 0
5.08168 4.55184 -1.84724 -2.78129 1000 1000 0 0 0 0
2.89405 2.0305 -4.4532 -4.77137 1000 1000 0 0 0 0
2.76199 4.18789 -2.50523 -1.41691 1000 1000 0 0 0 0
2.37769 2.48459 -3.84354 -4.5915 1000 1000 0 0 0 0
2.37674 3.19314 -4.65097 -3.90584 1000 1000 0 0 0 0
5.42056 2.41594 -3.56745 -2.66684 1000 1000 0 0 0 0
5.90667 5.79499 -1.93917 -4.08973 1000 1000 0 0 0 0
3.52815 2.38033 -3.10133 -1.76198 1000 1000 0 0 0 0
3.48011 5.99715 -3.24552 -4.54086 1000 1000 0 0 0 0
2.90994 2.43267 -4.03744 -4.04192 1000 1000 0 0 0 0
4.38014 5.53389 -4.88129 -2.47756 1000 1000 0 0 0 0
5.71078 3.97929 -1.81564 -3.78709 1000 1000 0 0 0 0
3.53856 4.78266 -2.05716 -2.60826 1000 1000 0 0 0 0
5.40344 3.95791 -1.3549 -3.93208 1000 1000 0 0 0 0
4.28189 3.54632 -4.1867 -4.65439 1000 1000 0 0 0 0
4.07613 3.341 -1.50726 -3.03001 1000 1000 0 0 0 0
5.73334 5.72195 -4.90704 -3.35842 1000 1000 0 0 0 0
2.30732 2.78956 -2.26567 -3.25255 1000 1000 0 0 0 0
2.0999 2.46136 -4.19068 -4.95901 1000 1000 0 0 0 0
3.36181 3.89247 -1.86548 -2.76068 1000 1000 0 0 0 0
2.52581 4.94809 -4.91991 -3.88018 1000 1000 0 0 0 0
4.76194 3.41289 -1.1129 -1.50092 1000 1000 0 0 0 0
2.87771 4.92953 -1.15936 -2.71478 1000 1000 0 0 0 0
5.0146 5.35422 -1.72454 -3.44219 1000 1000 0 0 0 0
3.80602 4.12439 -4.10116 -3.38671 1000 1000 0 0 0 0
3.12952 4.46634 -1.85101 -1.52779 3000 3000 0 0 0 0
3.61562 2.66314 -2.80469 -3.88186 3000 3000 0 0 0 0
5.00038 3.59115 -1.22308 -3.53859 3000 3000 0 0 0 0
5.97414 3.58413 -2.91318 -1.81568 3000 3000 0 0 0 0
5.20704 4.60086 -3.2461 -4.96601 3000 3000 0 0 0 0
4.55628 5.22458 -4.7578 -1.57425 3000 3000 0 0 0 0
3.96233 4.43133 -2.82081 -3.2594 3000 3000 0 0 0 0
4.2709 4.26264 -4.08574 -2.47976 3000 3000 0 0 0 0
4.12076 3.41672 -2.21235 -4.27392 3000 3000 0 0 0 0
4.61659 2.36111 -4.23467 -4.90962 3000 3000 0 0 0 0
2.70851 5.8785 -4.22846 -4.46215 3000 3000 0 0 0 0
3.76529 4.82417 -2.82453 -3.99135 3000 3000 0 0 0 0
5.04537 4.36798 -4.17099 -2.26622 3000 3000 0 0 0 0
2.45349 5.99119 -1.34799 -2.07908 3000 3000 0 0 0 0
2.18541 3.27388 -3.61076 -3.1184 3000 3000 0 0 0 0
4.86405 2.90175 -4.92753 -1.75684 3000 3000 0 0 0 0
3.09834 2.32371 -4.08486 -1.50979 3000 3000 0 0 0 0
3.20998 4.6277 -2.0489 -4.56391 3000 3000 0 0 0 0
2.73965 3.70663 -3.53012 -2.73217 3000 3000 0 0 0 0
5.78335 5.97476 -4.84944 -1.81446 3000 3000 0 0 0 0
4.65883 3.51576 -1.84823 -3.07401 3000 3000 0 0 0 0
2.31533 2.65938 -4.39785 -2.87294 3000 3000 0 0 0 0
4.0597 4.41994 -1.43989 -4.39362 3000 3000 0 0 0 0
4.77578 4.04796 -2.48531 -1.45917 3000 3000 0 0 0 0
5.82153 5.10657 -1.88459 -2.18579 3000 3000 0 0 0 0
3.54405 2.86136 -2.6087 -1.50431 3000 3000 0 0 0 0
4.1364 3.891 -3.27497 -2.88099 3000 3000 0 0 0 0
5.75504 2.40541 -1.32352 -1.52039 3000 3000 0 0 0 0
5.96817 5.75236 -4.14622 -2.69452 3000 3000 0 0 0 0
4.20068 2.16397 -4.55932 -1.2077 3000 3000 0 0 0 0
2.1866 4.8446 -2.81424 -1.75824 3000 3000 0 0 0 0
5.47781 5.32951 -1.81801 -3.45001 3000 3000 0 0 0 0
5.20885 3.56125 -2.26418 -4.55283 3000 3000 0 0 0 0
2.24495 2.70739 -3.28233 -3.43427 3000 3000 0 0 0 0
5.40558 2.04835 -1.77896 -4.37446 3000 3000 0 0 0 0
4.67398 3.64922 -4.58327 -3.95633 3000 3000 0 0 0 0
3.91222 2.92305 -2.85099 -4.16708 3000 3000 0 0 0 0
5.08936 4.37366 -1.90675 -4.09717 3000 3000 0 0 0 0
5.64389 2.91063 -1.21374 -3.3063 3000 3000 0 0 0 0
5.69658 4.93679 -2.20752 -2.09272 3000 3000 0 0 0 0
3.0449 3.61943 -2.28972 -4.36643 3000 3000 0 0 0 0
4.47966 2.13697 -1.58279 -2.08873 3000 3000 0 0 0 0
2.25958 3.09267 -1.12874 -1.9074 3000 3000 0 0 0 0
3.84397 5.80246 -1.6523 -4.78051 3000 3000 0 0 0 0
5.77243 2.41402 -3.90737 -4.57794 3000 3000 0 0 0 0
5.7899 5.1013 -4.21639 -3.93376 3000 3000 0 0 0 0
5.50486 5.30583 -2.5352 -4.6303 3000 3000 0 0 0 0
5.3019 2.78913 -3.9167 -2.73965 3000 3000 0 0 0 0
3.37376 4.26496 -1.82276 -1.6124 3000 3000 0 0 0 0
3.74624 5.96429 -3.70852 -3.13982 3000 3000 0 0 0 0
4.49951 3.07696 -2.11406 -1.89613 3000 3000 0 0 0 0
5.38131 3.86042 -2.38333 -2.29258 3000 3000 0 0 0 0
4.03652 2.04925 -2.91288 -4.71482 3000 3000 0 0 0 0
5.18179 4.08304 -1.00388 -1.25888 3000 3000 0 0 0 0
5.37036 2.39858 -3.90048 -2.7747 3000 3000 0 0 0 0
3.17493 2.53796 -1.66615 -3.56236 3000 3000 0 0 0 0
4.60526 3.75886 -3.50244 -2.71272 3000 3000 0 0 0 0
3.29704 3.61961 -2.81163 -4.02546 3000 3000 0 0 0 0
2.12396 2.68126 -4.67249 -2.53053 3000 3000 0 0 0 0
5.95646 2.65429 -1.29099 -2.75252 3000 3000 0 0 0 0
2.61745 5.96754 -4.77802 -2.0983 3000 3000 0 0 0 0
2.37176 4.97294 -2.66484 -2.04202 3000 3000 0 0 0 0
3.70754 4.7747 -1.61167 -1.67386 3000 3000 0 0 0 0
3.27412 4.84937 -2.68211 -4.58801 3000 3000 0 0 0 0
5.49559 3.65365 -3.09859 -2.70873 3000 3000 0 0 0 0
2.13038 5.58091 -4.8918 -2.57764 3000 3000 0 0 0 0
2.08644 5.89871 -4.75317 -3.28644 3000 3000 0 0 0 0
3.25533 5.89397 -3.37315 -4.89377 3000 3000 0 0 0 0
4.48766 4.56304 -2.57585 -4.86627 3000 3000 0 0 0 0
3.81739 5.44403 -4.83486 -1.9872 3000 3000 0 0 0 0
3.85779 4.12383 -1.22201 -3.81348 3000 3000 0 0 0 0
3.37939 5.93007 -1.68357 -2.35812 3000 3000 0 0 0 0
3.3046 5.94176 -4.68548 -1.06881 3000 3000 0 0 0 0
5.75093 2.68155 -1.79093 -2.8015 3000 3000 0 0 0 0
3.03029 3.78509 -4.27549 -1.24443 3000 3000 0 0 0 0
4.60622 2.12324 -3.70191 -1.6893 3000 3000 0 0 0 0
3.22065 2.7285 -1.10803 -4.19515 3000 3000 0 0 0 0
3.24673 4.33959 -3.70843 -1.63051 3000 3000 0 0 0 0
3.19782 5.5413 -3.60511 -3.73714 3000 3000 0 0 0 0
5.23625 2.02053 -3.23425 -2.46354 3000 3000 0 0 0 0
4.38774 4.40943 -2.40575 -4.88085 3000 3000 0 0 0 0
5.00962 4.69831 -4.3018 -3.95725 3000 3000 0 0 0 0
5.22244 3.26461 -3.06582 -1.45361 3000 3000 0 0 0 0
5.74884 4.4045 -1.1219 -3.29606 3000 3000 0 0 0 0
2.89563 5.74156 -1.2227 -4.38095 3000 3000 0 0 0 0
3.84521 3.50426 -4.77811 -2.41962 3000 3000 0 0 0 0
2.23032 2.4131 -4.2427 -3.7664 3000 3000 0 0 0 0
4.22888 5.516 -3.39369 -2.61497 3000 3000 0 0 0 0
2.35202 5.36851 -3.54333 -4.58915 3000 3000 0 0 0 0
3.14261 5.9022 -2.39228 -4.3237 3000 3000 0 0 0 0
5.36738 5.86594 -1.16647 -1.75847 3000 3000 0 0 0 0
3.79116 3.3301 -3.77127 -4.77442 3000 3000 0 0 0 0
5.65517 2.39045 -3.31045 -4.39435 3000 3000 0 0 0 0
2.63541 3.01003 -3.16905 -1.27262 3000 3000 0 0 0 0
3.41062 4.51663 -1.31023 -2.43175 3000 3000 0 0 0 0
4.35175 3.99505 -2.03719 -4.83734 3000 3000 0 0 0 0
2.65111 4.88216 -3.32926 -4.12911 3000 3000 0 0 0 0
2.3416 3.24242 -4.44845 -4.55144 3000 3000 0 0 0 0
2.14737 2.45675 -1.02891 -4.49757 3000 3000 0 0 0 0
5.72468 4.21692 -3.73593 -2.10742 3000 3000 0 0 0 0
4.92486 3.1968 -4.3032 -4.79036 3000 3000 0 0 0 0
4.12861 2.10649 -2.92893 -2.47932 3000 3000 0 0 0 0
5.59696 5.59301 -4.53709 -1.74518 3000 3000 0 0 0 0
4.52005 3.94044 -4.40201 -3.46215 3000 3000 0 0 0 0
2.69171 4.40755 -4.00039 -4.05747 3000 3000 0 0 0 0
4.76584 5.236 -2.75888 -1.16593 3000 3000 0 0 0 0
2.30082 5.25332 -4.99657 -4.83526 3000 3000 0 0 0 0
2.53627 4.10295 -4.92292 -4.23918 3000 3000 0 0 0 0
2.87615 5.20511 -2.68726 -3.50871 3000 3000 0 0 0 0
3.45812 4.15599 -2.27202 -4.6961 3000 3000 0 0 0 0
3.83095 5.45013 -1.39062 -1.55067 3000 3000 0 0 0 0
5.36192 3.13373 -1.09307 -3.96019 3000 3000 0 0 0 0
3.69588 5.53526 -4.84146 -2.05301 3000 3000 0 0 0 0
2.78856 3.00119 -1.59929 -1.2637 3000 3000 0 0 0 0
5.64758 2.63687 -4.24307 -1.29351 3000 3000 0 0 0 0
3.2485 5.05449 -3.646 -2.62665 3000 3000 0 0 0 0
4.29104 5.52467 -4.85433 -3.57243 3000 3000 0 0 0 0
3.59248 4.59383 -1.81797 -4.18467 3000 3000 0 0 0 0
4.56678 4.19229 -4.20467 -4.84342 3000 3000 0 0 0 0
3.54868 4.56245 -3.51698 -4.66404 3000 3000 0 0 0 0
5.33039 2.02551 -3.28933 -4.52159 3000 3000 0 0 0 0
3.74896 4.70153 -4.45482 -1.29897 3000 3000 0 0 0 0
4.22601 4.6387 -1.31115 -1.30745 3000 3000 0 0 0 0
3.25874 5.05681 -4.95664 -4.24858 3000 3000 0 0 0 0
5.18392 3.72815 -2.05436 -1.27708 3000 3000 0 0 0 0
4.33173 2.70421 -4.02011 -1.82235 3000 3000 0 0 0 0
5.4272 5.74101 -4.27593 -1.58555 3000 3000 0 0 0 0
3.52396 2.42861 -3.55931 -4.90085 3000 3000 0 0 0 0
2.26717 5.20644 -2.59419 -2.98671 3000 3000 0 0 0 0
2.55025 2.68915 -2.03084 -4.64119 3000 3000 0 0 0 0
5.47786 4.46671 -1.15696 -1.34408 3000 3000 0 0 0 0
3.22004 2.69787 -1.56012 -1.31073 3000 3000 0 0 0 0
3.41513 5.06192 -3.24315 -4.5644 3000 3000 0 0 0 0
4.54009 2.19115 -3.69399 -1.76256 3000 3000 0 0 0 0
4.30399 3.30637 -3.18766 -4.85763 3000 3000 0 0 0 0
3.22413 5.09277 -4.51126 -2.00632 3000 3000 0 0 0 0
4.15117 5.2291 -4.88899 -3.16561 3000 3000 0 0 0 0
5.06142 4.80656 -3.59651 -4.81645 3000 3000 0 0 0 0
4.95522 2.36215 -4.98236 -2.49211 3000 3000 0 0 0 0
2.68571 2.9764 -1.79176 -1.30013 3000 3000 0 0 0 0
5.6374 5.59335 -4.33479 -2.31357 3000 3000 0 0 0 0
2.07736 3.65237 -2.14305 -2.25887 3000 3000 0 0 0 0
3.06679 4.53095 -4.73372 -2.1697 3000 3000 0 0 0 0
2.54489 2.0626 -1.07084 -2.55858 3000 3000 0 0 0 0
3.37412 4.73416 -3.44209 -1.43506 3000 3000 0 0 0 0
4.92588 4.97872 -2.3148 -1.95051 3000 3000 0 0 0 0
2.54876 2.53574 -2.6636 -1.04816 3000 3000 0 0 0 0
5.77919 5.93165 -2.71795 -1.63675 3000 3000 0 0 0 0
5.88889 5.57665 -1.9723 -4.90155 3000 3000 0 0 0 0
4.8966 5.93074 -2.61795 -1.36295 3000 3000 0 0 0 0
2.68685 2.89534 -3.28654 -2.33143 3000 3000 0 0 0 0
3.13091 4.03586 -2.37954 -3.61117 3000 3000 0 0 0 0
5.16506 5.5469 -2.34024 -4.92828 3000 3000 0 0 0 0
2.90386 3.73357 -3.92875 -2.80121 3000 3000 0 0 0 0
5.03709 3.04944 -3.29004 -3.21895 3000 3000 0 0 0 0
3.48123 3.28015 -1.62272 -1.80963 3000 3000 0 0 0 0
3.46346 4.51218 -1.37507 -2.95681 3000 3000 0 0 0 0
3.89379 5.19449 -4.96322 -1.84186 3000 3000 0 0 0 0
5.23387 5.65729 -2.5061 -3.32643 3000 3000 0 0 0 0
4.35218 3.22869 -1.73553 -3.0846 3000 3000 0 0 0 0
2.0709 4.47824 -4.67251 -3.88517 3000 3000 0 0 0 0
5.61533 4.451 -1.3127 -4.25704 3000 3000 0 0 0 0
2.15125 2.5796 -2.56085 -4.6525 3000 3000 0 0 0 0
3.88376 4.41516 -1.20362 -2.59492 3000 3000 0 0 0 0
3.66321 3.44985 -2.66112 -2.75091 3000 3000 0 0 0 0
2.31002 3.18005 -1.79052 -4.40416 3000 3000 0 0 0 0
5.50149 4.63498 -2.63368 -2.87361 3000 3000 0 0 0 0
2.95279 4.04745 -2.29316 -2.58583 3000 3000 0 0 0 0
3.60294 2.69025 -3.833 -2.84798 3000 3000 0 0 0 0
5.0019 5.74979 -3.614 -3.3598 3000 3000 0 0 0 0
5.7819 2.61657 -2.02963 -2.17476 3000 3000 0 0 0 0
4.3472 2.31136 -2.78767 -2.74963 3000 3000 0 0 0 0
3.67543 3.16321 -4.76355 -2.25609 3000 3000 0 0 0 0
4.71143 3.70011 -4.0818 -1.24505 3000 3000 0 0 0 0
5.26911 5.81341 -2.86824 -4.85249 3000 3000 0 0 0 0
5.08168 4.55184 -1.84724 -2.78129 3000 3000 0 0 0 0
2.89405 2.0305 -4.4532 -4.77137 3000 3000 0 0 0 0
2.76199 4.18789 -2.50523 -1.41691 3000 3000 0 0 0 0
2.37769 2.48459 -3.84354 -4.5915 3000 3000 0 0 0 0
2.37674 3.19314 -4.65097 -3.90584 3000 3000 0 0 0 0
5.42056 2.41594 -3.56745 -2.66684 3000 3000 0 0 0 0
5.90667 5.79499 -1.93917 -4.08973 3000 3000 0 0 0 0
3.52815 2.38033 -3.10133 -1.76198 3000 3000 0 0 0 0
3.48011 5.99715 -3.24552 -4.54086 3000 3000 0 0 0 0
2.90994 2.43267 -4.03744 -4.04192 3000 3000 0 0 0 0
4.38014 5.53389 -4.88129 -2.47756 3000 3000 0 0 0 0
5.71078 3.97929 -1.81564 -3.78709 3000 3000 0 0 0 0
3.53856 4.78266 -2.05716 -2.60826 3000 3000 0 0 0 0
5.40344 3.95791 -1.3549 -3.93208 3000 3000 0 0 0 0
4.28189 3.54632 -4.1867 -4.65439 3000 3000 0 0 0 0
4.07613 3.341 -1.50726 -3.03001 3000 3000 0 0 0 0
5.73334 5.72195 -4.90704 -3.35842 3000 3000 0 0 0 0
2.30732 2.78956 -2.26567 -3.25255 3000 3000 0 0 0 0
2.0999 2.46136 -4.19068 -4.95901 3000 3000 0 0 0 0
3.36181 3.89247 -1.86548 -2.76068 3000 3000 0 0 0 0
2.52581 4.94809 -4.91991 -3.88018 3000 3000 0 0 0 0
4.76194 3.41289 -1.1129 -1.50092 3000 3000 0 0 0 0
2.87771 4.92953 -1.15936 -2.71478 3000 3000 0 0 0 0
5.0146 5.35422 -1.72454 -3.44219 3000 3000 0 0 0 0
3.80602 4.12439 -4.10116 -3.38671 3000 3000 0 0 0 0
3.12952 4.46634 -1.85101 -1.52779 5000 5000 0 0 0 0
3.61562 2.66314 -2.80469 -3.88186 5000 5000 0 0 0 0
5.00038 3.59115 -1.22308 -3.53859 5000 5000 0 0 0 0
5.97414 3.58413 -2.91318 -1.81568 5000 5000 0 0 0 0
5.20704 4.60086 -3.2461 -4.96601 5000 5000 0 0 0 0
4.55628 5.22458 -4.7578 -1.57425 5000 5000 0 0 0 0
3.96233 4.43133 -2.82081 -3.2594 5000 5000 0 0 0 0
4.2709 4.26264 -4.08574 -2.47976 5000 5000 0 0 0 0
4.12076 3.41672 -2.21235 -4.27392 5000 5000 0 0 0 0
4.61659 2.36111 -4.23467 -4.90962 5000 5000 0 0 0 0
2.70851 5.8785 -4.22846 -4.46215 5000 5000 0 0 0 0
3.76529 4.82417 -2.82453 -3.99135 5000 5000 0 0 0 0
5.04537 4.36798 -4.17099 -2.26622 5000 5000 0 0 0 0
2.45349 5.99119 -1.34799 -2.07908 5000 5000 0 0 0 0
2.18541 3.27388 -3.61076 -3.1184 5000 5000 0 0 0 0
4.86405 2.90175 -4.92753 -1.75684 5000 5000 0 0 0 0
3.09834 2.32371 -4.08486 -1.50979 5000 5000 0 0 0 0
3.20998 4.6277 -2.0489 -4.56391 5000 5000 0 0 0 0
2.73965 3.70663 -3.53012 -2.73217 5000 5000 0 0 0 0
5.78335 5.97476 -4.84944 -1.81446 5000 5000 0 0 0 0
4.65883 3.51576 -1.84823 -3.07401 5000 5000 0 0 0 0
2.31533 2.65938 -4.39785 -2.87294 5000 5000 0 0 0 0
4.0597 4.41994 -1.43989 -4.39362 5000 5000 0 0 0 0
4.77578 4.04796 -2.48531 -1.45917 5000 5000 0 0 0 0
5.82153 5.10657 -1.88459 -2.18579 5000 5000 0 0 0 0
3.54405 2.86136 -2.6087 -1.50431 5000 5000 0 0 0 0
4.1364 3.891 -3.27497 -2.88099 5000 5000 0 0 0 0
5.75504 2.40541 -1.32352 -1.52039 5000 5000 0 0 0 0
5.96817 5.75236 -4.14622 -2.69452 5000 5000 0 0 0 0
4.20068 2.16397 -4.55932 -1.2077 5000 5000 0 0 0 0
2.1866 4.8446 -2.81424 -1.75824 5000 5000 0 0 0 0
5.47781 5.32951 -1.81801 -3.45001 5000 5000 0 0 0 0
5.20885 3.56125 -2.26418 -4.55283 5000 5000 0 0 0 0
2.24495 2.70739 -3.28233 -3.43427 5000 5000 0 0 0 0
5.40558 2.04835 -1.77896 -4.37446 5000 5000 0 0 0 0
4.67398 3.64922 -4.58327 -3.95633 5000 5000 0 0 0 0
3.91222 2.92305 -2.85099 -4.16708 5000 5000 0 0 0 0
5.08936 4.37366 -1.90675 -4.09717 5000 5000 0 0 0 0
5.64389 2.91063 -1.21374 -3.3063 5000 5000 0 0 0 0
5.69658 4.93679 -2.20752 -2.09272 5000 5000 0 0 0 0
3.0449 3.61943 -2.28972 -4.36643 5000 5000 0 0 0 0
4.47966 2.13697 -1.58279 -2.08873 5000 5000 0 0 0 0
2.25958 3.09267 -1.12874 -1.9074 5000 5000 0 0 0 0
3.84397 5.80246 -1.6523 -4.78051 5000 5000 0 0 0 0
5.77243 2.41402 -3.90737 -4.57794 5000 5000 0 0 0 0
5.7899 5.1013 -4.21639 -3.93376 5000 5000 0 0 0 0
5.50486 5.30583 -2.5352 -4.6303 5000 5000 0 0 0 0
5.3019 2.78913 -3.9167 -2.73965 5000 5000 0 0 0 0
3.37376 4.26496 -1.82276 -1.6124 5000 5000 0 0 0 0
3.74624 5.96429 -3.70852 -3.13982 5000 5000 0 0 0 0
4.49951 3.07696 -2.11406 -1.89613 5000 5000 0 0 0 0
5.38131 3.86042 -2.38333 -2.29258 5000 5000 0 0 0 0
4.03652 2.04925 -2.91288 -4.71482 5000 5000 0 0 0 0
5.18179 4.08304 -1.00388 -1.25888 5000 5000 0 0 0 0
5.37036 2.39858 -3.90048 -2.7747 5000 5000 0 0 0 0
3.17493 2.53796 -1.66615 -3.56236 5000 5000 0 0 0 0
4.60526 3.75886 -3.50244 -2.71272 5000 5000 0 0 0 0
3.29704 3.61961 -2.81163 -4.02546 5000 5000 0 0 0 0
2.12396 2.68126 -4.67249 -2.53053 5000 5000 0 0 0 0
5.95646 2.65429 -1.29099 -2.75252 5000 5000 0 0 0 0
2.61745 5.96754 -4.77802 -2.0983 5000 5000 0 0 0 0
2.37176 4.97294 -2.66484 -2.04202 5000 5000 0 0 0 0
3.70754 4.7747 -1.61167 -1.67386 5000 5000 0 0 0 0
3.27412 4.84937 -2.68211 -4.58801 5000 5000 0 0 0 0
5.49559 3.65365 -3.09859 -2.70873 5000 5000 0 0 0 0
2.13038 5.58091 -4.8918 -2.57764 5000 5000 0 0 0 0
2.08644 5.89871 -4.75317 -3.28644 5000 5000 0 0 0 0
3.25533 5.89397 -3.37315 -4.89377 5000 5000 0 0 0 0
4.48766 4.56304 -2.57585 -4.86627 5000 5000 0 0 0 0
3.81739 5.44403 -4.83486 -1.9872 5000 5000 0 0 0 0
3.85779 4.12383 -1.22201 -3.81348 5000 5000 0 0 0 0
3.37939 5.93007 -1.68357 -2.35812 5000 5000 0 0 0 0
3.3046 5.94176 -4.68548 -1.06881 5000 5000 0 0 0 0
5.75093 2.68155 -1.79093 -2.8015 5000 5000 0 0 0 0
3.03029 3.78509 -4.27549 -1.24443 5000 5000 0 0 0 0
4.60622 2.12324 -3.70191 -1.6893 5000 5000 0 0 0 0
3.22065 2.7285 -1.10803 -4.19515 5000 5000 0 0 0 0
3.24673 4.33959 -3.70843 -1.63051 5000 5000 0 0 0 0
3.19782 5.5413 -3.60511 -3.73714 5000 5000 0 0 0 0
5.23625 2.02053 -3.23425 -2.46354 5000 5000 0 0 0 0
4.38774 4.40943 -2.40575 -4.88085 5000 5000 0 0 0 0
5.00962 4.69831 -4.3018 -3.95725 5000 5000 0 0 0 0
5.22244 3.26461 -3.06582 -1.45361 5000 5000 0 0 0 0
5.74884 4.4045 -1.1219 -3.29606 5000 5000 0 0 0 0
2.89563 5.74156 -1.2227 -4.38095 5000 5000 0 0 0 0
3.84521 3.50426 -4.77811 -2.41962 5000 5000 0 0 0 0
2.23032 2.4131 -4.2427 -3.7664 5000 5000 0 0 0 0
4.22888 5.516 -3.39369 -2.61497 5000 5000 0 0 0 0
2.35202 5.36851 -3.54333 -4.58915 5000 5000 0 0 0 0
3.14261 5.9022 -2.39228 -4.3237 5000 5000 0 0 0 0
5.36738 5.86594 -1.16647 -1.75847 5000 5000 0 0 0 0
3.79116 3.3301 -3.77127 -4.77442 5000 5000 0 0 0 0
5.65517 2.39045 -3.31045 -4.39435 5000 5000 0 0 0 0
2.63541 3.01003 -3.16905 -1.27262 5000 5000 0 0 0 0
3.41062 4.51663 -1.31023 -2.43175 5000 5000 0 0 0 0
4.35175 3.99505 -2.03719 -4.83734 5000 5000 0 0 0 0
2.65111 4.88216 -3.32926 -4.12911 5000 5000 0 0 0 0
2.3416 3.24242 -4.44845 -4.55144 5000 5000 0 0 0 0
2.14737 2.45675 -1.02891 -4.49757 5000 5000 0 0 0 0
5.72468 4.21692 -3.73593 -2.10742 5000 5000 0 0 0 0
4.92486 3.1968 -4.3032 -4.79036 5000 5000 0 0 0 0
4.12861 2.10649 -2.92893 -2.47932 5000 5000 0 0 0 0
5.59696 5.59301 -4.53709 -1.74518 5000 5000 0 0 0 0
4.52005 3.94044 -4.40201 -3.46215 5000 5000 0 0 0 0
2.69171 4.40755 -4.00039 -4.05747 5000 5000 0 0 0 0
4.76584 5.236 -2.75888 -1.16593 5000 5000 0 0 0 0
2.30082 5.25332 -4.99657 -4.83526 5000 5000 0 0 0 0
2.53627 4.10295 -4.92292 -4.23918 5000 5000 0 0 0 0
2.87615 5.20511 -2.68726 -3.50871 5000 5000 0 0 0 0
3.45812 4.15599 -2.27202 -4.6961 5000 5000 0 0 0 0
3.83095 5.45013 -1.39062 -1.55067 5000 5000 0 0 0 0
5.36192 3.13373 -1.09307 -3.96019 5000 5000 0 0 0 0
3.69588 5.53526 -4.84146 -2.05301 5000 5000 0 0 0 0
2.78856 3.00119 -1.59929 -1.2637 5000 5000 0 0 0 0
5.64758 2.63687 -4.24307 -1.29351 5000 5000 0 0 0 0
3.2485 5.05449 -3.646 -2.62665 5000 5000 0 0 0 0
4.29104 5.52467 -4.85433 -3.57243 5000 5000 0 0 0 0
3.59248 4.59383 -1.81797 -4.18467 5000 5000 0 0 0 0
4.56678 4.19229 -4.20467 -4.84342 5000 5000 0 0 0 0
3.54868 4.56245 -3.51698 -4.66404 5000 5000 0 0 0 0
5.33039 2.02551 -3.28933 -4.52159 5000 5000 0 0 0 0
3.74896 4.70153 -4.45482 -1.29897 5000 5000 0 0 0 0
4.22601 4.6387 -1.31115 -1.30745 5000 5000 0 0 0 0
3.25874 5.05681 -4.95664 -4.24858 5000 5000 0 0 0 0
5.18392 3.72815 -2.05436 -1.27708 5000 5000 0 0 0 0
4.33173 2.70421 -4.02011 -1.82235 5000 5000 0 0 0 0
5.4272 5.74101 -4.27593 -1.58555 5000 5000 0 0 0 0
3.52396 2.42861 -3.55931 -4.90085 5000 5000 0 0 0 0
2.26717 5.20644 -2.59419 -2.98671 5000 5000 0 0 0 0
2.55025 2.68915 -2.03084 -4.64119 5000 5000 0 0 0 0
5.47786 4.46671 -1.15696 -1.34408 5000 5000 0 0 0 0
3.22004 2.69787 -1.56012 -1.31073 5000 5000 0 0 0 0
3.41513 5.06192 -3.24315 -4.5644 5000 5000 0 0 0 0
4.54009 2.19115 -3.69399 -1.76256 5000 5000 0 0 0 0
4.30399 3.30637 -3.18766 -4.85763 5000 5000 0 0 0 0
3.22413 5.09277 -4.51126 -2.00632 5000 5000 0 0 0 0
4.15117 5.2291 -4.88899 -3.16561 5000 5000 0 0 0 0
5.06142 4.80656 -3.59651 -4.81645 5000 5000 0 0 0 0
4.95522 2.36215 -4.98236 -2.49211 5000 5000 0 0 0 0
2.68571 2.9764 -1.79176 -1.30013 5000 5000 0 0 0 0
5.6374 5.59335 -4.33479 -2.31357 5000 5000 0 0 0 0
2.07736 3.65237 -2.14305 -2.25887 5000 5000 0 0 0 0
3.06679 4.53095 -4.73372 -2.1697 5000 5000 0 0 0 0
2.54489 2.0626 -1.07084 -2.55858 5000 5000 0 0 0 0
3.37412 4.73416 -3.44209 -1.43506 5000 5000 0 0 0 0
4.92588 4.97872 -2.3148 -1.95051 5000 5000 0 0 0 0
2.54876 2.53574 -2.6636 -1.04816 5000 5000 0 0 0 0
5.77919 5.93165 -2.71795 -1.63675 5000 5000 0 0 0 0
5.88889 5.57665 -1.9723 -4.90155 5000 5000 0 0 0 0
4.8966 5.93074 -2.61795 -1.36295 5000 5000 0 0 0 0
2.68685 2.89534 -3.28654 -2.33143 5000 5000 0 0 0 0
3.13091 4.03586 -2.37954 -3.61117 5000 5000 0 0 0 0
5.16506 5.5469 -2.34024 -4.92828 5000 5000 0 0 0 0
2.90386 3.73357 -3.92875 -2.80121 5000 5000 0 0 0 0
5.03709 3.04944 -3.29004 -3.21895 5000 5000 0 0 0 0
3.48123 3.28015 -1.62272 -1.80963 5000 5000 0 0 0 0
3.46346 4.51218 -1.37507 -2.95681 5000 5000 0 0 0 0
3.89379 5.19449 -4.96322 -1.84186 5000 5000 0 0 0 0
5.23387 5.65729 -2.5061 -3.32643 5000 5000 0 0 0 0
4.35218 3.22869 -1.73553 -3.0846 5000 5000 0 0 0 0
2.0709 4.47824 -4.67251 -3.88517 5000 5000 0 0 0 0
5.61533 4.451 -1.3127 -4.25704 5000 5000 0 0 0 0
2.15125 2.5796 -2.56085 -4.6525 5000 5000 0 0 0 0
3.88376 4.41516 -1.20362 -2.59492 5000 5000 0 0 0 0
3.66321 3.44985 -2.66112 -2.75091 5000 5000 0 0 0 0
2.31002 3.18005 -1.79052 -4.40416 5000 5000 0 0 0 0
5.50149 4.63498 -2.63368 -2.87361 5000 5000 0 0 0 0
2.95279 4.04745 -2.29316 -2.58583 5000 5000 0 0 0 0
3.60294 2.69025 -3.833 -2.84798 5000 5000 0 0 0 0
5.0019 5.74979 -3.614 -3.3598 5000 5000 0 0 0 0
5.7819 2.61657 -2.02963 -2.17476 5000 5000 0 0 0 0
4.3472 2.31136 -2.78767 -2.74963 5000 5000 0 0 0 0
3.67543 3.16321 -4.76355 -2.25609 5000 5000 0 0 0 0
4.71143 3.70011 -4.0818 -1.24505 5000 5000 0 0 0 0
5.26911 5.81341 -2.86824 -4.85249 5000 5000 0 0 0 0
5.08168 4.55184 -1.84724 -2.78129 5000 5000 0 0 0 0
2.89405 2.0305 -4.4532 -4.77137 5000 5000 0 0 0 0
2.76199 4.18789 -2.50523 -1.41691 5000 5000 0 0 0 0
2.37769 2.48459 -3.84354 -4.5915 5000 5000 0 0 0 0
2.37674 3.19314 -4.65097 -3.90584 5000 5000 0 0 0 0
5.42056 2.41594 -3.56745 -2.66684 5000 5000 0 0 0 0
5.90667 5.79499 -1.93917 -4.08973 5000 5000 0 0 0 0
3.52815 2.38033 -3.10133 -1.76198 5000 5000 0 0 0 0
3.48011 5.99715 -3.24552 -4.54086 5000 5000 0 0 0 0
2.90994 2.43267 -4.03744 -4.04192 5000 5000 0 0 0 0
4.38014 5.53389 -4.88129 -2.47756 5000 5000 0 0 0 0
5.71078 3.97929 -1.81564 -3.78709 5000 5000 0 0 0 0
3.53856 4.78266 -2.05716 -2.60826 5000 5000 0 0 0 0
5.40344 3.95791 -1.3549 -3.93208 5000 5000 0 0 0 0
4.28189 3.54632 -4.1867 -4.65439 5000 5000 0 0 0 0
4.07613 3.341 -1.50726 -3.03001 5000 5000 0 0 0 0
5.73334 5.72195 -4.90704 -3.35842 5000 5000 0 0 0 0
2.30732 2.78956 -2.26567 -3.25255 5000 5000 0 0 0 0
2.0999 2.46136 -4.19068 -4.95901 5000 5000 0 0 0 0
3.36181 3.89247 -1.86548 -2.76068 5000 5000 0 0 0 0
2.52581 4.94809 -4.91991 -3.88018 5000 5000 0 0 0 0
4.76194 3.41289 -1.1129 -1.50092 5000 5000 0 0 0 0
2.87771 4.92953 -1.15936 -2.71478 5000 5000 0 0 0 0
5.0146 5.35422 -1.72454 -3.44219 5000 5000 0 0 0 0
3.80602 4.12439 -4.10116 -3.38671 5000 5000 0 0 0 0
