1.0446e-05  193
1.14786e-05  185
1.17965e-05  85
1.98515e-05  84
2.01379e-05  127
2.36494e-05  69
2.80453e-05  52
3.19484e-05  112
3.23231e-05  179
3.79003e-05  219
3.94954e-05  176
4.04574e-05  204
4.16601e-05  11
4.31851e-05  44
4.68688e-05  105
4.93345e-05  144
5.2068e-05  41
5.34556e-05  31
5.98052e-05  67
6.27294e-05  81
6.77993e-05  223
6.83063e-05  75
6.84516e-05  8
7.53658e-05  228
7.65741e-05  108
8.09702e-05  119
8.58129e-05  181
8.77586e-05  235
9.26839e-05  171
9.46615e-05  49
9.5388e-05  156
9.84952e-05  173
9.99716e-05  163
0.000102306  59
0.000104621  133
0.000105662  192
0.00010885  61
0.000109944  136
0.000113234  79
0.000115634  109
0.000116545  40
0.000117299  48
0.000124563  149
0.000126808  25
0.000135533  231
0.000139326  151
0.00014014  216
0.000140288  71
0.000141026  217
0.000142706  167
0.000145611  232
0.000145939  60
0.000154191  47
0.000155411  177
0.000155742  220
0.000158263  89
0.000158356  197
0.000164124  45
0.000166537  111
0.000168495  145
0.000169868  97
0.000170076  175
0.000176465  77
0.000178434  29
0.000183248  115
0.000185445  68
0.000186067  189
0.000187434  113
0.000191006  63
0.000193246  76
0.000198141  157
0.000199065  55
0.000200146  229
0.000201703  180
0.000204431  143
0.000209663  132
0.000211457  161
0.000211926  121
0.000214704  168
0.000220117  87
0.00022896  123
0.000230283  140
0.000232227  116
0.000232506  64
0.000235307  129
0.000239981  205
0.000245369  91
0.000253578  147
0.000256967  43
0.000258796  183
0.00025926  160
0.00026902  199
0.000269056  233
0.00027549  257
0.000277438  9
0.00027834  93
0.000285777  131
0.000286807  165
0.000287501  256
0.000300656  28
0.000301039  120
0.00030203  117
0.000304908  224
0.000306721  125
0.000321159  51
0.000325436  100
0.000334845  73
0.000342362  159
0.000345615  65
0.000347969  99
0.00035011  27
0.000353021  188
0.000361883  124
0.000375002  184
0.000385788  107
0.000387711  141
0.00039066  195
0.000396658  88
0.000410099  92
0.000410349  148
0.000413763  103
0.000418886  135
0.000420973  139
0.000429483  187
0.000435458  191
0.000446406  128
0.000446525  172
0.000462499  207
0.000468872  96
0.000469936  259
0.000486821  101
0.000487241  80
0.000489191  24
0.000517934  227
0.000533764  95
0.000550359  72
0.000555751  225
0.000575232  164
0.000612248  53
0.000615251  56
0.00061812  57
0.000626693  221
0.000637971  137
0.000659585  104
0.0007391  169
0.000794242  196
0.00113945  83
0.00298746  374
0.0033068  238
0.00340124  152
0.00342261  372
0.00356784  340
0.00362068  313
0.00364273  389
0.00368124  339
0.00372835  359
0.00380137  302
0.00389389  382
0.00400131  336
0.0040231  362
0.00402477  325
0.00406884  328
0.00406906  330
0.00415987  294
0.00418749  333
0.00421057  373
0.00423933  377
0.00434705  364
0.0044281  290
0.00452996  250
0.00453479  23
0.00464453  356
0.0046832  273
0.00468834  265
0.00469908  378
0.00478314  6
0.00483698  398
0.00488819  342
0.00497061  337
0.00509522  350
0.00520795  395
0.00523177  354
0.00538463  376
0.00545612  331
0.00548698  387
0.00549896  348
0.0055502  345
0.00559108  360
0.00559419  324
0.00574876  391
0.00597868  396
0.00618215  375
0.00619485  320
0.00648054  334
0.00672944  335
0.00694144  318
0.00734728  368
0.00751122  303
0.00814912  329
0.00833849  322
0.00841034  361
0.0089896  343
0.00911072  332
0.00916355  308
0.00925744  321
0.00953098  352
0.00970355  311
0.0097268  316
0.00993705  381
0.0100563  367
0.0109288  312
0.0112695  306
0.0114951  386
0.0115194  353
0.0116032  363
0.0128187  358
0.013434  357
0.0139621  394
0.0139869  392
0.0143754  346
0.014609  383
0.0147188  380
0.0150749  338
0.016765  390
0.0168088  344
0.0177981  366
0.0190064  293
0.0192488  300
0.0196978  355
0.0203323  309
0.0204084  307
0.0206218  301
0.021288  326
0.0216582  349
0.0219462  327
0.0230812  315
0.0259889  397
0.0262499  384
0.0263456  365
0.0278165  369
0.0294701  351
0.0299807  317
0.0303575  371
0.0317571  370
0.0327935  379
0.0331102  314
0.0331682  388
0.0332208  385
0.0334603  203
0.0351078  310
0.0367772  305
0.0373446  319
0.0396307  304
0.0409114  153
0.042388  210
0.0429381  347
0.0434926  215
0.0441651  242
0.0452156  141
0.0461688  287
0.0465659  282
0.0467141  32
0.0468874  236
0.0471974  399
0.047238  268
0.0473121  270
0.0473276  393
0.0477124  39
0.0495085  289
0.0495669  398
0.0499432  4
0.0499721  271
0.0499787  154
0.0503689  323
0.0506625  33
0.0508604  275
0.0508984  341
0.0513084  18
0.0516779  279
0.0519567  209
0.0522646  34
0.0523248  12
0.0523822  364
0.0526459  296
0.05287  3
0.0529268  16
0.0529669  200
0.0532263  253
0.0532317  295
0.0536415  263
0.0539254  1
0.0540167  255
0.0545879  311
0.0547892  299
0.0551153  291
0.0551242  362
0.0553332  324
0.0554088  280
0.0554663  13
0.0555808  325
0.055787  340
0.0561199  378
0.0561282  249
0.0562482  334
0.056692  356
0.0567615  246
0.0573731  241
0.0575559  336
0.0578256  277
0.0583002  343
0.058641  88
0.058749  22
0.0590097  396
0.0590097  348
0.0601673  353
0.0605408  357
0.0615077  313
0.061751  354
0.0622688  345
0.0623439  375
0.0629282  376
0.0630548  283
0.0632492  5
0.0640107  245
0.0649765  361
0.0656601  207
0.0659779  322
0.0663435  72
0.0665742  320
0.0667033  330
0.0670136  272
0.0670195  358
0.0672242  332
0.0674769  389
0.0677092  352
0.0678496  316
0.0693932  360
0.0697721  346
0.0702399  359
0.070359  149
0.0705129  328
0.0707831  14
0.0712902  390
0.071419  380
0.0729552  372
0.0735234  292
0.0740052  262
0.0743813  374
0.0744306  381
0.0749717  278
0.0753268  394
0.0767824  339
0.0769718  395
0.0772266  308
0.0775819  305
0.0778195  80
0.0779257  379
0.0785356  350
0.0801466  240
0.0802918  373
0.0808292  302
0.0809457  338
0.0813866  73
0.0815454  377
0.0836657  300
0.0840511  317
0.0841856  333
0.0844974  315
0.0847021  290
0.0848895  303
0.0849779  165
0.0865806  337
0.0868875  351
0.0869726  392
0.087804  386
0.0879706  329
0.089702  321
0.0899275  309
0.0917738  264
0.0930895  104
0.0931466  314
0.0935246  318
0.0936773  363
0.0943722  36
0.094501  310
0.0949878  371
0.0972527  368
0.0974161  384
0.0984074  387
0.0996443  367
0.0997006  307
0.100217  331
0.100671  202
0.100937  326
0.10255  212
0.102729  2
0.103034  140
0.103328  286
0.103764  155
0.104008  342
0.104877  239
0.104911  266
0.105059  391
0.105482  244
0.105859  301
0.106358  388
0.106457  252
0.106484  365
0.106485  382
0.106487  101
0.106898  123
0.107367  288
0.107722  188
0.108129  383
0.108245  327
0.108945  312
0.109279  208
0.109644  369
0.109775  56
0.10995  273
0.110117  19
0.110187  180
0.110383  125
0.110949  35
0.1112  237
0.111284  366
0.111486  15
0.111622  349
0.111687  117
0.111864  344
0.111956  355
0.112127  221
0.112437  274
0.112605  306
0.11372  260
0.11396  169
0.113985  227
0.114009  211
0.114199  398
0.114382  167
0.114429  354
0.114748  132
0.114792  319
0.114927  112
0.115013  294
0.115306  219
0.115719  385
0.115895  256
0.11594  276
0.116034  93
0.116085  267
0.116179  293
0.116315  345
0.116709  214
0.116762  347
0.116811  201
0.116972  370
0.117077  323
0.117281  334
0.117387  24
0.117433  251
0.117603  279
0.117619  335
0.117855  65
0.117877  7
0.11859  399
0.118632  281
0.119119  247
0.119177  265
0.11943  210
0.119495  324
0.119928  243
0.119959  395
0.120008  336
0.120019  393
0.121182  353
0.122112  225
0.122236  67
0.122305  284
0.122446  229
0.122656  375
0.122902  343
0.123174  127
0.123395  235
0.123487  397
0.123747  175
0.124029  261
0.12475  271
0.124758  325
0.125065  315
0.125114  330
0.125266  378
0.125271  47
0.125375  91
0.125383  341
0.12561  231
0.125936  311
0.12612  346
0.126225  70
0.127003  396
0.127057  304
0.127105  54
0.127496  352
0.128173  356
0.128303  254
0.128743  184
0.129258  79
0.129392  218
0.129727  121
0.129954  380
0.130315  131
0.130676  139
0.131269  183
0.131399  195
0.13177  238
0.131809  337
0.131822  316
0.131921  386
0.132031  164
0.132035  332
0.132065  302
0.132141  255
0.132365  109
0.132619  329
0.132817  135
0.133066  248
0.133676  20
0.133742  75
0.133753  358
0.133832  118
0.134211  374
0.134324  389
0.134492  250
0.13473  102
0.135133  57
0.135246  379
0.135259  178
0.135282  338
0.135705  300
0.135717  177
0.136063  357
0.136134  215
0.13621  145
0.136317  60
0.136409  305
0.13652  301
0.136721  48
0.136936  333
0.136937  96
0.137229  372
0.13744  224
0.137536  362
0.137594  314
0.137621  390
0.139094  339
0.139189  351
0.14123  318
0.141436  364
0.141725  43
0.141825  361
0.142108  23
0.142277  373
0.142297  148
0.142534  213
0.14259  53
0.14269  306
0.142884  268
0.14391  0
0.143957  141
0.144047  326
0.144049  307
0.144389  350
0.144951  394
0.145426  359
0.145627  317
0.145647  269
0.145705  313
0.146214  217
0.146543  187
0.146835  377
0.147606  297
0.147785  198
0.148249  348
0.148799  392
0.148903  3
0.149817  124
0.150452  320
0.150468  29
0.150581  371
0.15063  241
0.150887  308
0.151245  277
0.151809  236
0.151867  368
0.151917  168
0.151947  249
0.151997  322
0.152378  376
0.152546  383
0.152791  143
0.152953  309
0.153178  258
0.153207  340
0.153327  388
0.153396  159
0.15342  310
0.154295  11
0.155086  384
0.155301  399
0.155361  342
0.156273  99
0.156706  331
0.156965  344
0.157003  51
0.157444  391
0.158194  360
0.158881  189
0.15911  147
0.15992  369
0.160125  44
0.160512  32
0.160747  398
0.161059  321
0.161202  49
0.161215  83
0.16195  324
0.162237  393
0.162538  366
0.162681  328
0.163054  363
0.163081  298
0.164009  197
0.164062  291
0.165073  114
0.165185  347
0.16537  319
0.165503  16
0.166057  111
0.166355  365
0.167132  303
0.167703  42
0.167704  206
0.167725  176
0.167987  97
0.168084  166
0.168176  367
0.168291  397
0.168662  336
0.168922  208
0.169539  18
0.169606  77
0.169783  385
0.169907  352
0.170145  86
0.170259  396
0.170489  25
0.170772  382
0.170909  289
0.171027  153
0.171228  31
0.171489  85
0.172456  172
0.172833  133
0.172982  246
0.173037  233
0.173102  387
0.173182  17
0.173204  381
0.173291  191
0.173602  346
0.173721  37
0.173823  61
0.173903  375
0.17391  370
0.173969  108
0.17401  12
0.174011  5
0.174463  38
0.17454  312
0.174801  30
0.175038  345
0.175066  353
0.175662  220
0.175669  173
0.175741  257
0.17621  253
0.176708  4
0.176907  232
0.176918  325
0.176986  296
0.177096  186
0.177103  295
0.17714  285
0.177168  80
0.177238  311
0.17745  207
0.177649  283
0.17766  287
0.177705  355
0.178012  354
0.178076  82
0.178252  157
0.178542  330
0.178555  227
0.17872  92
0.178722  356
0.179324  200
0.17946  181
0.179678  104
0.179852  226
0.179904  94
0.180107  193
0.180135  329
0.180317  228
0.180347  165
0.18035  160
0.180442  395
0.180589  66
0.180665  323
0.18075  154
0.180751  216
0.180765  103
0.1809  68
0.180976  286
0.18108  349
0.181192  41
0.181367  337
0.181408  6
0.181428  119
0.181448  129
0.181498  110
0.181612  13
0.181899  210
0.18191  222
0.182213  87
0.182384  341
0.182413  362
0.182474  150
0.182485  343
0.182505  380
0.182573  333
0.18259  339
0.182661  123
0.182723  294
0.182801  69
0.182894  74
0.18291  318
0.183043  63
0.183073  374
0.183662  386
0.183978  327
0.18423  100
0.184307  332
0.184323  301
0.184345  144
0.18457  262
0.184627  378
0.18473  179
0.184884  28
0.184951  350
0.184979  306
0.184999  335
0.185082  2
0.185371  72
0.185459  117
0.185494  107
0.18574  313
0.185767  98
0.185778  302
0.185942  300
0.186194  390
0.186207  152
0.186295  290
0.186298  292
0.186396  315
0.186433  109
0.186467  361
0.186602  309
0.186779  372
0.186915  280
0.187356  358
0.187421  39
0.187723  364
0.188033  156
0.188092  121
0.188569  230
0.1888  305
0.18887  162
0.188983  214
0.189211  264
0.189428  282
0.189488  377
0.189597  19
0.190047  314
0.190179  328
0.190185  240
0.190251  348
0.190257  14
0.190477  389
0.190557  316
0.190747  247
0.191601  392
0.191797  307
0.192022  90
0.192139  304
0.192354  76
0.192415  338
0.192693  163
0.192985  398
0.193267  322
0.193711  34
0.193727  128
0.193855  217
0.193963  373
0.194197  158
0.194292  388
0.194713  368
0.194921  278
0.195676  366
0.195835  357
0.196099  376
0.196144  334
0.19666  58
0.196673  351
0.196768  365
0.197757  8
0.197811  320
0.19845  244
0.198795  196
0.199027  321
0.199091  331
0.200365  347
0.200532  359
0.200765  371
0.200934  308
0.202828  391
0.20298  384
0.203101  231
0.203152  73
0.203539  45
0.203964  319
0.204404  363
0.204545  393
0.20456  344
0.20608  139
0.207237  360
0.208017  340
0.208225  276
0.209079  193
0.209321  375
0.209415  113
0.20949  352
0.210414  169
0.210683  120
0.210698  317
0.2108  26
0.210877  55
0.211155  223
0.211802  326
0.212316  48
0.212558  33
0.213288  383
0.214239  36
0.21451  209
0.21461  95
0.214632  201
0.214813  378
0.215062  176
0.215462  310
0.215504  188
0.215514  325
0.215966  122
0.215974  202
0.21599  116
0.216006  112
0.216261  239
0.216327  379
0.216561  51
0.216587  232
0.217374  27
0.217383  342
0.217556  21
0.217727  259
0.217731  180
0.217742  336
0.21791  24
0.218056  18
0.218149  394
0.218282  275
0.218608  399
0.218618  250
0.218853  9
0.218894  299
0.218915  397
0.218925  219
0.218954  101
0.219091  177
0.219224  124
0.219233  245
0.219578  93
0.219597  151
0.219759  205
0.219772  182
0.219888  138
0.219951  142
0.219968  381
0.219989  105
0.220004  234
0.22011  242
0.220237  78
0.220302  170
0.220346  390
0.22042  183
0.22048  23
0.220694  161
0.220714  54
0.220732  311
0.220753  203
0.220753  268
0.220774  237
0.220872  81
0.220922  199
0.220988  75
0.221029  369
0.221033  0
0.221075  356
0.221202  341
0.221284  211
0.221348  291
0.221413  386
0.221498  367
0.221788  256
0.22187  148
0.221972  265
0.222041  64
0.222059  43
0.222131  332
0.222182  62
0.22233  349
0.222488  279
0.22255  191
0.222573  164
0.222647  303
0.222672  213
0.222832  192
0.222985  370
0.223019  77
0.22323  271
0.223279  1
0.223342  130
0.223507  353
0.22384  297
0.224197  324
0.224222  293
0.224289  137
0.22435  333
0.224446  5
0.224482  266
0.224493  385
0.224505  159
0.224542  197
0.224564  141
0.224597  304
0.224686  102
0.225216  229
0.225271  374
0.22545  346
0.225585  135
0.225618  288
0.225648  172
0.22571  84
0.225759  99
0.225954  56
0.225965  354
0.22604  195
0.226051  258
0.226062  323
0.226111  335
0.226207  318
0.226252  163
0.226298  52
0.226351  37
0.226421  396
0.226487  330
0.226663  282
0.226743  59
0.226799  358
0.226811  312
0.226815  295
0.226934  89
0.227021  300
0.227029  53
0.22713  212
0.227155  343
0.227194  315
0.227315  380
0.227318  298
0.227325  65
0.22743  225
0.227513  144
0.227535  153
0.227677  382
0.227751  88
0.227791  190
0.22807  372
0.22809  260
0.228443  55
0.228669  344
0.22881  231
0.228918  306
0.228925  355
0.22894  32
0.229019  345
0.229228  364
0.229356  149
0.22984  233
0.229868  316
0.229875  185
0.230129  392
0.230165  391
0.230765  328
0.230821  302
0.230844  395
0.230862  46
0.230865  96
0.23133  388
0.231907  308
0.231993  331
0.232102  327
0.232345  329
0.23285  387
0.233019  359
0.234419  352
0.234498  111
0.234892  221
0.235287  363
0.235453  338
0.235573  106
0.235731  361
0.235869  340
0.235901  263
0.236306  365
0.237892  389
0.237945  224
0.238078  10
0.238413  350
0.238468  376
0.23875  40
0.238812  366
0.239506  42
0.239588  377
0.239938  360
0.240027  398
0.240362  326
0.241132  248
0.241209  313
0.241462  334
0.241547  38
0.242665  83
0.242854  309
0.243065  80
0.243067  348
0.24365  79
0.24437  319
0.244643  305
0.246429  351
0.247478  362
0.247622  357
0.247727  383
0.247843  238
0.249166  371
0.249676  60
0.249974  301
0.250167  317
0.251683  321
0.251762  325
0.251872  339
0.252516  277
0.252756  393
0.253822  204
0.25409  290
0.254094  368
0.254233  375
0.255485  378
0.256271  220
0.256414  35
0.256823  20
0.256975  113
0.257012  337
0.258116  66
0.25815  71
0.258333  373
0.258415  286
0.258616  347
0.258838  246
0.259106  126
0.25933  13
0.259721  15
0.25988  214
0.260246  270
0.260536  314
0.260798  91
0.260909  109
0.260976  252
0.261095  158
0.261135  187
0.261311  74
0.261437  117
0.261728  67
0.261776  322
0.261958  217
0.262047  336
0.262336  157
0.262369  22
0.263288  108
0.26335  184
0.263495  28
0.263495  324
0.263513  384
0.263737  198
0.26375  123
0.263902  162
0.263906  399
0.26435  186
0.264413  136
0.264628  49
0.264759  307
0.264815  70
0.26498  8
0.265036  47
0.265132  228
0.26516  76
0.265405  397
0.265542  57
0.265797  254
0.265835  323
0.266145  94
0.266269  58
0.266378  390
0.266384  386
0.266489  255
0.2667  125
0.266794  219
0.266907  61
0.266927  171
0.26697  14
0.26711  243
0.267139  262
0.26728  175
0.267329  320
0.267451  6
0.267457  391
0.26749  267
0.267498  294
0.26754  304
0.267595  48
0.267714  179
0.267867  180
0.267976  303
0.268134  382
0.268218  50
0.268508  115
0.26856  18
0.268562  140
0.2688  143
0.268872  333
0.268978  332
0.26915  34
0.269352  110
0.269413  261
0.269667  97
0.269758  25
0.269904  234
0.269992  354
0.270042  287
0.270194  295
0.270491  273
0.270494  133
0.270596  329
0.270612  173
0.270616  392
0.270668  3
0.270707  385
0.270714  387
0.270724  346
0.270977  318
0.271107  178
0.27115  361
0.271251  251
0.271251  174
0.27141  132
0.271424  330
0.27143  36
0.271443  364
0.271451  353
0.271651  341
0.272112  202
0.272144  7
0.272208  388
0.272305  308
0.272755  122
0.272872  102
0.273063  363
0.273121  345
0.273909  11
0.274206  310
0.274229  170
0.274794  128
0.274858  372
0.274898  349
0.274909  356
0.274987  99
0.27499  9
0.275089  264
0.275198  313
0.275305  45
0.27558  355
0.27582  296
0.276018  139
0.276505  92
0.276605  85
0.277119  342
0.277137  381
0.277271  394
0.27744  362
0.277449  203
0.277579  105
0.27796  367
0.278197  376
0.278503  350
0.27856  351
0.27866  226
0.279199  366
0.27989  98
0.279925  127
0.280049  41
0.280193  210
0.280207  371
0.280286  208
0.280362  306
0.280519  312
0.280723  395
0.280865  347
0.281089  375
0.281341  146
0.281609  315
0.281782  358
0.282213  344
0.283422  360
0.283449  215
0.284073  352
0.284377  335
0.28534  29
0.285868  44
0.286692  365
0.286695  331
0.286706  311
0.287871  359
0.288061  370
0.28811  340
0.288665  327
0.289503  343
0.289971  309
0.290314  319
0.290316  302
0.292099  278
0.292358  377
0.292973  357
0.294688  348
0.295571  72
0.295828  249
0.296503  374
0.296818  196
0.296831  384
0.297347  328
0.298611  301
0.298772  325
0.298806  338
0.298811  284
0.299149  373
0.299606  383
0.299693  389
0.300531  129
0.301196  305
0.301246  216
0.301342  147
0.301482  334
0.302089  300
0.302367  316
0.302719  188
0.303201  142
0.303768  238
0.304097  189
0.304336  378
0.304339  194
0.304502  393
0.305081  17
0.305484  89
0.305784  121
0.305831  172
0.30604  116
0.306226  240
0.307058  368
0.307322  54
0.308068  322
0.308075  369
0.308251  266
0.308349  256
0.308489  232
0.308565  317
0.308965  239
0.309001  204
0.309018  257
0.309324  141
0.309436  38
0.310139  4
0.310407  221
0.31054  168
0.310558  396
0.310787  166
0.31091  65
0.311006  339
0.311129  43
0.311156  289
0.311743  222
0.311807  195
0.312198  380
0.312345  230
0.312506  303
0.312507  199
0.313192  265
0.313298  235
0.313299  280
0.313303  200
0.313474  169
0.313485  398
0.313503  19
0.313654  269
0.314026  237
0.314082  259
0.314125  32
0.314183  118
0.314255  333
0.314358  209
0.314488  224
0.314562  10
0.314677  332
0.314874  156
0.314877  86
0.314942  281
0.315009  272
0.315165  181
0.315362  103
0.315363  246
0.315427  61
0.315432  213
0.315696  326
0.315704  337
0.315797  153
0.315814  27
0.31593  95
0.315972  336
0.316033  12
0.316034  304
0.316116  247
0.316129  212
0.316163  49
0.316199  114
0.316447  81
0.316467  241
0.316628  274
0.316689  214
0.316724  131
0.316782  307
0.316796  279
0.316812  399
0.316858  342
0.3169  26
0.317082  79
0.317145  137
0.317152  145
0.317286  207
0.317307  275
0.31733  297
0.317419  363
0.317422  299
0.317436  22
0.317467  134
0.317533  236
0.317592  37
0.31767  150
0.31772  354
0.31777  302
0.317781  51
0.317786  113
0.317816  376
0.317885  148
0.317918  138
0.317931  107
0.318059  390
0.318081  130
0.318202  62
0.318338  126
0.318373  39
0.318431  31
0.318451  40
0.318487  388
0.318496  321
0.318542  152
0.318607  24
0.318694  175
0.318733  90
0.319039  392
0.319116  218
0.319141  167
0.319277  211
0.319354  286
0.319372  63
0.319503  318
0.319511  324
0.319527  306
0.319546  308
0.319554  263
0.319621  20
0.31965  42
0.319752  83
0.31993  382
0.31993  56
0.31994  352
0.320043  355
0.320062  394
0.320155  73
0.320405  361
0.321046  331
0.321178  385
0.321595  370
0.32163  345
0.321867  68
0.321954  276
0.321998  378
0.322083  285
0.322257  223
0.32231  381
0.322335  372
0.322448  201
0.322598  206
0.322843  364
0.322936  313
0.322943  391
0.323057  123
0.323133  315
0.323136  347
0.323361  330
0.323523  369
0.323715  177
0.323765  349
0.323809  245
0.324246  292
0.324435  395
0.324587  144
0.324664  149
0.32476  2
0.324818  329
0.325228  346
0.325426  362
0.325568  250
0.325954  353
0.326071  366
0.326106  389
0.326124  397
0.326134  371
0.326377  322
0.326886  231
0.327005  197
0.327045  319
0.327173  253
0.327399  53
0.327638  14
0.327677  88
0.32781  356
0.328025  327
0.328046  64
0.328069  384
0.328283  386
0.32831  5
0.328354  185
0.328526  341
0.32872  358
0.328774  351
0.328858  379
0.32919  124
0.329303  135
0.329563  344
0.329596  374
0.329773  101
0.32991  360
0.330143  300
0.330934  338
0.331236  367
0.331513  16
0.332652  120
0.332812  193
0.333052  325
0.333226  252
0.333229  348
0.333502  350
0.333693  368
0.333767  323
0.333873  310
0.334058  244
0.334229  387
0.3347  317
0.335518  75
0.335763  359
0.336125  165
0.336622  373
0.336781  314
0.337141  320
0.338004  328
0.338774  334
0.339964  162
0.340404  393
0.34043  311
0.341583  268
0.341858  69
0.342133  309
0.342202  163
0.342856  106
0.34355  340
0.343682  248
0.34374  301
0.34382  365
0.343981  178
0.344085  375
0.344105  312
0.344338  335
0.34616  52
0.347571  112
0.347607  377
0.348382  82
0.349267  105
0.35  7
0.35122  0
0.35132  229
0.351712  29
0.351986  146
0.352046  271
0.352056  155
0.352111  357
0.352474  97
0.352509  343
0.352968  159
0.353009  108
0.353045  316
0.353052  15
0.353183  104
0.353233  133
0.353714  59
0.353822  170
0.353918  72
0.353939  288
0.353964  190
0.354173  278
0.35439  336
0.354449  111
0.354521  305
0.354527  290
0.354693  238
0.354724  354
0.355143  390
0.355248  226
0.355273  93
0.355417  270
0.355442  143
0.355913  383
0.355976  326
0.356206  158
0.356519  302
0.356643  9
0.356645  115
0.356881  219
0.356962  352
0.357095  208
0.357103  119
0.357808  291
0.358503  361
0.358745  34
0.358787  399
0.358886  273
0.358954  398
0.359279  6
0.359335  147
0.35945  13
0.359457  344
0.359569  57
0.359587  249
0.359624  48
0.360351  109
0.360418  160
0.360669  331
0.360743  45
0.360766  333
0.360925  287
0.361  225
0.361061  176
0.361107  237
0.361241  47
0.361334  153
0.361366  23
0.361406  233
0.361438  199
0.361474  360
0.361606  18
0.361635  188
0.361699  277
0.361716  391
0.36172  99
0.361723  353
0.361733  36
0.361754  116
0.361797  28
0.361822  394
0.362041  50
0.36221  345
0.362288  157
0.36229  315
0.362298  347
0.36258  27
0.362725  192
0.363205  98
0.363336  372
0.363362  191
0.363466  356
0.363466  35
0.363485  376
0.363515  304
0.363871  396
0.363986  54
0.364288  295
0.364323  371
0.364392  89
0.364446  296
0.364537  264
0.36457  132
0.364686  355
0.364705  294
0.364949  84
0.364951  227
0.364961  243
0.365363  30
0.36552  338
0.365584  370
0.365714  366
0.365867  397
0.366076  298
0.366209  346
0.36629  260
0.366414  329
0.366461  77
0.366621  310
0.366736  180
0.366797  387
0.367593  183
0.367917  255
0.368102  205
0.368524  382
0.368582  381
0.368679  325
0.368706  313
0.368752  341
0.369073  362
0.369875  318
0.369922  101
0.37019  17
0.370201  322
0.370271  337
0.37064  21
0.371235  369
0.371608  282
0.371783  174
0.372064  80
0.372344  182
0.372763  330
0.372924  220
0.373068  251
0.373084  323
0.373268  46
0.373334  385
0.373586  386
0.373671  321
0.373689  358
0.373713  154
0.373799  388
0.373861  269
0.374185  377
0.374635  363
0.374662  76
0.374701  257
0.375019  312
0.375246  202
0.37565  375
0.375689  379
0.375921  317
0.376049  167
0.376762  96
0.377398  300
0.377451  259
0.377591  306
0.377721  113
0.377892  389
0.378018  393
0.378041  309
0.378047  342
0.37822  308
0.378716  378
0.378969  189
0.37923  359
0.380041  395
0.381448  319
0.381677  367
0.381677  314
0.381929  175
0.383454  349
0.383691  129
0.384002  95
0.384765  332
0.385407  373
0.385643  311
0.385736  380
0.386187  303
0.386233  348
0.386894  217
0.387603  1
0.387971  301
0.388608  92
0.389436  31
0.389468  374
0.389472  150
0.39064  343
0.390797  25
0.391134  320
0.391464  350
0.392156  138
0.392425  281
0.392429  307
0.392432  339
0.392624  56
0.393366  365
0.394384  209
0.394563  384
0.395147  364
0.395471  55
0.396219  334
0.396269  198
0.39656  216
0.396939  252
0.397136  71
0.397371  187
0.397802  328
0.397911  284
0.398286  82
0.398587  128
0.398678  102
0.398751  235
0.398813  140
0.398816  179
0.398867  178
0.398947  134
0.398975  234
0.399187  67
0.399596  392
0.399637  391
0.39998  20
0.400248  324
0.400527  331
0.400939  215
0.401138  352
0.401378  81
0.40138  64
0.401443  366
0.401592  66
0.401744  289
0.401828  19
0.402244  136
0.402618  37
0.402682  267
0.402853  368
0.402926  390
0.403039  62
0.403045  210
0.40322  156
0.403352  70
0.403488  262
0.403525  137
0.403595  74
0.403676  344
0.403822  204
0.403909  305
0.404121  250
0.404199  327
0.404304  130
0.40437  268
0.404465  383
0.404681  10
0.404806  33
0.404844  195
0.404863  206
0.405136  213
0.405171  276
0.405271  293
0.405449  246
0.405465  110
0.405513  247
0.405625  370
0.405678  261
0.405995  3
0.406057  161
0.406122  336
0.406155  397
0.406211  242
0.406267  351
0.406394  340
0.406419  49
0.406577  359
0.406583  218
0.406655  228
0.406778  100
0.406858  14
0.406986  123
0.407053  171
0.407054  256
0.407088  53
0.407314  337
0.407319  335
0.407497  73
0.407646  196
0.407693  4
0.407735  11
0.407858  371
0.407909  121
0.40797  381
0.408125  316
0.408131  44
0.408471  253
0.408579  221
0.408709  127
0.408736  396
0.408779  222
0.408817  354
0.408973  346
0.408981  254
0.409096  169
0.409218  120
0.409567  139
0.409627  225
0.409639  355
0.409714  315
0.409861  148
0.409891  304
0.4099  39
0.409952  362
0.410033  308
0.410114  177
0.410402  26
0.410473  131
0.410514  322
0.410743  166
0.410789  326
0.411103  51
0.411257  194
0.411336  75
0.411351  124
0.411365  126
0.411381  151
0.41142  125
0.411433  201
0.411507  376
0.411557  38
0.411565  318
0.411708  240
0.411791  379
0.411972  338
0.412029  393
0.412175  60
0.412261  24
0.412413  313
0.412463  61
0.412534  83
0.412548  165
0.412653  42
0.412931  329
0.413001  244
0.41338  387
0.413415  385
0.413441  347
0.413635  356
0.413699  333
0.413713  185
0.413804  378
0.414033  358
0.414077  361
0.414436  398
0.414508  12
0.414936  271
0.414968  302
0.415089  149
0.415163  389
0.415392  23
0.415628  307
0.416231  394
0.416324  94
0.416537  341
0.417467  237
0.417494  375
0.41768  193
0.417886  321
0.417896  343
0.417916  395
0.418095  323
0.418204  88
0.418216  186
0.418775  310
0.418814  325
0.419025  114
0.420033  374
0.420111  369
0.420502  50
0.420692  173
0.420803  360
0.421391  353
0.4214  342
0.421558  363
0.42173  345
0.422013  223
0.422904  319
0.424869  145
0.424951  334
0.425037  40
0.425279  265
0.425723  317
0.42582  164
0.426482  301
0.42651  339
0.427056  205
0.42772  349
0.427817  232
0.428417  309
0.428829  105
0.429303  399
0.429691  367
0.430082  386
0.430461  297
0.430531  32
0.430593  314
0.430722  279
0.431453  382
0.431548  108
0.431915  320
0.433211  311
0.433288  366
0.433594  365
0.434019  303
0.434107  348
0.434405  63
0.435968  274
0.436252  122
0.43631  0
0.436388  9
0.43695  283
0.437475  141
0.437568  91
0.437675  332
0.437779  372
0.437876  300
0.437919  79
0.439062  95
0.439098  306
0.439128  78
0.439172  143
0.439417  197
0.439927  280
0.43995  312
0.439998  357
0.440081  142
0.440671  87
0.440965  48
0.441072  330
0.441111  305
0.441835  364
0.441948  392
0.442194  350
0.44222  377
0.442427  298
0.442838  30
0.443495  294
0.443566  290
0.443681  214
0.443996  168
0.444214  380
0.444397  115
0.444934  90
0.444944  134
0.445182  117
0.445434  84
0.445724  189
0.445727  288
0.445889  324
0.445936  286
0.446379  198
0.44657  285
0.447054  93
0.447212  183
0.447458  116
0.447525  28
0.447561  383
0.447615  390
0.447658  97
0.447755  388
0.447954  230
0.447993  258
0.44822  47
0.448254  211
0.448301  252
0.448504  358
0.448506  157
0.448576  373
0.448674  159
0.448819  18
0.44882  89
0.449009  163
0.449141  340
0.449246  107
0.449437  219
0.449746  352
0.449764  2
0.449971  328
0.450055  119
0.450072  20
0.450198  31
0.450339  381
0.450526  52
0.450797  77
0.450813  188
0.450859  71
0.451219  184
0.451522  270
0.451533  68
0.451544  347
0.451639  396
0.451899  343
0.452187  277
0.452369  344
0.452554  385
0.452704  249
0.452777  239
0.45289  101
0.452897  304
0.453489  307
0.453608  72
0.453643  200
0.45372  192
0.45396  259
0.453972  146
0.454011  391
0.454051  354
0.45425  398
0.454635  329
0.454667  203
0.454697  341
0.454884  212
0.455008  62
0.455024  379
0.455096  370
0.455386  397
0.455497  326
0.456372  389
0.45653  56
0.456946  255
0.457069  394
0.457241  118
0.457316  22
0.457379  98
0.457633  21
0.457966  150
0.458051  231
0.45808  199
0.458126  384
0.458191  153
0.458357  345
0.458357  112
0.458385  302
0.458591  338
0.458616  99
0.458789  327
0.45903  149
0.459266  217
0.459388  313
0.459473  365
0.459474  337
0.459766  317
0.460069  335
0.460085  180
0.460278  135
0.460322  137
0.46042  282
0.460736  129
0.460888  376
0.461156  393
0.461282  339
0.462125  16
0.462162  273
0.462367  353
0.462437  162
0.462499  41
0.46282  378
0.46321  375
0.463428  70
0.463825  399
0.464285  314
0.464376  318
0.465426  369
0.465623  361
0.465661  196
0.465714  321
0.465735  202
0.465804  386
0.466005  171
0.466187  346
0.466334  351
0.466645  236
0.466759  105
0.4675  382
0.467881  333
0.468012  167
0.468204  315
0.469197  174
0.469606  303
0.469704  323
0.470197  8
0.470327  322
0.470422  355
0.470504  126
0.470556  248
0.471037  366
0.471122  371
0.471165  316
0.471558  46
0.472175  325
0.473242  260
0.473368  263
0.473976  158
0.474154  54
0.47435  395
0.47439  30
0.474458  357
0.474673  356
0.474813  368
0.475082  360
0.476111  301
0.476929  363
0.477205  104
0.477367  6
0.477967  312
0.478186  292
0.478711  17
0.478712  374
0.479133  172
0.479285  27
0.480031  342
0.480532  33
0.480863  349
0.481118  278
0.481124  387
0.481331  348
0.482164  7
0.482311  164
0.482374  331
0.482927  306
0.483436  390
0.483664  144
0.484866  108
0.485283  226
0.485394  209
0.485446  154
0.485458  364
0.485538  160
0.485824  336
0.485836  86
0.485968  125
0.486046  152
0.486114  110
0.486208  350
0.48626  176
0.486509  14
0.486634  291
0.486645  12
0.486947  222
0.487019  166
0.487183  238
0.487227  102
0.487917  138
0.488001  320
0.488006  305
0.488014  330
0.488076  308
0.488079  392
0.488113  340
0.488842  319
0.488956  377
0.489147  343
0.489203  310
0.489468  66
0.489908  309
0.491259  362
0.491314  132
0.491571  359
0.491715  295
0.492773  128
0.493242  55
0.493526  193
0.493774  151
0.494062  1
0.494069  234
0.494414  367
0.494715  299
0.494989  225
0.495564  47
0.495717  381
0.495793  38
0.495806  257
0.495897  334
0.495987  195
0.496044  269
0.496068  36
0.496069  165
0.496288  130
0.496346  240
0.496419  123
0.496744  221
0.496784  42
0.496847  44
0.496901  63
0.497493  80
0.497544  307
0.497792  253
0.497865  190
0.497899  13
0.49792  324
0.498123  341
0.498148  53
0.498345  274
0.498397  136
0.498462  223
0.498863  3
0.499052  272
0.499063  191
0.4991  332
0.499139  35
0.499294  145
0.499302  197
0.49938  399
0.499404  181
0.499461  372
0.49953  179
0.499548  261
0.49963  335
0.499705  275
0.49985  208
0.499893  287
0.499922  358
0.499942  187
0.500371  111
0.500663  220
0.500785  45
0.500909  281
0.500953  207
0.500981  34
0.501014  370
0.501103  383
0.501116  380
0.501167  57
0.501251  321
0.501369  10
0.501588  52
0.501631  87
0.501671  365
0.501692  201
0.501721  92
0.501765  69
0.501798  351
0.501834  328
0.501958  345
0.501971  213
0.501987  393
0.501993  224
0.502094  311
0.502111  139
0.502112  373
0.502138  347
0.502145  73
0.502219  396
0.502292  378
0.502316  394
0.502415  386
0.502427  397
0.502707  49
0.50275  294
0.503299  382
0.503815  229
0.50393  59
0.503972  82
0.503983  389
0.504058  352
0.504477  182
0.504484  227
0.504518  314
0.504568  25
0.504802  353
0.50482  185
0.50528  317
0.505536  385
0.505874  337
0.505947  265
0.506131  283
0.506813  243
0.506864  280
0.507028  391
0.507051  398
0.507505  194
0.507697  379
0.508226  376
0.50823  326
0.508557  141
0.508631  127
0.508635  313
0.509214  348
0.509256  205
0.509737  235
0.509764  242
0.50993  338
0.510003  375
0.510251  304
0.511024  344
0.511166  300
0.51131  361
0.511833  355
0.511873  395
0.511893  170
0.5129  148
0.513375  369
0.513924  384
0.513931  121
0.513983  62
0.514485  323
0.514965  354
0.516148  374
0.516473  366
0.516625  298
0.516962  262
0.516995  305
0.517091  302
0.51722  140
0.517304  167
0.517576  315
0.517928  61
0.518091  254
0.518474  19
0.519274  133
0.519466  211
0.519624  318
0.520052  325
0.520385  169
0.520693  246
0.520779  329
0.521027  0
0.521096  99
0.521362  339
0.521365  333
0.521477  112
0.521957  184
0.522789  371
0.522948  316
0.523457  268
0.52383  71
0.524127  368
0.524272  360
0.524299  16
0.524385  147
0.524448  64
0.524925  23
0.525019  285
0.525183  284
0.525287  346
0.525319  168
0.525373  356
0.52554  103
0.525968  330
0.526131  327
0.526132  216
0.526286  363
0.526738  97
0.52688  96
0.527004  171
0.527123  81
0.527305  335
0.527399  392
0.527452  387
0.527464  135
0.527482  312
0.527971  72
0.528495  146
0.528671  83
0.529675  28
0.529704  388
0.529889  288
0.530002  331
0.530064  93
0.530646  343
0.530657  259
0.530911  359
0.531001  390
0.531119  244
0.531149  174
0.53121  134
0.531295  319
0.531651  60
0.531656  91
0.532032  303
0.532155  100
0.532741  122
0.532767  322
0.533107  228
0.533211  124
0.533213  232
0.533406  250
0.533526  334
0.53357  345
0.533921  236
0.534008  293
0.534055  109
0.534081  342
0.534231  237
0.53442  340
0.534564  5
0.53459  113
0.534622  332
0.534718  137
0.535138  157
0.535496  306
0.536312  336
0.536516  357
0.536592  245
0.536837  39
0.53738  289
0.537827  297
0.538217  301
0.538242  22
0.538841  161
0.538873  4
0.538923  251
0.539013  347
0.539101  153
0.539137  258
0.539199  310
0.539343  324
0.539386  394
0.539543  26
0.539798  203
0.53988  364
0.539957  214
0.540088  67
0.540541  362
0.540724  247
0.541003  43
0.541547  349
0.541628  382
0.541857  383
0.541962  46
0.542303  215
0.542881  131
0.543371  198
0.543398  287
0.543427  320
0.543648  353
0.54393  44
0.543998  188
0.544547  206
0.544707  396
0.545345  54
0.545633  389
0.545808  84
0.545871  79
0.545924  106
0.545936  326
0.546086  281
0.546092  317
0.546573  350
0.546619  277
0.546778  370
0.546842  391
0.546901  241
0.547067  308
0.547069  378
0.547237  263
0.547381  328
0.547495  210
0.547706  29
0.547732  266
0.547765  126
0.547829  338
0.547858  352
0.547922  30
0.547925  12
0.548081  315
0.548104  398
0.54858  15
0.548881  376
0.549052  119
0.549989  249
0.550369  152
0.550882  77
0.551174  341
0.551346  302
0.551347  58
0.551756  296
0.551828  129
0.552032  393
0.553131  321
0.553145  105
0.553146  300
0.553295  208
0.553488  158
0.553511  339
0.553826  186
0.553888  177
0.553907  68
0.553931  213
0.554085  380
0.554099  17
0.554259  307
0.554318  114
0.554445  74
0.554457  361
0.554527  20
0.554582  192
0.554651  76
0.554761  309
0.554843  305
0.554979  11
0.555254  24
0.555289  1
0.555422  314
0.555464  311
0.555616  95
0.555811  386
0.556004  367
0.55615  337
0.556176  173
0.556178  381
0.55638  395
0.556562  399
0.556616  348
0.556663  115
0.557097  256
0.557707  191
0.558403  358
0.55846  290
0.559223  384
0.559262  164
0.559414  392
0.559738  65
0.560148  298
0.560217  365
0.56028  354
0.560329  377
0.560361  238
0.560507  327
0.560639  335
0.560995  219
0.561124  212
0.561484  325
0.561582  385
0.561628  373
0.561883  360
0.561952  143
0.561974  313
0.562013  304
0.562838  323
0.563295  201
0.564021  85
0.564157  372
0.564291  316
0.565618  70
0.566049  318
0.566609  291
0.566764  397
0.567566  88
0.567746  333
0.568105  181
0.568185  248
0.568417  329
0.568815  154
0.569349  80
0.569915  344
0.569933  264
0.570096  78
0.570474  160
0.57069  356
0.570764  267
0.570805  252
0.5711  182
0.571114  282
0.571414  34
0.571649  379
0.571748  56
0.571866  140
0.572009  8
0.572215  346
0.572221  334
0.572528  233
0.572619  239
0.572693  363
0.572959  200
0.572964  366
0.572994  38
0.573316  371
0.57346  355
0.573489  156
0.573575  116
0.573601  351
0.574558  125
0.574871  66
0.574964  102
0.575785  9
0.575797  286
0.576129  183
0.576299  99
0.576324  166
0.576327  142
0.576859  132
0.576901  375
0.577012  32
0.577051  292
0.577304  332
0.577501  218
0.577886  253
0.578046  175
0.578077  322
0.578079  369
0.578115  94
0.578134  368
0.578327  40
0.57842  59
0.578456  21
0.578685  331
0.578728  306
0.578797  204
0.578854  374
0.578887  312
0.579006  260
0.579225  330
0.57945  387
0.579456  155
0.579899  336
0.580312  320
0.580913  53
0.581007  220
0.58199  347
0.582227  390
0.582233  180
0.582576  299
0.582969  47
0.583006  128
0.583114  257
0.583129  243
0.583237  35
0.583252  151
0.583271  51
0.583301  16
0.58343  81
0.583463  359
0.583499  92
0.583642  342
0.583723  362
0.583772  226
0.583864  317
0.583934  172
0.583947  231
0.584183  254
0.584272  60
0.584312  41
0.584315  389
0.584538  31
0.584558  394
0.584815  353
0.585031  4
0.58509  283
0.585236  370
0.585364  98
0.585426  307
0.585881  206
0.586347  343
0.58644  73
0.586463  357
0.586815  324
0.586832  338
0.587032  384
0.587159  224
0.587195  383
0.587201  176
0.587515  310
0.587554  396
0.587951  189
0.588034  101
0.5881  348
0.588278  265
0.588322  399
0.589119  319
0.589259  392
0.589624  191
0.590478  349
0.590758  365
0.591249  124
0.591281  256
0.591342  262
0.591872  303
0.591893  178
0.591973  301
0.592032  165
0.592188  378
0.592233  352
0.592371  326
0.593898  340
0.594288  395
0.594562  122
0.594632  230
0.594767  325
0.594798  364
0.595014  309
0.595201  229
0.595429  196
0.59552  276
0.595621  163
0.595744  377
0.595831  315
0.595908  279
0.596242  190
0.596517  270
0.596788  146
0.597118  275
0.597418  305
0.597626  25
0.597679  329
0.597756  211
0.597834  271
0.598054  19
0.598537  366
0.598582  7
0.598665  284
0.598702  311
0.598925  79
0.599018  388
0.599233  302
0.6  227
0.600077  398
0.600101  391
0.600575  356
0.60072  328
0.601272  71
0.601891  393
0.602175  93
0.603025  118
0.603151  217
0.603822  345
0.60407  333
0.604321  68
0.604801  45
0.604811  57
0.605082  0
0.605345  75
0.605345  354
0.605353  335
0.605389  194
0.605485  300
0.605632  13
0.605743  120
0.605762  316
0.60608  15
0.606125  314
0.606137  358
0.606282  295
0.606439  36
0.606817  141
0.606999  187
0.607354  386
0.607604  110
0.607814  341
0.607928  308
0.607932  10
0.608007  318
0.608012  49
0.608104  373
0.608237  23
0.608674  327
0.608685  242
0.608838  323
0.609043  321
0.609357  48
0.609512  72
0.609699  37
0.610245  90
0.610778  313
0.611154  130
0.611193  339
0.611481  100
0.611777  355
0.611971  63
0.612106  213
0.612394  376
0.612651  304
0.612904  33
0.61294  367
0.613105  197
0.613949  320
0.614432  159
0.614472  380
0.614492  185
0.614593  87
0.614874  269
0.615465  363
0.615512  127
0.615729  312
0.6163  382
0.616389  332
0.616515  381
0.616708  112
0.616712  337
0.617574  251
0.617706  375
0.618668  64
0.618758  96
0.619047  361
0.619157  193
0.620131  346
0.620154  374
0.620841  250
0.62116  137
0.621605  368
0.621825  171
0.622058  145
0.622184  52
0.622603  223
0.622887  199
0.622924  235
0.623307  162
0.623375  342
0.6235  147
0.623683  357
0.623812  245
0.62386  228
0.624577  263
0.624665  385
0.62468  155
0.624775  86
0.62479  207
0.624812  387
0.625104  399
0.625221  143
0.625351  20
0.625376  306
0.625731  281
0.625962  6
0.62611  50
0.626215  334
0.626387  371
0.626604  30
0.626801  360
0.626876  378
0.627161  29
0.627638  202
0.627731  103
0.628246  138
0.62827  209
0.6286  331
0.628775  88
0.629022  126
0.629087  55
0.629475  99
0.629666  352
0.629676  161
0.629861  85
0.629904  70
0.629936  5
0.629957  236
0.629983  289
0.630166  128
0.630183  38
0.630191  309
0.630197  192
0.630201  210
0.630216  157
0.630219  307
0.630328  205
0.6304  84
0.630489  67
0.630542  344
0.630638  394
0.630669  14
0.630786  92
0.630801  397
0.630864  234
0.630894  115
0.631035  324
0.631202  379
0.631203  258
0.631301  148
0.631372  392
0.631519  186
0.631593  107
0.63165  310
0.631782  28
0.631793  350
0.63205  390
0.632145  150
0.632233  330
0.632272  319
0.632404  129
0.632896  288
0.632998  338
0.633221  297
0.633482  384
0.633645  272
0.634168  359
0.634262  76
0.634377  219
0.634429  336
0.634446  244
0.634497  91
0.634561  104
0.634617  179
0.635199  131
0.635309  149
0.635418  66
0.635445  264
0.635698  351
0.635944  369
0.63612  39
0.636135  158
0.636352  317
0.636378  366
0.636544  240
0.636552  221
0.636668  303
0.636688  42
0.636698  364
0.636736  62
0.636771  372
0.636811  259
0.636892  383
0.636949  174
0.637005  328
0.637098  27
0.637165  177
0.63727  41
0.637325  305
0.637441  347
0.637712  353
0.638091  113
0.638111  121
0.638273  16
0.638317  377
0.638582  188
0.638852  395
0.63893  232
0.639049  153
0.639595  56
0.639643  117
0.639686  349
0.639702  389
0.640096  301
0.640267  116
0.640283  133
0.640286  340
0.640498  326
0.64062  165
0.641061  398
0.64143  160
0.64155  154
0.641698  54
0.641716  329
0.641996  12
0.642116  311
0.642195  287
0.6422  356
0.642275  316
0.642649  273
0.642681  388
0.642731  302
0.642752  277
0.642842  95
0.643522  60
0.643574  362
0.643647  322
0.643671  195
0.64369  343
0.64486  291
0.645223  201
0.645305  275
0.645457  97
0.645457  386
0.645756  341
0.645779  396
0.645956  333
0.646034  93
0.646128  380
0.646319  34
0.646483  358
0.64692  314
0.647062  332
0.647816  164
0.647889  294
0.64789  122
0.647957  318
0.648335  178
0.648622  325
0.649099  320
0.649127  354
0.649379  304
0.649848  365
0.649868  105
0.650164  335
0.650414  337
0.650855  348
0.652364  89
0.652596  293
0.652662  18
0.65267  300
0.653598  376
0.654037  381
0.654743  370
0.655202  134
0.655376  4
0.65562  166
0.656297  100
0.656379  285
0.656627  270
0.656756  361
0.656848  290
0.656895  182
0.657009  233
0.657026  355
0.657102  321
0.657333  81
0.657524  216
0.65762  313
0.658408  142
0.658482  170
0.658827  367
0.658938  385
0.659225  363
0.659534  229
0.65958  26
0.659611  339
0.659738  123
0.659999  249
0.660217  239
0.660285  110
0.660578  391
0.660952  312
0.661137  382
0.66119  315
0.661263  208
0.661281  152
0.66171  130
0.661777  87
0.661946  260
0.661946  8
0.66202  323
0.662139  176
0.662316  51
0.662368  125
0.662514  373
0.662673  308
0.662949  298
0.663457  222
0.663998  327
0.664  248
0.664036  10
0.66409  3
0.664132  230
0.664428  184
0.664519  94
0.664531  31
0.664655  350
0.665103  11
0.665107  109
0.665116  69
0.665135  58
0.66518  286
0.665183  241
0.665333  392
0.66551  214
0.665552  310
0.665945  371
0.665968  24
0.666173  108
0.666277  53
0.666467  393
0.666512  279
0.666524  196
0.666536  276
0.6666  217
0.666628  374
0.666855  278
0.666929  1
0.667101  111
0.667347  368
0.667658  21
0.66774  266
0.667857  334
0.668174  61
0.668275  307
0.668342  200
0.668367  144
0.668435  2
0.668514  324
0.66854  379
0.668548  106
0.668585  384
0.668938  48
0.668963  253
0.669086  72
0.669503  220
0.669597  213
0.669728  399
0.6699  309
0.670194  394
0.670315  284
0.670487  181
0.670489  342
0.670563  331
0.670752  357
0.670948  139
0.671456  330
0.671789  255
0.67212  306
0.672139  390
0.672233  151
0.672542  317
0.672965  202
0.672984  353
0.673302  360
0.67346  243
0.673607  207
0.673631  32
0.673809  346
0.673816  55
0.674093  167
0.674234  71
0.674601  83
0.675185  175
0.675293  283
0.675348  351
0.675437  268
0.675504  347
0.67553  383
0.675629  25
0.675735  141
0.67606  44
0.676097  46
0.676241  369
0.676309  185
0.676338  237
0.676665  172
0.676672  352
0.676857  397
0.677101  224
0.677578  65
0.677693  156
0.677894  322
0.6779  173
0.677926  299
0.677955  311
0.678013  395
0.678026  343
0.678452  320
0.678509  338
0.678793  345
0.678842  387
0.679043  378
0.680664  359
0.680902  365
0.681528  35
0.682424  37
0.682472  206
0.682527  326
0.682938  361
0.682954  348
0.683218  386
0.683523  126
0.683651  340
0.683885  204
0.684231  381
0.68438  98
0.684426  238
0.684653  398
0.68478  242
0.685483  231
0.6855  14
0.686028  104
0.686326  336
0.686445  388
0.686449  328
0.686461  59
0.686465  254
0.686467  33
0.686539  118
0.686612  135
0.686725  375
0.686771  140
0.686779  356
0.686806  325
0.687351  300
0.687409  382
0.68761  362
0.687798  256
0.687921  302
0.68801  344
0.688938  303
0.689823  318
0.690063  333
0.690132  380
0.691596  366
0.692374  229
0.692634  304
0.692952  147
0.693622  315
0.694036  321
0.694602  0
0.695283  295
0.695935  203
0.696171  17
0.696821  134
0.697127  85
0.697479  189
0.697485  349
0.697521  354
0.697649  228
0.697705  341
0.697754  314
0.698153  301
0.698683  120
0.698728  212
0.699153  88
0.699593  372
0.700076  57
0.700157  124
0.700373  191
0.700546  34
0.700576  364
0.700591  267
0.700654  105
0.700694  188
0.700714  82
0.700792  50
0.700882  236
0.700945  194
0.701025  316
0.701068  329
0.701108  117
0.701151  162
0.701171  265
0.701318  226
0.701469  133
0.701491  23
0.701555  90
0.701602  137
0.701603  70
0.701624  259
0.701805  389
0.702014  116
0.702183  36
0.702303  391
0.702335  305
0.702392  91
0.702403  54
0.702548  219
0.702659  319
0.702709  246
0.702969  128
0.703021  22
0.703226  159
0.703264  220
0.703293  103
0.703529  307
0.703613  56
0.703717  324
0.703833  399
0.703853  190
0.703958  282
0.704  180
0.704027  138
0.704036  263
0.704042  43
0.704255  272
0.70453  337
0.704859  308
0.704894  40
0.704922  370
0.705144  30
0.705267  339
0.705296  355
0.705383  210
0.705574  68
0.705576  201
0.705591  19
0.705609  271
0.705724  292
0.705984  15
0.706036  335
0.706059  384
0.706137  373
0.706269  218
0.706335  280
0.706365  297
0.706642  323
0.706761  102
0.707035  198
0.70729  358
0.70734  101
0.707626  74
0.707647  367
0.707779  313
0.707938  293
0.707984  396
0.708068  368
0.708724  6
0.709004  27
0.709057  150
0.709062  262
0.709174  369
0.709254  330
0.709352  350
0.709356  45
0.709378  374
0.709553  187
0.70987  294
0.709959  317
0.710149  394
0.710434  361
0.710449  115
0.710528  375
0.710846  310
0.710852  99
0.711212  247
0.711228  332
0.711353  39
0.711511  131
0.711676  62
0.711713  328
0.711747  377
0.711824  205
0.711993  95
0.712412  342
0.712579  379
0.712594  327
0.713275  300
0.713342  20
0.71342  312
0.713912  216
0.714086  232
0.714126  392
0.714187  353
0.714561  92
0.715013  334
0.715543  193
0.716016  352
0.71678  387
0.717525  393
0.717942  75
0.718423  320
0.718532  363
0.718789  141
0.718902  357
0.719519  69
0.719558  211
0.719664  331
0.719857  227
0.720166  378
0.720188  388
0.720439  192
0.720623  383
0.720673  287
0.72074  80
0.720953  76
0.721728  178
0.721732  275
0.721732  385
0.721971  371
0.722405  241
0.723106  112
0.723121  376
0.723733  398
0.723855  66
0.724087  365
0.724662  344
0.724878  351
0.724953  318
0.725247  338
0.725321  345
0.725571  4
0.725658  360
0.72574  257
0.725842  340
0.725891  286
0.726745  77
0.726957  274
0.727855  148
0.727919  154
0.727948  326
0.728501  347
0.728538  397
0.728541  223
0.728948  348
0.729037  381
0.729331  291
0.72989  302
0.729995  234
0.730307  309
0.731064  390
0.731283  366
0.731344  336
0.731392  38
0.731485  152
0.732066  10
0.732141  79
0.732537  186
0.73261  121
0.733166  7
0.733476  322
0.7338  346
0.733925  395
0.734324  156
0.734349  354
0.734568  311
0.734699  114
0.73472  248
0.734789  382
0.735052  240
0.736035  243
0.736534  129
0.736847  78
0.737068  283
0.737199  303
0.738276  304
0.738336  235
0.738659  163
0.738684  84
0.738793  343
0.739398  325
0.739486  183
0.739495  359
0.739633  52
0.739771  149
0.739869  151
0.73996  8
0.740054  256
0.740134  64
0.740536  1
0.7406  9
0.740727  111
0.740856  171
0.741279  249
0.741643  321
0.741778  46
0.741813  252
0.74182  364
0.741955  28
0.742122  315
0.742167  215
0.742675  273
0.742741  168
0.743345  47
0.743476  386
0.743543  11
0.743545  155
0.743661  196
0.743708  288
0.743762  380
0.743814  258
0.743913  230
0.743937  316
0.743945  285
0.744086  146
0.744182  250
0.744271  157
0.744386  104
0.744599  24
0.744602  145
0.744609  161
0.744616  13
0.744668  3
0.744696  96
0.744753  324
0.744763  392
0.744819  124
0.744839  377
0.744903  21
0.744936  166
0.744983  200
0.744988  270
0.744988  89
0.745153  306
0.745273  307
0.745672  362
0.745758  225
0.745815  12
0.745846  26
0.74586  67
0.745903  123
0.745991  130
0.746069  122
0.746073  65
0.746151  53
0.746249  389
0.746255  349
0.746399  337
0.746535  284
0.746633  350
0.746669  355
0.746718  329
0.747016  179
0.747054  310
0.747084  139
0.747104  127
0.747305  18
0.747434  222
0.747451  313
0.74754  391
0.747573  279
0.747627  33
0.747634  119
0.747643  182
0.747729  86
0.747757  109
0.747875  356
0.747979  107
0.748134  197
0.748203  140
0.748255  372
0.748358  334
0.748626  206
0.748694  251
0.748815  301
0.748934  103
0.748949  323
0.749101  396
0.749149  332
0.749635  370
0.749664  384
0.749697  335
0.749845  394
0.749898  375
0.750131  327
0.750276  339
0.750419  333
0.7505  308
0.751014  317
0.752348  144
0.752923  158
0.753074  58
0.753786  312
0.754236  382
0.754331  393
0.754654  207
0.754882  374
0.754982  352
0.755182  376
0.75619  300
0.756212  177
0.75628  383
0.756718  63
0.756909  361
0.757685  268
0.75824  342
0.75857  398
0.758894  378
0.759228  314
0.759244  305
0.759977  399
0.760516  5
0.761854  117
0.762125  369
0.762204  344
0.762225  61
0.762758  351
0.763211  328
0.763219  368
0.763754  318
0.763991  340
0.764836  347
0.766669  214
0.766924  263
0.767247  330
0.767903  31
0.767945  320
0.768511  390
0.768629  136
0.769221  244
0.769273  181
0.769306  255
0.769448  371
0.769457  365
0.769584  358
0.770643  175
0.770701  345
0.771071  357
0.771142  343
0.771175  331
0.771488  48
0.772117  110
0.772959  353
0.773077  261
0.773411  274
0.773553  387
0.773614  379
0.773996  98
0.774869  91
0.7749  304
0.774982  242
0.775026  246
0.775077  147
0.775212  30
0.775293  311
0.77532  160
0.775339  395
0.775348  184
0.775613  75
0.775624  336
0.776995  176
0.777233  298
0.777339  71
0.77755  363
0.777589  319
0.777797  290
0.777884  153
0.777971  148
0.778061  354
0.778089  2
0.77848  100
0.778611  221
0.778645  303
0.778774  0
0.778878  388
0.778997  203
0.779099  341
0.779683  346
0.779883  16
0.779919  397
0.780011  367
0.780577  44
0.780699  210
0.780976  373
0.78131  132
0.781477  302
0.78156  92
0.781681  324
0.782559  348
0.782614  338
0.783716  85
0.784483  55
0.784521  381
0.784711  267
0.784821  366
0.785431  239
0.786859  29
0.786905  295
0.787041  272
0.787061  106
0.78728  360
0.787577  82
0.787647  281
0.787692  385
0.787701  271
0.787752  59
0.787803  41
0.788  168
0.788309  198
0.788367  116
0.788557  167
0.788615  192
0.789157  386
0.789251  76
0.789796  189
0.789816  17
0.790091  37
0.790221  204
0.790242  309
0.790245  146
0.790728  374
0.790742  36
0.79085  316
0.791  224
0.791077  392
0.791377  208
0.791483  131
0.791499  380
0.791713  114
0.791974  39
0.792006  237
0.7921  326
0.792108  231
0.792165  265
0.792186  333
0.792213  113
0.792335  349
0.79236  193
0.792375  393
0.79243  118
0.792561  286
0.792744  69
0.79282  134
0.792882  335
0.792916  97
0.792993  370
0.793156  142
0.793225  321
0.793232  194
0.79328  306
0.793634  312
0.794059  209
0.794343  216
0.79456  323
0.794576  383
0.794578  275
0.79473  362
0.794875  315
0.794924  19
0.794996  83
0.795061  399
0.79574  334
0.795787  269
0.795951  43
0.796238  389
0.79671  266
0.7968  332
0.79685  126
0.796905  185
0.797526  299
0.797926  396
0.798047  300
0.798095  218
0.798337  111
0.798376  350
0.798509  174
0.798677  394
0.798734  264
0.798735  337
0.798762  112
0.798918  72
0.798994  356
0.799068  150
0.799076  307
0.799115  390
0.799555  186
0.800106  342
0.800151  128
0.800172  375
0.800292  170
0.800459  325
0.800582  205
0.800677  233
0.800809  96
0.800911  353
0.800931  125
0.801118  364
0.801265  384
0.801476  354
0.80151  355
0.801886  54
0.803057  359
0.803342  351
0.803605  253
0.803792  317
0.803971  320
0.804768  228
0.805238  195
0.805462  297
0.805854  308
0.80615  376
0.806189  398
0.806707  45
0.80697  369
0.807184  240
0.807213  336
0.807347  327
0.808079  391
0.808206  361
0.808345  28
0.808729  270
0.80881  27
0.809123  25
0.809604  378
0.809857  47
0.81  302
0.81019  372
0.810216  236
0.810283  49
0.810323  377
0.811362  318
0.812243  339
0.812766  322
0.81313  303
0.813155  352
0.814382  60
0.815734  278
0.815869  382
0.816137  387
0.816199  280
0.816289  115
0.816323  314
0.816677  235
0.817004  294
0.817153  310
0.817163  38
0.817177  227
0.817221  347
0.817481  368
0.817735  229
0.817848  291
0.817907  180
0.817944  301
0.818015  110
0.818115  343
0.818676  202
0.818818  212
0.819003  365
0.819149  388
0.819199  143
0.819449  66
0.819625  203
0.820188  56
0.820254  214
0.820278  217
0.820381  169
0.820573  338
0.821048  159
0.821281  80
0.821297  305
0.821698  258
0.821756  330
0.821936  182
0.821955  282
0.822002  70
0.822309  32
0.822334  14
0.822334  328
0.822401  344
0.822551  329
0.823029  137
0.823111  73
0.823254  3
0.823629  8
0.82388  257
0.824268  311
0.824473  287
0.824629  259
0.825158  283
0.825196  381
0.825204  331
0.825435  358
0.82546  46
0.825533  340
0.825767  363
0.825874  149
0.825889  397
0.826261  20
0.826433  87
0.826738  79
0.827085  341
0.827562  88
0.827811  201
0.827935  226
0.827996  164
0.828022  102
0.828463  93
0.828531  371
0.828538  357
0.828559  89
0.828899  94
0.829658  324
0.830033  13
0.830073  277
0.830087  238
0.830088  273
0.830128  172
0.830161  293
0.8302  101
0.830299  234
0.830485  100
0.830505  219
0.830702  108
0.830783  323
0.830783  63
0.83083  304
0.831065  370
0.83117  35
0.831309  184
0.83138  334
0.831456  345
0.831467  362
0.831517  74
0.831584  156
0.83187  367
0.831873  373
0.831993  313
0.832025  319
0.832382  261
0.832894  84
0.832925  309
0.833031  22
0.833266  21
0.833279  50
0.83344  399
0.83421  139
0.834219  312
0.834376  296
0.834402  65
0.834553  10
0.834577  320
0.834705  141
0.834755  58
0.834821  395
0.834968  78
0.835382  379
0.835457  366
0.836542  31
0.836578  163
0.836637  391
0.836742  130
0.837282  390
0.83784  393
0.837897  188
0.838018  86
0.838217  285
0.838271  351
0.838358  64
0.838439  316
0.838717  239
0.838764  346
0.838765  71
0.838913  129
0.838937  40
0.839342  241
0.839541  136
0.839554  326
0.839558  103
0.839683  321
0.83993  354
0.840126  377
0.840375  384
0.840437  392
0.840461  122
0.840465  107
0.840723  245
0.841185  310
0.841198  225
0.841284  153
0.841573  1
0.841997  206
0.84211  244
0.842426  242
0.842506  302
0.842542  144
0.842635  51
0.84267  2
0.842794  135
0.842899  132
0.842921  380
0.842937  306
0.842956  207
0.843039  243
0.843096  361
0.84326  359
0.843344  255
0.843588  154
0.8436  376
0.843701  353
0.843896  348
0.843933  111
0.844033  260
0.844114  386
0.844143  333
0.844203  327
0.844495  356
0.844661  396
0.844973  211
0.845689  276
0.84572  360
0.846077  215
0.846332  318
0.846537  53
0.846677  175
0.846931  237
0.847381  133
0.847409  336
0.847782  382
0.847848  389
0.84791  109
0.847926  177
0.848075  314
0.848787  342
0.849043  155
0.849469  332
0.849538  337
0.850037  350
0.851026  307
0.851044  224
0.851082  263
0.851927  383
0.851947  330
0.852199  374
0.852388  352
0.852707  338
0.852906  99
0.853099  355
0.853402  358
0.853514  186
0.853644  33
0.854183  349
0.854741  365
0.854883  315
0.85496  151
0.855325  344
0.855968  286
0.85597  146
0.856545  272
0.856621  148
0.857422  381
0.857603  385
0.857989  343
0.85806  147
0.858275  246
0.858386  9
0.858411  375
0.858976  394
0.858994  216
0.859128  162
0.859193  301
0.859566  26
0.859706  4
0.860326  264
0.860463  325
0.860534  300
0.860643  68
0.860752  378
0.861571  34
0.86164  308
0.861656  18
0.861762  199
0.862074  275
0.862136  364
0.862575  57
0.862966  317
0.863253  335
0.863276  95
0.863467  303
0.863495  81
0.863665  232
0.86481  324
0.865073  329
0.865434  369
0.866111  322
0.86627  39
0.866789  347
0.867128  311
0.867827  251
0.868014  41
0.868999  120
0.86916  388
0.869784  42
0.86994  205
0.870288  166
0.870698  366
0.871147  48
0.871793  379
0.871845  181
0.871898  96
0.871935  165
0.871964  201
0.872118  49
0.872125  93
0.872222  312
0.873121  340
0.873346  362
0.873374  345
0.873601  341
0.873865  193
0.873909  213
0.87398  220
0.873986  16
0.874236  288
0.87432  305
0.874513  357
0.875269  387
0.875848  368
0.875885  66
0.8759  30
0.876302  179
0.877274  372
0.877989  117
0.878024  12
0.878526  320
0.878654  371
0.878776  250
0.878808  114
0.87905  397
0.879142  6
0.879218  77
0.879262  319
0.879334  309
0.879417  67
0.879738  398
0.880532  321
0.880925  310
0.880958  289
0.881453  5
0.881736  44
0.882511  323
0.882918  353
0.882933  221
0.883265  339
0.883277  45
0.883435  334
0.883535  92
0.884265  395
0.884348  128
0.8845  392
0.884675  82
0.884687  384
0.884806  230
0.884827  292
0.884856  173
0.886615  161
0.887244  297
0.887425  94
0.887946  304
0.888126  23
0.888294  278
0.888364  295
0.888386  318
0.888402  287
0.888518  222
0.888723  140
0.888864  52
0.888908  85
0.888995  175
0.889114  374
0.889161  268
0.889455  124
0.889491  380
0.889513  55
0.889517  256
0.889588  203
0.889604  231
0.889606  331
0.889676  126
0.889682  178
0.890051  234
0.890096  167
0.890141  348
0.890438  342
0.890588  248
0.890614  376
0.890636  267
0.890658  363
0.890879  298
0.891124  90
0.891165  125
0.891507  223
0.891864  280
0.891914  382
0.891953  271
0.891977  0
0.891989  210
0.892161  7
0.892259  79
0.892281  270
0.892397  390
0.892548  255
0.892683  215
0.892807  399
0.892872  354
0.892888  332
0.89305  338
0.893169  373
0.893179  333
0.893243  367
0.89341  112
0.893473  204
0.893553  261
0.893642  293
0.893688  347
0.89371  356
0.893844  15
0.893967  184
0.894589  83
0.894637  14
0.894723  346
0.894924  328
0.894936  327
0.895014  25
0.895386  198
0.895619  183
0.895716  359
0.895717  262
0.896047  121
0.896479  377
0.896519  360
0.896557  187
0.896586  336
0.896699  393
0.896803  86
0.896895  352
0.896912  316
0.896938  290
0.897128  76
0.89746  370
0.897584  134
0.897816  37
0.897936  36
0.898015  349
0.898257  263
0.898301  365
0.898476  330
0.898576  71
0.899834  389
0.900062  306
0.900133  176
0.900398  11
0.900446  369
0.900929  244
0.901148  240
0.901526  381
0.901615  35
0.901627  136
0.901767  337
0.902322  300
0.902337  254
0.902552  388
0.902734  302
0.902818  228
0.903796  307
0.904079  46
0.904436  158
0.904471  189
0.904486  350
0.904692  171
0.904946  190
0.904995  113
0.905045  197
0.905163  309
0.905566  279
0.905787  159
0.905813  238
0.905937  24
0.905954  343
0.906169  311
0.906312  156
0.906328  163
0.906376  375
0.906424  209
0.906717  358
0.907176  115
0.907257  61
0.907308  368
0.907564  398
0.907626  361
0.907694  303
0.907763  385
0.907823  351
0.908155  80
0.908218  195
0.908264  62
0.908875  3
0.908947  364
0.909298  152
0.909311  317
0.909322  160
0.909537  89
0.909744  325
0.909773  312
0.909897  313
0.910002  378
0.911924  322
0.912049  326
0.912107  41
0.912978  396
0.912994  386
0.913147  366
0.913748  391
0.914983  201
0.915025  21
0.915217  258
0.915726  138
0.916118  372
0.916151  344
0.91628  362
0.916355  43
0.91667  252
0.916949  305
0.917574  355
0.917713  199
0.918139  13
0.918267  383
0.918309  394
0.918577  172
0.918685  149
0.919559  299
0.919835  227
0.920168  301
0.920749  118
0.920854  324
0.921071  64
0.921773  340
0.921961  139
0.92202  281
0.922328  356
0.922347  185
0.922758  97
0.923114  220
0.923214  345
0.923568  384
0.924014  226
0.924076  131
0.92429  72
0.924584  319
0.924587  282
0.924608  265
0.924632  308
0.924649  60
0.924652  22
0.924719  194
0.92473  296
0.924745  119
0.924782  392
0.924793  229
0.924866  8
0.925126  20
0.925282  277
0.925562  235
0.92607  29
0.926071  57
0.926115  133
0.92619  200
0.926223  87
0.926295  219
0.92647  233
0.926525  379
0.926526  357
0.92675  54
0.926836  341
0.926841  59
0.927043  335
0.927389  51
0.927449  320
0.927484  162
0.927586  73
0.927641  247
0.927646  217
0.927659  68
0.927681  70
0.927712  245
0.927873  246
0.92798  155
0.928131  257
0.928165  371
0.928267  92
0.928286  286
0.928292  75
0.928299  38
0.928312  231
0.928385  377
0.928402  243
0.928542  342
0.928649  66
0.928771  376
0.928846  207
0.928865  150
0.928914  370
0.928921  264
0.92904  203
0.929062  170
0.929137  321
0.929256  310
0.929427  56
0.929502  10
0.929529  363
0.929613  109
0.929849  78
0.929859  330
0.929887  5
0.930158  182
0.930169  393
0.930252  53
0.930294  161
0.930332  353
0.930393  28
0.930514  105
0.930578  339
0.930623  99
0.930674  49
0.930838  332
0.930983  191
0.931093  354
0.931154  367
0.931178  314
0.931298  206
0.931512  347
0.931614  4
0.931683  306
0.931685  186
0.931706  237
0.931894  58
0.932141  153
0.932157  328
0.932316  374
0.932802  141
0.932977  137
0.932988  300
0.933057  360
0.933105  334
0.933369  385
0.933387  45
0.933563  214
0.933627  399
0.933676  318
0.93369  329
0.933749  39
0.934402  25
0.934745  382
0.935074  151
0.935163  352
0.935441  359
0.935528  146
0.935948  272
0.936387  333
0.936415  365
0.936485  304
0.936595  202
0.93706  395
0.937103  338
0.937444  369
0.937538  50
0.937933  211
0.938  114
0.938065  315
0.938174  98
0.938504  196
0.939278  348
0.939358  349
0.939665  388
0.939743  337
0.9399  346
0.939912  302
0.940045  84
0.940327  232
0.940578  225
0.940686  386
0.940935  396
0.940999  309
0.941261  307
0.941665  362
0.942345  389
0.942595  316
0.942662  303
0.943523  116
0.94359  18
0.944454  198
0.944643  397
0.945722  166
0.946092  313
0.946585  372
0.946919  366
0.948068  294
0.94831  31
0.948403  284
0.948815  373
0.949237  168
0.949319  380
0.94936  273
0.949426  74
0.949818  323
0.950358  143
0.950488  343
0.951366  378
0.951688  331
0.951919  208
0.952275  100
0.952643  288
0.952755  292
0.953161  322
0.953223  134
0.953238  26
0.953277  368
0.953552  311
0.953618  85
0.953674  120
0.953894  336
0.954538  79
0.954617  381
0.955043  122
0.955149  188
0.955291  375
0.9553  325
0.955416  299
0.955617  254
0.955653  317
0.956007  283
0.956214  358
0.956281  387
0.956391  355
0.956711  293
0.956845  383
0.956907  88
0.957575  345
0.958044  127
0.958231  205
0.958311  350
0.959233  327
0.959673  23
0.959724  189
0.960054  326
0.960056  235
0.960067  147
0.960647  391
0.960869  173
0.96094  392
0.961118  319
0.961128  69
0.961347  390
0.961542  276
0.961608  371
0.96275  144
0.962899  65
0.963096  212
0.9634  398
0.963496  101
0.963842  140
0.963934  33
0.964608  135
0.964683  361
0.965142  351
0.965306  111
0.96541  259
0.965462  394
0.96566  364
0.965757  312
0.965966  89
0.966114  224
0.966382  384
0.966449  184
0.966458  195
0.966887  12
0.967043  218
0.967155  370
0.967692  230
0.968414  281
0.968612  278
0.968717  150
0.968763  367
0.968787  1
0.968929  104
0.969033  165
0.969202  242
0.969394  174
0.969658  16
0.969709  17
0.969762  324
0.969897  305
0.969909  339
0.969985  63
0.970502  142
0.970522  348
0.970915  344
0.971741  239
0.971788  234
0.971801  44
0.971823  236
0.972054  37
0.972118  86
0.972215  190
0.972311  257
0.972327  169
0.972464  287
0.972492  164
0.972524  300
0.972735  106
0.972737  340
0.972897  123
0.97321  6
0.973297  179
0.973626  128
0.973802  125
0.973889  82
0.974018  399
0.974074  55
0.974154  2
0.974234  356
0.974268  382
0.974399  210
0.974428  197
0.97444  216
0.97444  160
0.974579  78
0.974608  215
0.974637  295
0.974721  330
0.974786  187
0.974844  24
0.974934  9
0.974941  221
0.974971  309
0.974997  274
0.975087  321
0.975255  266
0.97536  102
0.9756  245
0.97562  30
0.975652  306
0.975652  196
0.975655  261
0.975671  154
0.975688  217
0.975836  252
0.975869  369
0.975916  342
0.975919  359
0.975955  131
0.976002  95
0.976051  250
0.976102  363
0.976107  320
0.976165  280
0.976396  377
0.976518  341
0.976524  110
0.976583  268
0.976826  171
0.977206  289
0.977214  241
0.977334  374
0.977368  332
0.977384  376
0.977406  393
0.97762  385
0.978052  180
0.978255  285
0.978546  213
0.9786  3
0.97874  352
0.97878  193
0.978936  27
0.979181  328
0.97937  192
0.979467  379
0.979554  318
0.979833  108
0.979915  255
0.979966  96
0.979976  389
0.980037  314
0.980356  308
0.980366  333
0.980425  368
0.980479  388
0.980556  301
0.980582  346
0.980608  81
0.980891  335
0.981165  269
0.981194  145
0.981237  13
0.981582  316
0.981781  47
0.981962  129
0.982369  357
0.983329  267
0.983593  345
0.983769  271
0.984146  310
0.984153  329
0.984288  91
0.984629  373
0.984881  157
0.985184  338
0.98543  386
0.985868  353
0.985904  334
0.986312  381
0.986329  132
0.986522  354
0.986528  279
0.986787  343
0.987609  28
0.98819  375
0.988326  112
0.988731  302
0.989391  7
0.989434  297
0.98947  313
0.98964  390
0.990084  152
0.990151  233
0.991197  307
0.991388  336
0.991917  372
0.992103  121
0.992137  138
0.992173  270
0.99228  355
0.9928  304
0.992839  349
0.993095  366
0.993198  303
0.993248  365
0.993425  319
0.994289  397
0.994291  116
0.994602  42
0.995951  312
0.996232  130
0.996832  323
0.997286  326
0.997571  362
0.998456  76
0.998461  71
0.998476  311
0.998597  347
0.998733  46
0.999121  395
0.99926  358
