0.0377833  373
0.0394313  23
0.0397359  328
0.039902  29
0.0399268  239
0.0401778  205
0.0402556  114
0.0402956  369
0.0404018  31
0.040418  24
0.0404199  112
0.0404471  78
0.0405489  21
0.040596  325
0.0406743  86
0.0406883  269
0.0407889  346
0.0408738  297
0.0411076  81
0.0411114  287
0.041235  377
0.0412866  336
0.0413234  103
0.0413791  159
0.0414047  376
0.0414927  396
0.0416239  246
0.0417004  383
0.0417385  353
0.0417643  40
0.0419285  318
0.0420392  157
0.0421747  71
0.0422599  5
0.0422894  15
0.0423204  392
0.0423225  82
0.0423721  207
0.0424488  41
0.042529  123
0.0426037  282
0.0426466  218
0.042654  339
0.042712  166
0.042834  331
0.0428409  380
0.0428815  274
0.0429391  378
0.0429687  203
0.0430669  310
0.0430672  208
0.0431498  303
0.043188  391
0.0432243  333
0.0433571  305
0.0434072  37
0.0434473  52
0.0437025  197
0.0437059  371
0.0438083  83
0.0439598  254
0.0439686  180
0.0440459  256
0.0440507  298
0.0441374  33
0.044155  344
0.0441605  7
0.0444963  393
0.0445132  182
0.044524  47
0.0446145  399
0.0446796  304
0.0446848  198
0.0447562  189
0.0447806  190
0.0448749  356
0.0449267  69
0.0449528  317
0.0450406  100
0.0450958  13
0.0451488  96
0.045207  291
0.045293  332
0.0453923  362
0.0455121  2
0.0456047  389
0.0458099  379
0.0458714  64
0.0460554  398
0.0462498  382
0.0463259  315
0.0463664  351
0.0463881  56
0.0465533  359
0.046566  46
0.0465925  301
0.0467754  366
0.0468172  221
0.0468695  365
0.0470232  320
0.0472116  397
0.0472484  95
0.0472569  178
0.0475175  191
0.0477762  354
0.0477898  307
0.0480026  357
0.0482345  115
0.0483295  358
0.0485924  327
0.0486573  374
0.0489447  98
0.0492855  345
0.0495861  343
0.049778  145
0.0498006  87
0.049845  152
0.0498945  156
0.0501777  334
0.0503776  209
0.0504721  348
0.0504988  335
0.0512922  300
0.051778  395
0.0518797  394
0.051976  338
0.052368  217
0.0524737  50
0.0527512  375
0.052978  174
0.0530172  368
0.0534978  352
0.0542552  337
0.0543259  387
0.0544152  277
0.0546114  381
0.0547221  290
0.0549519  386
0.0549849  363
0.0550944  118
0.0551875  200
0.0561388  319
0.0561482  27
0.0567135  146
0.0569476  367
0.0570337  321
0.057099  117
0.0571769  244
0.0573081  372
0.057346  361
0.0573862  92
0.0574273  349
0.0574303  263
0.0575218  10
0.057997  89
0.0580595  313
0.0583609  330
0.0592786  168
0.0593141  136
0.0594101  161
0.0599141  314
0.0599321  384
0.0599879  286
0.0602539  323
0.0606407  390
0.0610904  167
0.0611966  288
0.0612499  326
0.0614578  329
0.0614976  148
0.0616486  312
0.0618987  370
0.0627708  322
0.0629488  306
0.0642144  364
0.0643234  259
0.0651487  296
0.0662071  340
0.0672818  309
0.0672839  128
0.0673343  341
0.0674777  77
0.0680602  342
0.0681806  388
0.068529  151
0.0691809  302
0.0695834  127
0.069804  316
0.0700429  4
0.0703138  360
0.0705195  385
0.0712429  347
0.0723373  308
0.0728733  350
0.0730772  93
0.073132  17
0.073181  247
0.0735305  38
0.0739417  20
0.0747937  65
0.0751972  147
0.0752901  250
0.0755955  11
0.0757114  28
0.075745  165
0.0761716  137
0.0761727  260
0.0763078  252
0.0765249  141
0.0765884  9
0.0767084  34
0.0767657  284
0.0772012  295
0.0772071  102
0.0772678  299
0.0774336  63
0.0775519  311
0.077646  138
0.0776728  51
0.0776889  227
0.0777593  84
0.0778171  42
0.0778556  108
0.0778713  294
0.0779855  18
0.0780209  230
0.0781363  271
0.0783344  324
0.0783964  67
0.0785102  285
0.0785117  19
0.0785861  94
0.0785907  268
0.0786467  53
0.078753  72
0.0788984  187
0.0789536  236
0.0789737  226
0.0790503  293
0.0790704  61
0.0790857  70
0.0791243  75
0.0791332  249
0.0792006  171
0.0793232  214
0.0793812  150
0.0794834  355
0.0794993  279
0.0795423  194
0.0795607  35
0.0796106  224
0.0796655  255
0.0796891  195
0.0797065  139
0.0798364  143
0.0798652  164
0.0799085  16
0.0799946  196
0.0800062  48
0.0800527  125
0.0801003  85
0.0801197  107
0.0801813  358
0.0802677  213
0.0802918  258
0.0803022  60
0.080351  243
0.0804742  121
0.0805082  153
0.0805348  303
0.0805355  155
0.080583  105
0.080602  135
0.0806121  122
0.0806339  169
0.0806628  354
0.0806651  26
0.0807771  113
0.0807908  1
0.0807986  270
0.0808297  251
0.0809298  240
0.0809989  39
0.0810677  68
0.081069  49
0.0811544  211
0.0811607  215
0.0812316  325
0.0812497  301
0.0812915  3
0.0813553  110
0.0813686  265
0.0813828  264
0.0813868  0
0.0813984  343
0.081414  261
0.0814179  47
0.0814334  204
0.0814825  130
0.0815242  97
0.0815393  117
0.0815515  132
0.0815713  91
0.0816209  228
0.0816378  134
0.0816405  192
0.0816749  170
0.0817041  140
0.0817384  283
0.0817873  307
0.0818073  248
0.081827  278
0.0819387  310
0.0819445  300
0.0820018  8
0.0820373  397
0.0820617  212
0.0820648  378
0.0820944  210
0.0821097  231
0.0821355  44
0.0821595  396
0.0821963  179
0.0822059  373
0.082326  69
0.0823385  90
0.0823423  183
0.0824276  392
0.0824455  188
0.082449  379
0.0824636  109
0.0825033  229
0.08252  126
0.082532  116
0.0825458  262
0.0825765  222
0.0826058  338
0.0826489  235
0.0826602  76
0.0826965  320
0.0826985  176
0.0827092  40
0.0827289  266
0.0827343  380
0.082736  365
0.0827419  181
0.0827569  339
0.0827631  80
0.0828274  333
0.0828431  203
0.0828533  304
0.0828587  374
0.0828609  201
0.0828822  331
0.0829092  398
0.0829286  351
0.0829733  376
0.0830379  362
0.0830458  101
0.083078  185
0.0831447  12
0.0831579  280
0.0832141  289
0.0832903  337
0.0832959  32
0.083333  318
0.0833341  54
0.0833372  368
0.083362  120
0.0833791  233
0.0834268  6
0.0834383  242
0.0835854  281
0.0835884  319
0.0836016  99
0.0837571  315
0.0837588  175
0.0838237  55
0.083946  276
0.0839472  146
0.0840057  394
0.0840531  106
0.0841029  381
0.0841577  133
0.0841645  344
0.0842762  223
0.084324  384
0.0844756  290
0.0844842  363
0.0845551  386
0.08461  163
0.0847078  375
0.0847808  371
0.0847812  336
0.0848  356
0.0848636  190
0.0849347  330
0.0849662  361
0.0849797  326
0.0849946  395
0.0850073  372
0.0850368  357
0.0850995  273
0.0851214  346
0.0852179  59
0.0853051  348
0.0853507  393
0.0853817  158
0.0853946  328
0.0857142  360
0.0857971  334
0.0858507  104
0.0859143  4
0.0860953  272
0.0861048  306
0.086123  144
0.0862242  83
0.0862997  390
0.086358  329
0.0864551  327
0.0866589  38
0.086699  200
0.0871222  345
0.0873228  388
0.0877  347
0.0878861  387
0.0879135  370
0.087957  383
0.0879979  353
0.0881491  302
0.0882472  332
0.0888614  349
0.0888843  244
0.089122  305
0.0899312  382
0.090094  369
0.090196  340
0.0902649  366
0.0903343  317
0.0903742  364
0.0917085  322
0.0920006  359
0.0927407  92
0.0930088  220
0.0930932  308
0.0934271  45
0.0938575  335
0.0938665  313
0.0945427  74
0.0955637  22
0.0955912  342
0.0956346  316
0.0963937  9
0.0964272  389
0.0964435  377
0.0968803  323
0.0974053  151
0.0981116  312
0.0981283  160
0.0998292  399
0.100205  87
0.101087  324
0.101957  172
0.102052  237
0.102153  57
0.102207  391
0.102865  341
0.103  385
0.103221  245
0.103257  321
0.103526  238
0.103673  119
0.10371  168
0.104013  89
0.104862  367
0.106334  111
0.106516  156
0.106639  193
0.107059  96
0.108542  128
0.108706  184
0.109293  174
0.109686  58
0.109945  182
0.11002  352
0.110063  336
0.110831  225
0.110913  314
0.111215  309
0.111306  207
0.111513  209
0.112132  333
0.112595  380
0.112638  82
0.112906  103
0.112944  301
0.113675  384
0.113699  50
0.114038  387
0.114559  253
0.114595  373
0.114629  62
0.114706  371
0.114933  186
0.114936  162
0.114999  124
0.11505  382
0.115065  66
0.115389  199
0.115584  7
0.115684  118
0.115946  88
0.116035  394
0.116686  216
0.116801  368
0.116812  129
0.117608  258
0.117831  344
0.117846  298
0.117957  306
0.118122  361
0.118305  328
0.118474  177
0.118556  334
0.118692  41
0.119546  347
0.119575  351
0.119724  392
0.119981  219
0.120091  363
0.120203  356
0.120659  304
0.120824  286
0.121616  383
0.121928  379
0.122169  331
0.122318  20
0.122749  37
0.122814  218
0.123724  25
0.124239  234
0.124266  335
0.124278  318
0.124388  31
0.124408  374
0.124449  378
0.125257  254
0.125755  326
0.127023  311
0.127757  250
0.127931  372
0.127969  370
0.129087  263
0.129115  338
0.129333  310
0.130938  316
0.131288  381
0.131354  302
0.132174  390
0.132249  246
0.132643  359
0.133349  30
0.133487  48
0.133695  64
0.134175  343
0.134552  340
0.134625  239
0.134882  252
0.135356  292
0.135614  346
0.13563  300
0.13642  342
0.136647  329
0.136791  257
0.136881  345
0.136929  332
0.137016  287
0.138061  398
0.138081  386
0.138538  131
0.138595  365
0.140414  315
0.141006  375
0.141301  330
0.141386  399
0.142519  360
0.142806  10
0.143195  320
0.143962  275
0.144734  323
0.144933  44
0.145044  337
0.145143  149
0.145193  357
0.145586  395
0.146055  377
0.146533  396
0.14669  73
0.146794  38
0.148076  173
0.148673  353
0.148764  349
0.149868  206
0.150429  140
0.150483  376
0.151338  317
0.151662  267
0.152557  369
0.153468  112
0.153852  86
0.154049  191
0.15414  325
0.154285  154
0.154333  157
0.154591  208
0.154711  319
0.154942  95
0.155097  362
0.155485  56
0.155536  13
0.155878  322
0.15603  339
0.156207  71
0.156256  327
0.156411  57
0.156519  4
0.156946  366
0.157116  364
0.157166  43
0.157492  102
0.158221  354
0.15845  77
0.158817  197
0.159044  307
0.159084  358
0.159146  61
0.159328  303
0.16115  228
0.161333  59
0.161944  124
0.162131  277
0.162156  348
0.162174  108
0.162317  195
0.162706  284
0.162797  58
0.163313  159
0.164004  168
0.164023  115
0.164039  2
0.164218  24
0.164317  155
0.164618  143
0.164635  382
0.164673  11
0.164942  397
0.164983  79
0.164998  54
0.16508  333
0.165091  217
0.165135  291
0.165189  301
0.165194  117
0.165212  226
0.165317  225
0.165436  220
0.165463  145
0.165491  388
0.165707  241
0.165708  33
0.165955  235
0.165969  341
0.166184  387
0.16619  347
0.166274  36
0.16631  355
0.166482  69
0.166738  211
0.166869  67
0.167054  393
0.167099  15
0.167206  152
0.167328  215
0.167481  312
0.167521  7
0.167603  242
0.167695  350
0.167903  101
0.167936  45
0.168223  142
0.168292  305
0.168384  336
0.168429  14
0.16883  136
0.168965  21
0.169091  90
0.16915  274
0.169212  313
0.16934  127
0.169532  379
0.169647  296
0.16968  359
0.169748  110
0.169821  91
0.16999  166
0.17036  244
0.170365  40
0.170378  321
0.170388  374
0.170403  139
0.170412  237
0.17059  27
0.17086  99
0.171104  47
0.171161  331
0.171169  324
0.171246  288
0.171303  318
0.171344  204
0.171485  361
0.171509  46
0.171518  198
0.171601  83
0.171696  351
0.171735  178
0.171779  308
0.17181  148
0.171833  192
0.171954  381
0.172056  224
0.172122  356
0.172165  326
0.172232  394
0.172259  392
0.172448  380
0.172607  334
0.173135  236
0.173277  256
0.173395  210
0.173603  353
0.17377  29
0.174298  96
0.174645  315
0.174697  365
0.174733  114
0.174871  164
0.174871  304
0.174888  150
0.174971  311
0.175068  202
0.175129  19
0.175444  383
0.175666  344
0.175773  219
0.175994  273
0.176027  290
0.176115  372
0.176155  314
0.176414  335
0.176464  310
0.176582  363
0.176622  309
0.176729  68
0.176752  249
0.177371  385
0.177501  360
0.177539  233
0.177596  367
0.177645  340
0.177682  399
0.178103  368
0.17827  328
0.179005  306
0.179244  74
0.179299  65
0.179305  373
0.17954  39
0.179609  32
0.181185  66
0.181829  389
0.181953  338
0.181973  222
0.182524  364
0.182572  395
0.182987  1
0.183747  183
0.18406  370
0.184619  41
0.184847  332
0.184914  200
0.184933  322
0.185007  323
0.185495  330
0.185804  285
0.185844  133
0.186121  337
0.186966  5
0.187213  325
0.187243  162
0.187921  175
0.18799  352
0.188326  375
0.188386  125
0.188425  357
0.18848  307
0.189013  0
0.189164  163
0.189919  247
0.189938  320
0.190072  187
0.190591  174
0.191674  262
0.191688  398
0.191877  378
0.191879  214
0.1923  151
0.192362  158
0.192536  396
0.19258  377
0.19262  349
0.192752  190
0.192888  369
0.193181  126
0.194158  253
0.194342  34
0.194351  302
0.194796  384
0.195512  169
0.195611  300
0.195827  391
0.196044  343
0.198129  119
0.198628  345
0.198728  191
0.198755  354
0.19914  188
0.19966  386
0.200054  254
0.200245  248
0.200415  87
0.200428  329
0.200439  339
0.200601  80
0.200864  264
0.201324  60
0.201325  212
0.201535  362
0.201541  12
0.202209  390
0.202607  316
0.202737  3
0.203014  261
0.203447  145
0.203824  371
0.203961  193
0.204096  52
0.204576  106
0.204581  276
0.204739  333
0.204837  282
0.204996  376
0.205045  382
0.205077  348
0.20529  72
0.205295  129
0.205393  342
0.205455  281
0.205593  252
0.205959  294
0.206064  147
0.206278  64
0.206659  230
0.207143  308
0.207157  232
0.207421  122
0.207555  84
0.207868  128
0.20789  259
0.20799  303
0.208122  81
0.208196  31
0.208264  6
0.208322  267
0.208341  38
0.208529  94
0.208608  346
0.208639  78
0.20868  121
0.208753  355
0.208823  59
0.20904  100
0.209244  211
0.2093  176
0.209499  76
0.209527  86
0.209553  79
0.209851  295
0.209858  201
0.210049  304
0.210081  22
0.210177  203
0.210372  321
0.210376  182
0.210649  221
0.210706  347
0.210732  360
0.210848  317
0.210854  146
0.21091  380
0.211014  387
0.211258  108
0.211269  269
0.211329  93
0.211367  49
0.211547  265
0.211664  350
0.211775  218
0.2118  213
0.212048  235
0.212168  392
0.21223  374
0.212311  310
0.212563  280
0.212745  301
0.212746  368
0.212775  189
0.21304  319
0.213166  113
0.213271  166
0.213368  279
0.21357  118
0.213621  331
0.213921  341
0.213952  314
0.214204  381
0.214274  313
0.21432  287
0.214677  318
0.215021  379
0.215058  161
0.215061  227
0.215103  35
0.215104  92
0.215206  16
0.2153  62
0.215388  9
0.215508  156
0.215827  231
0.215861  305
0.215906  15
0.216159  283
0.216233  138
0.216286  327
0.216294  361
0.216491  150
0.216912  55
0.217086  366
0.217112  335
0.217401  336
0.217545  197
0.21768  272
0.217932  29
0.218472  330
0.218845  351
0.219021  315
0.219355  309
0.219654  356
0.219734  388
0.219927  26
0.219939  312
0.219974  399
0.220338  394
0.220359  363
0.220438  134
0.220482  112
0.2205  293
0.220868  271
0.222451  98
0.222526  170
0.222568  340
0.222829  325
0.222835  270
0.222979  328
0.22317  207
0.223567  104
0.223881  373
0.223982  337
0.224012  393
0.224133  395
0.224385  334
0.224797  364
0.225659  5
0.225942  320
0.225944  359
0.225993  13
0.226125  385
0.226257  167
0.226393  397
0.226482  326
0.227106  289
0.227539  322
0.227703  53
0.227944  324
0.2289  390
0.228975  299
0.229097  344
0.229278  358
0.230142  160
0.230368  332
0.230486  307
0.23339  389
0.23365  137
0.233687  353
0.234121  123
0.235082  342
0.235124  163
0.235197  372
0.235913  216
0.236221  46
0.236614  306
0.236617  365
0.237737  61
0.238247  120
0.238322  329
0.23896  155
0.239751  239
0.240243  338
0.240257  44
0.240473  181
0.240593  345
0.24116  391
0.241739  367
0.241805  250
0.241848  349
0.241996  383
0.242098  266
0.242151  275
0.242689  32
0.242907  256
0.243428  126
0.243554  21
0.243597  311
0.244044  321
0.244328  37
0.244787  74
0.244796  36
0.244925  42
0.244968  209
0.245136  370
0.245263  377
0.245296  66
0.245405  206
0.245722  115
0.24587  17
0.246106  369
0.246313  323
0.246527  274
0.246555  2
0.246737  19
0.246837  303
0.246882  63
0.247096  297
0.247331  375
0.2475  89
0.247974  148
0.248092  41
0.248314  398
0.248532  382
0.248939  384
0.249026  249
0.249614  360
0.249891  175
0.25038  132
0.250388  116
0.25051  178
0.25092  223
0.25121  348
0.251212  174
0.251311  39
0.251479  47
0.251578  208
0.251964  33
0.252002  354
0.252059  302
0.25222  234
0.252232  376
0.252269  316
0.25235  343
0.252397  131
0.25253  357
0.252839  88
0.253075  157
0.253258  386
0.253536  260
0.253645  290
0.253773  48
0.254005  28
0.254047  262
0.254115  140
0.254149  179
0.254266  237
0.254381  346
0.25448  110
0.254546  85
0.254691  143
0.254955  8
0.255003  171
0.255122  335
0.255236  374
0.255371  352
0.255385  330
0.255387  24
0.255403  313
0.255417  268
0.255451  68
0.255479  165
0.255556  368
0.255652  396
0.25578  145
0.256113  198
0.256287  333
0.256309  102
0.256353  292
0.256385  136
0.256577  43
0.256626  317
0.256674  95
0.256679  331
0.256822  177
0.256825  211
0.257252  215
0.257333  379
0.257534  236
0.257561  378
0.257578  263
0.257706  14
0.257879  327
0.257901  75
0.258146  245
0.258223  351
0.258495  173
0.258815  144
0.258899  87
0.25892  224
0.259104  380
0.259304  255
0.259498  347
0.25968  304
0.260089  298
0.260159  300
0.260176  103
0.2603  319
0.260331  159
0.260388  305
0.260571  277
0.260732  388
0.261162  341
0.26202  312
0.262097  359
0.262229  387
0.262586  337
0.262619  291
0.262665  70
0.263119  394
0.263418  308
0.263466  336
0.263599  326
0.263898  310
0.264063  361
0.264165  58
0.264337  186
0.26452  65
0.264541  227
0.264743  392
0.264846  16
0.26587  34
0.265917  257
0.265949  385
0.266267  72
0.266365  399
0.266425  20
0.266447  3
0.266788  168
0.266941  318
0.267505  356
0.267595  99
0.267608  334
0.267804  358
0.267883  355
0.268556  153
0.26905  77
0.269403  320
0.270145  128
0.270171  62
0.270379  350
0.270762  142
0.271139  307
0.271555  94
0.271772  366
0.271962  238
0.272016  301
0.272641  194
0.273086  51
0.273262  241
0.273377  108
0.273396  393
0.273565  196
0.273633  309
0.273929  314
0.273971  339
0.274287  371
0.274334  315
0.274393  172
0.275335  322
0.275388  29
0.275408  340
0.275553  373
0.275709  12
0.275899  303
0.27625  377
0.276274  324
0.27719  323
0.277309  214
0.277534  135
0.278327  195
0.27913  395
0.279202  113
0.279409  370
0.279429  23
0.279434  372
0.27968  1
0.280792  365
0.280833  363
0.281091  154
0.281134  210
0.281525  397
0.282965  362
0.283233  129
0.283335  342
0.283525  105
0.283825  130
0.284345  390
0.284423  278
0.284671  311
0.284779  76
0.284901  82
0.285258  122
0.285453  364
0.2858  353
0.286098  101
0.286121  321
0.28702  141
0.287786  381
0.287954  97
0.287998  375
0.288091  217
0.28815  349
0.288199  306
0.289109  391
0.289745  27
0.290362  167
0.290615  197
0.291265  0
0.291848  325
0.292121  4
0.29234  7
0.292506  10
0.292851  251
0.292885  107
0.293115  111
0.293492  41
0.293507  133
0.293664  139
0.293767  183
0.29382  328
0.294004  79
0.294074  53
0.294098  285
0.29461  80
0.294638  259
0.294662  369
0.294778  280
0.294968  329
0.295039  50
0.295207  26
0.295249  185
0.295378  389
0.295521  91
0.295683  284
0.29571  253
0.295962  242
0.296196  149
0.296271  294
0.296326  332
0.296571  317
0.29658  148
0.296605  98
0.296692  383
0.296698  305
0.296725  205
0.296732  96
0.296774  344
0.296978  229
0.29703  184
0.297041  134
0.297055  357
0.29713  336
0.297415  360
0.297486  327
0.297857  296
0.297981  382
0.298201  118
0.298301  379
0.298344  202
0.298462  71
0.299376  226
0.299426  281
0.299554  221
0.299565  254
0.299615  232
0.299666  204
0.29969  90
0.299833  338
0.299862  151
0.299912  276
0.300014  302
0.300205  69
0.300453  378
0.300632  384
0.300893  152
0.301452  385
0.301524  396
0.301542  228
0.301776  356
0.301877  346
0.301985  347
0.302495  399
0.302575  235
0.303599  42
0.303785  313
0.304044  330
0.304232  320
0.304881  348
0.305582  13
0.305809  380
0.305846  212
0.305929  366
0.306207  46
0.306499  86
0.306723  304
0.306993  367
0.307236  32
0.307351  61
0.307453  395
0.307785  252
0.307795  73
0.308674  386
0.308747  307
0.309262  337
0.309355  361
0.309666  126
0.310042  231
0.310142  392
0.310524  138
0.310577  314
0.310682  343
0.310842  54
0.31126  352
0.311522  78
0.312434  267
0.31269  301
0.312992  14
0.31302  64
0.313586  358
0.313831  355
0.314112  60
0.314418  190
0.314631  318
0.315161  300
0.315277  123
0.31538  306
0.315529  256
0.315961  310
0.316473  182
0.3168  374
0.317071  25
0.317135  33
0.317155  350
0.317266  388
0.317405  377
0.317542  398
0.317564  220
0.317625  11
0.317767  114
0.317991  225
0.318824  303
0.318974  334
0.319216  67
0.319606  119
0.319707  365
0.319749  312
0.320467  222
0.320627  371
0.320689  351
0.321257  180
0.321289  376
0.321365  2
0.321488  335
0.322624  326
0.323107  207
0.323128  354
0.323537  375
0.324033  255
0.324341  158
0.324531  319
0.324652  70
0.324938  166
0.325045  362
0.32587  316
0.326075  243
0.326091  309
0.326649  341
0.32702  30
0.327406  359
0.327616  106
0.32778  40
0.327992  176
0.32954  3
0.329726  322
0.330038  299
0.330177  321
0.33057  345
0.330598  387
0.330632  340
0.330824  333
0.33084  31
0.330975  117
0.331587  394
0.332265  59
0.332377  331
0.332531  390
0.333407  37
0.334426  116
0.334653  258
0.335009  92
0.335015  397
0.335407  373
0.33554  219
0.3357  282
0.335764  161
0.336377  209
0.336378  249
0.336768  213
0.336775  332
0.336812  257
0.337069  63
0.337077  342
0.337336  370
0.337766  308
0.338173  283
0.338184  35
0.338293  244
0.338315  339
0.338826  368
0.338847  317
0.338914  393
0.33908  311
0.339171  189
0.339481  323
0.339571  164
0.339631  279
0.339677  45
0.340252  353
0.340563  325
0.340817  188
0.341115  36
0.341179  214
0.341242  99
0.342104  218
0.342333  77
0.342458  369
0.342957  363
0.343077  68
0.343232  171
0.343298  383
0.343412  12
0.343767  379
0.343895  146
0.344305  315
0.34436  235
0.344569  217
0.345176  80
0.345336  95
0.345372  277
0.345767  357
0.346604  364
0.346649  167
0.346684  399
0.346706  240
0.346828  328
0.346906  187
0.347182  372
0.347224  381
0.347305  66
0.347437  237
0.347443  270
0.347533  57
0.3479  75
0.348009  265
0.34821  6
0.348758  329
0.349239  124
0.349969  203
0.350152  291
0.350161  39
0.350312  216
0.350344  206
0.35039  160
0.350447  178
0.35055  302
0.350707  65
0.350777  179
0.351015  360
0.351105  349
0.351155  236
0.351187  20
0.35125  348
0.3514  15
0.351412  130
0.35145  21
0.351476  320
0.351486  154
0.351608  74
0.351641  192
0.351703  318
0.351868  230
0.351966  361
0.352018  132
0.352096  346
0.352192  324
0.352285  391
0.352634  396
0.352694  389
0.352931  337
0.353047  327
0.353217  305
0.353437  330
0.353936  392
0.354801  386
0.354959  104
0.355746  304
0.355859  159
0.355964  365
0.356591  71
0.356631  17
0.356869  382
0.356956  355
0.357002  102
0.357448  51
0.35756  115
0.357608  385
0.35763  263
0.358048  336
0.358791  47
0.359113  248
0.359381  377
0.359402  110
0.360134  384
0.360216  18
0.360395  314
0.36041  56
0.360849  1
0.360879  293
0.360891  343
0.361501  313
0.361705  215
0.361706  272
0.361712  295
0.361734  26
0.362166  366
0.362241  312
0.362441  344
0.362553  398
0.362673  334
0.362711  340
0.36284  100
0.363032  131
0.363266  310
0.363651  16
0.363934  48
0.363946  242
0.364085  169
0.36448  174
0.365369  347
0.365558  24
0.365804  140
0.366047  306
0.366175  245
0.366813  62
0.367014  375
0.367232  362
0.367241  288
0.367337  268
0.367352  292
0.367375  266
0.367604  290
0.367628  301
0.367817  205
0.367953  107
0.367975  287
0.368382  326
0.3684  300
0.368446  322
0.368529  83
0.368798  281
0.368968  88
0.369108  358
0.369187  296
0.369281  297
0.369314  234
0.369674  93
0.36978  356
0.369982  274
0.37016  350
0.370174  388
0.370204  233
0.37044  89
0.37054  311
0.37092  19
0.370935  371
0.371077  91
0.371146  374
0.371294  135
0.37132  269
0.371447  395
0.371488  261
0.371557  231
0.371681  177
0.371722  223
0.371821  289
0.371881  141
0.37196  309
0.371967  333
0.37221  5
0.372474  125
0.372475  307
0.372566  220
0.372583  390
0.372664  194
0.37271  319
0.372764  239
0.372777  184
0.372946  383
0.373003  13
0.373389  34
0.373448  147
0.373626  332
0.37386  193
0.373955  157
0.374034  278
0.374038  308
0.374151  0
0.37417  22
0.37457  351
0.374587  29
0.374587  317
0.374749  133
0.374784  335
0.374946  136
0.375272  369
0.375511  191
0.375546  342
0.375838  359
0.375861  121
0.376426  200
0.376569  353
0.376699  378
0.376727  173
0.376906  172
0.376958  367
0.377128  298
0.377297  196
0.377538  30
0.377584  357
0.378068  8
0.378295  380
0.378307  285
0.378349  331
0.378628  58
0.378671  145
0.378797  52
0.378996  354
0.37923  368
0.379354  338
0.379484  84
0.379574  46
0.379647  316
0.380807  323
0.381165  109
0.381169  373
0.381597  341
0.381632  185
0.381879  101
0.382411  376
0.383117  128
0.383145  363
0.383187  265
0.383575  7
0.383771  387
0.38383  246
0.383981  379
0.384242  9
0.384436  275
0.384561  14
0.384966  202
0.385249  321
0.385693  397
0.385758  97
0.385772  23
0.386148  127
0.386241  394
0.386329  81
0.386368  370
0.386621  259
0.386653  391
0.386748  85
0.386889  144
0.386967  117
0.386982  349
0.387076  228
0.387111  118
0.387164  305
0.387924  318
0.387959  137
0.388124  361
0.388199  32
0.388217  183
0.388401  303
0.388734  389
0.389174  372
0.389764  55
0.390061  139
0.390322  340
0.390532  345
0.390732  162
0.39091  320
0.391229  304
0.392183  129
0.392204  158
0.392637  337
0.393243  175
0.394024  226
0.394211  153
0.394261  103
0.394409  346
0.394768  327
0.39477  149
0.394932  325
0.395121  393
0.395163  282
0.395464  392
0.395499  77
0.39567  43
0.396041  312
0.396571  90
0.396768  146
0.396842  195
0.3969  134
0.396955  50
0.397047  78
0.397658  207
0.397953  108
0.397972  181
0.397995  336
0.398023  151
0.398066  386
0.398119  257
0.398173  82
0.398254  315
0.398389  122
0.398434  166
0.398481  352
0.398485  123
0.398506  365
0.398627  210
0.398642  211
0.398699  212
0.398834  330
0.398851  148
0.398863  360
0.399009  208
0.399076  186
0.399154  302
0.399247  375
0.399284  254
0.399372  243
0.399445  348
0.399557  328
0.3999  138
0.40029  381
0.400351  301
0.40046  398
0.400484  284
0.400599  385
0.400828  260
0.401147  356
0.401807  310
0.401939  33
0.402312  311
0.402523  37
0.402743  258
0.40297  73
0.403524  69
0.403595  2
0.403705  150
0.403764  76
0.404247  31
0.404277  322
0.404335  307
0.405077  187
0.405489  262
0.405628  251
0.405661  176
0.406091  316
0.406118  53
0.406236  70
0.406399  364
0.40642  283
0.406505  382
0.406507  87
0.406627  229
0.40681  334
0.407119  329
0.40722  351
0.407274  28
0.407365  344
0.40809  199
0.408392  107
0.409142  165
0.409557  399
0.409656  280
0.409826  104
0.409907  324
0.409916  355
0.409965  300
0.410854  326
0.410942  67
0.410962  61
0.411175  359
0.411365  367
0.41191  309
0.412329  227
0.413078  213
0.413197  332
0.413229  314
0.413843  342
0.414382  79
0.414453  347
0.414612  273
0.415407  156
0.415559  308
0.415955  371
0.416049  396
0.416098  15
0.416153  41
0.416461  60
0.416464  102
0.416512  374
0.416763  92
0.416853  114
0.416953  5
0.417054  343
0.417283  75
0.417292  353
0.417362  395
0.417406  339
0.417468  383
0.417623  182
0.418313  218
0.418624  59
0.418921  323
0.418945  49
0.419752  387
0.419883  255
0.420159  209
0.420351  319
0.421082  272
0.421419  35
0.421594  305
0.421634  62
0.422353  119
0.422388  271
0.422604  317
0.423121  21
0.42318  189
0.423441  94
0.423496  388
0.423547  238
0.423638  296
0.423792  38
0.423818  378
0.423855  131
0.423872  24
0.423989  133
0.424107  370
0.424255  366
0.424404  345
0.424582  289
0.424638  20
0.424651  168
0.424716  362
0.424933  142
0.425435  164
0.425481  321
0.425611  354
0.425729  64
0.425755  236
0.425764  155
0.425799  340
0.425823  368
0.425855  281
0.425947  45
0.426026  12
0.426115  250
0.426135  224
0.426307  365
0.42663  380
0.42664  71
0.426741  206
0.426814  376
0.426848  338
0.427247  180
0.427263  239
0.42773  39
0.428374  335
0.428395  369
0.428748  66
0.428764  98
0.42889  286
0.428895  377
0.429288  313
0.429422  349
0.429566  350
0.429579  270
0.429908  263
0.429954  152
0.430013  333
0.430248  205
0.430765  40
0.430989  105
0.431285  393
0.431416  4
0.431952  389
0.432531  96
0.432532  390
0.432564  219
0.432665  331
0.432732  279
0.432805  358
0.4329  357
0.433256  113
0.433638  392
0.43375  361
0.433759  232
0.433783  16
0.433785  325
0.433854  126
0.434183  110
0.434349  346
0.434711  373
0.434758  112
0.435491  159
0.4356  336
0.435605  391
0.435742  363
0.435893  330
0.435957  315
0.435987  375
0.436108  200
0.436637  372
0.436762  341
0.437101  264
0.437404  304
0.437672  198
0.438021  384
0.438278  320
0.439366  261
0.439419  178
0.439638  364
0.440161  116
0.440368  222
0.44047  216
0.440504  301
0.440786  147
0.44079  379
0.440866  25
0.440936  194
0.440976  306
0.441301  352
0.441792  57
0.442436  86
0.442875  80
0.44332  337
0.443405  327
0.443447  184
0.443653  398
0.443796  214
0.443808  137
0.443913  356
0.444031  233
0.445524  318
0.445877  397
0.446095  74
0.446366  235
0.446366  190
0.446626  288
0.446811  322
0.447106  46
0.447238  241
0.447528  203
0.447945  0
0.448177  290
0.448192  256
0.448529  302
0.448538  332
0.448738  240
0.448808  394
0.44888  385
0.448951  303
0.449238  399
0.449372  348
0.4496  26
0.449608  36
0.449854  360
0.450403  252
0.451077  192
0.451351  276
0.451395  95
0.451608  56
0.451666  329
0.451721  291
0.451875  84
0.451958  334
0.452454  193
0.452647  249
0.453248  308
0.453377  386
0.453549  169
0.453689  201
0.454457  226
0.45459  141
0.454642  354
0.454707  17
0.455042  221
0.455096  27
0.455146  382
0.455344  188
0.455881  396
0.455946  299
0.456027  253
0.456062  63
0.456255  328
0.456428  267
0.456483  115
0.456593  309
0.456622  259
0.456634  54
0.456638  312
0.456746  244
0.456881  283
0.456942  140
0.45724  347
0.457244  28
0.457245  353
0.457395  310
0.457419  129
0.45764  143
0.457706  47
0.457898  11
0.458014  170
0.458162  339
0.45834  135
0.458539  163
0.458601  280
0.458996  53
0.459124  319
0.4593  323
0.459322  130
0.459495  248
0.459521  160
0.459541  150
0.45959  5
0.459629  292
0.459686  22
0.459804  97
0.45991  314
0.459917  324
0.45997  8
0.459983  18
0.460127  300
0.460293  167
0.460384  68
0.460453  355
0.460607  367
0.460926  49
0.460971  285
0.461007  351
0.461031  307
0.461067  359
0.461076  99
0.461449  161
0.461559  287
0.461735  326
0.461799  103
0.46185  282
0.462134  381
0.462313  210
0.462413  215
0.462475  90
0.462555  153
0.462572  101
0.462592  344
0.462841  197
0.462884  374
0.463125  297
0.463326  390
0.463606  266
0.46368  311
0.463921  247
0.464058  200
0.464058  387
0.464137  345
0.464143  162
0.464156  392
0.464531  362
0.464604  172
0.465059  124
0.465393  122
0.465536  175
0.465639  230
0.465893  109
0.465992  331
0.466078  378
0.466144  371
0.466336  227
0.466365  48
0.466375  245
0.466461  388
0.466753  369
0.466814  89
0.466913  93
0.466953  132
0.466975  14
0.467157  368
0.467285  32
0.467387  82
0.467591  10
0.467629  176
0.467692  376
0.46782  55
0.467944  377
0.467962  260
0.468061  395
0.468083  23
0.468165  393
0.468243  31
0.468257  102
0.468287  173
0.4684  366
0.468408  357
0.468613  211
0.468916  342
0.468923  380
0.469104  346
0.469231  313
0.469541  295
0.469716  370
0.470137  322
0.470338  358
0.470339  179
0.470496  181
0.470659  337
0.470998  61
0.471229  212
0.471594  274
0.471625  144
0.471722  146
0.471971  268
0.471998  335
0.472127  350
0.472134  325
0.472259  365
0.472472  316
0.472475  321
0.472632  157
0.472636  317
0.474024  187
0.474103  343
0.474389  303
0.474481  397
0.474634  100
0.475606  315
0.475742  379
0.475824  223
0.47636  391
0.47642  111
0.476508  361
0.476632  383
0.476715  136
0.476794  349
0.477523  158
0.477708  301
0.478456  73
0.478837  106
0.478907  145
0.479298  375
0.479324  389
0.479384  277
0.479403  1
0.48005  58
0.48009  336
0.480657  327
0.480847  30
0.481357  398
0.481486  334
0.481914  85
0.48285  91
0.483065  340
0.483456  373
0.484405  394
0.484544  341
0.484805  293
0.485015  50
0.485576  191
0.485592  134
0.485925  364
0.485979  51
0.486291  305
0.486486  148
0.486971  302
0.487546  59
0.487582  65
0.48787  88
0.487913  304
0.488022  72
0.48841  238
0.488441  284
0.488493  234
0.489278  208
0.489342  333
0.489376  306
0.489415  262
0.489416  83
0.489827  353
0.48994  171
0.490117  352
0.490258  225
0.490558  116
0.490904  257
0.491301  3
0.491394  237
0.491434  318
0.49162  121
0.491926  326
0.492037  177
0.492056  71
0.492064  66
0.492081  229
0.492172  236
0.492423  363
0.492632  329
0.492897  338
0.493302  34
0.493647  165
0.493841  86
0.49386  7
0.493872  154
0.494026  182
0.494047  202
0.494157  374
0.494204  330
0.494587  360
0.494646  13
0.494707  75
0.495196  308
0.495213  312
0.496266  396
0.496293  76
0.496297  263
0.496771  149
0.496872  275
0.496966  204
0.497023  183
0.497127  218
0.497431  251
0.4976  372
0.497635  70
0.497788  189
0.497845  196
0.497867  386
0.498181  323
0.498397  307
0.498591  118
0.498592  354
0.498681  279
0.498762  319
0.498931  21
0.498957  67
0.499115  231
0.49917  44
0.499246  255
0.499423  39
0.499591  48
0.499659  371
0.499819  42
0.499876  294
0.499969  399
0.500181  339
0.500266  356
0.500313  151
0.50044  209
0.500607  348
0.500742  166
0.500944  269
0.501396  168
0.501562  291
0.501607  220
0.501675  258
0.501847  12
0.502108  332
0.502161  342
0.50221  138
0.502366  300
0.502384  385
0.502545  314
0.502886  232
0.503041  119
0.50355  81
0.503735  331
0.504048  328
0.50435  4
0.504585  321
0.504607  384
0.504633  45
0.504886  113
0.505553  393
0.505596  127
0.505679  343
0.505929  120
0.505963  324
0.506434  0
0.506678  254
0.506724  337
0.507207  190
0.507249  123
0.507549  195
0.50758  139
0.507609  367
0.50769  350
0.507733  377
0.507927  366
0.507934  320
0.507939  60
0.50803  365
0.508122  362
0.508412  29
0.508554  54
0.508784  344
0.508921  56
0.509154  278
0.509195  383
0.509199  359
0.509272  368
0.509294  303
0.512253  375
0.512477  110
0.512482  335
0.513238  369
0.513701  398
0.513793  240
0.513916  147
0.513928  388
0.514144  108
0.51437  16
0.515201  252
0.515274  242
0.515466  357
0.515571  97
0.515632  327
0.515722  325
0.515781  241
0.516095  389
0.516272  217
0.516428  345
0.516609  247
0.516835  376
0.517308  347
0.517414  392
0.517713  370
0.51849  78
0.518855  264
0.518995  346
0.519649  394
0.520286  395
0.520395  315
0.520598  194
0.521212  311
0.521338  57
0.521953  62
0.522017  176
0.52273  124
0.522846  33
0.522856  239
0.522872  158
0.523125  125
0.523419  381
0.523544  334
0.523697  373
0.52374  322
0.523788  310
0.523987  390
0.524077  296
0.524265  301
0.524349  379
0.525397  380
0.526187  305
0.527223  276
0.527232  382
0.528128  391
0.52826  358
0.529269  338
0.53031  246
0.530924  361
0.531021  223
0.532134  219
0.532374  131
0.532482  308
0.532551  280
0.532585  222
0.532838  43
0.532984  378
0.533375  330
0.533434  349
0.533489  364
0.534118  274
0.534613  22
0.534631  317
0.534744  313
0.534773  52
0.535111  185
0.53535  289
0.53614  387
0.536505  298
0.536559  329
0.536704  316
0.536788  351
0.53732  105
0.537471  224
0.537519  336
0.537938  355
0.538091  228
0.538321  251
0.538894  340
0.54004  304
0.540315  192
0.540529  172
0.540675  318
0.540715  10
0.540744  114
0.540995  84
0.541141  397
0.541464  288
0.54206  215
0.542127  173
0.542238  36
0.542325  180
0.542328  112
0.54236  352
0.542601  256
0.542645  292
0.543012  28
0.543126  341
0.543516  55
0.543536  203
0.54372  201
0.544065  90
0.544177  128
0.544295  306
0.544365  1
0.54437  94
0.544413  229
0.544425  309
0.54472  40
0.544771  187
0.544773  71
0.545038  374
0.545155  302
0.545211  89
0.545278  285
0.545281  19
0.545298  193
0.545631  209
0.545726  17
0.546151  160
0.546232  362
0.546343  159
0.546418  178
0.546505  46
0.546612  312
0.546651  360
0.546736  74
0.546779  371
0.547165  174
0.547239  156
0.54725  37
0.547272  150
0.547354  95
0.547547  32
0.547604  216
0.547728  188
0.548025  261
0.548065  267
0.548086  363
0.548399  350
0.548625  283
0.548817  143
0.548871  68
0.548978  69
0.54909  140
0.549109  106
0.549125  31
0.549222  243
0.54928  134
0.549323  154
0.54935  253
0.54942  386
0.549452  208
0.549457  353
0.549464  250
0.549591  356
0.54964  96
0.54965  122
0.54982  191
0.549849  384
0.549972  282
0.550051  197
0.55027  155
0.550275  303
0.55029  389
0.55033  383
0.550341  333
0.550342  80
0.550412  354
0.550572  42
0.550655  314
0.550686  88
0.550731  141
0.550774  207
0.550781  11
0.550912  130
0.55092  56
0.55094  8
0.550985  385
0.551008  87
0.551064  136
0.551079  212
0.551178  307
0.551205  265
0.551242  233
0.551309  339
0.551408  85
0.551429  92
0.551584  399
0.551736  311
0.55175  319
0.551762  171
0.5519  323
0.552074  77
0.552108  91
0.552191  157
0.552264  368
0.552314  72
0.552377  326
0.552444  335
0.552527  184
0.552561  367
0.552598  61
0.552666  392
0.55269  24
0.552725  103
0.552841  260
0.553083  268
0.553117  300
0.553124  199
0.553209  324
0.553438  331
0.553532  152
0.553828  7
0.554142  115
0.5544  231
0.554456  380
0.554504  342
0.554894  301
0.555045  15
0.555497  394
0.555797  393
0.555818  315
0.555837  320
0.556164  182
0.556195  328
0.556317  376
0.556472  359
0.556591  221
0.556595  211
0.556725  343
0.556852  294
0.557335  365
0.557533  377
0.557687  372
0.557729  58
0.557789  345
0.558153  373
0.558968  379
0.55903  305
0.55907  281
0.559103  390
0.559178  369
0.559517  337
0.559618  82
0.560572  240
0.560951  102
0.56105  391
0.561948  99
0.562206  396
0.562497  334
0.562986  34
0.563211  361
0.563407  217
0.563445  297
0.563659  218
0.563904  358
0.564244  330
0.564983  397
0.565467  347
0.56564  271
0.565717  51
0.565989  308
0.566084  101
0.56609  35
0.566647  375
0.566676  48
0.566794  344
0.566831  395
0.567057  357
0.567076  310
0.568201  41
0.568665  398
0.568858  133
0.569687  14
0.569907  149
0.570252  23
0.570751  332
0.571086  348
0.571665  381
0.572019  322
0.573502  370
0.573593  340
0.573947  273
0.574259  45
0.574268  304
0.574693  9
0.57478  346
0.57495  366
0.57497  145
0.575968  378
0.576121  181
0.576193  349
0.576478  325
0.576479  336
0.57681  312
0.577793  142
0.578091  206
0.578414  5
0.578707  49
0.579172  327
0.579479  321
0.581077  287
0.581226  242
0.581354  50
0.582031  210
0.582211  364
0.582342  225
0.582606  293
0.583247  355
0.583459  29
0.583804  107
0.584022  352
0.584024  264
0.584088  317
0.584172  127
0.58421  57
0.584423  67
0.58444  241
0.584473  66
0.584787  161
0.585032  338
0.585052  18
0.585091  224
0.585267  276
0.585521  263
0.585526  278
0.585604  151
0.585735  213
0.585842  20
0.58592  205
0.586007  76
0.58625  200
0.586341  388
0.586513  385
0.586585  194
0.586817  382
0.586866  237
0.586898  164
0.586981  3
0.587003  238
0.587018  81
0.587095  245
0.587259  341
0.587267  351
0.587392  0
0.587682  86
0.587762  117
0.587797  259
0.587885  62
0.58789  25
0.587938  252
0.587979  126
0.588056  167
0.588081  266
0.588141  228
0.588201  234
0.588252  307
0.588413  168
0.588443  116
0.588576  125
0.588765  202
0.588946  165
0.58905  318
0.589148  284
0.589307  262
0.58932  255
0.589325  119
0.589668  329
0.589673  97
0.589698  63
0.589744  314
0.589864  111
0.589866  191
0.589874  372
0.589983  319
0.590264  38
0.590349  44
0.590386  222
0.590537  181
0.590696  176
0.590704  374
0.590761  309
0.5908  183
0.590854  373
0.590922  79
0.590928  227
0.591006  12
0.59103  214
0.591082  192
0.591111  335
0.591133  274
0.59115  39
0.591171  356
0.591276  249
0.591315  303
0.59143  246
0.591515  177
0.591614  387
0.591709  371
0.591841  323
0.591947  277
0.592041  343
0.592079  186
0.592103  275
0.592164  350
0.592216  51
0.592328  365
0.592335  73
0.592359  132
0.5924  175
0.592653  121
0.592703  140
0.592845  300
0.593035  368
0.593063  180
0.593076  379
0.593142  367
0.593179  26
0.593226  251
0.593239  170
0.593247  320
0.593261  363
0.593281  19
0.593522  331
0.593573  315
0.593635  353
0.593709  226
0.593821  6
0.593924  232
0.593939  83
0.594009  399
0.594112  64
0.594117  394
0.594478  166
0.594515  305
0.594564  198
0.594699  342
0.594802  47
0.594927  326
0.595253  105
0.595332  337
0.595612  311
0.595688  328
0.595704  301
0.595733  345
0.595897  324
0.596146  360
0.596307  104
0.596383  22
0.596712  137
0.596757  380
0.596866  392
0.596987  344
0.597152  322
0.597468  280
0.597508  295
0.597608  108
0.597631  354
0.598207  291
0.598434  59
0.598684  299
0.59887  362
0.599112  339
0.599477  114
0.599603  219
0.599737  157
0.599809  384
0.599836  395
0.600192  130
0.600196  386
0.600296  390
0.600314  60
0.601168  333
0.601961  389
0.60198  391
0.602034  147
0.602391  358
0.602551  383
0.602733  396
0.603209  146
0.603589  306
0.604  359
0.60536  308
0.605409  310
0.605555  313
0.606062  254
0.607569  375
0.607674  398
0.607966  316
0.608699  361
0.609665  330
0.610573  163
0.611062  397
0.611445  347
0.611457  369
0.611868  239
0.612151  272
0.612326  376
0.612848  128
0.613572  32
0.614417  366
0.615173  261
0.616812  370
0.617101  135
0.617429  279
0.618149  148
0.618725  182
0.618813  381
0.6189  4
0.619011  364
0.619227  288
0.619312  312
0.619357  321
0.619485  190
0.619489  215
0.619548  276
0.619811  346
0.61982  334
0.620123  327
0.620178  40
0.620227  290
0.620237  124
0.620846  377
0.621321  197
0.622819  169
0.622887  282
0.623075  270
0.624223  325
0.624357  30
0.624611  48
0.624878  120
0.625041  102
0.625054  138
0.625432  118
0.6255  188
0.625505  357
0.625795  304
0.625848  296
0.625971  336
0.626236  348
0.626409  65
0.626481  189
0.627058  236
0.627398  328
0.627433  332
0.627711  314
0.627715  195
0.628357  43
0.628372  286
0.628482  340
0.628611  28
0.628896  220
0.629019  27
0.629274  13
0.629344  226
0.630023  110
0.630369  230
0.630671  131
0.63082  91
0.630983  217
0.631051  356
0.631133  174
0.63118  355
0.631261  235
0.631349  129
0.63138  55
0.631459  317
0.631707  231
0.631769  393
0.631969  353
0.632472  240
0.632518  302
0.632821  349
0.632972  77
0.633613  244
0.633731  144
0.633743  315
0.633906  285
0.634026  109
0.634328  72
0.634447  211
0.634502  388
0.634691  24
0.634747  92
0.634774  248
0.634829  367
0.635028  123
0.635178  301
0.635187  171
0.635262  33
0.635401  201
0.635487  133
0.635548  343
0.635573  56
0.635585  38
0.635664  225
0.635817  372
0.635915  106
0.636001  373
0.636131  387
0.636155  145
0.636206  267
0.636404  300
0.636572  216
0.636598  380
0.636625  164
0.636657  257
0.636835  392
0.636957  368
0.637022  382
0.637276  178
0.63788  287
0.637933  266
0.638008  318
0.638156  100
0.638248  379
0.638254  352
0.638263  390
0.638343  398
0.6388  329
0.638899  344
0.639428  87
0.640059  335
0.640134  61
0.640327  41
0.640328  158
0.640478  365
0.640625  11
0.64071  224
0.640721  303
0.64088  247
0.64103  394
0.641043  375
0.641137  350
0.641336  63
0.641391  187
0.641979  374
0.642095  242
0.64211  389
0.642123  309
0.642521  15
0.642699  313
0.642726  354
0.642792  384
0.642844  253
0.643049  116
0.643276  249
0.644006  395
0.644193  167
0.644201  378
0.644348  306
0.64455  345
0.64466  322
0.645146  14
0.646601  311
0.647047  297
0.647524  159
0.64761  366
0.64783  143
0.647895  78
0.647936  362
0.648577  307
0.648743  16
0.649138  185
0.64969  351
0.649931  324
0.650035  122
0.650747  229
0.6509  251
0.650978  134
0.651273  156
0.651349  90
0.651389  88
0.651471  308
0.651627  342
0.651718  289
0.651789  2
0.651796  360
0.651817  108
0.651895  391
0.652022  338
0.652267  179
0.652442  371
0.652571  386
0.652693  383
0.652936  397
0.653258  326
0.653651  399
0.653908  376
0.654639  98
0.65474  203
0.654955  254
0.655653  58
0.655758  273
0.655764  299
0.655893  218
0.656025  358
0.656327  341
0.656334  95
0.656498  173
0.656563  385
0.657006  44
0.657014  53
0.657304  319
0.657426  369
0.657591  337
0.657669  10
0.658813  346
0.659361  36
0.659457  363
0.659513  233
0.659733  234
0.660486  331
0.66089  19
0.660987  259
0.661191  330
0.661522  316
0.661568  396
0.661629  74
0.6621  333
0.66226  69
0.662344  359
0.663674  305
0.663745  310
0.663873  193
0.664357  31
0.664399  370
0.664844  34
0.664996  271
0.665776  191
0.665978  103
0.666718  323
0.666867  82
0.667166  327
0.667212  381
0.667271  320
0.667346  160
0.667585  64
0.66761  321
0.667787  364
0.668267  152
0.668402  256
0.669408  312
0.669643  70
0.670075  107
0.670416  49
0.670532  347
0.671074  37
0.671527  207
0.671621  393
0.672114  157
0.672145  9
0.672499  163
0.672566  314
0.672607  186
0.672649  368
0.672792  184
0.672815  29
0.673055  340
0.673548  119
0.674213  361
0.674596  75
0.674862  52
0.675026  223
0.675275  204
0.675508  377
0.675563  181
0.67572  132
0.676074  373
0.676084  329
0.676846  291
0.677176  336
0.67755  151
0.678107  125
0.67816  302
0.678217  76
0.678278  192
0.678331  356
0.678353  83
0.678406  114
0.678872  334
0.678999  105
0.679085  154
0.679159  275
0.679219  149
0.679502  263
0.679587  367
0.679593  206
0.679724  252
0.679812  112
0.680282  328
0.680336  348
0.680512  325
0.680707  1
0.681034  196
0.681042  355
0.681141  390
0.681143  332
0.681214  0
0.68136  301
0.68138  281
0.681609  137
0.681637  45
0.68202  343
0.682222  283
0.682677  344
0.683022  200
0.683119  175
0.683422  26
0.683426  375
0.683433  99
0.683729  265
0.683894  94
0.684053  398
0.684098  365
0.684529  315
0.684558  199
0.684586  322
0.685526  279
0.685811  12
0.685855  142
0.686134  313
0.686325  366
0.686351  86
0.686433  280
0.686471  80
0.686535  261
0.686576  269
0.686596  339
0.686599  136
0.686869  255
0.687069  317
0.687223  349
0.687312  67
0.68733  354
0.68738  374
0.687524  81
0.687527  68
0.687532  168
0.687632  380
0.688165  304
0.688203  145
0.688614  391
0.688651  66
0.688884  379
0.689334  303
0.689619  15
0.689894  382
0.690291  387
0.690821  300
0.691377  93
0.691797  353
0.691829  71
0.692295  363
0.692604  282
0.692983  370
0.693166  222
0.693457  264
0.693659  306
0.693765  388
0.694197  383
0.694284  362
0.694692  166
0.695101  359
0.695221  384
0.695311  389
0.695493  6
0.696933  33
0.697675  61
0.697686  311
0.697709  272
0.697733  395
0.697756  308
0.698844  50
0.698978  345
0.699676  89
0.700052  150
0.700079  245
0.700188  318
0.70093  309
0.700937  250
0.701208  183
0.701212  176
0.70129  320
0.701325  330
0.701368  155
0.701376  319
0.701427  351
0.701528  208
0.701783  397
0.702674  212
0.703036  337
0.703043  357
0.703446  251
0.703747  225
0.703879  170
0.703949  209
0.703986  205
0.704024  385
0.704068  53
0.704116  231
0.704241  153
0.704428  88
0.704429  399
0.704642  369
0.704914  227
0.705052  350
0.705098  372
0.705492  376
0.706768  164
0.706977  371
0.70739  378
0.708327  122
0.708718  24
0.708786  335
0.70894  210
0.70898  346
0.709074  23
0.709083  21
0.709218  277
0.709689  8
0.709705  284
0.710281  187
0.710489  386
0.710969  18
0.71115  392
0.711234  69
0.711324  326
0.711346  307
0.711451  310
0.711618  394
0.711647  258
0.711793  298
0.711807  128
0.71183  189
0.711935  219
0.712115  127
0.712837  262
0.712903  294
0.713071  342
0.71317  358
0.7132  55
0.71332  73
0.713423  352
0.71401  25
0.714053  41
0.714369  290
0.714735  333
0.714746  158
0.715062  373
0.715202  305
0.715279  111
0.715514  347
0.716061  238
0.716145  20
0.716173  47
0.716261  292
0.716666  396
0.71668  241
0.716768  316
0.716792  324
0.716978  270
0.717076  360
0.717417  182
0.718113  329
0.718148  332
0.718517  202
0.71878  365
0.718875  37
0.719126  341
0.719339  106
0.719342  7
0.71941  70
0.719451  288
0.719726  177
0.720036  188
0.720197  143
0.720458  259
0.720481  156
0.720867  246
0.721147  30
0.721415  13
0.721442  32
0.721518  393
0.721683  375
0.72176  356
0.721806  102
0.721849  237
0.721915  17
0.721973  361
0.721999  35
0.722173  314
0.722301  60
0.722303  340
0.722316  97
0.722497  115
0.723056  109
0.723138  295
0.723165  268
0.723339  244
0.723441  313
0.723547  338
0.723624  144
0.723903  84
0.723913  327
0.72406  390
0.724071  9
0.724088  65
0.724263  321
0.724745  379
0.724837  10
0.724876  325
0.725142  178
0.725592  22
0.725611  343
0.726223  195
0.72651  381
0.726516  138
0.726728  215
0.726763  323
0.726904  2
0.727097  349
0.727152  98
0.72719  233
0.727434  391
0.727913  302
0.727998  344
0.7281  5
0.728116  331
0.728266  85
0.728331  273
0.728994  110
0.729002  367
0.729037  312
0.72906  216
0.72918  26
0.729294  171
0.729519  285
0.729682  135
0.730083  322
0.730108  169
0.730335  317
0.730373  48
0.730603  28
0.730766  218
0.730787  366
0.730888  121
0.730943  253
0.730996  31
0.731049  173
0.73105  385
0.731161  232
0.731228  318
0.731671  364
0.731687  56
0.732105  315
0.732288  149
0.732292  337
0.732347  389
0.73255  339
0.732828  355
0.732974  130
0.733036  40
0.733109  172
0.73316  334
0.733299  372
0.733915  398
0.734802  388
0.734855  82
0.735287  336
0.735468  300
0.735473  129
0.735925  274
0.735996  296
0.736274  368
0.736354  224
0.736692  39
0.736721  399
0.737042  307
0.737084  62
0.737178  104
0.737524  335
0.737781  146
0.7378  63
0.737936  359
0.738368  362
0.738903  198
0.739723  301
0.739779  221
0.739864  276
0.739946  242
0.740231  376
0.740271  394
0.7403  203
0.740569  197
0.740783  191
0.740786  306
0.740956  123
0.741083  377
0.741249  116
0.7418  278
0.741817  370
0.74214  363
0.742379  287
0.742562  353
0.742568  80
0.742709  319
0.742991  383
0.743022  329
0.743305  380
0.743736  113
0.74382  240
0.743868  387
0.74437  14
0.744455  118
0.745448  382
0.745615  265
0.745886  148
0.746013  304
0.746032  183
0.74606  350
0.746111  45
0.746224  87
0.746252  346
0.74681  384
0.746864  213
0.746913  293
0.746944  167
0.747004  392
0.747017  393
0.747148  303
0.747385  311
0.748107  3
0.748709  289
0.749077  180
0.749193  257
0.749287  328
0.749686  15
0.749921  57
0.750129  229
0.750201  61
0.750336  386
0.750596  330
0.750895  256
0.751039  358
0.751044  234
0.751175  207
0.75122  38
0.751271  291
0.751634  348
0.75195  320
0.752177  308
0.752287  297
0.752813  316
0.753331  214
0.75342  125
0.753452  228
0.753572  161
0.753599  223
0.75395  248
0.754182  46
0.754224  151
0.754276  309
0.754441  81
0.754445  397
0.754955  357
0.755149  112
0.755272  271
0.755418  193
0.75555  174
0.75574  120
0.755852  107
0.755861  272
0.75602  378
0.756053  369
0.756057  310
0.756083  43
0.756376  181
0.756711  168
0.756724  326
0.756844  373
0.757041  0
0.757042  60
0.75717  124
0.757278  365
0.757418  68
0.75743  371
0.757584  305
0.757778  354
0.757797  41
0.757933  280
0.757947  59
0.75796  154
0.758015  34
0.75802  96
0.758063  351
0.758435  267
0.758869  345
0.759209  159
0.75968  226
0.760314  204
0.760391  347
0.76067  152
0.760692  324
0.760784  200
0.760892  217
0.761515  212
0.761523  190
0.761758  227
0.761919  16
0.761949  117
0.762123  78
0.762222  352
0.762289  374
0.762796  75
0.762913  126
0.763024  281
0.763028  19
0.763041  103
0.763095  79
0.763167  247
0.763167  29
0.763252  11
0.763333  83
0.763352  342
0.763424  66
0.763503  136
0.763508  230
0.763573  323
0.763585  51
0.763642  147
0.763738  155
0.763739  36
0.763862  225
0.76389  89
0.763954  339
0.763997  184
0.764058  333
0.764167  361
0.76423  275
0.764232  201
0.764267  127
0.764347  396
0.76436  101
0.764464  251
0.764502  385
0.764506  69
0.764604  264
0.764742  1
0.764985  312
0.764998  133
0.764999  395
0.765139  337
0.765171  42
0.765234  336
0.765276  344
0.765439  349
0.765932  379
0.766067  100
0.766111  299
0.766401  317
0.766412  185
0.76645  54
0.766526  314
0.766539  91
0.766554  298
0.766727  231
0.766992  399
0.767025  140
0.76713  364
0.767252  391
0.767296  366
0.767419  360
0.767454  131
0.767488  327
0.76754  254
0.76775  44
0.767874  90
0.768113  375
0.768214  121
0.768252  177
0.768254  111
0.768288  388
0.76855  236
0.76862  332
0.768695  279
0.768793  390
0.769074  187
0.769563  341
0.769696  179
0.769811  277
0.769936  370
0.769942  235
0.770796  313
0.770876  340
0.771115  389
0.771141  335
0.771202  359
0.771385  37
0.771568  321
0.77171  343
0.772566  338
0.772677  318
0.773709  70
0.773884  355
0.774037  306
0.774197  7
0.774369  164
0.774483  203
0.774678  301
0.7751  322
0.776094  334
0.776913  143
0.776983  142
0.778027  331
0.778139  307
0.778324  21
0.778451  380
0.778539  85
0.778553  350
0.779234  243
0.779466  398
0.780146  182
0.780482  157
0.781  308
0.781007  346
0.781635  393
0.781739  303
0.781924  394
0.782451  383
0.782774  319
0.783577  202
0.784633  382
0.784685  325
0.784848  302
0.78517  260
0.785863  353
0.786035  23
0.786208  20
0.786301  12
0.78695  376
0.786982  270
0.78821  300
0.788213  99
0.788377  189
0.788403  77
0.788631  139
0.78894  132
0.78899  50
0.789003  294
0.78903  356
0.789233  372
0.789488  329
0.789675  97
0.789695  315
0.78974  211
0.789831  367
0.790074  74
0.790173  392
0.790814  266
0.790857  305
0.791051  255
0.791555  249
0.791663  240
0.791891  197
0.791922  384
0.792069  358
0.792407  53
0.792407  381
0.792771  362
0.793305  304
0.793374  311
0.794959  263
0.795023  342
0.795623  387
0.796135  330
0.796652  22
0.79682  163
0.797058  314
0.797323  283
0.797994  108
0.798019  239
0.798094  67
0.798239  324
0.79892  113
0.799093  377
0.799667  145
0.799726  252
0.799824  63
0.799947  160
0.800391  205
0.800761  171
0.801044  102
0.801182  64
0.801365  4
0.801522  261
0.801601  122
0.801645  284
0.801724  348
0.801736  16
0.801846  309
0.801912  373
0.802135  125
0.802307  105
0.802399  369
0.802421  141
0.802522  320
0.802683  257
0.802843  186
0.803165  194
0.803373  365
0.803458  119
0.803547  98
0.803607  357
0.803714  196
0.803716  371
0.803784  26
0.803785  5
0.803831  290
0.803982  175
0.804092  72
0.804323  337
0.804534  370
0.805186  258
0.80563  3
0.805754  162
0.805905  65
0.805925  363
0.806033  222
0.806119  317
0.806159  368
0.806307  399
0.806383  47
0.806418  316
0.806548  76
0.806634  327
0.807429  374
0.808038  386
0.808055  9
0.808384  28
0.808465  14
0.808746  107
0.808784  312
0.809099  48
0.80911  335
0.809129  333
0.809189  134
0.809789  328
0.809825  49
0.810021  375
0.810247  95
0.810323  355
0.810489  347
0.811351  366
0.811463  31
0.811565  206
0.812163  149
0.81237  391
0.812459  396
0.8126  10
0.812814  228
0.813099  310
0.813165  116
0.813204  345
0.813213  339
0.813785  282
0.813836  268
0.814231  57
0.814242  153
0.815145  379
0.815377  137
0.815738  323
0.815837  390
0.815972  174
0.816345  209
0.816807  326
0.817045  351
0.817304  193
0.817726  340
0.817744  397
0.817753  165
0.818129  313
0.818276  2
0.818502  385
0.818519  112
0.818973  81
0.819288  378
0.819365  37
0.8194  307
0.819677  321
0.819682  352
0.820086  301
0.820179  233
0.820519  354
0.820587  338
0.82108  341
0.821194  286
0.821432  288
0.821743  109
0.82177  360
0.821857  344
0.823302  359
0.823913  361
0.824787  246
0.825035  19
0.825648  227
0.826091  325
0.826269  155
0.826447  306
0.826711  389
0.826795  35
0.827145  156
0.827506  364
0.827647  398
0.827655  336
0.828429  210
0.828639  216
0.828824  185
0.828939  350
0.829068  123
0.829093  297
0.829626  388
0.829913  334
0.830029  395
0.830252  27
0.830559  349
0.830905  232
0.831086  322
0.83134  394
0.831584  238
0.831833  237
0.831927  296
0.832046  243
0.832211  224
0.832498  121
0.833026  358
0.833141  161
0.833418  315
0.834595  382
0.834761  318
0.834972  376
0.835066  66
0.835295  138
0.835356  213
0.835587  52
0.836935  183
0.837053  331
0.837073  302
0.83766  215
0.837739  303
0.838264  263
0.83922  393
0.839242  356
0.839316  214
0.839428  254
0.840029  234
0.840188  332
0.84042  150
0.840782  44
0.840994  96
0.841166  235
0.841234  383
0.841236  111
0.841346  342
0.841489  79
0.841499  82
0.841523  73
0.841633  170
0.841777  308
0.841778  279
0.842011  242
0.842022  381
0.842036  192
0.842043  199
0.842097  188
0.842288  287
0.8423  229
0.842359  311
0.842487  244
0.842499  241
0.842583  384
0.842586  280
0.842926  94
0.843288  230
0.84329  166
0.84345  387
0.843491  353
0.843625  271
0.843631  120
0.843764  54
0.843801  346
0.843819  168
0.843966  11
0.844026  305
0.844046  309
0.844052  59
0.844106  362
0.844155  253
0.844239  312
0.844367  219
0.844747  172
0.844926  88
0.845033  293
0.845254  245
0.845536  329
0.845558  17
0.84574  372
0.845802  29
0.846246  380
0.846363  269
0.846563  386
0.846613  300
0.846829  374
0.846956  56
0.847041  130
0.847099  12
0.847155  218
0.848115  220
0.848163  314
0.848212  154
0.848324  140
0.848449  67
0.848678  39
0.848711  367
0.848717  151
0.848768  273
0.848856  357
0.848906  208
0.849019  100
0.849047  207
0.849122  320
0.849271  392
0.849345  396
0.849533  377
0.849573  211
0.849642  317
0.849658  327
0.849667  345
0.849687  114
0.849803  86
0.849851  363
0.850193  169
0.850772  38
0.850797  304
0.850838  335
0.850901  182
0.851426  127
0.852452  375
0.852472  379
0.852479  337
0.8528  343
0.853028  226
0.853044  90
0.853267  365
0.853497  328
0.853565  256
0.854034  176
0.854055  20
0.854182  146
0.85427  316
0.854579  71
0.855009  307
0.85509  323
0.855288  341
0.855465  89
0.855678  292
0.855718  385
0.855804  366
0.856707  370
0.857344  87
0.85738  248
0.857818  344
0.857833  339
0.858667  92
0.858681  74
0.8587  61
0.858931  378
0.859162  249
0.859244  231
0.859432  152
0.859557  324
0.859973  32
0.860004  338
0.860181  50
0.860316  189
0.860505  301
0.860559  240
0.86077  285
0.860798  60
0.860963  359
0.861034  364
0.861798  391
0.861937  136
0.862019  399
0.862272  310
0.862612  321
0.862726  128
0.862884  352
0.862907  164
0.863266  70
0.86327  180
0.863287  91
0.863736  289
0.863781  347
0.864034  250
0.864311  319
0.864543  42
0.864565  371
0.864623  24
0.864655  93
0.864703  340
0.864742  291
0.864755  202
0.864887  179
0.865084  34
0.865118  177
0.865134  204
0.865309  368
0.865449  148
0.865583  318
0.865901  388
0.865968  333
0.866715  163
0.866778  348
0.867004  97
0.867076  360
0.867102  373
0.867344  64
0.868377  274
0.868441  1
0.868589  358
0.868663  68
0.86868  55
0.869149  330
0.869222  325
0.869241  355
0.869897  277
0.870356  178
0.871164  35
0.871198  326
0.871322  342
0.871578  350
0.871865  40
0.871975  158
0.87222  313
0.872444  397
0.872543  268
0.872588  257
0.872937  228
0.873228  41
0.873232  322
0.873274  369
0.873575  160
0.874093  133
0.874254  43
0.874474  376
0.874533  251
0.874777  135
0.875134  205
0.875591  395
0.87588  389
0.876462  382
0.876557  276
0.876691  126
0.877053  84
0.877068  22
0.877112  119
0.877436  18
0.877658  52
0.87775  351
0.877906  102
0.878034  57
0.878065  46
0.87807  149
0.87814  315
0.878245  6
0.878245  106
0.878442  354
0.878529  390
0.878978  225
0.878996  45
0.879  381
0.879186  197
0.879274  336
0.879538  300
0.879597  387
0.879736  275
0.879835  259
0.879916  181
0.879988  278
0.880294  384
0.880863  25
0.880877  129
0.881091  361
0.881101  239
0.881612  261
0.881848  167
0.882134  353
0.882349  362
0.882351  265
0.882608  356
0.882777  75
0.882895  103
0.882973  320
0.882987  386
0.882997  305
0.883052  394
0.883062  125
0.883152  107
0.883426  294
0.883532  311
0.883648  83
0.883708  272
0.883825  349
0.884928  306
0.884956  327
0.88524  298
0.885354  334
0.885558  302
0.885567  309
0.887104  383
0.887192  329
0.887689  115
0.888346  314
0.888669  14
0.88887  58
0.889902  324
0.890346  375
0.890347  258
0.890662  124
0.890826  290
0.892086  398
0.892542  303
0.892861  184
0.893123  308
0.893138  206
0.893348  337
0.893698  345
0.89381  331
0.895356  195
0.895492  379
0.895929  214
0.896236  210
0.896321  72
0.896468  15
0.896565  201
0.896618  332
0.896931  372
0.897413  62
0.897555  185
0.897667  73
0.897743  27
0.89776  317
0.897765  367
0.898253  333
0.898281  328
0.898292  380
0.898372  105
0.899025  374
0.899287  281
0.899395  216
0.899542  227
0.899778  190
0.899868  200
0.8999  392
0.899963  341
0.900234  368
0.900271  82
0.901077  66
0.901167  338
0.901347  117
0.901482  85
0.901529  365
0.902512  396
0.902745  399
0.902788  110
0.903477  363
0.903627  198
0.903687  109
0.903793  252
0.904585  366
0.905034  283
0.905137  196
0.905178  373
0.905218  236
0.905601  321
0.905791  21
0.905803  377
0.905909  144
0.906183  335
0.906532  316
0.906582  217
0.906893  371
0.907256  378
0.908198  170
0.908286  187
0.908393  370
0.908841  99
0.908875  364
0.908985  388
0.909041  267
0.910263  147
0.910488  13
0.910686  391
0.910899  385
0.911285  344
0.911979  143
0.912087  318
0.912125  111
0.91215  121
0.912702  389
0.913428  299
0.913472  310
0.913709  3
0.91387  230
0.91405  81
0.914068  101
0.914295  256
0.914311  393
0.914534  343
0.914682  238
0.914764  301
0.914992  307
0.915193  157
0.915414  39
0.915825  304
0.917015  348
0.917074  221
0.917185  347
0.917479  163
0.917506  104
0.917903  135
0.918193  358
0.918194  188
0.918406  207
0.91897  162
0.919023  355
0.919208  340
0.919265  122
0.91939  19
0.919432  4
0.919612  50
0.919688  339
0.91975  189
0.920208  346
0.920236  319
0.920685  213
0.920774  288
0.920943  61
0.921281  330
0.921287  326
0.921333  140
0.921434  215
0.921736  9
0.921745  359
0.921805  224
0.922001  263
0.922695  150
0.922823  395
0.922878  5
0.922887  325
0.922975  60
0.922988  36
0.923017  8
0.923099  271
0.923684  155
0.923925  323
0.923959  164
0.924064  211
0.924186  10
0.924283  139
0.924292  131
0.92431  286
0.924382  250
0.924384  247
0.924415  51
0.924453  383
0.924466  223
0.924492  312
0.92457  2
0.924671  25
0.925067  360
0.925175  69
0.925348  156
0.92542  132
0.925483  219
0.925541  231
0.92558  394
0.925657  226
0.925713  53
0.925716  382
0.925723  351
0.925809  98
0.925856  313
0.925876  229
0.925965  357
0.926053  369
0.926073  146
0.926183  243
0.926438  177
0.926519  309
0.92652  273
0.926874  52
0.926942  350
0.926958  35
0.927007  38
0.92703  123
0.927053  302
0.927103  270
0.927116  154
0.92716  30
0.927362  173
0.927452  300
0.927657  260
0.927702  349
0.927706  305
0.927853  376
0.928054  354
0.928579  327
0.928631  262
0.928769  311
0.928817  80
0.928837  158
0.928958  386
0.929144  367
0.929146  384
0.929325  264
0.929398  242
0.929464  306
0.929526  397
0.929543  279
0.929763  336
0.929813  322
0.929936  381
0.930005  297
0.930306  65
0.931489  337
0.932096  183
0.932137  390
0.932182  303
0.932208  119
0.932356  234
0.932438  361
0.932706  137
0.932927  315
0.934047  320
0.93428  168
0.934719  362
0.934831  333
0.935149  353
0.935211  197
0.9353  329
0.935409  334
0.935591  253
0.93691  375
0.937149  108
0.93781  152
0.938619  37
0.938666  176
0.938742  274
0.938807  371
0.939229  182
0.939247  387
0.939349  56
0.939375  112
0.939412  368
0.93942  254
0.9395  95
0.939628  142
0.939854  194
0.940289  356
0.940298  317
0.940347  372
0.940776  255
0.940871  103
0.941166  342
0.941551  392
0.942173  352
0.942231  32
0.942232  190
0.942375  218
0.942746  220
0.943327  331
0.943413  282
0.943827  233
0.94383  33
0.943962  109
0.944  11
0.944385  328
0.944554  335
0.944765  228
0.944825  398
0.944978  343
0.944996  115
0.94507  304
0.945472  34
0.945756  18
0.945762  208
0.94592  364
0.945952  245
0.945976  172
0.946069  92
0.946072  341
0.946172  77
0.946456  237
0.946505  379
0.946547  96
0.946547  345
0.946787  120
0.946983  363
0.947607  31
0.947617  370
0.94769  83
0.948628  332
0.948894  23
0.949003  222
0.94916  90
0.9492  295
0.949274  0
0.949393  285
0.949492  380
0.949493  396
0.94951  308
0.949528  377
0.949588  214
0.950164  316
0.95024  324
0.950243  374
0.950247  301
0.950688  221
0.950842  106
0.951684  347
0.952273  40
0.952446  366
0.953405  338
0.953779  118
0.953902  318
0.95428  145
0.954359  94
0.955227  97
0.955371  378
0.956147  321
0.956455  310
0.95649  17
0.956642  385
0.956821  181
0.956846  93
0.956974  314
0.957307  393
0.95734  58
0.957404  276
0.957461  311
0.957508  49
0.957771  28
0.957863  291
0.95799  309
0.958658  294
0.958747  388
0.958783  50
0.958819  248
0.959165  127
0.959225  202
0.959681  239
0.95971  174
0.959723  22
0.959767  358
0.960104  289
0.960116  63
0.960194  55
0.960357  205
0.960591  319
0.960705  325
0.960971  293
0.961043  48
0.961045  249
0.96108  369
0.961087  114
0.961527  62
0.961572  365
0.962042  189
0.962202  110
0.962349  203
0.962408  326
0.962445  14
0.962481  394
0.962488  213
0.962557  359
0.962617  373
0.962663  113
0.962739  246
0.962834  348
0.962992  32
0.963116  16
0.963208  303
0.96327  193
0.963425  349
0.963469  344
0.963634  101
0.963702  287
0.963831  165
0.963851  186
0.963936  136
0.964253  298
0.964256  151
0.964326  340
0.964692  67
0.965053  284
0.965061  384
0.965345  87
0.965347  300
0.965405  302
0.965827  375
0.965924  46
0.966029  47
0.966181  138
0.96624  133
0.966364  395
0.966441  327
0.966514  399
0.966566  306
0.966809  35
0.967  91
0.967044  12
0.967431  71
0.967599  322
0.967604  89
0.967646  29
0.967875  79
0.96804  292
0.968071  357
0.968379  135
0.968392  230
0.968775  389
0.968934  157
0.969193  386
0.969426  317
0.969944  149
0.970117  199
0.970477  198
0.970494  59
0.970689  167
0.970812  390
0.97105  70
0.971237  323
0.971289  299
0.971479  305
0.971622  307
0.971672  346
0.971696  350
0.971738  163
0.971815  231
0.972473  252
0.972726  290
0.972904  74
0.972975  391
0.972992  329
0.973262  362
0.973683  320
0.973748  86
0.973803  283
0.974098  312
0.974232  216
0.974641  147
0.974976  383
0.974979  68
0.975074  337
0.975101  6
0.975195  330
0.97529  355
0.975442  374
0.975524  78
0.97562  180
0.97564  382
0.975804  342
0.975909  336
0.976004  267
0.976066  381
0.976184  191
0.976347  100
0.976551  313
0.976663  84
0.97667  360
0.977117  201
0.977243  42
0.977401  19
0.977419  353
0.977542  274
0.978011  376
0.978092  265
0.978216  15
0.979079  392
0.979264  351
0.979413  184
0.979553  244
0.979847  240
0.9799  82
0.980304  85
0.980804  179
0.980846  338
0.980865  130
0.980867  363
0.981117  75
0.981129  339
0.981931  277
0.982156  308
0.982418  356
0.982738  250
0.982866  73
0.983893  41
0.984344  7
0.98439  316
0.984398  209
0.984502  380
0.984775  119
0.984911  257
0.984938  352
0.984946  372
0.985096  332
0.985564  204
0.985687  30
0.985745  311
0.985859  301
0.985918  318
0.98637  1
0.986788  387
0.986813  144
0.987209  177
0.987339  354
0.98763  175
0.987651  328
0.987664  111
0.987673  398
0.987743  335
0.9879  379
0.98807  367
0.988575  3
0.989571  171
0.990084  5
0.990302  324
0.990355  51
0.990405  366
0.990427  88
0.990807  281
0.991444  297
0.991647  396
0.992422  235
0.992478  268
0.993107  333
0.993178  371
0.993947  309
0.993987  141
0.994193  64
0.994429  334
0.994553  44
0.994967  227
0.995523  81
0.995566  343
0.995647  314
0.995827  0
0.995884  361
0.996058  310
0.996706  45
0.996767  76
0.996784  331
0.996959  80
0.996965  72
0.997011  121
0.997267  173
0.99758  321
0.997641  206
0.997787  370
0.997818  8
0.998017  369
0.9985  279
0.998609  207
0.998764  285
0.999345  160
0.999454  210
0.999541  364
0.999738  23
